layers.0.weight:
3.31696361e-01 -5.67613244e-01 7.97264636e-01
5.69172144e-01 -8.09445798e-01 -5.80563486e-01
-8.31293464e-02 -6.13938749e-01 -5.77727258e-01
-1.07055378e+00 1.15616508e-01 4.58123112e+00
2.67282110e-02 4.11940843e-01 1.16166264e-01
-5.79876065e-01 8.58121514e-01 -1.84879377e-01
-1.31842160e+00 4.86020595e-01 -9.88645032e-02
-6.01682402e-02 7.88846374e-01 -9.23566997e-01
6.03414774e-01 -9.26082134e-01 5.12713566e-02
-1.11527514e+00 5.86289167e-02 -1.64189592e-01
7.53551662e-01 -9.85680073e-02 1.41279221e+00
-7.16238439e-01 -1.31785080e-01 -1.29353356e+00
-4.30584475e-02 7.12955832e-01 -1.57757306e+00
-1.16726887e+00 2.10410804e-02 5.00053525e-01
-6.46977663e-01 1.09646142e+00 7.52028525e-01
-1.81771189e-01 9.48456824e-01 1.64468549e-02
5.46070874e-01 -6.33792400e-01 -1.45019031e+00
-1.15504665e-02 1.12846863e+00 1.84981868e-01
8.07071701e-02 -9.54183042e-01 5.35116851e-01
3.41117471e-01 -1.28724232e-01 -8.64976227e-01
2.23475501e-01 1.65966094e-01 -5.10879010e-02
-3.24195027e-01 -2.56797969e-01 -1.00232065e+00
-4.64660525e-01 1.65601885e+00 -4.46076952e-02
-1.56447518e+00 4.06930357e-01 1.75152493e+00
1.05132234e+00 3.79940838e-01 -7.78481364e-01
2.59609371e-01 6.71772659e-01 -1.17486012e+00
-1.16151750e-01 -2.13369340e-01 1.90187418e+00
-3.97779703e-01 -2.44972542e-01 1.92939892e-01
3.22416067e-01 7.57217348e-01 -1.46468067e+00
-1.04933763e-02 4.65525806e-01 1.70563948e+00
-2.89658904e+00 2.84448242e+00 -1.78299040e-01
-1.26738083e+00 -5.19488692e-01 1.02004325e+00

layers.0.bias:
8.77201200e-01
4.81547834e-03
-1.42384720e+00
-6.34384930e-01
7.07518518e-01
-2.04255387e-01
-3.54310095e-01
2.86240637e-01
-7.45998621e-01
-1.59115899e+00
1.64644122e-01
1.80825554e-02
2.46107668e-01
-1.21306002e+00
-2.90836543e-01
1.43946290e+00
9.34610724e-01
1.82654703e+00
-6.68276668e-01
5.78918040e-01
-1.44309163e-01
-1.35729384e+00
1.02535832e+00
-7.05530941e-02
1.36946186e-01
5.60703695e-01
8.80503118e-01
-1.57881156e-01
-4.88352716e-01
7.31267482e-02
8.91685039e-02
-6.70209900e-02

layers.2.weight:
-3.56306791e-01 1.62962556e-01 4.63261679e-02 -4.64324176e-01 -3.47896130e-03 4.52118143e-02 8.45506936e-02 -5.71463555e-02 -9.57155079e-02 2.85988474e+00 1.03452884e-01 4.17143069e-02 -2.33826175e-01 2.44900560e+00 -1.25169709e-01 3.98558497e-01 -1.15405001e-01 6.34530365e-01 1.28450096e-01 -3.07757139e-01 2.72122115e-01 -9.79457051e-02 -5.43830395e-01 6.27009451e-01 -9.58360061e-02 6.06735051e-01 -7.70215273e-01 -1.57799959e-01 -2.03583539e-01 -1.91042185e-01 -1.81100979e-01 2.56039023e-01
-8.85469019e-02 1.53461382e-01 -8.56046617e-01 4.19339836e-02 -4.07571405e-01 1.38856933e-01 -7.67045975e-01 -4.70893770e-01 6.12716556e-01 6.83578849e-01 3.25704962e-01 -2.56015450e-01 2.53526449e-01 -8.92267469e-03 -3.07567775e-01 1.24986336e-01 -3.61172497e-01 3.56291413e-01 -4.24679726e-01 -8.38115215e-02 6.84839368e-01 -1.30968928e-01 -4.56448883e-01 -2.89073028e-02 3.18644270e-02 -7.59732798e-02 -3.36320609e-01 -5.82650542e-01 1.01378530e-01 -2.30389252e-01 -2.02929284e-02 1.52289242e-01
9.03010648e-03 2.14996152e-02 -1.02225915e-02 -6.78360760e-01 -7.38516986e-01 -7.13865235e-02 -5.36035717e-01 2.69252270e-01 5.07540643e-01 6.80813670e-01 -4.90603030e-01 -1.35803863e-01 1.03143111e-01 -1.62108578e-02 -1.20823897e-01 -8.08110356e-01 -5.68651706e-02 -1.00116599e+00 -4.38566841e-02 4.48897064e-01 -5.74665427e-01 -3.06151867e-01 3.48775119e-01 -1.18473136e+00 -4.49061871e-01 3.49106371e-01 -1.11188900e+00 1.98833853e-01 3.68661106e-01 -3.41828585e-01 3.37172821e-02 6.62229419e-01
2.41518363e-01 -7.58565366e-02 6.31245524e-02 1.34080100e+00 5.25967479e-01 3.89568895e-01 6.62799120e-01 -2.35949591e-01 -1.52199641e-01 -4.17677052e-02 1.56543836e-01 -6.66593984e-02 -5.70084393e-01 1.52090356e-01 6.27078950e-01 7.11824954e-01 -2.91521400e-01 7.44143665e-01 3.17876786e-01 -9.34524000e-01 -7.81717658e-01 -1.50030613e-01 3.72104079e-01 1.33710647e+00 -4.78009850e-01 -5.47315657e-01 4.91837859e-01 2.12887809e-01 -6.61144197e-01 -1.53233990e-01 -1.66664068e-02 5.01137674e-01
2.89390087e-01 -2.51506090e-01 1.27936006e-01 -4.40324873e-01 3.04893255e-01 -4.51189727e-01 -1.34095705e+00 1.58425316e-01 3.02738249e-01 -8.94930363e-01 4.15378481e-01 -6.98822439e-01 8.02303433e-01 -9.77686524e-01 -1.81226566e-01 -7.07272172e-01 -2.29112178e-01 -6.18976712e-01 -1.14626348e-01 -4.17830981e-02 8.03087533e-01 -6.27423704e-01 1.49694145e-01 -3.53997797e-01 -7.25665510e-01 6.58954918e-01 1.06674537e-01 -5.95624804e-01 -2.13077053e-01 5.83485484e-01 -4.80254322e-01 -2.06924267e-02
-5.35112917e-01 1.61394492e-01 5.30182719e-01 8.25269446e-02 -1.19190633e+00 -1.37841627e-01 -5.43247499e-02 4.05112147e-01 8.83445293e-02 1.21475078e-01 4.85130936e-01 4.26166832e-01 4.19183075e-03 2.15589870e-02 -2.63074577e-01 -1.18274140e+00 -4.26638395e-01 -1.61488175e+00 5.43351114e-01 -2.88246453e-01 -5.25700808e-01 1.07642457e-01 -5.29891908e-01 -1.80391923e-01 8.25668797e-02 1.45166442e-01 6.59380183e-02 1.10037494e+00 -6.54513761e-02 -5.08486509e-01 -4.54492807e-01 2.59900361e-01
-7.06122443e-03 7.86105357e-03 -2.28116408e-01 6.73914910e-04 -1.35638043e-01 1.64030015e-01 -9.41556394e-02 -4.21366692e-01 -1.05896525e-01 2.43076608e-01 3.06967795e-01 5.44881709e-02 2.77178675e-01 1.13193570e-02 -1.60379931e-02 -2.22685903e-01 1.78054497e-02 1.49996653e-01 -2.83720810e-02 -3.16736758e-01 -4.04160410e-01 1.04660854e-01 4.46046256e-02 1.01274690e-02 1.59851596e-01 2.47335672e-01 -3.50121737e-01 -3.84771615e-01 -1.58774137e-01 8.27612802e-02 -4.92243543e-02 1.45653903e-01
4.24853802e-01 1.65883288e-01 -3.64008486e-01 3.16261441e-01 2.49992013e-01 -6.96197510e-01 1.19230799e-01 5.20253658e-01 7.38016665e-02 -3.41848820e-01 -1.74260110e-01 1.00993025e+00 3.52571219e-01 -6.09743774e-01 -2.31570706e-01 2.10457250e-01 5.62920868e-01 1.59935355e-01 2.36148164e-01 5.45664608e-01 -1.47744191e+00 -8.71597528e-01 1.32652670e-01 2.43999615e-01 2.09187225e-01 7.87139237e-01 5.63188970e-01 5.36547899e-01 -5.73978245e-01 4.51899588e-01 1.63686916e-01 -2.66166806e-01
1.13185212e-01 2.57119209e-01 -5.99923253e-01 -2.19330519e-01 1.34856296e+00 -4.22869086e-01 -3.23837698e-01 -3.98796767e-01 -8.09054673e-01 3.20900738e-01 4.77099925e-01 2.45199353e-01 6.49219871e-01 -1.06869608e-01 7.05652311e-02 1.94808590e+00 3.41114879e-01 1.43458974e+00 -4.94928211e-01 -1.41626716e-01 2.09000986e-02 -3.13021928e-01 6.30458370e-02 3.24441552e-01 -9.57877189e-02 3.50737244e-01 9.14380699e-02 1.89941868e-01 -1.13561824e-01 1.86951429e-01 2.22170210e+00 -1.47315934e-01
-5.91899157e-01 7.29573518e-02 -1.32407472e-01 -5.03690898e-01 5.30252993e-01 7.38766743e-03 -3.89607474e-02 3.63210768e-01 3.62315267e-01 -1.84386879e-01 1.76390558e-02 2.42916003e-01 1.70433566e-01 1.86797187e-01 -3.40877622e-01 -3.79205853e-01 2.86189675e-01 -2.89398730e-01 -4.23324347e-01 -5.80270402e-02 -6.60759151e-01 -2.54041195e-01 1.31552368e-01 -6.23820014e-02 -2.26816237e-01 -9.74571183e-02 -1.57161266e-01 2.36028567e-01 2.44352534e-01 1.89264521e-01 1.42598674e-01 1.09014641e-02
2.31927380e-01 -2.73224890e-01 -5.20847626e-02 -4.02198404e-01 -5.42311430e-01 -3.97529602e-01 -3.48654717e-01 1.89123347e-01 4.71502244e-01 1.52580768e-01 -5.70178270e-01 -7.33585879e-02 8.96245122e-01 -3.62696469e-01 -2.37377539e-01 -2.79715925e-01 -5.98746300e-01 -9.36833441e-01 -6.06878549e-02 1.96569203e-03 1.01421559e+00 -2.23731279e-01 -9.14528608e-01 1.35055378e-01 -5.52267954e-02 -2.08185073e-02 -4.73805457e-01 -5.34537494e-01 3.20352584e-01 -4.37196583e-01 -3.26181442e-01 3.17614555e-01
-2.09132746e-01 -2.99965590e-01 1.65173542e+00 -8.56274724e-01 -5.65305054e-01 2.81078219e-01 -1.89900249e-01 -3.43332082e-01 8.27179700e-02 1.84776533e+00 1.79839075e-01 -3.81598830e-01 2.82319486e-01 3.17612624e+00 2.42010385e-01 -6.32771552e-01 9.65418965e-02 -2.18540764e+00 4.76802677e-01 -4.46376473e-01 4.35669482e-01 5.85210681e-01 -1.15325987e-01 8.46766114e-01 8.03709701e-02 -5.33534706e-01 3.00311625e-01 -2.66310006e-01 2.06566885e-01 1.18312940e-01 2.37783611e-01 -5.02561271e-01
-6.97905719e-01 -2.69777775e-01 1.19678211e+00 3.90324682e-01 -1.25257576e+00 6.89566433e-01 -4.43999320e-02 -1.07473910e+00 4.25088763e-01 5.14474034e-01 2.09554374e-01 9.21610594e-02 -5.10205805e-01 -7.94566572e-02 5.84018826e-01 -4.94354105e+00 -2.17884094e-01 -6.74837732e+00 8.60481441e-01 -1.04944599e+00 -6.55188322e-01 6.01761997e-01 7.06838191e-01 -9.43534672e-02 -3.00117940e-01 -2.71421254e-01 -3.74112397e-01 7.52078712e-01 -7.54375041e-01 -3.27856213e-01 -1.08268142e+00 -2.32618243e-01
1.12818673e-01 -1.35133728e-01 -6.55628622e-01 -6.50621653e-02 -6.94169551e-02 -9.31287259e-02 2.84771770e-01 3.13757479e-01 2.98232615e-01 -2.92792797e-01 4.83405799e-01 -9.16386470e-02 3.34679902e-01 -8.39810312e-01 -3.49999458e-01 5.41831665e-02 -1.92848578e-01 2.81436116e-01 -7.69505128e-02 1.78489923e-01 -1.02742933e-01 -1.65055230e-01 3.51051874e-02 -2.24010259e-01 -1.65917486e-01 7.60269701e-01 -3.72842560e-03 9.49941352e-02 -2.19115049e-01 2.51551807e-01 1.65845126e-01 3.98981452e-01
-1.07837307e+00 9.29210037e-02 -1.95257664e-01 4.53744173e-01 -6.27161120e-04 7.98373640e-01 -3.74117613e-01 -1.91954121e-01 4.06282395e-01 -3.82526293e-02 -6.42800808e-01 1.23276100e-01 4.39327992e-02 -1.52831376e-01 -1.63499594e-01 -6.84393823e-01 1.14020154e-01 -5.12286603e-01 -4.02337790e-01 2.01080382e-01 1.46392834e+00 8.37777495e-01 9.76516381e-02 3.28405380e-01 -3.80894631e-01 -5.23781683e-03 -4.77097899e-01 -2.47481074e-02 7.11138189e-01 -1.31620124e-01 -5.13689891e-02 1.37320206e-01
-5.47425807e-01 -6.18604235e-02 6.22627363e-02 1.31461754e-01 -2.28931680e-01 3.13159347e-01 -9.44112182e-01 -9.37277451e-02 8.03892314e-02 5.19842196e+00 5.73877394e-01 4.10071909e-01 2.18045011e-01 2.65504503e+00 -1.31905647e-02 -2.14478374e-02 -4.40294623e-01 -5.81584871e-02 3.75942662e-02 -2.07379684e-01 -6.86525047e-01 4.16962951e-01 2.96049565e-01 2.61709720e-01 -3.80692333e-01 -4.27544177e-01 -6.36853874e-01 3.21320117e-01 -1.21912323e-01 -6.57375753e-01 2.56835461e-01 -2.51095593e-01
-2.64407555e-03 1.45037442e-01 -6.67332560e-02 2.95957327e-02 1.32125420e-02 9.78586450e-03 4.16509844e-02 -6.28532320e-02 2.59426539e-03 -1.87577814e-01 6.24229498e-02 4.63300198e-02 5.11201546e-02 9.42701250e-02 1.11682817e-01 -5.01995487e-03 4.48319465e-02 7.62093579e-04 -4.98155307e-04 1.12720534e-01 2.62075305e-01 1.09398298e-01 8.54719244e-03 2.10174043e-02 6.62917793e-02 2.84849368e-02 5.27445674e-02 2.55674571e-01 5.07689407e-03 -3.08580580e-03 3.45464759e-02 1.85036380e-02
1.34736851e-01 -1.53728098e-01 -6.22340620e-01 7.31099546e-02 1.92518905e-01 -1.78794056e-01 -2.22063333e-01 -3.08861256e-01 3.00534844e-01 -6.54008865e-01 8.85590389e-02 -5.14330044e-02 1.79489076e-01 8.82312953e-02 -4.48233560e-02 1.80308938e-01 -3.36346418e-01 5.10258853e-01 -1.90140143e-01 8.87393713e-01 3.68755192e-01 6.71407059e-02 -4.47972029e-01 -9.75485891e-02 -1.28194377e-01 -4.58040833e-01 8.66184950e-01 -5.39941192e-01 2.49794021e-01 3.35861832e-01 -1.72117297e-02 2.02433914e-01
-1.58451289e-01 -6.23977520e-02 -3.34106624e-01 -1.87514320e-01 4.21790779e-01 -5.18318936e-02 5.92095517e-02 5.32591566e-02 4.74394411e-01 -5.01645029e-01 -1.49042323e-01 -9.17300165e-01 4.50223655e-01 -2.31313750e-01 -1.97825953e-01 9.26301852e-02 -1.24924123e-01 2.68371463e-01 2.62375027e-01 -7.15660602e-02 -5.83974756e-02 -2.34641194e-01 4.36603129e-01 -3.21623743e-01 2.57600009e-01 1.74527541e-01 -1.56029612e-01 3.45365018e-01 4.68160230e-04 3.62287492e-01 4.79137450e-01 1.10047087e-01
6.63993359e-02 1.80290714e-01 -2.68967403e-03 6.93602785e-02 -5.81091568e-02 1.04935490e-01 -2.32792646e-02 -8.01948830e-02 5.67262024e-02 8.55555534e-02 6.18244708e-02 1.21025749e-01 -6.71112761e-02 -8.93195719e-02 1.26933932e-01 4.50381339e-01 6.25134856e-02 -3.07838440e-01 4.12386581e-02 -9.35628787e-02 -1.05417781e-01 -1.28291398e-01 6.04998879e-03 -3.77416201e-02 4.70824800e-02 1.27507776e-01 6.25773519e-03 2.15492328e-03 1.02158092e-01 1.82282589e-02 1.08054355e-02 3.44500765e-02
6.27827227e-01 -3.54627743e-02 6.33846045e-01 4.99773711e-01 -1.14124872e-01 -3.42606932e-01 -7.01245427e-01 -1.12298764e-01 -2.79765993e-01 -9.00474131e-01 -1.28597632e-01 1.01593459e+00 5.24604738e-01 -5.16248524e-01 5.81155360e-01 8.55098724e-01 2.29173414e-02 9.64417756e-02 4.72300172e-01 5.51833451e-01 -6.26256466e-01 8.83117244e-02 4.69727695e-01 1.04230054e-01 2.09930446e-02 -3.19837511e-01 7.03589395e-02 4.05612528e-01 -1.28121763e-01 -1.19125269e-01 5.29020764e-02 5.08491099e-01
2.40862459e-01 -1.22750595e-01 1.01286188e-01 1.26066893e-01 -3.44309695e-02 1.58905685e-01 9.93508101e-01 9.00892690e-02 4.12875801e-01 2.77736932e-01 2.87420094e-01 4.30496961e-01 -3.69726628e-01 -5.31781197e-01 1.09676138e-01 -9.44920480e-01 -5.82010262e-02 -7.56750405e-01 -9.05136541e-02 -4.41064209e-01 -5.64382434e-01 4.29750122e-02 2.66247302e-01 -3.36403288e-02 6.45739213e-02 -3.96841466e-01 -7.31522202e-01 4.97313201e-01 -9.55609903e-02 -2.15492249e-01 2.87576228e-01 -5.40052243e-02
2.20863879e-01 9.62806419e-02 -3.13413024e-01 3.83642882e-01 1.15298413e-01 2.36327678e-01 2.63327271e-01 -2.98568338e-01 -2.54778594e-01 2.22076014e-01 -4.54143062e-03 1.24745652e-01 4.55558181e-01 3.82559896e-01 -2.89753675e-01 -3.67225200e-01 6.59109175e-01 -3.65772136e-02 1.43200278e-01 -1.46446481e-01 -5.45810282e-01 3.12808454e-02 -4.76431787e-01 1.13154732e-01 -3.65044951e-01 -7.78769851e-02 -7.21385255e-02 -4.21143383e-01 2.36319611e-03 -1.51379868e-01 -1.33095935e-01 -2.64412671e-01
7.31313407e-01 -4.13517021e-02 -2.21246257e-01 1.67034492e-01 6.51415363e-02 -4.79748309e-01 -7.60947168e-02 3.40478092e-01 3.37459356e-01 -2.50255775e+00 1.18087120e-01 1.48616120e-01 3.82515341e-01 -1.62220669e+00 1.49199992e-01 2.69884288e-01 1.25730351e-01 1.41608357e-01 -2.31932610e-01 -1.87635869e-02 5.17895520e-01 -1.98099986e-01 -3.54041070e-01 -4.43407893e-02 -3.41247231e-01 -1.86462611e-01 -5.96767887e-02 -1.84308127e-01 2.55640686e-01 1.06362842e-01 -1.69515967e-01 -2.03582168e-01
-8.76758039e-01 1.58817217e-01 6.57467991e-02 1.15789659e-01 -2.05512911e-01 -3.29894960e-01 1.09939706e+00 -1.28052622e-01 -1.06671548e+00 7.59234309e-01 -7.43958712e-01 5.99892251e-02 1.71152472e-01 7.76524022e-02 -7.14149952e-01 4.76998538e-01 6.09984159e-01 3.53661507e-01 4.01834637e-01 2.22004820e-02 -3.32177728e-01 4.43865418e-01 5.53823948e-01 9.50688303e-01 -5.00687361e-01 5.12467027e-01 -6.22936010e-01 1.52280688e-01 8.09113145e-01 -4.60098833e-01 9.39196199e-02 9.30829346e-02
-4.99169201e-01 6.34353638e-01 -8.50405395e-02 -1.05314769e-01 6.45988882e-01 1.25544682e-01 -5.52556291e-02 4.89524215e-01 -2.84965605e-01 4.41341847e-01 1.00566521e-01 -1.99839011e-01 1.89173192e-01 1.44152895e-01 -5.68584204e-01 -1.35090470e-01 -8.97636935e-02 -2.17417646e-02 4.03877020e-01 -2.89578766e-01 -2.19878778e-02 -3.15574288e-01 6.15888555e-03 -6.13031924e-01 1.18429907e-01 -2.16847047e-01 -5.28445959e-01 -5.37769616e-01 1.30498350e-01 -3.27695549e-01 -2.63165593e-01 -2.67732739e-01
-2.13316843e-01 1.87951937e-01 4.45295662e-01 3.78269732e-01 -2.52731174e-01 -2.32428834e-01 -8.88891593e-02 1.40850889e-02 2.89843649e-01 -3.87909800e-01 -5.68531275e-01 -1.00510500e-01 -2.86833227e-01 -2.32645378e-01 1.11261740e-01 5.84353030e-01 -1.29315808e-01 2.37796158e-01 2.39617079e-01 1.57870904e-01 1.71558172e-01 -7.44356334e-01 1.98834464e-01 1.44901335e-01 2.72474587e-01 1.36910200e-01 2.92126387e-02 -5.97249746e-01 -2.43580580e-01 -9.07474235e-02 1.39706418e-01 -2.55956709e-01
-8.28782856e-01 4.69532788e-01 -6.35170460e-01 -1.03176689e+00 -1.32307276e-01 -2.21267074e-01 -3.24074000e-01 5.13118982e-01 7.59445503e-02 4.63580847e-01 -6.32074177e-02 1.95980072e-01 2.07836241e-01 2.79661715e-01 -1.38737392e-02 1.25490701e+00 6.89441621e-01 1.28829122e+00 -1.16527712e+00 7.87014663e-02 5.88822544e-01 -7.57582009e-01 -6.42937303e-01 3.97692025e-01 -1.43097326e-01 -4.05647069e-01 2.53007144e-01 1.95061579e-01 6.51472986e-01 -8.34071875e-01 1.96935639e-01 -2.71426052e-01
1.96387827e-01 -5.41271687e-01 -3.62363979e-02 -1.12993307e-01 -6.53835058e-01 5.08036375e-01 6.28105998e-02 -5.07135391e-01 5.37571371e-01 8.56634676e-01 -2.29520321e-01 1.22741036e-01 5.45665383e-01 3.81658047e-01 1.73670761e-02 -1.10706341e+00 -4.53127921e-01 -1.11316240e+00 1.70395836e-01 2.12875739e-01 2.07246527e-01 3.58592927e-01 1.88830018e-01 1.48926258e-01 2.75925487e-01 9.78662148e-02 -4.07532603e-01 -2.12912813e-01 -2.99168020e-01 -3.36482286e-01 4.34745759e-01 3.11515659e-01
-1.39374271e-01 -1.11992192e+00 3.83654445e-01 1.49700785e+00 4.19636399e-01 1.92641884e-01 7.17059011e-03 -1.72162071e-01 -3.88890028e-01 3.18444610e-01 9.97063696e-01 -9.05225635e-01 -1.02021086e+00 -2.69528598e-01 3.10685337e-01 4.69496399e-01 -1.33324921e+00 1.39473009e+00 5.15119314e-01 -7.43007362e-01 1.02901244e+00 2.66819000e-01 1.25321895e-01 6.28063232e-02 1.80611223e-01 -4.03341562e-01 1.26065701e-01 -1.69616774e-01 -7.99088717e-01 1.25731444e+00 -4.84829813e-01 -2.29663983e-01
-5.26805162e-01 -1.43400416e-01 2.31153995e-01 9.21747088e-02 2.26573005e-01 1.62998825e-01 2.21308351e-01 7.50962868e-02 -4.04317260e-01 -9.21562780e-03 -1.31409478e+00 8.32798541e-01 4.95826632e-01 7.59047717e-02 1.47821680e-01 3.34768295e-02 4.06645626e-01 9.00353342e-02 -1.67005837e-01 -3.02887797e-01 -9.70702410e-01 9.06519070e-02 2.51616957e-03 -7.52508402e-01 2.36994177e-01 5.82687914e-01 -1.57544568e-01 1.12324722e-01 -4.09386635e-01 -2.71629006e-01 -2.30010331e-01 -7.26611912e-02
-2.69163698e-01 -3.42376202e-01 -2.07828924e-01 -1.27337769e-01 -1.13613077e-01 -5.72590902e-02 2.27453724e-01 2.49127448e-01 -6.62751257e-01 1.29987264e+00 -1.32066175e-01 -1.03723623e-01 -5.24301052e-01 4.72152799e-01 -1.64829791e-01 9.37791988e-02 2.06115432e-02 3.01600099e-01 -3.84193249e-02 -1.93572223e-01 1.93566307e-01 1.20890953e-01 3.94343346e-01 5.79416305e-02 1.64362248e-02 -7.68018290e-02 -1.65018097e-01 2.16142148e-01 2.68134207e-01 3.33998173e-01 4.17606644e-02 1.38686389e-01
-1.72226187e-02 -3.69765192e-01 3.91517617e-02 -1.05461843e-01 -4.68627244e-01 4.44264650e-01 -2.63567835e-01 -4.81147677e-01 1.53832972e-01 -4.44815636e-01 2.12010741e-02 4.49698478e-01 1.99770272e-01 3.91056329e-01 3.41853142e-01 -8.07866156e-01 -4.72915381e-01 -1.42371023e+00 5.06908819e-02 -3.26903045e-01 -9.24425572e-02 8.63363504e-01 4.49572444e-01 5.99505901e-01 -4.10184681e-01 1.37340903e-01 1.25590846e-01 -2.63120860e-01 -3.93637151e-01 -2.62559503e-01 -9.19983014e-02 -1.37467384e-01
2.50927806e-02 -3.12975869e-02 1.20139621e-01 -8.30390975e-02 2.47579500e-01 -1.13368414e-01 6.42104074e-02 -3.26111883e-01 -1.42488793e-01 3.82074356e-01 1.61167532e-01 1.61427826e-01 7.08552003e-02 -2.99988776e-01 -7.59819448e-02 -3.06189418e-01 7.80889839e-02 1.59795508e-01 -1.62168771e-01 -5.33278823e-01 1.69624075e-01 -1.74314350e-01 -1.64841697e-01 -5.45162894e-02 -7.13037373e-03 1.98604137e-01 -5.40575758e-02 -2.15620678e-02 1.17303506e-01 7.75078759e-02 -7.16316979e-03 7.84190185e-03
8.41453299e-02 -5.61816335e-01 -2.36294568e-01 7.54153252e-01 -2.00810522e-01 -4.88138676e-01 2.21320853e-01 -1.08842067e-01 -3.57551873e-01 2.96893191e+00 -5.61572313e-01 9.60900307e-01 6.63386881e-01 8.94883037e-01 7.53761411e-01 2.87767172e-01 1.21708456e-02 2.37873539e-01 5.16746283e-01 3.54797602e-01 2.12589875e-01 1.61588207e-01 -2.35426679e-01 1.04959631e+00 -6.67585731e-02 1.52233616e-01 -3.16596240e-01 3.08415294e-01 9.89898667e-02 4.96683605e-02 1.10846460e+00 4.54697460e-02
-8.71221721e-02 1.64875969e-01 1.29014507e-01 6.55835718e-02 5.37692681e-02 -4.19677012e-02 2.83504892e-02 1.06133729e-01 -8.18528142e-03 -3.51707265e-02 1.52127981e-01 9.46816131e-02 9.76900235e-02 -3.45255136e-02 1.78047001e-01 1.77146241e-01 2.69085467e-02 -1.43809333e-01 6.88685046e-04 8.80355686e-02 -1.47756621e-01 -5.87895960e-02 -1.40560698e-02 5.94580686e-03 -4.55929339e-01 -2.14105919e-01 3.99917103e-02 -1.54022604e-01 -6.39215261e-02 -5.61845452e-02 3.51234041e-02 -4.61245805e-01
8.83784052e-03 -8.51126164e-02 -4.36868854e-02 2.36855075e-02 -2.28076339e-01 3.02963164e-02 -4.31519598e-02 1.54899865e-01 4.58625965e-02 -5.35118133e-02 -1.79227944e-02 -4.94959066e-03 -6.38030320e-02 5.62310293e-02 -6.80702701e-02 2.07566500e-01 -1.14966318e-01 -1.37221143e-01 1.93945225e-02 3.36338252e-01 -2.52231419e-01 -1.00743741e-01 3.33962813e-02 -7.78119639e-03 1.41315218e-02 -8.64878148e-02 -6.52584359e-02 -5.79670556e-02 -5.91296628e-02 5.03844097e-02 2.86798310e-02 -1.35749932e-02
8.40102077e-01 -2.74706304e-01 2.62208134e-01 3.60138834e-01 -2.93985635e-01 1.54104941e-02 -5.68568707e-01 -1.31171271e-02 6.27555966e-01 6.18443973e-02 -1.56769708e-01 2.66748983e-02 3.69881801e-02 2.34831527e-01 7.41150975e-01 -6.20111406e-01 -4.54318881e-01 -5.98399341e-01 4.95831758e-01 -2.72731215e-01 -7.43909955e-01 1.87975809e-01 -1.11058682e-01 2.17149705e-01 7.75612473e-01 -4.84616645e-02 2.45438769e-01 -1.26658887e-01 -5.67663312e-01 2.43232995e-01 9.23241749e-02 1.19067915e-01
2.00723425e-01 -4.16051894e-01 -3.02850753e-01 4.48339522e-01 1.90892354e-01 -6.21174693e-01 3.00887283e-02 -1.27579048e-01 3.12563896e-01 -2.88333982e-01 -1.86321288e-01 4.08071280e-01 3.03776950e-01 -2.97499567e-01 2.58136988e-01 -7.75174797e-01 -3.45403135e-01 -8.15036893e-01 8.48162532e-01 -4.21542764e-01 -2.28939533e-01 -1.18618049e-01 3.49217117e-01 6.56570971e-01 -1.16135329e-01 -3.64506125e-01 4.84437138e-01 -6.86679110e-02 -2.01846033e-01 -3.80208015e-01 6.75807968e-02 2.16387346e-01
-2.80639529e-03 -1.07563794e-01 8.71400118e-01 5.53181656e-02 -1.53614020e+00 -2.74931431e-01 1.69337288e-01 -1.23688929e-01 7.56407082e-01 6.79902732e-01 -1.96446493e-01 -3.34109962e-01 6.02628104e-02 7.72100091e-01 8.56876001e-02 -2.53161359e+00 -3.84300977e-01 -3.58409142e+00 3.18116635e-01 -6.92738080e-03 -7.53004432e-01 7.20843732e-01 2.22589329e-01 1.43268317e-01 2.85358727e-01 1.66473821e-01 2.82267630e-01 1.89456090e-01 -1.35084867e-01 -8.04197371e-01 -5.17855167e-01 1.13510065e-01
-9.83000547e-02 -2.02867568e-01 -2.88567215e-01 -2.91192263e-01 -1.66059494e-01 4.83440757e-01 1.34244859e-01 -1.22371167e-01 -1.23662882e-01 2.92946577e-01 -2.11018443e-01 2.02273667e-01 6.74055219e-02 -3.28038782e-01 -1.89377323e-01 -3.05921733e-01 3.61491561e-01 -4.99785274e-01 -2.61138618e-01 8.09321553e-02 -4.32758987e-01 3.65898579e-01 -1.73687652e-01 3.22701812e-01 3.59182477e-01 -4.94805932e-01 4.74651426e-01 9.18540731e-02 4.43095639e-02 1.13547094e-01 -1.21073507e-01 4.76170741e-02
3.25040072e-01 6.50939584e-01 6.36710703e-01 -3.68188173e-01 2.17327625e-01 2.26597384e-01 1.34309277e-01 -1.04759902e-01 -8.06588113e-01 1.02447772e+00 -2.23908931e-01 -3.10760051e-01 -4.72155869e-01 1.16214108e+00 1.87426165e-01 1.15635775e-01 -6.39209384e-03 -8.49562705e-01 2.28789583e-01 -3.22846502e-01 1.37674302e-01 6.67691350e-01 -1.07339151e-01 -3.62467200e-01 6.91696167e-01 -7.93288827e-01 5.22934496e-01 -1.48650557e-01 -2.61317670e-01 -5.65030873e-01 2.32068468e-02 -5.02717257e-01
-7.04194009e-02 -3.89571786e-01 2.05326095e-01 -1.64154351e-01 -2.50391692e-01 1.56498790e-01 7.78824463e-02 -2.90998846e-01 -4.25789475e-01 -2.91768372e-01 -8.47703516e-02 -2.44811829e-02 -1.10582225e-01 4.68947291e-01 5.39778113e-01 2.05642134e-01 2.54559964e-01 -5.17738581e-01 4.81044687e-02 1.36130616e-01 -2.18795121e-01 3.05552959e-01 -3.87272984e-01 2.11760506e-01 -5.61548546e-02 -2.78884232e-01 4.15471375e-01 7.12862432e-01 -3.90304089e-01 -4.43647355e-01 3.09385717e-01 3.28361094e-01
-1.20154309e+00 -9.66926739e-02 7.09938928e-02 -1.21330726e+00 2.11946517e-02 -6.92707747e-02 3.67819130e-01 5.16024888e-01 -1.19275957e-01 5.62269807e-01 -1.05870450e+00 9.65182960e-01 1.03260648e+00 5.06044984e-01 -6.51421726e-01 2.81345934e-01 3.10294509e-01 -5.48087239e-01 -2.98463166e-01 8.54090095e-01 -6.60000086e-01 -3.88674557e-01 -3.51303041e-01 2.68552694e-02 4.92113888e-01 9.28803504e-01 9.50821757e-01 7.38781512e-01 4.12441760e-01 -9.47941601e-01 -2.52058785e-02 3.25086296e-01
-1.00162253e-01 1.04887851e-01 2.97623783e-01 -4.22000289e-02 3.47598672e-01 -1.09967418e-01 -7.83238187e-03 3.99616249e-02 -2.35982034e-02 2.16075286e-01 2.71852333e-02 1.60500295e-02 -1.49069270e-02 -1.30008638e-01 8.14108476e-02 -1.28025919e-01 9.82485116e-02 7.58581534e-02 4.41323128e-03 -4.18043286e-01 1.50857434e-01 -1.07317917e-01 -1.60501730e-02 6.67254813e-03 1.43606886e-01 -2.56582927e-02 7.80650079e-02 1.32712826e-01 4.12934683e-02 -8.31249878e-02 2.40411935e-03 6.35361373e-02
-1.30414262e-01 2.36112654e-01 3.40638191e-01 -1.72508880e-01 1.10077925e-01 1.20906822e-01 7.08443165e-01 3.25772971e-01 9.36287045e-02 -1.16154325e+00 -3.92658800e-01 5.81359744e-01 7.00371206e-01 -2.70029187e-01 -4.57638323e-01 -7.90377259e-02 4.95305717e-01 -3.99154276e-01 -2.72075683e-02 -5.25430441e-01 8.92983079e-01 -2.45407239e-01 2.67843157e-02 -1.26443386e+00 -2.43202031e-01 5.42002261e-01 -1.03867888e+00 -7.53269017e-01 3.10648471e-01 -1.86295673e-01 -1.75235316e-03 -6.67874813e-02
6.73879027e-01 -3.29266936e-01 -2.48884603e-01 4.69116569e-01 -2.45809510e-01 -7.62853175e-02 -1.61907881e-01 -2.89803624e-01 5.87722540e-01 -1.22764692e-01 -8.07063580e-02 -7.97566995e-02 7.17793405e-01 -3.45727891e-01 3.80794466e-01 -7.67585695e-01 -5.48800826e-02 -7.82272637e-01 9.02933538e-01 -9.97534245e-02 -3.08875829e-01 8.64161178e-02 1.54627591e-01 1.74951077e-01 -1.06046977e-03 -2.55034626e-01 8.25340867e-01 4.67669904e-01 -4.46831197e-01 3.65563571e-01 1.64273426e-01 2.68581241e-01
-2.03159064e-01 3.12953204e-01 -1.65637985e-01 -5.34599386e-02 -5.86147726e-01 -2.05145031e-01 1.21811204e-01 4.63730901e-01 -7.91576430e-02 -5.66019475e-01 -2.07271993e-01 1.65497027e-02 -3.32519233e-01 1.78062931e-01 2.75647730e-01 -2.29852349e-01 -1.03431344e-01 2.00320303e-01 3.56643498e-02 3.59884322e-01 -2.45668218e-01 -5.77463061e-02 -1.15176775e-02 -2.71039400e-02 -1.03134476e-01 -9.38923582e-02 2.62510478e-01 -2.81048059e-01 1.19809479e-01 -9.66397056e-04 1.84283927e-02 1.49854749e-01
1.40217990e-01 -4.72677976e-01 -8.65175352e-02 -1.47619843e-01 -6.32378012e-02 -2.33575031e-01 -1.11751504e-01 -1.65501207e-01 -3.56469750e-01 3.58943105e-01 -5.38987704e-02 1.30803496e-01 3.93390805e-01 2.08323538e-01 -2.13259503e-01 -6.17516339e-01 -1.32570520e-01 -1.25791579e-01 2.93436106e-02 1.28219500e-01 2.32386831e-02 -1.96576100e-02 5.29156089e-01 -1.74348205e-02 -3.40413749e-01 2.77636945e-01 2.99578398e-01 9.58071500e-02 -6.35747239e-02 7.58410171e-02 -1.04006074e-01 -2.38767326e-01
1.01249933e+00 -7.94866774e-03 -6.02035344e-01 1.78877011e-01 2.60179996e-01 1.09742403e-01 4.87125486e-01 1.85905680e-01 -3.27868789e-01 -9.28998530e-01 -8.60123277e-01 1.38651383e+00 1.11368939e-01 -9.21838820e-01 3.12851906e-01 7.50075936e-01 3.99183370e-02 4.85039026e-01 -1.91001162e-01 1.39717773e-01 -1.52824330e+00 -4.04533207e-01 -7.74830878e-01 -2.22462118e-01 -3.72027040e-01 4.60501388e-02 2.25914672e-01 5.27955055e-01 -2.63182037e-02 2.56378744e-02 -6.51145726e-02 4.27930206e-01
-1.17808253e-01 1.42706111e-01 -1.00816834e+00 -7.13692233e-02 4.81491208e-01 3.32563370e-01 -1.19461408e-02 4.05639336e-02 7.38173276e-02 4.65286165e-01 -3.64070147e-01 -1.25313747e+00 3.78458977e-01 1.47798657e-01 -3.78108889e-01 7.96068609e-01 1.46126701e-02 1.60025835e+00 -4.86911237e-01 2.00863257e-01 3.46392751e-01 -1.56692743e-01 -1.74483508e-02 5.44000149e-01 -1.63580105e-01 8.13770831e-01 -9.07816589e-02 -4.01244342e-01 1.08641759e-01 1.45469561e-01 8.96902502e-01 -1.49634615e-01
-1.89648475e-02 3.65985602e-01 -1.59226909e-01 -6.24311149e-01 -9.13585722e-02 7.25152671e-01 2.89915800e-01 8.01582396e-01 3.47853124e-01 2.88251936e-01 9.54224408e-01 -2.73542345e-01 9.27158669e-02 2.20018938e-01 5.35009652e-02 -8.06433201e-01 2.81977683e-01 -9.89623517e-02 -3.22085619e-01 -5.34299076e-01 -2.22487822e-02 -2.26276621e-01 2.28599936e-01 1.37408733e-01 -2.00283781e-01 1.81181267e-01 2.61348411e-02 -4.24857810e-02 -5.50093234e-01 2.44610071e-01 -2.56972492e-01 9.03130621e-02
6.85250387e-02 1.39383608e-02 -1.43065050e-01 1.08046774e-02 -4.26144414e-02 4.56046909e-02 3.50241214e-02 8.09994861e-02 -3.18063311e-02 -6.79198653e-02 -6.63065836e-02 -3.67884874e-01 2.38730133e-01 2.43109435e-01 1.23058222e-02 1.09363087e-01 5.21741621e-02 -4.57172021e-02 8.84949714e-02 2.42644265e-01 1.04800291e-01 2.76979506e-01 1.08946851e-02 2.14818314e-01 -1.03343390e-01 -2.92802751e-01 -1.72610611e-01 -1.47533610e-01 -2.93913335e-01 -1.50779054e-01 -1.79771408e-02 -2.79617786e-01
2.76455790e-01 2.50584004e-03 6.42863214e-01 3.57725531e-01 1.39335081e-01 5.23589969e-01 9.02828276e-01 -2.89476246e-01 8.62587154e-01 4.13998477e-02 -5.65177202e-01 1.52416178e-03 -4.86969829e-01 -3.44933540e-01 3.07024010e-02 -9.07087605e-03 -6.59505486e-01 -6.84780061e-01 1.99418202e-01 -6.63505495e-02 4.84401993e-02 6.46616161e-01 2.68716842e-01 6.09189630e-01 1.22739874e-01 -9.28323120e-02 -2.76459634e-01 5.96725047e-02 2.83220738e-01 3.82135272e-01 -1.59285098e-01 -8.80555585e-02
-3.55812311e-01 -5.72602808e-01 1.64967239e+00 1.11212686e-01 -1.30298209e+00 -1.10387705e-01 -1.23398709e+00 -1.09419394e+00 3.49297881e-01 1.09112501e+00 5.46333864e-02 -5.66651821e-01 -3.30447704e-01 1.02077842e+00 7.03204453e-01 -2.57886958e+00 9.54945534e-02 -3.25747800e+00 1.95010710e+00 7.72257686e-01 -5.33758283e-01 1.79545486e+00 -3.54423255e-01 2.49656364e-01 2.83811182e-01 -7.49404252e-01 -2.26852417e-01 4.74231213e-01 6.30922318e-02 7.56734610e-02 8.14411104e-01 2.36729354e-01
3.78856361e-02 -2.02056319e-02 6.18860088e-02 3.48556787e-02 4.10051495e-01 -9.17525403e-03 8.03199224e-03 1.59637872e-02 4.72580381e-02 -9.89288837e-03 -1.52008096e-02 -6.28450140e-02 1.10012971e-01 -7.93899223e-03 -9.74878948e-03 -7.30681941e-02 3.19584832e-03 -4.10545096e-02 -6.14011511e-02 8.05942789e-02 1.54648080e-01 3.38712856e-02 -1.24061843e-02 2.32450217e-02 -1.42279640e-01 -1.33431017e-01 8.08908325e-03 3.23260218e-01 -3.18386853e-02 -6.43005297e-02 3.37904282e-02 -2.34374836e-01
-3.38055521e-01 8.86544958e-02 -1.44190773e-01 -7.40736723e-02 -2.17781290e-01 -5.19287251e-02 -4.81375270e-02 6.77341759e-01 -1.27670586e-01 -1.25356033e-01 -1.76188931e-01 7.86966026e-01 4.98797476e-01 3.42113763e-01 1.86096296e-01 1.65257499e-01 -4.41817977e-02 8.56948867e-02 -1.20833047e-01 5.22792432e-03 -1.80939347e-01 -6.41350985e-01 -1.91015631e-01 -2.18150482e-01 -3.52892399e-01 -1.74739227e-01 -6.10528588e-01 4.46359634e-01 -2.67536879e-01 -2.61707962e-01 -1.77141353e-01 5.24564624e-01
-2.36987527e-02 -2.03230172e-01 7.07679510e-01 2.60983765e-01 -9.35645759e-01 2.61856169e-01 2.11609438e-01 -6.53472900e-01 6.10346377e-01 2.96150506e-01 -8.29240903e-02 3.68525267e-01 -1.02271520e-01 8.43853354e-02 2.16282919e-01 -2.42307568e+00 9.15285796e-02 -1.41146088e+00 1.66465804e-01 1.63292214e-01 -3.83627005e-02 2.59812415e-01 2.80216098e-01 1.49741620e-01 -1.95302844e-01 -5.59290588e-01 -7.54954070e-02 -1.63443074e-01 -4.72956747e-01 -4.81273204e-01 4.10978734e-01 -3.30625474e-01
-2.42264256e-01 6.83869645e-02 -1.48913845e-01 9.52853858e-02 -7.60685876e-02 6.77458709e-03 4.24294621e-01 -1.27623722e-01 -8.24832797e-01 1.84676397e+00 -4.33856517e-01 -1.67997275e-02 -2.16502786e-01 1.26046121e+00 -2.71223783e-01 1.42221719e-01 7.11675584e-02 1.03381641e-01 -1.78039894e-01 -2.42557317e-01 3.02926335e-03 2.55038410e-01 -2.62720566e-02 -2.21437573e-01 -1.97956622e-01 1.21932045e-01 3.74233961e-01 4.83058989e-01 2.04787403e-01 -5.20320356e-01 4.74593669e-01 -3.59968655e-02
-2.55682170e-01 -3.13104570e-01 6.81297362e-01 5.13100863e-01 -3.02226990e-01 -2.52062410e-01 -9.73324239e-01 1.60777077e-01 1.66122079e-01 5.57690144e-01 1.12853564e-01 -8.98208246e-02 8.52474794e-02 3.17878395e-01 -1.21408507e-01 3.83766741e-01 -9.64283794e-02 4.33894880e-02 -2.39263833e-01 -4.20215428e-01 1.02625716e+00 4.18246359e-01 4.55001503e-01 -5.01737773e-01 -2.06330474e-02 -1.80042014e-02 -1.77555829e-01 2.91019887e-01 -8.77960175e-02 3.72895539e-01 -4.20690700e-02 -2.53463894e-01
1.19442058e+00 -3.56068462e-01 4.49140310e-01 9.43743527e-01 -3.11865330e-01 2.31870472e-01 -7.09858119e-01 -5.65186977e-01 4.78373021e-01 -9.07085001e-01 -3.24497342e-01 7.88971841e-01 -1.20327830e+00 -2.77558923e-01 6.36260748e-01 -4.13191319e-01 -4.86584567e-02 1.30059540e-01 6.64443552e-01 7.74351060e-01 2.78617114e-01 -4.47216600e-01 -2.00569701e+00 -5.53387523e-01 5.48352957e-01 5.86990774e-01 -8.44433248e-01 -3.36633742e-01 -6.97723553e-02 1.21541250e+00 -5.55858493e-01 -1.10453151e-01
-2.03482639e-02 1.77880764e-01 -5.35971262e-02 -4.78849448e-02 -1.53429687e-01 -2.83451080e-02 4.59306873e-02 -4.27806005e-02 -5.44087291e-02 -1.84395127e-02 3.96070741e-02 8.57327506e-02 8.36137012e-02 -7.65634626e-02 1.70177162e-01 -1.63925752e-01 1.06845617e-01 1.68259948e-01 -8.90231878e-03 -2.79230773e-01 1.37372598e-01 3.63661498e-02 -2.20729485e-02 -3.10636852e-02 -2.99764454e-01 -4.18905877e-02 2.34888475e-02 -7.57404566e-02 -2.75220480e-02 -2.21346645e-03 3.98455700e-03 -2.21789718e-01
6.43688738e-02 2.69570529e-01 1.84358013e+00 4.58333373e-01 -1.84955907e+00 1.92989513e-01 -2.34402657e-01 -7.17025578e-01 9.12200391e-01 5.73581338e-01 2.10108638e-01 -4.12816525e-01 -9.34136689e-01 9.04494286e-01 1.04525514e-01 -4.38373375e+00 -2.93072939e-01 -5.45670891e+00 6.44026399e-01 1.01235725e-01 -1.24608934e+00 1.10780025e+00 3.75075132e-01 1.54464707e-01 1.49979100e-01 -2.16972560e-01 -5.00916898e-01 8.39580476e-01 -3.43158275e-01 1.57755725e-02 -5.86577058e-02 6.13644943e-02
-7.54824638e-01 1.96543962e-01 3.89007479e-02 -6.86917484e-01 3.04780155e-01 -2.07582578e-01 -2.56113470e-01 4.82643515e-01 -7.50214979e-02 -5.87461069e-02 1.60983339e-01 -3.44970286e-01 4.02625144e-01 3.71843964e-01 -4.29893881e-01 5.43263435e-01 2.35633776e-01 2.82444298e-01 -3.87334943e-01 1.91026300e-01 2.05678463e-01 6.46924019e-01 2.09768966e-01 -2.89325863e-01 6.45007119e-02 3.52481872e-01 -6.63347721e-01 -1.44264445e-01 3.43880653e-02 -4.57539082e-01 -1.72171935e-01 -1.07332158e+00

layers.2.bias:
-1.42687118e+00
-8.34104180e-01
7.37961590e-01
-5.70628405e-01
2.69293696e-01
-4.45694655e-01
2.48905420e-01
2.20874286e+00
6.05450034e-01
8.64682555e-01
-9.00221884e-01
-1.52940583e+00
-4.95917499e-01
1.01992726e+00
-4.32620734e-01
-7.29612350e-01
-5.52305803e-02
-8.19689512e-01
3.92139256e-01
-9.02840123e-02
-3.35312150e-02
8.09877217e-01
9.77382660e-01
-1.73536688e-01
-3.70506734e-01
1.09542978e+00
-1.06466353e+00
-1.08333850e+00
5.23613989e-01
-1.22349930e+00
3.48559290e-01
-2.02283859e-02
7.86905408e-01
1.04961693e-01
-3.17070723e-01
-1.29174693e-02
-1.28253400e-01
1.41317725e+00
1.04222333e+00
-1.71166912e-01
1.08241737e+00
-2.88430899e-01
-5.77395856e-01
1.47696435e+00
2.44953468e-01
-1.00667608e+00
1.04412282e+00
-3.48880947e-01
8.88549268e-01
1.78497970e+00
2.09858552e-01
2.86272645e-01
1.07247673e-01
-8.05385530e-01
8.92578810e-02
-1.35149080e-02
8.76682937e-01
-1.63065895e-01
-4.14468125e-02
-7.74338484e-01
6.88332081e-01
6.52989224e-02
-3.56878042e-01
7.85102606e-01

layers.4.weight:
4.17009324e-01 1.14531144e-01 -7.53567964e-02 3.42403464e-02 7.15000601e-03 8.87089372e-02 -2.43819231e-05 -7.99693584e-01 6.67688176e-02 -4.18719232e-01 4.24274765e-02 9.96866941e-01 -2.71220136e+00 -1.99845374e-01 -4.37460258e-05 -1.37275064e+00 3.90099813e-05 9.49343070e-02 -1.78270359e-02 4.89618920e-04 -7.36084506e-02 -1.35765433e-01 -8.51804242e-02 1.71774745e-01 -5.77703230e-02 -8.00601915e-02 6.77071661e-02 9.06824946e-01 -3.71628881e-01 4.21762437e-01 -4.47769091e-02 -7.37864152e-02 -7.22757876e-02 -1.29301305e-04 1.10654257e-01 -1.06799771e-05 4.27529703e-05 -2.24844009e-01 -8.05769414e-02 2.41358504e-01 -9.19418931e-02 3.64803880e-01 8.65401551e-02 -1.53422728e-01 1.11422356e-04 1.01376146e-01 -1.05748534e-01 -1.39649725e-04 -1.02091193e-01 -7.55452752e-01 -1.36603966e-01 2.80682594e-02 -4.53733141e-04 1.01904422e-01 -1.66802788e+00 -1.58552255e-04 -4.29262929e-02 -4.40829962e-01 -4.21154015e-02 9.44006220e-02 -4.72418442e-02 1.11780282e-04 1.08840370e+00 -4.55064401e-02

layers.4.bias:
-1.18111598e+00

