layers.0.weight:
3.31696361e-01 -5.67613244e-01 7.97264636e-01
5.69172144e-01 -8.09445798e-01 -5.80563486e-01
-8.31293464e-02 -6.13938749e-01 -5.77727258e-01
-1.07055378e+00 1.15616508e-01 4.58123112e+00
2.67282110e-02 4.11940843e-01 1.16166264e-01
-5.79876065e-01 8.58121514e-01 -1.84879377e-01
-1.31842160e+00 4.86020595e-01 -9.88645032e-02
-6.01682402e-02 7.88846374e-01 -9.23566997e-01
6.03414774e-01 -9.26082134e-01 5.12713566e-02
-1.11527514e+00 5.86289167e-02 -1.64189592e-01
7.53551662e-01 -9.85680073e-02 1.41279221e+00
-7.16238439e-01 -1.31785080e-01 -1.29353356e+00
-4.30584475e-02 7.12955832e-01 -1.57757306e+00
-1.16726887e+00 2.10410804e-02 5.00053525e-01
-6.46977663e-01 1.09646142e+00 7.52028525e-01
-1.81771189e-01 9.48456824e-01 1.64468549e-02
5.46070874e-01 -6.33792400e-01 -1.45019031e+00
-1.15504665e-02 1.12846863e+00 1.84981868e-01
8.07071701e-02 -9.54183042e-01 5.35116851e-01
3.41117471e-01 -1.28724232e-01 -8.64976227e-01
2.23475501e-01 1.65966094e-01 -5.10879010e-02
-3.24195027e-01 -2.56797969e-01 -1.00232065e+00
-4.64660525e-01 1.65601885e+00 -4.46076952e-02
-1.56447518e+00 4.06930357e-01 1.75152493e+00
1.05132234e+00 3.79940838e-01 -7.78481364e-01
2.59609371e-01 6.71772659e-01 -1.17486012e+00
-1.16151750e-01 -2.13369340e-01 1.90187418e+00
-3.97779703e-01 -2.44972542e-01 1.92939892e-01
3.22416067e-01 7.57217348e-01 -1.46468067e+00
-1.04933763e-02 4.65525806e-01 1.70563948e+00
-2.89658904e+00 2.84448242e+00 -1.78299040e-01
-1.26738083e+00 -5.19488692e-01 1.02004325e+00

layers.0.bias:
8.77201200e-01
4.81547834e-03
-1.42384720e+00
-6.34384930e-01
7.07518518e-01
-2.04255387e-01
-3.54310095e-01
2.86240637e-01
-7.45998621e-01
-1.59115899e+00
1.64644122e-01
1.80825554e-02
2.46107668e-01
-1.21306002e+00
-2.90836543e-01
1.43946290e+00
9.34610724e-01
1.82654703e+00
-6.68276668e-01
5.78918040e-01
-1.44309163e-01
-1.35729384e+00
1.02535832e+00
-7.05530941e-02
1.36946186e-01
5.60703695e-01
8.80503118e-01
-1.57881156e-01
-4.88352716e-01
7.31267482e-02
8.91685039e-02
-6.70209900e-02

layers.2.weight:
-4.06424552e-01 1.55082375e-01 1.08516783e-01 -5.00139534e-01 -5.21282926e-02 9.17475745e-02 6.78091571e-02 -1.54933585e-02 -1.43316045e-01 2.87533331e+00 6.66380227e-02 5.48633598e-02 -2.02326596e-01 2.40204382e+00 -9.48816687e-02 4.36445981e-01 -9.21281949e-02 6.49097562e-01 5.25908209e-02 -2.73934573e-01 2.96369046e-01 -4.70273942e-02 -4.17221814e-01 5.95233560e-01 -6.93300143e-02 6.38642609e-01 -8.08090389e-01 -1.83230400e-01 -1.38812438e-01 -2.28649527e-01 -2.89406002e-01 2.34384477e-01
-7.00414106e-02 1.28267676e-01 -9.26917315e-01 6.50031641e-02 -1.27419293e-01 1.18962333e-01 -8.79087269e-01 -4.90802228e-01 4.17996258e-01 5.87228656e-01 3.59814256e-01 -3.10277849e-01 2.35767901e-01 -1.70045182e-01 -2.92521983e-01 5.77191532e-01 -3.79939914e-01 6.42530382e-01 -4.56158578e-01 -6.07609861e-02 6.64695561e-01 -1.59080282e-01 -3.12167704e-01 -2.91476212e-02 1.69306230e-02 -7.30677694e-02 -3.12295586e-01 -5.79824209e-01 5.52754663e-02 -2.00643048e-01 -6.25690147e-02 1.68053553e-01
1.11472301e-01 9.42907408e-02 1.26189590e-01 -5.61373413e-01 -9.42644894e-01 -1.55957326e-01 -4.69029099e-01 1.36188805e-01 5.96952677e-01 7.01945007e-01 -3.71289879e-01 -2.27675825e-01 -2.86174100e-02 2.72212625e-01 -2.35154629e-01 -1.21902740e+00 -2.89540946e-01 -1.14831388e+00 9.81880724e-02 4.26474214e-02 -6.07324421e-01 -3.13140869e-01 2.37624988e-01 -1.01437056e+00 -8.66717756e-01 2.24175841e-01 -9.80786383e-01 6.32551253e-01 2.34657273e-01 -1.98360011e-01 -9.85717215e-03 6.69588089e-01
2.81314611e-01 -3.35730091e-02 4.58741933e-02 1.37957203e+00 4.82782960e-01 3.49356711e-01 6.24995887e-01 -2.77090818e-01 -1.07705072e-01 -7.72761479e-02 1.94482520e-01 -9.68003422e-02 -6.10613167e-01 1.26584738e-01 5.87077916e-01 6.63907588e-01 -2.58695751e-01 6.23651683e-01 3.60667229e-01 -9.23843980e-01 -8.58738244e-01 -1.85074806e-01 3.33134234e-01 1.39516890e+00 -4.70222324e-01 -5.88433206e-01 5.31949043e-01 2.87246704e-01 -7.00513959e-01 -1.24486640e-01 -5.68469502e-02 4.65591133e-01
2.01875359e-01 -3.77914518e-01 2.52062231e-01 -4.37546909e-01 1.17270090e-01 -3.56931984e-01 -1.54008389e+00 1.16715148e-01 3.70803267e-01 -8.12195957e-01 4.45066899e-01 -7.83395052e-01 7.88255036e-01 -9.86020505e-01 -6.07791319e-02 -9.01840210e-01 -3.45209032e-01 -7.62910604e-01 -4.36882302e-02 -9.44250301e-02 8.66097033e-01 -5.65203369e-01 1.47094920e-01 -3.47172230e-01 -6.74360991e-01 6.50347888e-01 1.06350899e-01 -6.28246784e-01 -2.30121627e-01 6.31862521e-01 -1.51246071e-01 -9.03112218e-02
-4.79662567e-01 3.98530006e-01 2.33949050e-01 2.06035301e-01 -8.36176693e-01 -2.32573450e-01 -6.11017495e-02 3.12233984e-01 3.27383697e-01 -2.92712688e-01 6.94417775e-01 2.14381695e-01 -1.10396780e-01 -1.33427367e-01 -6.35624409e-01 -1.14841545e+00 -2.74005502e-01 -1.27972043e+00 5.86239100e-01 -2.47776344e-01 -5.84438562e-01 -6.96980879e-02 -4.67353970e-01 -2.87835151e-01 1.26251638e-01 7.19264373e-02 1.89324737e-01 1.09118247e+00 -1.05352990e-01 -4.11133230e-01 -1.40536797e+00 2.40659490e-01
-1.02919033e-02 -3.03584244e-03 -2.39740074e-01 -3.16868536e-03 -1.10443763e-01 2.06165656e-01 -1.04153216e-01 -4.01489735e-01 -1.44066706e-01 2.38852575e-01 2.85912246e-01 5.28791174e-02 2.88655281e-01 -1.85716152e-02 1.70135486e-03 -2.64983714e-01 3.37702483e-02 1.17584080e-01 -5.17612845e-02 -3.06234688e-01 -3.81634474e-01 9.83525217e-02 8.60776305e-02 3.46542895e-02 1.48245916e-01 2.64649034e-01 -3.54935348e-01 -4.13590074e-01 -1.61361381e-01 7.79711232e-02 -1.08012825e-01 1.51784614e-01
2.19126597e-01 1.38932422e-01 -3.42161506e-01 3.74043196e-01 1.41159967e-01 -6.98607504e-01 2.42355615e-02 5.66841304e-01 2.03053162e-01 -5.02708197e-01 -5.82765006e-02 8.40557396e-01 3.03232521e-01 -7.03200519e-01 -2.84528136e-01 2.31156759e-02 5.10167062e-01 -2.37426087e-02 1.85641408e-01 4.89432812e-01 -1.36340535e+00 -9.00732279e-01 -6.10993169e-02 2.97308505e-01 2.96689659e-01 7.88846374e-01 6.14959657e-01 3.86466324e-01 -4.86284256e-01 5.12104571e-01 3.09655815e-01 -3.28527838e-01
1.50734246e-01 1.55590057e-01 -7.02366054e-01 -1.11386970e-01 1.50640643e+00 -4.29790825e-01 -3.59429777e-01 -4.36216474e-01 -7.17807412e-01 3.40409070e-01 5.79473138e-01 1.97198868e-01 5.48547506e-01 -5.01830243e-02 1.65610567e-01 1.96053874e+00 2.45780930e-01 1.66342711e+00 -5.07464349e-01 -2.41301998e-01 1.45971984e-01 -4.41865742e-01 4.37106341e-02 2.63854474e-01 1.59381062e-01 2.79518962e-01 1.88469559e-01 -4.06327061e-02 -4.81082425e-02 3.05810064e-01 2.47616339e+00 -3.66019070e-01
-6.36927366e-01 1.46820039e-01 -6.24511056e-02 -5.47121286e-01 3.13033670e-01 2.85307989e-02 -3.73921096e-02 3.89647961e-01 4.44316715e-01 -1.27624169e-01 -1.64131615e-02 2.86674649e-01 2.03990698e-01 2.27624446e-01 -3.61815393e-01 -7.73066044e-01 3.67216110e-01 -5.91866910e-01 -4.28609610e-01 -1.29183391e-02 -6.36221290e-01 -2.04585090e-01 1.18008241e-01 -1.02645129e-01 -1.89565808e-01 -7.37855434e-02 -1.98652938e-01 2.24805087e-01 2.87782043e-01 1.34015813e-01 1.16104886e-01 -2.12413780e-02
3.68684649e-01 -2.65715003e-01 1.58749998e-01 -4.63139266e-01 -9.81031239e-01 -6.12075925e-01 -5.07419169e-01 2.15317979e-01 6.58372760e-01 2.95867473e-01 -6.20345771e-01 -2.44461689e-02 9.52962458e-01 -3.18677604e-01 -2.05708981e-01 -3.98478508e-01 -6.25202417e-01 -1.26942599e+00 -2.99196392e-02 1.65200327e-02 1.07110465e+00 -1.75202876e-01 -1.24645996e+00 9.94743407e-02 -7.34735131e-02 3.46222185e-02 -5.36495626e-01 -6.09594822e-01 3.71368945e-01 -4.93389696e-01 -3.85346532e-01 3.71318668e-01
-9.36350301e-02 -3.13044578e-01 1.65210068e+00 -8.57026994e-01 -6.92204773e-01 1.58267066e-01 1.59698091e-02 -4.03612584e-01 -9.54714268e-02 2.04685473e+00 3.03457603e-02 -1.05047360e-01 2.78258532e-01 3.22669697e+00 4.04148668e-01 -5.40548205e-01 2.04447165e-01 -2.32723713e+00 5.85143447e-01 -3.69070023e-01 2.96995670e-01 5.84232986e-01 -2.84723580e-01 8.40960503e-01 -4.14900370e-02 -5.60947359e-01 3.08107436e-01 -1.32094160e-01 1.02794170e-01 5.90899661e-02 2.33651653e-01 -3.77508730e-01
-6.06874287e-01 -2.52582371e-01 9.60782290e-01 4.24387366e-01 -8.28394413e-01 6.18824959e-01 2.90274397e-02 -9.54331517e-01 3.04440826e-01 5.91713905e-01 1.74554110e-01 2.63134539e-01 -5.24332464e-01 -2.05310464e-01 5.65008461e-01 -4.44824314e+00 -1.28685698e-01 -6.37817335e+00 6.22444749e-01 -1.01857662e+00 -7.11790442e-01 4.57595795e-01 6.32902443e-01 -1.04856275e-01 -2.38987580e-01 -2.50418931e-01 -3.42618674e-01 6.51470780e-01 -6.38724566e-01 -3.16962272e-01 -8.36536288e-01 -2.75816709e-01
6.04029223e-02 -1.40650168e-01 -6.50321603e-01 -3.94067653e-02 -1.88045725e-01 -9.69376490e-02 2.92591304e-01 3.07976961e-01 4.21790034e-01 -2.54194677e-01 5.58438480e-01 -2.11262524e-01 3.05912882e-01 -7.62649059e-01 -3.94124061e-01 -8.08202773e-02 -2.56872833e-01 1.89247146e-01 -5.70585653e-02 1.00064717e-01 -6.27848879e-02 -1.70669824e-01 -4.41731736e-02 -1.85528189e-01 -1.70699015e-01 7.30568171e-01 1.88470818e-02 8.62696394e-02 -2.06002191e-01 2.81790018e-01 1.55481979e-01 4.06310022e-01
-1.03170645e+00 1.17662355e-01 -1.84122115e-01 4.25878614e-01 -7.88418129e-02 7.32476711e-01 -4.24036741e-01 -1.88744664e-01 4.13019091e-01 -3.28001417e-02 -6.65687919e-01 1.47065833e-01 6.89307004e-02 -2.56021589e-01 -1.81322694e-01 -7.61906803e-01 1.36976972e-01 -5.72283983e-01 -3.36185813e-01 2.30221689e-01 1.48085165e+00 8.30974400e-01 9.87986326e-02 2.79158354e-01 -2.74971604e-01 2.15337556e-02 -5.05965829e-01 -9.74672660e-02 7.24418640e-01 -1.58149466e-01 -3.39220837e-02 2.07104348e-02
-5.88627636e-01 -9.20681879e-02 1.96768895e-01 1.25884354e-01 -3.74803156e-01 2.84579694e-01 -1.01945078e+00 -1.08466502e-02 1.88176751e-01 5.04167891e+00 5.99884212e-01 3.51884335e-01 2.30009302e-01 2.50299811e+00 7.05463365e-02 -1.14718527e-01 -4.49070722e-01 -2.04110935e-01 -4.22236919e-02 -2.17415422e-01 -6.25245929e-01 4.66673672e-01 1.49669737e-01 2.12471396e-01 -3.18680614e-01 -3.85839045e-01 -6.58927739e-01 2.66149312e-01 -3.17336991e-03 -6.59414768e-01 3.70914221e-01 -3.19731146e-01
-1.68343280e-02 1.52453825e-01 -4.72690165e-02 3.50810327e-02 -1.45619921e-02 -1.45041486e-02 3.70794237e-02 -6.47437945e-02 2.78982185e-02 -1.80537015e-01 7.63853863e-02 4.07322496e-02 4.37955633e-02 1.00252055e-01 1.01182267e-01 4.29349989e-02 2.93896422e-02 2.83133071e-02 6.69783819e-03 9.92842019e-02 2.57467300e-01 1.25323355e-01 -2.38966420e-02 1.04916748e-02 7.01983795e-02 1.41453650e-02 5.29535674e-02 2.68846929e-01 1.94300599e-02 5.04537369e-04 3.93425748e-02 1.95577629e-02
1.58597201e-01 -1.76755741e-01 -7.10975170e-01 7.95814022e-02 3.80205780e-01 -1.57320485e-01 -1.94024533e-01 -2.87308663e-01 1.54575527e-01 -6.87164962e-01 1.03115559e-01 -3.70815359e-02 1.80690169e-01 9.93172526e-02 -2.74594687e-02 3.47317010e-01 -3.56423408e-01 7.26856112e-01 -2.70716071e-01 8.80871773e-01 3.68042618e-01 -2.04746262e-03 -3.18585187e-01 -8.93010870e-02 -1.26840308e-01 -4.49897826e-01 8.71856630e-01 -5.76324821e-01 2.53031671e-01 3.44957888e-01 -2.98362654e-02 1.95784882e-01
-2.54992783e-01 -1.57219663e-01 -1.88114226e-01 -2.42460251e-01 4.57683541e-02 -3.72348502e-02 2.46070653e-01 1.27772197e-01 5.20722091e-01 -3.52580398e-01 -2.05390260e-01 -8.09265077e-01 5.05261779e-01 9.63602439e-02 -1.54596001e-01 -1.30937904e-01 -2.75151074e-01 -1.22483604e-01 2.01152995e-01 -1.77809879e-01 -8.41663107e-02 -1.45089880e-01 3.21451783e-01 -1.96028754e-01 2.00192139e-01 2.16774464e-01 -2.14669496e-01 4.60572064e-01 6.25646785e-02 3.10256183e-01 1.58653259e-01 1.15878500e-01
5.73186092e-02 1.71024546e-01 -2.24142205e-02 7.10770786e-02 -3.32411379e-02 1.22016743e-01 -2.01651044e-02 -7.00577572e-02 4.79569845e-02 7.22228214e-02 6.79472536e-02 1.09415315e-01 -6.22704327e-02 -6.93678111e-02 1.20644189e-01 4.53923911e-01 7.18662888e-02 -3.05319875e-01 2.67321877e-02 -8.82944390e-02 -1.06720768e-01 -1.35278165e-01 8.57108366e-03 -2.05377489e-02 3.79767865e-02 1.35309368e-01 6.69558207e-03 6.60039904e-03 9.59367231e-02 1.65718924e-02 -3.48803587e-02 3.91579866e-02
4.26905960e-01 -1.82120204e-01 7.07911730e-01 5.57703137e-01 -3.92304510e-01 -1.34948760e-01 -6.91355944e-01 -1.04233116e-01 -2.48712227e-01 -7.23321378e-01 -6.81333169e-02 8.88747036e-01 4.73044366e-01 -4.44297522e-01 8.02819014e-01 2.83731669e-01 -7.83187672e-02 -4.21384573e-01 4.36172485e-01 4.25293952e-01 -3.62821013e-01 1.19463280e-01 5.98597467e-01 1.52648747e-01 1.25220269e-01 -3.86773646e-01 1.18310526e-01 2.79162049e-01 -1.32070124e-01 -4.80911061e-02 1.33749455e-01 4.05437291e-01
2.37061337e-01 -1.14815883e-01 1.03860028e-01 1.27767056e-01 -8.02941434e-03 1.61554202e-01 1.03969443e+00 1.04756340e-01 4.12913263e-01 2.66212702e-01 3.01714361e-01 4.18552876e-01 -3.75567228e-01 -4.73420143e-01 1.12176262e-01 -9.38235462e-01 -5.39828055e-02 -7.65028298e-01 -1.19195417e-01 -4.32494879e-01 -5.30796409e-01 3.25649008e-02 2.66782254e-01 -7.13794678e-02 1.20586388e-01 -3.94334078e-01 -7.27660954e-01 4.30239975e-01 -7.33627826e-02 -2.12371171e-01 2.49142647e-01 -9.61917415e-02
1.05119519e-01 2.85045411e-02 -2.47109860e-01 4.04779106e-01 -1.89785641e-02 3.34053010e-01 3.49577039e-01 -2.69670039e-01 -2.58254170e-01 2.82747716e-01 1.38218021e-02 8.62515941e-02 4.36438590e-01 4.17990983e-01 -2.05585301e-01 -5.91318369e-01 5.78697801e-01 -1.98487520e-01 6.42099082e-02 -2.21806958e-01 -4.06843960e-01 5.88176809e-02 -4.54085112e-01 1.85809717e-01 -4.30123419e-01 -1.13096297e-01 -5.53639457e-02 -4.26120400e-01 2.57088598e-02 -1.18848726e-01 -3.87914032e-02 -1.74770817e-01
7.75413454e-01 4.23988141e-02 -2.55074203e-01 1.55411705e-01 8.64441916e-02 -5.80443799e-01 -2.16489322e-02 3.02765757e-01 3.40970606e-01 -2.72445011e+00 1.03770025e-01 1.81181192e-01 3.86808932e-01 -1.65151644e+00 -5.36367297e-02 3.33782554e-01 1.72442228e-01 2.38500684e-01 -1.70062602e-01 1.92875061e-02 4.24991131e-01 -2.04448074e-01 -5.26371300e-01 -5.14313839e-02 -4.24715251e-01 -1.97192624e-01 -6.60024211e-02 -1.05484143e-01 2.30256721e-01 9.23948660e-02 -4.44770783e-01 -1.15743600e-01
-8.92419934e-01 1.64258897e-01 -2.08686069e-02 1.15858957e-01 -1.27697065e-01 -3.50523829e-01 1.13650191e+00 -6.99533075e-02 -1.03001630e+00 7.91251898e-01 -7.15452254e-01 3.21388692e-02 1.65887684e-01 9.31095630e-02 -7.19304383e-01 6.25468850e-01 6.10730112e-01 5.76492131e-01 1.02509178e-01 2.06529833e-02 -1.52759060e-01 3.69796157e-01 5.33297539e-01 9.52711880e-01 -5.59420526e-01 5.01405180e-01 -6.26100063e-01 -7.69952312e-02 8.57492864e-01 -4.59280789e-01 1.08238243e-01 2.09587708e-01
-5.32969534e-01 6.20781124e-01 -3.62629257e-02 -1.40665874e-01 4.91202474e-01 1.38727039e-01 1.38781150e-03 4.98122483e-01 -2.80470699e-01 4.94125634e-01 6.61313310e-02 -1.41285405e-01 2.11408764e-01 2.41529465e-01 -5.63412905e-01 -3.66729587e-01 -1.17581621e-01 -1.62236497e-01 4.21009988e-01 -4.21800494e-01 -6.43833727e-02 -2.75945872e-01 -1.63255315e-02 -4.60557371e-01 3.05671226e-02 -2.18871891e-01 -5.63164949e-01 -4.36676025e-01 1.65377930e-01 -3.67905647e-01 -3.01587015e-01 -1.95771530e-01
-1.08995043e-01 2.71569550e-01 4.08230245e-01 3.65779370e-01 -2.01357201e-01 -3.49380046e-01 -3.14025879e-01 -1.51350414e-02 3.50326896e-01 -5.10766864e-01 -5.81888676e-01 -5.26112355e-02 -2.72922158e-01 -3.49397570e-01 1.09020649e-02 6.57617569e-01 -6.10696748e-02 3.25453520e-01 3.07791531e-01 2.22249791e-01 5.44595756e-02 -7.74827540e-01 1.31261453e-01 1.39234871e-01 2.97258437e-01 1.59762591e-01 1.95073262e-02 -5.51455557e-01 -2.58460015e-01 -1.12705931e-01 9.92040709e-03 -3.04818094e-01
-7.09319174e-01 5.25519013e-01 -5.18322766e-01 -1.07340479e+00 -3.49250585e-01 -2.89587468e-01 -2.81818390e-01 4.39984918e-01 1.76417589e-01 4.79895264e-01 -1.32343873e-01 2.57328838e-01 2.43458882e-01 2.65531063e-01 -7.08321780e-02 8.89644325e-01 7.47966707e-01 1.00465417e+00 -5.14817238e-01 1.36107624e-01 4.61748779e-01 -6.81171179e-01 -7.11005211e-01 3.48148406e-01 -1.80885807e-01 -3.81020099e-01 2.16819748e-01 3.71201962e-01 5.66413820e-01 -8.77635539e-01 9.66150388e-02 -2.49953583e-01
1.61356539e-01 -5.37419319e-01 -3.69926803e-02 -9.03631002e-02 -6.58738434e-01 5.04004776e-01 7.26512745e-02 -5.11932552e-01 5.53393900e-01 8.78323078e-01 -1.95581689e-01 9.32337195e-02 5.23267329e-01 4.23476160e-01 1.78336035e-02 -1.09006476e+00 -4.66740221e-01 -1.12852478e+00 1.26513019e-01 1.92248106e-01 2.21193954e-01 3.41115683e-01 1.66381866e-01 1.67342216e-01 1.92464799e-01 6.99208826e-02 -3.84254873e-01 -1.99424520e-01 -3.38142395e-01 -3.15612346e-01 3.39909792e-01 3.99616927e-01
-1.86595395e-01 -1.12987483e+00 4.55890566e-01 1.45724058e+00 2.44622335e-01 2.29677185e-01 -1.93465187e-03 -1.28369048e-01 -3.73089701e-01 3.49916607e-01 9.64706600e-01 -8.86833608e-01 -9.74121392e-01 -3.12711537e-01 3.44990939e-01 3.00611079e-01 -1.35238779e+00 1.04799461e+00 4.82088685e-01 -5.21972656e-01 1.11753893e+00 3.15046340e-01 1.54054046e-01 -2.37342909e-01 3.04284394e-01 -3.68354708e-01 7.87276104e-02 -3.04763466e-01 -7.51990855e-01 1.14925480e+00 -4.46758658e-01 -2.92853236e-01
-6.81224525e-01 -1.00945249e-01 4.27889377e-01 7.10725039e-02 -2.63520837e-01 1.40205696e-01 2.08713710e-01 1.40463458e-02 -3.13770443e-01 -2.52130836e-01 -9.78181481e-01 3.09587687e-01 4.94451821e-01 7.27207437e-02 8.70702639e-02 -4.04847443e-01 4.09441292e-01 -3.58940870e-01 -3.45522771e-03 -3.14820707e-01 -7.62721479e-01 2.69478679e-01 -1.15451351e-01 -7.37146199e-01 2.17413098e-01 5.89327455e-01 -1.78792179e-01 7.62476251e-02 -3.40939134e-01 -2.87077397e-01 -2.76714593e-01 -4.99563403e-02
-3.08239847e-01 -3.36360246e-01 -1.31165728e-01 -1.50223032e-01 -2.62273461e-01 9.07903723e-03 2.40505427e-01 2.88731009e-01 -6.21924341e-01 1.46924460e+00 -1.50847808e-01 -8.14331099e-02 -4.98968631e-01 5.06054044e-01 -1.41735315e-01 -2.55245473e-02 2.70502008e-02 8.16072673e-02 -5.82037196e-02 -1.93498358e-01 2.29529947e-01 1.54766887e-01 4.04521972e-01 2.90606972e-02 5.07104546e-02 -4.76716943e-02 -1.92934081e-01 1.83999449e-01 2.80948877e-01 3.10481042e-01 1.20625101e-01 1.05290025e-01
-7.17843622e-02 -3.11061919e-01 3.84051651e-02 -1.38969600e-01 -4.27986294e-01 4.48050559e-01 -1.05361439e-01 -4.04607296e-01 7.79662356e-02 -4.18615341e-01 5.18458057e-03 4.53326792e-01 2.34696656e-01 4.34407115e-01 2.83329964e-01 -5.83129287e-01 -4.18252796e-01 -1.31393266e+00 -5.48604243e-02 -2.99389839e-01 -1.40097305e-01 9.02657211e-01 3.99020404e-01 5.67619383e-01 -4.86608446e-01 1.65441439e-01 9.15581211e-02 -2.10567325e-01 -3.56780678e-01 -3.00289184e-01 -7.94868097e-02 -4.95517068e-02
2.05686186e-02 -6.00407645e-02 1.22019209e-01 -9.10602212e-02 2.59657472e-01 -7.55290389e-02 -1.72072998e-03 -3.17414433e-01 -1.97824672e-01 3.38111728e-01 1.39416471e-01 1.62694097e-01 8.49915594e-02 -3.04836601e-01 -5.33146448e-02 -2.97863543e-01 6.65443465e-02 1.41299501e-01 -1.92112014e-01 -5.35185635e-01 1.41258493e-01 -1.55620933e-01 -8.30325484e-02 -3.12291235e-02 -3.21610644e-02 2.22513229e-01 -6.29931763e-02 3.56839411e-02 9.86431167e-02 7.12430254e-02 -7.52048939e-02 1.32364379e-02
2.05658332e-01 -4.34285671e-01 -2.20380634e-01 7.96902478e-01 -4.23999071e-01 -6.01337016e-01 8.19640532e-02 -2.10942611e-01 3.03369015e-01 2.73631287e+00 -5.14336050e-01 9.38788474e-01 6.13883257e-01 8.61744881e-01 6.49636507e-01 -1.75408751e-01 8.15052316e-02 -2.26946026e-01 6.89496994e-01 3.59647721e-01 1.76406354e-01 1.28288835e-01 -2.64907300e-01 1.09778786e+00 -8.93608183e-02 9.04545933e-02 -2.69065559e-01 3.46333951e-01 -3.15770507e-02 5.93755618e-02 6.28595233e-01 5.98986074e-02
-1.10222407e-01 1.80624112e-01 1.41852453e-01 7.54320100e-02 1.82377286e-02 -6.50865212e-02 2.94935107e-02 1.05080783e-01 5.58112795e-03 -3.93421538e-02 1.79069653e-01 7.45696053e-02 8.49502161e-02 -9.16360412e-03 1.51930362e-01 2.06358403e-01 1.87413786e-02 -1.20338470e-01 -5.73277054e-03 8.11292753e-02 -1.57263055e-01 -4.53846939e-02 -2.85535101e-02 -2.19637677e-02 -4.52087671e-01 -2.30109930e-01 4.46295775e-02 -1.32262632e-01 -5.20213358e-02 -5.34235351e-02 1.72322188e-02 -4.64013040e-01
-4.88032680e-03 -7.39959553e-02 -3.77869233e-02 2.26731300e-02 -2.49447495e-01 1.28418542e-02 -3.20904143e-02 1.61045015e-01 6.55094907e-02 -7.05836788e-02 -1.17804511e-02 -1.92409772e-02 -6.58420101e-02 4.22202200e-02 -7.58724213e-02 2.29206115e-01 -1.24236681e-01 -1.04588807e-01 3.00374348e-02 3.27440590e-01 -2.34929010e-01 -9.35839787e-02 -3.66608961e-03 -1.57855488e-02 7.05761043e-03 -9.59600508e-02 -6.26616850e-02 -6.68824837e-02 -5.60734607e-02 4.96825092e-02 4.34689298e-02 1.51745905e-03
8.78185332e-01 -2.77262300e-01 2.76308596e-01 3.55424196e-01 -3.35766137e-01 -7.56687950e-03 -6.90012455e-01 -2.87571102e-02 7.78826594e-01 -4.13193777e-02 -1.65005445e-01 2.58321092e-02 3.30739506e-02 1.72756732e-01 7.52891302e-01 -7.77908623e-01 -4.67558116e-01 -6.94535792e-01 5.36129713e-01 -2.77905524e-01 -6.90785527e-01 1.83595598e-01 -1.10768393e-01 2.08734810e-01 8.52719724e-01 -4.17163633e-02 2.37078056e-01 -2.66852558e-01 -5.03670037e-01 2.41764650e-01 9.75246355e-02 1.06955953e-01
1.43319055e-01 -3.68355244e-01 -1.61942884e-01 3.49617422e-01 2.37841662e-02 -6.35341585e-01 9.16646868e-02 5.75510450e-02 2.99884498e-01 -2.78470963e-01 -3.03677410e-01 5.15343785e-01 4.09677356e-01 -2.90083110e-01 2.15489015e-01 -6.26901388e-01 -2.96050102e-01 -9.31923449e-01 3.82868797e-01 -3.66224319e-01 -3.11505139e-01 3.10134869e-02 2.93876499e-01 6.15383446e-01 -1.47513747e-01 -2.73012102e-01 3.81676376e-01 4.30587977e-02 -5.19546643e-02 -4.78748471e-01 -1.86844692e-02 2.64518470e-01
-1.58431172e-01 -8.78043100e-02 8.04806292e-01 3.71030271e-02 -1.01736331e+00 -2.08972245e-01 -3.36896107e-02 -7.34839879e-04 7.04566360e-01 6.09500051e-01 -1.89075813e-01 -3.63006234e-01 8.73866752e-02 6.93902731e-01 9.00500119e-02 -2.20898438e+00 -3.37403804e-01 -2.33235693e+00 -1.51164874e-01 2.90539246e-02 -6.21402383e-01 7.17311144e-01 3.07134151e-01 7.91097879e-02 5.61645806e-01 2.15453506e-01 2.58299291e-01 -1.04459159e-01 3.45667377e-02 -8.31195056e-01 -3.91291499e-01 -1.96684137e-01
-2.15448558e-01 -2.14629278e-01 -1.96511775e-01 -3.24278772e-01 -3.58716935e-01 5.73473573e-01 1.57814831e-01 -7.21069500e-02 -6.00549988e-02 3.84241164e-01 -2.35086888e-01 1.73716679e-01 9.71420482e-02 -2.91949868e-01 -1.35085538e-01 -5.90873301e-01 3.49496573e-01 -7.39770353e-01 -3.07863712e-01 6.42122775e-02 -3.14433545e-01 4.39608425e-01 -1.41962945e-01 3.00918192e-01 3.88955325e-01 -4.80095029e-01 4.39492881e-01 4.25268672e-02 1.00504644e-01 8.74428749e-02 -8.82262439e-02 2.43591815e-02
4.11694586e-01 6.68845773e-01 6.88003361e-01 -4.13853675e-01 1.73381984e-01 2.08398238e-01 1.17582634e-01 -1.04103588e-01 -7.53379941e-01 9.97301459e-01 -2.99046099e-01 -2.40972385e-01 -4.27107841e-01 1.09541750e+00 1.90331131e-01 3.86583507e-02 2.30377801e-02 -9.77563679e-01 2.62713194e-01 -2.76053637e-01 1.01646766e-01 7.10326850e-01 -8.16385075e-02 -4.21608031e-01 7.07563937e-01 -7.54803002e-01 4.78204310e-01 -1.26302630e-01 -2.81917036e-01 -6.09506071e-01 -6.55019805e-02 -5.30218959e-01
-2.91886553e-02 -3.64413619e-01 1.84012979e-01 -1.79804087e-01 -2.10330069e-01 1.13731697e-01 1.39429912e-01 -2.96282411e-01 -4.88991022e-01 -3.17877233e-01 -1.12699308e-01 1.21827247e-02 -9.52069089e-02 4.93788034e-01 5.03242970e-01 2.32256845e-01 2.76617616e-01 -4.59091038e-01 6.77016526e-02 1.58507988e-01 -2.71829188e-01 3.09988260e-01 -3.79133075e-01 1.86122909e-01 -7.63615072e-02 -2.66119123e-01 4.03089255e-01 7.73693860e-01 -4.26425785e-01 -4.63930488e-01 2.93700218e-01 3.39105546e-01
-1.03824139e+00 2.99000919e-01 -9.25727468e-03 -1.10863709e+00 -3.01024467e-01 -3.33978981e-01 2.87513077e-01 3.03677112e-01 4.00748640e-01 2.97465354e-01 -7.99834132e-01 6.42411053e-01 8.72917712e-01 5.93383014e-01 -9.99806523e-01 -2.75378048e-01 4.66379553e-01 -8.44329894e-01 -4.06161286e-02 7.98192024e-01 -8.28569055e-01 -4.95137811e-01 -6.32491529e-01 1.92152187e-01 3.48301172e-01 7.68292487e-01 1.05826390e+00 9.19398308e-01 3.00519228e-01 -8.44399393e-01 -3.50976557e-01 4.57586199e-01
-1.01542316e-01 8.34969953e-02 2.88074523e-01 -4.73184437e-02 3.60902250e-01 -8.33773315e-02 -2.32191496e-02 4.55708243e-02 -5.23300618e-02 2.02082232e-01 1.99585035e-02 1.38623798e-02 -3.51215247e-03 -1.15827203e-01 8.94133076e-02 -1.54006183e-01 9.30854455e-02 5.17507754e-02 -1.36866579e-02 -4.14655775e-01 1.44258276e-01 -1.07301578e-01 2.56776102e-02 1.51048573e-02 1.37680009e-01 -5.27710747e-03 7.27992505e-02 1.44916773e-01 2.78065037e-02 -8.75185430e-02 -5.20217232e-02 5.83210550e-02
-9.34802890e-02 1.80616036e-01 2.92381227e-01 -8.54968652e-02 1.89566195e-01 8.93664658e-02 6.11320019e-01 2.69215971e-01 1.69512898e-01 -1.25807834e+00 -3.11483264e-01 4.98569787e-01 6.24024332e-01 -3.44811887e-01 -3.90601516e-01 -8.00245404e-02 4.14022595e-01 -3.20800573e-01 -3.66093917e-03 -7.09082782e-01 1.13563538e+00 -3.22324216e-01 4.50326093e-02 -1.28267455e+00 3.08239490e-01 4.96021658e-01 -9.64878619e-01 -1.17233586e+00 3.09626013e-01 -7.45054856e-02 -1.79757357e-01 -4.54454124e-01
6.82279587e-01 -2.66344786e-01 -2.43034989e-01 3.97908807e-01 -1.13876000e-01 -1.14658497e-01 -1.81021750e-01 -9.97811556e-02 5.76156497e-01 -2.11831316e-01 -1.63192943e-01 -4.08363901e-03 7.99701750e-01 -4.01272148e-01 3.14408362e-01 -2.79952794e-01 1.36084137e-02 -5.70345461e-01 1.63092986e-01 -3.22509296e-02 -3.75410020e-01 1.62107065e-01 9.89253595e-02 1.15490258e-01 4.20958959e-02 -1.66002303e-01 7.51775444e-01 4.82455462e-01 -3.07810456e-01 2.94737637e-01 9.33734253e-02 2.51476467e-01
-1.92653298e-01 3.03787678e-01 -1.43534154e-01 -6.18115440e-02 -6.04357898e-01 -2.47691005e-01 1.06959701e-01 4.40822750e-01 -3.89904939e-02 -5.65196335e-01 -1.93031713e-01 2.90052947e-02 -3.36720318e-01 2.08091035e-01 2.73117810e-01 -1.54613584e-01 -1.39262736e-01 2.43720710e-01 6.54025897e-02 3.49401325e-01 -2.57361680e-01 -4.88082059e-02 -5.57514466e-02 -3.30990143e-02 -9.23063904e-02 -1.00724295e-01 2.56281972e-01 -2.77241617e-01 1.23336554e-01 -7.54499435e-03 9.22542214e-02 1.43463030e-01
3.37017216e-02 -5.46987236e-01 -9.15290415e-02 -1.00035846e-01 -1.14912592e-01 -1.23730712e-01 -2.17919257e-02 -1.67683095e-01 -3.85084331e-01 4.63035196e-01 -6.92171231e-03 7.81135112e-02 3.49151522e-01 3.51707250e-01 -1.40510112e-01 -6.41255021e-01 -2.07539931e-01 -1.59333006e-01 -1.10236378e-02 4.53311913e-02 9.07172412e-02 -4.28183377e-02 5.89499235e-01 4.23839353e-02 -3.54122311e-01 2.25211650e-01 3.43864560e-01 8.11133981e-02 -4.56995293e-02 1.30051881e-01 -5.04889414e-02 -2.26402685e-01
1.02379942e+00 4.44222577e-02 -6.11520767e-01 1.84040502e-01 1.90095454e-01 7.71040767e-02 4.77635771e-01 1.46892369e-01 -2.67494828e-01 -9.31309104e-01 -8.43172014e-01 1.37337601e+00 9.16964933e-02 -9.18771982e-01 2.65007019e-01 5.63002110e-01 9.15699974e-02 4.20713037e-01 -1.26980349e-01 2.01913819e-01 -1.58982635e+00 -4.17759329e-01 -8.35762739e-01 -2.39691257e-01 -4.92462426e-01 -1.01151853e-03 2.36025825e-01 6.57063305e-01 -3.79644856e-02 4.26633582e-02 -1.03300259e-01 5.38815558e-01
-9.78916064e-02 -1.47782609e-01 -1.02309299e+00 4.02781218e-02 2.66138017e-01 3.49768907e-01 2.48646960e-01 -7.06844032e-02 -5.55514395e-02 5.45039833e-01 -3.19008797e-01 -1.21046543e+00 2.68033803e-01 6.77015781e-01 -2.69411743e-01 6.30027413e-01 -3.29909474e-01 1.32975233e+00 -3.42263252e-01 -8.91180113e-02 1.97135836e-01 -2.19554856e-01 -1.74325928e-02 8.05274606e-01 -3.40099961e-01 6.60681844e-01 1.27318939e-02 -1.29852980e-01 2.05152854e-02 2.27910489e-01 6.20545864e-01 -1.07095707e-02
1.51351437e-01 3.10428888e-01 -1.84260294e-01 -7.04318523e-01 1.23166449e-01 5.70323050e-01 2.33436197e-01 8.13001335e-01 2.83227265e-01 7.76523799e-02 8.58968496e-01 -9.81215388e-02 1.63655117e-01 2.27174699e-01 9.08332691e-02 -3.53289157e-01 2.32897550e-01 2.21139073e-01 -3.05183589e-01 -4.59638000e-01 -1.02444813e-01 -2.49329492e-01 1.79227561e-01 6.79467916e-02 -5.82380779e-02 2.65904963e-01 -5.02195731e-02 -7.84307122e-02 -4.81718749e-01 1.67933628e-01 -2.18849659e-01 -7.09086433e-02
7.33441338e-02 3.51806581e-02 -1.32184982e-01 1.76924262e-02 -5.76894209e-02 3.30218375e-02 8.38245973e-02 6.64853901e-02 -3.18542495e-02 -3.53603475e-02 -4.72721197e-02 -3.78938615e-01 2.31820717e-01 2.06810713e-01 -1.22297520e-03 6.54783100e-02 7.98062682e-02 -7.82955661e-02 1.13372087e-01 2.42776498e-01 1.10606916e-01 2.77938545e-01 -1.41853755e-02 1.92144677e-01 -7.87467137e-02 -3.01127523e-01 -1.68541893e-01 -1.81719303e-01 -2.96200305e-01 -1.34238482e-01 2.18290240e-02 -2.89709806e-01
4.09934551e-01 9.91441607e-02 5.79369128e-01 3.74967307e-01 2.48028889e-01 3.93210500e-01 9.70891297e-01 -3.60839128e-01 7.76556969e-01 -5.43743409e-02 -6.31112695e-01 1.84053257e-01 -5.02294600e-01 -3.51626396e-01 -8.75113681e-02 1.18811667e-01 -5.58253825e-01 -5.51064909e-01 3.05339187e-01 -8.72179773e-03 -1.33162409e-01 6.00530028e-01 1.86554193e-01 6.67267084e-01 -1.17249629e-02 -1.29079044e-01 -2.51534760e-01 2.28858382e-01 1.86973780e-01 3.93644303e-01 -2.25996569e-01 2.60891803e-02
-4.37597841e-01 -4.77996647e-01 1.52882206e+00 1.41824976e-01 -1.06732023e+00 -5.95722347e-02 -1.31128430e+00 -9.53362226e-01 3.78055274e-01 1.05555201e+00 7.18510449e-02 -6.21082962e-01 -3.35345775e-01 9.08394933e-01 6.09424472e-01 -2.32158470e+00 2.01014459e-01 -3.06259608e+00 1.70401883e+00 7.84108162e-01 -5.17124712e-01 1.75210977e+00 -3.16005468e-01 2.63123631e-01 2.73602307e-01 -7.34619141e-01 -2.02511415e-01 4.07402039e-01 1.49458066e-01 9.09516439e-02 6.02827787e-01 2.45014489e-01
1.72053669e-02 -1.16104707e-02 7.49845654e-02 4.37096693e-02 3.82327735e-01 -2.71193869e-02 2.07730252e-02 1.23516964e-02 5.26967533e-02 -9.60272737e-04 -1.54847023e-03 -7.57856518e-02 9.70220044e-02 -2.23871932e-04 -1.58375669e-02 -4.72633988e-02 -4.10082377e-03 -3.02983578e-02 -5.93452528e-02 7.59412423e-02 1.44038379e-01 5.28189205e-02 -2.78320760e-02 -2.18007192e-02 -1.24775507e-01 -1.49287477e-01 1.35284411e-02 3.45652699e-01 -2.95418110e-02 -5.57916723e-02 2.37959716e-02 -2.47049347e-01
-4.36756104e-01 3.04206796e-02 -1.43380657e-01 -4.02733833e-02 -1.95802942e-01 9.17791352e-02 -2.04915240e-01 6.91139102e-01 -9.61036459e-02 2.70114597e-02 -1.44690186e-01 5.76660633e-01 4.70292002e-01 2.43935734e-01 3.00600588e-01 1.04269251e-01 -1.31126031e-01 9.73110273e-02 -1.90783486e-01 -5.57262190e-02 -8.93785283e-02 -6.21078074e-01 -5.63826486e-02 -1.92411318e-01 -3.65476012e-01 -2.13926300e-01 -5.81011713e-01 4.05115455e-01 -2.73206741e-01 -2.14323521e-01 -3.02376837e-01 5.38852572e-01
-2.58302353e-02 -1.33038744e-01 6.01522386e-01 2.86851078e-01 -7.59675622e-01 2.49297664e-01 2.52796441e-01 -6.13097787e-01 6.03955746e-01 2.50393152e-01 -6.23814613e-02 3.68745148e-01 -1.18868351e-01 8.08181763e-02 1.22641049e-01 -2.22170496e+00 1.59304529e-01 -1.24056816e+00 6.54045641e-02 1.70359924e-01 -8.09437186e-02 1.86112374e-01 2.62201339e-01 1.92899913e-01 -2.61973500e-01 -5.67242682e-01 -4.78146710e-02 -1.55478612e-01 -4.43331271e-01 -4.65562820e-01 3.15053791e-01 -2.60688484e-01
-2.07591519e-01 -2.68213488e-02 -1.38063803e-01 1.71824545e-01 -1.67699277e-01 -6.12873863e-03 2.99449980e-01 -1.97959781e-01 -6.62034988e-01 1.77856922e+00 -3.50241810e-01 -9.92781520e-02 -2.93395430e-01 1.32854629e+00 -1.73044682e-01 4.35144007e-02 -2.24091820e-02 -2.44479999e-02 -1.21072903e-01 -3.29962939e-01 4.59128842e-02 1.92755669e-01 -2.70603169e-02 -1.55988231e-01 -1.57828763e-01 5.00420257e-02 4.47995752e-01 4.49377775e-01 1.89065188e-01 -4.40264583e-01 1.66030660e-01 -7.67907053e-02
4.09317613e-02 -5.38783111e-02 5.70172369e-01 4.49554890e-01 -1.60799418e-02 -5.58459103e-01 -1.27966356e+00 1.34055927e-01 3.62383306e-01 1.52314171e-01 5.65170906e-02 -1.83390416e-02 1.40582845e-01 -4.58646454e-02 -3.99381280e-01 6.88027143e-01 1.33574873e-01 3.98560137e-01 -7.33060911e-02 -2.31666192e-01 7.26624966e-01 3.81562382e-01 2.00774089e-01 -6.37434363e-01 7.25246295e-02 5.81166074e-02 -2.30737641e-01 2.98680156e-01 -8.43507946e-02 2.94940114e-01 -4.47452784e-01 -3.30469549e-01
1.16474712e+00 -4.07646835e-01 5.36357045e-01 9.73845661e-01 -3.37706178e-01 3.12675804e-01 -4.33189064e-01 -6.15039408e-01 5.45783758e-01 -1.72093201e+00 -2.64661163e-01 6.82044566e-01 -1.23143375e+00 -5.21371663e-01 7.05353498e-01 -5.86089790e-01 -9.12690088e-02 -3.00158083e-01 6.31831586e-01 7.55585909e-01 2.20206618e-01 -3.96909922e-01 -1.96904874e+00 -5.65498412e-01 3.33089411e-01 5.75240970e-01 -8.06099176e-01 -2.35981837e-01 -2.60433793e-01 1.25175691e+00 -1.04228938e+00 1.19762912e-01
-2.45411433e-02 1.80550173e-01 -2.13562343e-02 -4.87008952e-02 -1.87205911e-01 -5.08544222e-02 3.65131274e-02 -4.74714786e-02 -4.94708903e-02 -2.54089646e-02 5.49231619e-02 7.99871013e-02 8.30323398e-02 -3.93706448e-02 1.44609928e-01 -1.20165922e-01 7.95437023e-02 1.94753543e-01 -9.23421420e-03 -2.92553157e-01 1.41359895e-01 5.24865612e-02 -1.54569075e-02 -3.85615230e-02 -3.01537216e-01 -4.33501638e-02 1.59322321e-02 -7.96561167e-02 -5.44584729e-03 -6.04092423e-03 -4.20391001e-03 -2.19357401e-01
1.49060711e-01 3.41317117e-01 1.61228621e+00 4.93744135e-01 -1.31160653e+00 1.42246619e-01 -2.10403755e-01 -6.39520049e-01 9.10222352e-01 5.76857865e-01 1.75928488e-01 -3.32124978e-01 -9.46510673e-01 7.57786632e-01 5.55332415e-02 -3.73306370e+00 -1.83618546e-01 -4.76602602e+00 4.64555681e-01 1.14350215e-01 -1.25989258e+00 9.72663939e-01 3.35397571e-01 1.52176216e-01 2.35096723e-01 -2.14763403e-01 -4.74456221e-01 7.01568365e-01 -2.74555862e-01 3.79778109e-02 2.12764740e-01 2.85680545e-03
-8.86142194e-01 1.41531825e-01 1.07856967e-01 -7.20369637e-01 1.83987729e-02 -1.13108084e-01 -3.51453781e-01 4.79354739e-01 -2.29675807e-02 -4.87349853e-02 1.40567139e-01 -3.19848925e-01 4.05503273e-01 4.92783487e-01 -3.54716659e-01 -2.87140697e-01 1.62396654e-01 -8.69585648e-02 -3.78686458e-01 1.06746145e-01 1.67913526e-01 6.78754807e-01 2.66443163e-01 -1.94551125e-01 8.02337304e-02 2.76971549e-01 -6.95123196e-01 3.61102889e-03 2.11752221e-01 -5.40643036e-01 -6.06040582e-02 -9.48707104e-01

layers.2.bias:
-1.45524597e+00
-7.71649063e-01
6.18358433e-01
-5.40157735e-01
1.96140110e-01
-3.85239571e-01
2.40203768e-01
2.13948870e+00
5.91612220e-01
8.07760954e-01
-9.48741853e-01
-1.40025127e+00
-3.52435410e-01
9.46743727e-01
-4.07636434e-01
-7.93820500e-01
-6.96186647e-02
-7.52775371e-01
2.99593210e-01
-7.69994929e-02
-3.17017764e-01
8.00988436e-01
8.55492234e-01
-7.36546293e-02
-4.08727765e-01
1.05160093e+00
-9.55730259e-01
-1.00688910e+00
5.03776252e-01
-1.27097511e+00
1.13781087e-01
-6.16338514e-02
8.05487931e-01
1.14388123e-01
-2.91673690e-01
-2.30107456e-02
-1.56321272e-01
1.38174975e+00
1.06409907e+00
-2.27115929e-01
9.51519310e-01
-2.44185314e-01
-5.36871552e-01
1.58387280e+00
2.57882088e-01
-1.06576276e+00
1.10929954e+00
-3.38918418e-01
7.98896492e-01
1.78735614e+00
2.08266422e-01
4.57447022e-01
1.17769994e-01
-6.29197955e-01
7.56418407e-02
-2.48112567e-02
7.56138504e-01
-1.07343353e-01
-9.27762911e-02
-4.65582013e-01
7.26864100e-01
5.52400164e-02
-2.57752597e-01
6.32641912e-01

layers.4.weight:
3.86524051e-01 6.20507114e-02 -8.30980167e-02 6.88158069e-03 -6.42474592e-02 8.83734673e-02 1.71085208e-04 -7.31556892e-01 -7.66035095e-02 -3.90962988e-01 7.95941502e-02 9.03686523e-01 -2.01984072e+00 -1.21989854e-01 9.68545966e-04 -1.37105370e+00 1.14553994e-04 6.46827817e-02 2.95502541e-04 -1.83139317e-04 3.01766966e-04 -9.52173173e-02 -2.88747400e-02 2.50608593e-01 -4.53461185e-02 -2.23113894e-02 3.98560874e-02 7.64483213e-01 -3.49614710e-01 3.90071064e-01 -1.58712212e-02 -1.15200609e-01 -2.30222996e-02 4.27933439e-04 5.93667142e-02 -3.83374369e-04 1.32359506e-04 -1.88446328e-01 -2.45275218e-02 1.15791440e-01 -4.13304754e-02 2.94218838e-01 2.90168375e-02 -1.32094160e-01 -2.74626102e-04 1.28987521e-01 -1.08094206e-02 -1.58097036e-03 -3.17218117e-02 -6.87071741e-01 -2.21093893e-02 -9.15109194e-05 4.54668858e-04 2.67526135e-03 -1.18692148e+00 -6.75219344e-05 -4.01905098e-04 -2.96055436e-01 -4.83382195e-02 -3.93611146e-03 -9.32660326e-02 2.58346088e-04 6.75202847e-01 -2.10632458e-02

layers.4.bias:
-1.11245131e+00

