layers.0.weight:
3.31696361e-01 -5.67613244e-01 7.97264636e-01
5.69172144e-01 -8.09445798e-01 -5.80563486e-01
-8.31293464e-02 -6.13938749e-01 -5.77727258e-01
-1.07055378e+00 1.15616508e-01 4.58123112e+00
2.67282110e-02 4.11940843e-01 1.16166264e-01
-5.79876065e-01 8.58121514e-01 -1.84879377e-01
-1.31842160e+00 4.86020595e-01 -9.88645032e-02
-6.01682402e-02 7.88846374e-01 -9.23566997e-01
6.03414774e-01 -9.26082134e-01 5.12713566e-02
-1.11527514e+00 5.86289167e-02 -1.64189592e-01
7.53551662e-01 -9.85680073e-02 1.41279221e+00
-7.16238439e-01 -1.31785080e-01 -1.29353356e+00
-4.30584475e-02 7.12955832e-01 -1.57757306e+00
-1.16726887e+00 2.10410804e-02 5.00053525e-01
-6.46977663e-01 1.09646142e+00 7.52028525e-01
-1.81771189e-01 9.48456824e-01 1.64468549e-02
5.46070874e-01 -6.33792400e-01 -1.45019031e+00
-1.15504665e-02 1.12846863e+00 1.84981868e-01
8.07071701e-02 -9.54183042e-01 5.35116851e-01
3.41117471e-01 -1.28724232e-01 -8.64976227e-01
2.23475501e-01 1.65966094e-01 -5.10879010e-02
-3.24195027e-01 -2.56797969e-01 -1.00232065e+00
-4.64660525e-01 1.65601885e+00 -4.46076952e-02
-1.56447518e+00 4.06930357e-01 1.75152493e+00
1.05132234e+00 3.79940838e-01 -7.78481364e-01
2.59609371e-01 6.71772659e-01 -1.17486012e+00
-1.16151750e-01 -2.13369340e-01 1.90187418e+00
-3.97779703e-01 -2.44972542e-01 1.92939892e-01
3.22416067e-01 7.57217348e-01 -1.46468067e+00
-1.04933763e-02 4.65525806e-01 1.70563948e+00
-2.89658904e+00 2.84448242e+00 -1.78299040e-01
-1.26738083e+00 -5.19488692e-01 1.02004325e+00

layers.0.bias:
8.77201200e-01
4.81547834e-03
-1.42384720e+00
-6.34384930e-01
7.07518518e-01
-2.04255387e-01
-3.54310095e-01
2.86240637e-01
-7.45998621e-01
-1.59115899e+00
1.64644122e-01
1.80825554e-02
2.46107668e-01
-1.21306002e+00
-2.90836543e-01
1.43946290e+00
9.34610724e-01
1.82654703e+00
-6.68276668e-01
5.78918040e-01
-1.44309163e-01
-1.35729384e+00
1.02535832e+00
-7.05530941e-02
1.36946186e-01
5.60703695e-01
8.80503118e-01
-1.57881156e-01
-4.88352716e-01
7.31267482e-02
8.91685039e-02
-6.70209900e-02

layers.2.weight:
-3.67866963e-01 2.07406953e-01 6.20261654e-02 -4.90216643e-01 -6.79294467e-02 1.48036517e-02 1.35857224e-01 -6.54539317e-02 -1.01376675e-01 2.87832642e+00 7.69603029e-02 8.71818736e-02 -2.18659639e-01 2.43270183e+00 -1.84015930e-01 3.85662138e-01 -6.46327436e-02 6.14289224e-01 1.64268032e-01 -2.69393861e-01 2.38573268e-01 -7.70317167e-02 -5.41749001e-01 6.11511350e-01 -1.16863459e-01 6.15032017e-01 -7.95003057e-01 -1.28602222e-01 -2.28057683e-01 -2.24623591e-01 -2.74270236e-01 2.72736698e-01
-4.72396016e-02 1.13656163e-01 -8.58911693e-01 5.16566858e-02 -3.36809129e-01 1.24211505e-01 -7.62805402e-01 -4.99568909e-01 5.32860219e-01 6.47347689e-01 3.45647603e-01 -2.77401149e-01 2.43144035e-01 -4.46609408e-02 -2.71827072e-01 2.35335812e-01 -3.79521906e-01 3.64105821e-01 -4.29059654e-01 -7.13996366e-02 6.44272685e-01 -1.32430792e-01 -3.85189205e-01 -5.50241470e-02 7.18658697e-03 -7.37623498e-02 -3.25493157e-01 -5.53065896e-01 5.66900857e-02 -2.18215883e-01 -1.51720652e-02 1.85958236e-01
9.07230601e-02 2.18278676e-01 2.29121774e-01 -6.56552792e-01 -8.75491202e-01 -1.66946977e-01 -5.81568539e-01 2.19446838e-01 5.63134611e-01 7.38551736e-01 -4.54844505e-01 -1.60194054e-01 6.48197606e-02 2.29086548e-01 -3.54399145e-01 -1.00955451e+00 -3.01407248e-01 -7.48104334e-01 1.36776706e-02 2.49575637e-02 -4.98681933e-01 -1.68732569e-01 2.89030045e-01 -1.04524779e+00 -6.82709336e-01 3.11705768e-01 -1.07354450e+00 4.65008706e-01 3.18776697e-01 -2.94123739e-01 -1.16365431e-02 6.88336968e-01
2.31746465e-01 -9.16139111e-02 9.64607894e-02 1.32999146e+00 4.43102241e-01 3.99289042e-01 6.75830007e-01 -2.26229221e-01 -1.63858935e-01 -2.65268832e-02 1.44293189e-01 -4.62359525e-02 -5.60531437e-01 1.78702936e-01 6.39204860e-01 8.29810143e-01 -3.30781132e-01 5.80367744e-01 3.05489153e-01 -1.02883804e+00 -7.94957876e-01 -1.34012103e-01 3.85709941e-01 1.48162413e+00 -6.80852771e-01 -5.35913289e-01 4.82001662e-01 3.82305026e-01 -6.51247799e-01 -1.73554495e-01 -7.10618077e-03 5.27177215e-01
9.11884531e-02 -3.84480238e-01 2.60408044e-01 -4.53427583e-01 8.66598263e-02 -2.65724629e-01 -1.10770249e+00 1.85779095e-01 2.29721721e-02 -4.49714482e-01 4.24610019e-01 -7.48424530e-01 8.14513505e-01 -7.65339851e-01 -5.08400984e-02 -8.30473781e-01 -3.50757658e-01 -8.11426997e-01 -1.48897603e-01 -1.15068369e-01 9.11992252e-01 -5.51537275e-01 2.42700219e-01 -3.39637488e-01 -7.68157542e-01 6.55250788e-01 9.03462097e-02 -6.40979350e-01 -2.12700844e-01 6.13852382e-01 -1.97410345e-01 1.56493224e-02
-2.98659265e-01 2.42226183e-01 3.96657348e-01 1.57037705e-01 -9.51451123e-01 -3.78676087e-01 -4.42948401e-01 2.57031620e-01 6.39963269e-01 -2.47397974e-01 6.30822659e-01 2.65529603e-01 -7.52399191e-02 -2.98131526e-01 -2.55593330e-01 -1.23636138e+00 -3.68840814e-01 -1.46009803e+00 7.67176211e-01 -2.43513584e-01 -5.42822897e-01 -3.77800018e-02 -7.04143584e-01 -2.97898591e-01 1.35015622e-01 8.66792277e-02 1.41626909e-01 1.04065108e+00 -1.84720799e-01 -4.41170722e-01 -1.28089464e+00 2.44530261e-01
6.85618669e-02 -3.24077308e-02 -2.38033891e-01 -1.32515458e-02 -1.00625448e-01 1.67652383e-01 -6.37624860e-02 -4.30197239e-01 -1.02083996e-01 2.49085695e-01 2.88766921e-01 8.94745514e-02 2.90061980e-01 6.73609262e-04 2.95253266e-02 -3.24852198e-01 1.43786287e-02 7.97690898e-02 -4.03280230e-03 -3.04700941e-01 -3.85762900e-01 7.18143433e-02 6.25386089e-02 2.52865721e-02 1.81272656e-01 2.67870486e-01 -3.64253968e-01 -4.55869019e-01 -1.53228804e-01 6.79189712e-02 -4.83269943e-03 1.26718402e-01
2.37909511e-01 1.47746310e-01 -3.66552174e-01 3.61582488e-01 1.73280850e-01 -6.40359223e-01 1.33404106e-01 5.07274091e-01 1.25360757e-01 -2.77631789e-01 -1.19251370e-01 9.50139821e-01 3.12285036e-01 -5.18600106e-01 -2.25643158e-01 1.02198698e-01 5.19560754e-01 7.74711370e-02 2.63006896e-01 4.87252891e-01 -1.43206954e+00 -8.91824901e-01 7.06824288e-02 2.95329243e-01 2.16822296e-01 7.48763621e-01 6.06782794e-01 5.10027826e-01 -5.36155522e-01 4.98910725e-01 1.89415529e-01 -2.73939729e-01
-7.92155415e-02 3.52300793e-01 -3.62953871e-01 -3.95442575e-01 1.06142163e+00 -3.83577943e-01 -4.48100746e-01 -1.38284296e-01 -7.06002235e-01 3.14271122e-01 3.26409757e-01 3.65562826e-01 8.32805455e-01 -2.43403286e-01 3.07080243e-02 1.69818151e+00 4.32057798e-01 1.23563409e+00 -7.75887430e-01 -4.02845852e-02 1.27383411e-01 -1.32093430e-01 2.94130333e-02 1.65353939e-01 8.37245882e-02 5.37724376e-01 -9.77625325e-02 1.75954327e-02 1.81953982e-01 2.18746569e-02 2.24421763e+00 -3.25150192e-01
-6.46853447e-01 1.32395357e-01 -6.93399534e-02 -5.50810635e-01 3.83010447e-01 4.08199355e-02 -8.07316601e-02 4.02660936e-01 4.29950207e-01 -1.45543635e-01 -1.66824702e-02 2.68613189e-01 2.12449834e-01 1.68162405e-01 -3.53153884e-01 -6.48019373e-01 3.45287353e-01 -4.56106752e-01 -4.43628937e-01 -3.14408094e-02 -6.28089309e-01 -2.01978251e-01 1.33772969e-01 -6.40609339e-02 -2.03905374e-01 -6.45693317e-02 -2.02292025e-01 2.22793028e-01 2.92553544e-01 1.34650275e-01 1.34955272e-01 -1.57226063e-02
1.42254725e-01 -2.95793861e-01 -6.40773475e-02 -3.92001718e-01 -4.94758248e-01 -3.36292982e-01 -3.08256090e-01 1.78637356e-01 4.60417569e-01 2.58953482e-01 -5.59591532e-01 -8.46524984e-02 8.85914087e-01 -3.65502685e-01 -2.20053062e-01 -2.95285404e-01 -6.09558940e-01 -9.30400193e-01 -5.17928004e-02 -7.99336284e-03 1.02037776e+00 -2.24791184e-01 -8.50267291e-01 1.34739995e-01 -1.13875791e-01 -2.84423418e-02 -4.63674605e-01 -5.24072409e-01 3.30280632e-01 -4.27050471e-01 -6.60015494e-02 3.87079954e-01
-1.02742143e-01 -1.26827210e-01 1.71192777e+00 -9.10261214e-01 -7.18947589e-01 1.32798433e-01 -5.66264167e-02 -3.65630656e-01 1.65959567e-01 1.75453436e+00 5.50678419e-03 -1.41535059e-01 3.29281628e-01 3.07698202e+00 1.39962271e-01 -7.15917766e-01 2.84950614e-01 -2.40540385e+00 5.58736861e-01 -3.05166841e-01 3.25822473e-01 6.34228110e-01 -2.62893379e-01 7.34122455e-01 -4.13447665e-03 -5.07565737e-01 2.54440427e-01 -1.80989251e-01 1.44505516e-01 8.35433602e-03 7.64766783e-02 -4.04305369e-01
-6.68227851e-01 -1.40648708e-01 9.19308066e-01 3.95081639e-01 -5.98595977e-01 6.47133052e-01 1.69697665e-02 -8.96207154e-01 3.13643843e-01 5.23165524e-01 2.24940673e-01 1.27076656e-01 -4.88076359e-01 -1.08547971e-01 4.35444295e-01 -4.14752483e+00 -5.79968989e-02 -5.95454454e+00 5.35330296e-01 -9.73908186e-01 -6.66283906e-01 4.42133665e-01 6.46499991e-01 -8.52011219e-02 -2.73712248e-01 -2.26471543e-01 -3.71739089e-01 6.00658536e-01 -6.16304517e-01 -3.43146354e-01 -9.90902007e-01 -2.62663156e-01
1.33401528e-02 -1.60609230e-01 -6.26931608e-01 -5.23675717e-02 -1.89437106e-01 -4.41602208e-02 2.55480915e-01 3.36795539e-01 3.77076745e-01 -2.17070356e-01 5.54978490e-01 -2.27010921e-01 3.22090656e-01 -7.90577471e-01 -3.45771760e-01 -7.57062659e-02 -2.63700515e-01 2.00746238e-01 -9.66100097e-02 1.00400209e-01 -1.42288078e-02 -1.45206809e-01 2.75349412e-02 -2.06952214e-01 -1.45172730e-01 7.49799073e-01 3.00247897e-03 4.79625799e-02 -1.78886086e-01 2.73600757e-01 1.40845612e-01 3.78600568e-01
-9.25464928e-01 2.33129993e-01 -8.09994042e-02 2.69614637e-01 -1.63806587e-01 6.13899291e-01 -3.59029561e-01 -4.29948494e-02 4.46900249e-01 -1.83857352e-01 -8.19347382e-01 3.02539200e-01 2.24726707e-01 -4.21806633e-01 -2.97173947e-01 -6.59382820e-01 2.95249552e-01 -6.53317153e-01 -4.36456054e-01 3.87655050e-01 1.32885337e+00 9.86858904e-01 -6.44404516e-02 1.34986058e-01 -3.02485287e-01 1.79692477e-01 -6.62655413e-01 -8.73236544e-03 8.66351128e-01 -3.15461010e-01 -1.05918802e-01 7.66625926e-02
-5.76043665e-01 -7.10655600e-02 8.96019936e-02 1.45751745e-01 -3.12790096e-01 2.88684100e-01 -9.59260225e-01 -9.59705114e-02 1.12831585e-01 5.21876574e+00 5.77251136e-01 4.07190293e-01 2.08919525e-01 2.65293050e+00 1.19127240e-02 -5.69823124e-02 -4.45728540e-01 -1.50519729e-01 3.11082304e-02 -2.17134520e-01 -6.74562037e-01 4.12355036e-01 2.06249937e-01 2.67048001e-01 -3.71802419e-01 -4.35651481e-01 -6.23274207e-01 3.11321497e-01 -6.05145730e-02 -6.48717046e-01 2.81502455e-01 -2.61475593e-01
-4.80391011e-02 1.62444606e-01 -5.21637164e-02 3.85852344e-02 -2.63387132e-02 -9.17886864e-05 1.55936051e-02 -5.78530133e-02 -5.69067604e-04 -2.03508228e-01 7.01035336e-02 3.18524651e-02 4.34562825e-02 1.00228451e-01 9.26542655e-02 6.35993928e-02 3.67978849e-02 3.32687013e-02 -1.25063006e-02 1.01570681e-01 2.49267533e-01 1.30224690e-01 -1.43245806e-03 1.91749912e-02 6.33974820e-02 1.44338617e-02 6.03989251e-02 2.95073181e-01 1.98509004e-02 3.01339058e-03 -3.95979080e-03 1.72453746e-02
2.12695718e-01 -1.51185870e-01 -6.23528481e-01 7.32291564e-02 1.56793892e-01 -2.00899705e-01 -1.99950948e-01 -3.71333659e-01 3.04214329e-01 -6.60091043e-01 1.03153698e-01 -4.78611030e-02 1.73662677e-01 9.42649841e-02 -4.81689572e-02 9.80996266e-02 -3.36156368e-01 4.65401739e-01 -4.98406552e-02 8.92890215e-01 2.96104491e-01 3.67709808e-02 -4.56637383e-01 -9.62004960e-02 -1.74269825e-01 -4.68862742e-01 8.69665265e-01 -4.84568089e-01 1.90388158e-01 3.35662782e-01 -1.59119405e-02 2.44594306e-01
-3.08750778e-01 -6.27471507e-02 -2.73118109e-01 -2.20375910e-01 3.43605846e-01 3.43415998e-02 1.50445625e-01 1.40910551e-01 4.39427346e-01 -3.91609341e-01 -1.66242644e-01 -9.15697873e-01 4.87820268e-01 -1.85107753e-01 -1.91461459e-01 9.64949057e-02 -1.20065972e-01 2.18406394e-01 1.15179725e-01 -7.53270090e-02 -4.93036024e-03 -1.73364148e-01 4.65921760e-01 -3.17515165e-01 2.27716252e-01 2.07554176e-01 -1.90859362e-01 3.30858558e-01 6.69860989e-02 3.36316079e-01 4.80656922e-01 1.37651801e-01
7.29316324e-02 1.74103841e-01 -2.04139743e-02 6.95537403e-02 -4.38239686e-02 1.09160848e-01 -1.79250501e-02 -7.63555244e-02 5.54485023e-02 8.12534317e-02 6.53822049e-02 1.21517390e-01 -6.61951974e-02 -8.10226426e-02 1.23681702e-01 4.41211253e-01 6.52492866e-02 -3.11260909e-01 4.25835997e-02 -9.65877771e-02 -1.09477080e-01 -1.37823954e-01 -8.79216287e-03 -2.22880803e-02 4.14007269e-02 1.28777459e-01 5.58424974e-03 6.68585394e-03 1.07772306e-01 1.42264524e-02 -2.19884515e-03 3.74039002e-02
5.92306674e-01 -1.37576208e-01 6.84869647e-01 5.02354205e-01 -2.97521293e-01 -3.17639112e-01 -6.89673722e-01 -1.19545795e-01 -2.55008221e-01 -8.88764679e-01 -1.18518271e-01 1.00085855e+00 5.16215026e-01 -4.81014460e-01 7.26921737e-01 5.19873977e-01 -5.87486252e-02 -2.71243453e-01 4.98009473e-01 4.89923358e-01 -4.93614703e-01 9.41219553e-02 4.52547640e-01 1.55587465e-01 9.44781080e-02 -3.48071516e-01 6.77112490e-02 3.43356192e-01 -1.11188188e-01 -1.09536149e-01 3.08269095e-02 4.22176003e-01
2.58669078e-01 -1.16034493e-01 5.61344512e-02 1.71710074e-01 3.44141796e-02 1.36330903e-01 9.27432597e-01 5.22272661e-02 4.78752822e-01 2.49864936e-01 3.53914499e-01 3.48656565e-01 -4.16998595e-01 -5.37233651e-01 1.01901576e-01 -9.43556726e-01 -7.92973489e-02 -6.83222651e-01 -5.23369014e-02 -4.67063874e-01 -5.04431486e-01 -9.75818187e-03 2.19053596e-01 -3.30002941e-02 9.73054618e-02 -4.38547671e-01 -6.84170246e-01 4.21494633e-01 -1.20018549e-01 -1.65119424e-01 2.28314877e-01 -8.34603906e-02
4.60046493e-02 1.26699135e-02 -2.82643974e-01 4.17875797e-01 -1.36337858e-02 3.72175425e-01 3.33017647e-01 -2.65778750e-01 -2.88035542e-01 3.38008434e-01 2.70847399e-02 7.51303583e-02 4.29067314e-01 4.94231880e-01 -1.92974970e-01 -5.90633512e-01 5.61864913e-01 -1.78289786e-01 6.91888481e-02 -2.45360643e-01 -3.38715553e-01 4.03960012e-02 -4.06213760e-01 1.72519729e-01 -3.36317390e-01 -1.16333097e-01 -4.52910550e-02 -5.04816055e-01 5.53606190e-02 -1.05796404e-01 -4.00006883e-02 -2.99826175e-01
7.83405364e-01 -5.06244265e-02 -3.04383606e-01 1.69246912e-01 1.70092925e-01 -4.88549441e-01 -1.12840561e-02 3.01866949e-01 2.62871683e-01 -2.53402090e+00 1.05087809e-01 1.81400657e-01 3.76192123e-01 -1.54934371e+00 1.29165247e-01 3.47220957e-01 1.36443406e-01 2.52129555e-01 -1.78715080e-01 -8.02922528e-03 4.64942902e-01 -2.27908790e-01 -3.11744153e-01 -1.04831448e-02 -3.89956027e-01 -2.06310019e-01 -5.23413010e-02 -1.34323299e-01 1.85383603e-01 1.07715875e-01 -2.00699270e-01 -1.57328546e-01
-8.95370364e-01 1.57943413e-01 2.40892023e-02 1.19568370e-01 -1.32832006e-01 -3.36567611e-01 1.14954376e+00 -5.99435270e-02 -1.04036856e+00 7.84244061e-01 -7.27770627e-01 3.97963449e-02 1.72490478e-01 9.13256481e-02 -7.13600338e-01 6.26575470e-01 6.06715083e-01 4.56475765e-01 9.49967057e-02 1.64540857e-02 -2.45542809e-01 4.19116050e-01 5.26113391e-01 9.56230879e-01 -5.66535473e-01 5.12636602e-01 -6.21182442e-01 4.87675816e-02 8.38815451e-01 -4.56063658e-01 1.01013705e-01 1.96159258e-01
-5.41237414e-01 6.30479634e-01 -5.18220216e-02 -1.19151615e-01 5.67112625e-01 1.55073956e-01 -4.12857160e-02 5.07501900e-01 -2.60597765e-01 4.78757292e-01 9.64745283e-02 -1.92975909e-01 2.00290829e-01 1.84359550e-01 -5.59708953e-01 -2.32232839e-01 -8.29911381e-02 -4.76722308e-02 4.03934777e-01 -4.09740657e-01 -8.22000671e-03 -2.84986317e-01 -8.08605365e-03 -5.41974604e-01 1.10584289e-01 -2.14989498e-01 -5.48707366e-01 -5.13859272e-01 1.64370805e-01 -3.37981403e-01 -2.52807289e-01 -2.67747194e-01
-1.18494526e-01 2.23765865e-01 4.50825185e-01 3.58900458e-01 -2.49880835e-01 -3.02209258e-01 -1.51739210e-01 -2.65209712e-02 3.12714696e-01 -4.50768173e-01 -5.82369804e-01 -7.12448955e-02 -2.73628533e-01 -3.02108705e-01 7.78754056e-02 5.69411635e-01 -7.68644512e-02 2.02257738e-01 3.01505953e-01 2.21695289e-01 8.09307620e-02 -7.51959264e-01 1.88712269e-01 1.02052636e-01 2.76898146e-01 1.55718237e-01 1.23205120e-02 -5.68990827e-01 -2.75922298e-01 -1.19093120e-01 8.50014538e-02 -2.54564613e-01
-7.82127917e-01 4.53952849e-01 -5.75441957e-01 -1.00146031e+00 -3.31504822e-01 -2.25249916e-01 -3.24638844e-01 3.40172112e-01 1.27344534e-01 4.89681512e-01 -4.96153384e-02 1.78367212e-01 1.65345550e-01 3.00488740e-01 3.20795691e-03 8.89919221e-01 6.75116241e-01 1.01355946e+00 -4.65501517e-01 6.31979853e-02 5.39060533e-01 -7.47684419e-01 -6.35652661e-01 4.17946070e-01 -2.14789152e-01 -4.60730910e-01 2.89257765e-01 3.28403205e-01 4.76037025e-01 -8.05538297e-01 1.97480440e-01 -1.98801786e-01
1.17109872e-01 -5.39822042e-01 -7.08342120e-02 -9.60151926e-02 -5.59174299e-01 5.46129882e-01 1.08792230e-01 -4.54604805e-01 4.60325956e-01 9.52318549e-01 -2.00197995e-01 9.65180397e-02 5.35826325e-01 4.49781775e-01 1.22062070e-02 -9.61871684e-01 -4.67566103e-01 -9.37785566e-01 -4.95323800e-02 1.94792584e-01 2.52429575e-01 3.30792546e-01 1.95582241e-01 1.64731160e-01 2.45487481e-01 9.04536620e-02 -3.91937464e-01 -2.67413884e-01 -2.60985255e-01 -3.20360720e-01 4.66517836e-01 3.31612289e-01
-4.86397818e-02 -9.58191693e-01 3.47923487e-01 1.59405911e+00 1.60306260e-01 8.42650011e-02 -1.33335829e-01 -2.71965176e-01 -2.08510861e-01 2.16779634e-01 1.10065436e+00 -1.01404607e+00 -1.11337912e+00 -4.27483380e-01 1.81095883e-01 -9.30387080e-02 -1.15893948e+00 6.17398739e-01 6.35275424e-01 -5.90482414e-01 9.21587288e-01 1.81283355e-01 5.28804306e-03 -1.08845510e-01 8.02329928e-02 -5.15336394e-01 2.14676976e-01 -8.75690430e-02 -8.89327228e-01 1.27467191e+00 -6.37577057e-01 -7.98092410e-02
-8.39478970e-01 -2.43143812e-01 5.50797164e-01 1.97576851e-01 -6.87909544e-01 3.16399068e-01 3.21152955e-01 -8.75131264e-02 -5.46164393e-01 -1.77832395e-01 -9.99813914e-01 2.47331291e-01 3.99985403e-01 1.36900410e-01 2.35400453e-01 -2.70154029e-01 2.95079499e-01 -6.58298790e-01 3.58249873e-01 -4.07834232e-01 -1.36943221e+00 7.08665490e-01 9.27236676e-02 -6.41104519e-01 1.65280521e-01 5.26503801e-01 -4.57645357e-02 2.56914824e-01 -5.38195312e-01 -1.58530712e-01 -1.22732349e-01 -5.85419731e-03
-3.10930371e-01 -3.43263656e-01 -1.31762028e-01 -1.51426956e-01 -2.63438046e-01 -2.65919082e-02 2.24540308e-01 2.75553554e-01 -6.13044620e-01 1.36327267e+00 -1.48278713e-01 -1.00521550e-01 -4.99778628e-01 4.89711583e-01 -1.33953825e-01 -5.23981173e-03 2.23768894e-02 1.10164113e-01 -5.12174629e-02 -1.88469157e-01 2.28745565e-01 1.48844168e-01 3.42325389e-01 2.58728433e-02 5.45514114e-02 -5.29238172e-02 -1.90690249e-01 1.83018610e-01 3.00242633e-01 3.10782880e-01 1.18699960e-01 1.00852698e-01
-6.55429661e-02 -3.43765378e-01 -2.09715664e-02 -6.97811916e-02 -3.53740633e-01 4.48677182e-01 -2.24906415e-01 -4.49529082e-01 1.05255738e-01 -4.25619543e-01 6.63122833e-02 3.89816552e-01 1.72768682e-01 4.21036631e-01 2.93206811e-01 -5.21775663e-01 -4.68370229e-01 -1.20503509e+00 -3.13857384e-02 -3.54222536e-01 -1.25740379e-01 8.40183973e-01 3.96148533e-01 6.43614829e-01 -4.94902700e-01 1.07426569e-01 1.60048619e-01 -2.12198615e-01 -3.84727627e-01 -2.31002033e-01 -1.11380130e-01 -5.60091324e-02
5.49022816e-02 -5.92801757e-02 1.12261288e-01 -9.17222872e-02 2.71350384e-01 -9.27445963e-02 4.85830940e-02 -3.38967174e-01 -1.60435706e-01 3.70442688e-01 1.43196732e-01 1.90432400e-01 7.89903477e-02 -3.03906411e-01 -5.22658415e-02 -3.36252570e-01 7.29574412e-02 1.20368384e-01 -1.70173347e-01 -5.29376090e-01 1.42018840e-01 -1.78216726e-01 -1.18561663e-01 -3.85838300e-02 -1.30375065e-02 2.13858530e-01 -6.19702190e-02 3.98699427e-03 1.05854981e-01 6.89542592e-02 3.88057507e-03 7.38543551e-03
1.44585252e-01 -5.71876407e-01 -2.24899590e-01 7.77133048e-01 -2.37257451e-01 -5.23823917e-01 2.34866038e-01 -1.78233534e-01 -3.06361407e-01 2.96696019e+00 -5.52640259e-01 9.67373729e-01 6.34912074e-01 8.90192091e-01 8.00319016e-01 1.83080539e-01 1.64299328e-02 1.48861006e-01 6.06173337e-01 3.54512721e-01 2.11431488e-01 1.53197676e-01 -2.23671392e-01 1.07733059e+00 -7.71397948e-02 1.09438680e-01 -2.89586574e-01 3.17733735e-01 -2.62939092e-02 4.92786579e-02 8.47447991e-01 4.99126352e-02
-1.28192097e-01 1.83234483e-01 1.40881509e-01 7.53614232e-02 8.73502903e-03 -5.81684336e-02 1.70995609e-03 1.10971831e-01 -8.27604998e-03 -5.17859608e-02 1.68397278e-01 7.40640014e-02 8.93478394e-02 -1.38684651e-02 1.59280598e-01 2.21286654e-01 2.07597669e-02 -1.22312069e-01 -2.11708117e-02 8.16034228e-02 -1.62345812e-01 -4.29166965e-02 -1.82456058e-02 -2.97754677e-03 -4.64879394e-01 -2.27949381e-01 4.82463092e-02 -1.14452861e-01 -5.19667417e-02 -5.38661443e-02 -1.54508669e-02 -4.56902146e-01
9.03771841e-04 -5.39857075e-02 -4.05642875e-02 2.80137509e-02 -2.61987239e-01 1.37153259e-02 -3.51171717e-02 1.62410945e-01 5.52482419e-02 -3.74718420e-02 -7.07991933e-03 -2.30818298e-02 -6.85302243e-02 6.75007850e-02 -1.05946809e-01 2.32243910e-01 -1.18937172e-01 -7.95313120e-02 4.59833480e-02 3.21815997e-01 -2.43411094e-01 -9.17715803e-02 9.60177928e-03 -3.40794884e-02 2.11697258e-02 -9.82512534e-02 -6.04644828e-02 -5.24131097e-02 -5.56438044e-02 5.50334752e-02 4.64700200e-02 -2.05384325e-02
8.15835595e-01 -2.80959427e-01 3.31898570e-01 3.50342959e-01 -4.28390026e-01 2.43801698e-02 -6.17773592e-01 2.20835004e-02 7.18106806e-01 3.47401276e-02 -1.90309167e-01 4.44684513e-02 5.03792129e-02 2.27197602e-01 7.55398929e-01 -7.65810788e-01 -4.67268258e-01 -8.14263225e-01 4.58777606e-01 -2.81481326e-01 -7.28775382e-01 2.31861606e-01 -1.28859043e-01 2.11197287e-01 8.57022762e-01 -2.49618553e-02 2.32023165e-01 -1.77250072e-01 -4.79085982e-01 2.36790791e-01 1.21587172e-01 5.34939133e-02
7.54972640e-03 -4.52482551e-01 -1.90425128e-01 3.54328394e-01 1.52117267e-01 -5.00842333e-01 1.60395995e-01 1.03431493e-01 1.70479417e-01 -1.57891348e-01 -2.88829595e-01 5.02473712e-01 4.12242442e-01 -1.97287992e-01 3.00302565e-01 -5.48982322e-01 -3.60273749e-01 -8.08658004e-01 2.37695262e-01 -4.08776581e-01 -2.26821750e-01 4.42105532e-03 4.30660307e-01 6.63689792e-01 -1.37157977e-01 -2.58127272e-01 3.82175416e-01 -4.86038402e-02 5.65740988e-02 -4.70450044e-01 1.53999090e-01 2.24674538e-01
-7.30302334e-02 -8.18046331e-02 8.23716283e-01 5.05400710e-02 -1.16679358e+00 -2.82222867e-01 1.84130162e-01 -4.22543697e-02 6.51562870e-01 6.01998150e-01 -1.84028804e-01 -3.28614831e-01 7.01152161e-02 6.84771299e-01 6.63344711e-02 -2.28093481e+00 -3.39158624e-01 -2.79524493e+00 -1.28214844e-02 2.65213978e-02 -7.07879364e-01 7.08348989e-01 2.36035287e-01 5.95469810e-02 4.26912993e-01 1.95168898e-01 2.74189293e-01 3.76093164e-02 -1.87617342e-03 -8.21373045e-01 -6.83978677e-01 -3.92571352e-02
-2.19376475e-01 -2.31667548e-01 -2.34325275e-01 -2.91486859e-01 -2.81691104e-01 5.68576455e-01 1.37023106e-01 -7.00801089e-02 -1.08771123e-01 3.63219827e-01 -2.05680504e-01 1.64194718e-01 7.09014013e-02 -2.87242711e-01 -1.40187904e-01 -4.65319902e-01 3.17881644e-01 -6.17980540e-01 -3.21353137e-01 3.17669474e-02 -3.25767040e-01 4.06624317e-01 -1.32858768e-01 3.45577896e-01 3.81744206e-01 -5.01262784e-01 4.71034586e-01 5.08061685e-02 9.83547270e-02 1.23313233e-01 -1.01652533e-01 2.20069867e-02
5.25261402e-01 6.91477239e-01 6.76593542e-01 -4.05640036e-01 1.62382081e-01 1.21540949e-01 1.27451062e-01 -1.27563462e-01 -7.60157764e-01 9.16109622e-01 -2.93003380e-01 -2.30203122e-01 -4.37683702e-01 1.09549344e+00 1.50180191e-01 7.85653815e-02 3.14872451e-02 -9.65606749e-01 3.38095903e-01 -2.74995148e-01 4.59758304e-02 6.94133759e-01 -1.57267362e-01 -4.10224766e-01 6.86631799e-01 -7.65061140e-01 4.88419175e-01 -7.23554417e-02 -3.10756296e-01 -6.05081201e-01 -7.06258267e-02 -5.06399930e-01
-4.11469117e-02 -4.02642697e-01 1.71756774e-01 -1.83906853e-01 -1.31698236e-01 1.34088174e-01 9.49639156e-02 -2.86442906e-01 -5.08339107e-01 -3.36401522e-01 -1.15286611e-01 1.44729586e-02 -9.29741114e-02 4.33050603e-01 5.42895138e-01 3.43703955e-01 2.65608639e-01 -3.99146557e-01 1.30057670e-02 1.69474542e-01 -2.26470649e-01 3.04398268e-01 -3.24946135e-01 1.63122132e-01 -8.97715241e-03 -2.55623728e-01 3.97697002e-01 6.87478364e-01 -3.89584094e-01 -4.65482086e-01 2.72558033e-01 2.89971083e-01
-1.26874375e+00 1.27768576e-01 1.54811159e-01 -1.32271111e+00 -1.30464956e-01 -5.91450408e-02 1.74123779e-01 5.54464579e-01 1.30600467e-01 3.84916335e-01 -9.94655371e-01 7.23761499e-01 1.10177636e+00 3.49760294e-01 -6.66725218e-01 2.93494642e-01 5.75001538e-01 -4.20789033e-01 -3.15369993e-01 1.03040302e+00 -5.42125404e-01 -2.90342689e-01 -3.26549798e-01 -3.47624905e-02 5.93788743e-01 1.00814164e+00 8.45309913e-01 6.23771846e-01 5.16396224e-01 -1.04324305e+00 1.54568836e-01 2.19549686e-01
-7.39827380e-02 7.92416483e-02 2.81204760e-01 -4.97975722e-02 3.77984136e-01 -9.16162580e-02 -3.79104773e-03 3.13019939e-02 -3.18797305e-02 2.16330335e-01 1.84599739e-02 3.22590843e-02 -8.96093156e-03 -1.30532905e-01 1.05128676e-01 -1.80799887e-01 9.78284329e-02 3.37235592e-02 -2.13615014e-03 -4.09628242e-01 1.40210748e-01 -1.19880825e-01 1.03187636e-02 9.77508817e-03 1.46137550e-01 -1.26940543e-02 7.22569898e-02 1.28595546e-01 3.11030895e-02 -9.11057889e-02 9.93578229e-03 5.91729768e-02
-8.64122286e-02 2.41151929e-01 2.82639921e-01 -1.23873092e-01 2.06855953e-01 8.54936317e-02 6.64502800e-01 3.05141777e-01 1.11390412e-01 -1.21251225e+00 -3.50012153e-01 5.37803590e-01 6.64875865e-01 -3.36914539e-01 -4.61273283e-01 -2.85383705e-02 5.33060193e-01 -2.97373891e-01 -2.53914017e-02 -4.86364603e-01 1.00179148e+00 -2.98222929e-01 1.31087760e-02 -1.32007873e+00 -1.03112394e-02 5.32728136e-01 -9.98280585e-01 -9.42149222e-01 2.90161610e-01 -1.20277509e-01 -4.43506464e-02 -3.86272788e-01
5.32299936e-01 -3.65179062e-01 -3.64242554e-01 4.98163521e-01 5.01758121e-02 1.39349401e-02 -6.10731095e-02 -1.67896450e-01 4.36051160e-01 -5.84685430e-02 -5.88327684e-02 -1.06501207e-01 7.04488039e-01 -2.83111334e-01 4.07845467e-01 -2.62078822e-01 -8.52963477e-02 -3.40859026e-01 1.11258142e-01 -1.32922620e-01 -2.80879915e-01 6.00219443e-02 2.25521907e-01 2.13237703e-01 -3.55109163e-02 -2.64078707e-01 8.52430761e-01 4.50102150e-01 -3.77873302e-01 3.94436568e-01 2.27979392e-01 3.03512454e-01
-2.77795106e-01 3.65151346e-01 -1.62766188e-01 -4.10957113e-02 -6.04933441e-01 -1.99311748e-01 8.22993219e-02 4.67489898e-01 -7.76053667e-02 -5.64235389e-01 -1.77797079e-01 -2.84826308e-02 -3.45235169e-01 1.76426619e-01 2.16511175e-01 -1.50876716e-01 -8.29861611e-02 2.84789622e-01 1.58665739e-02 3.60805064e-01 -2.39871234e-01 -3.72311436e-02 -1.60075799e-02 -5.62189259e-02 -1.18527047e-01 -1.10615760e-01 2.75715083e-01 -2.55552262e-01 1.16682902e-01 1.16768945e-02 2.86098309e-02 1.70464590e-01
3.27964313e-02 -5.26563168e-01 -1.09353095e-01 -9.75569859e-02 -9.38790217e-02 -1.38793662e-01 -3.81110050e-02 -1.70834452e-01 -3.81059021e-01 4.62408662e-01 -2.92463624e-03 6.98980764e-02 3.47565264e-01 3.56581897e-01 -1.64828300e-01 -6.42712951e-01 -2.02711359e-01 -1.20057657e-01 4.10223007e-03 4.04084027e-02 8.15884024e-02 -5.01055643e-02 5.56985915e-01 5.70952855e-02 -3.74721587e-01 2.20776141e-01 3.46914768e-01 1.01364844e-01 -4.61394265e-02 1.32448673e-01 -5.20772077e-02 -2.18136370e-01
9.86801207e-01 -2.33320799e-02 -6.02468014e-01 1.64705753e-01 2.86376655e-01 1.29325122e-01 5.11887908e-01 1.90501869e-01 -3.33559066e-01 -9.01549876e-01 -8.68902326e-01 1.39480865e+00 1.16694085e-01 -8.85084450e-01 3.23547840e-01 8.60273659e-01 7.21113198e-03 6.10840440e-01 -1.96650729e-01 7.43988454e-02 -1.47518837e+00 -3.90249431e-01 -7.73023367e-01 -1.47140563e-01 -4.47945118e-01 4.09400947e-02 2.16314539e-01 6.22346759e-01 -1.49688115e-02 3.08301151e-02 -4.73967828e-02 4.69046086e-01
-1.59799308e-01 7.61143118e-02 -9.76176143e-01 -5.57415038e-02 3.26387435e-01 3.79280806e-01 1.18704736e-01 7.95535278e-03 -6.22470491e-02 5.07003486e-01 -3.99510741e-01 -1.19493055e+00 3.62432212e-01 2.70667881e-01 -3.39892805e-01 7.72673965e-01 -2.64986120e-02 1.44367170e+00 -4.40569669e-01 1.36629254e-01 2.90321440e-01 -1.37148947e-01 8.54738429e-03 6.60320759e-01 -2.71884620e-01 7.55843520e-01 -7.82306045e-02 -2.63553798e-01 1.00595146e-01 1.33232459e-01 7.19114959e-01 -6.16043732e-02
-2.57025263e-03 4.24230516e-01 -1.70878813e-01 -5.83459914e-01 -9.00116935e-02 7.17516065e-01 3.02186668e-01 7.69400597e-01 3.74643952e-01 2.97917008e-01 9.89643037e-01 -3.01805556e-01 5.09964339e-02 3.04143101e-01 -2.29982827e-02 -7.40072489e-01 3.06318671e-01 -3.01849507e-02 -2.78071404e-01 -5.69067359e-01 -7.08966255e-02 -2.50418961e-01 1.89547494e-01 1.47566020e-01 -2.54653335e-01 1.33362427e-01 6.62344620e-02 2.41893530e-02 -5.73016465e-01 2.86371291e-01 -1.96209416e-01 1.41087681e-01
1.03058212e-01 -6.84821745e-03 -1.33530349e-01 -5.17546572e-03 -1.16049440e-03 5.79332225e-02 1.71568186e-03 8.48630816e-02 -1.18381483e-02 -5.21125048e-02 -6.37199357e-02 -3.78927201e-01 2.57407010e-01 2.07469150e-01 4.74369004e-02 5.80575019e-02 6.79532811e-02 -9.43172574e-02 9.81531143e-02 2.52713889e-01 1.34105325e-01 2.77499318e-01 1.15406478e-03 2.63762206e-01 -1.21707678e-01 -2.72520602e-01 -1.90449834e-01 -1.92131668e-01 -3.14662755e-01 -1.54519603e-01 -1.58538308e-03 -2.58467078e-01
4.40544367e-01 4.41185385e-02 5.35865307e-01 4.07157093e-01 3.66653770e-01 3.99161816e-01 9.42058802e-01 -3.77897978e-01 7.32540309e-01 -8.65506455e-02 -6.09886944e-01 1.62725180e-01 -5.35823584e-01 -3.96625936e-01 -4.00259495e-02 2.65546024e-01 -5.79310298e-01 -4.59588110e-01 2.86135107e-01 -1.09149134e-02 -1.12146243e-01 5.63016534e-01 2.23166332e-01 6.66541934e-01 1.99183039e-02 -1.49553552e-01 -2.18659341e-01 1.77289456e-01 1.63484961e-01 4.23808217e-01 -1.38399765e-01 1.69969127e-02
-3.22916597e-01 -4.97728378e-01 1.48028934e+00 1.14801429e-01 -9.67532635e-01 -1.44378021e-01 -1.20810854e+00 -1.00774050e+00 3.35861772e-01 1.09679031e+00 3.67441736e-02 -5.06556213e-01 -3.18785548e-01 1.04729092e+00 6.05042577e-01 -2.23918128e+00 1.75887197e-01 -2.93375468e+00 1.80635214e+00 7.99162745e-01 -5.69057465e-01 1.67991853e+00 -4.08533365e-01 3.19107383e-01 3.16175789e-01 -7.27060139e-01 -2.22633988e-01 3.99878263e-01 1.46754473e-01 5.89509569e-02 7.56130397e-01 1.68922737e-01
-1.50344125e-03 -1.46570439e-02 7.65515715e-02 4.35249098e-02 3.79439026e-01 -1.73524972e-02 -4.63955291e-03 1.53310606e-02 3.92507948e-02 -1.83183737e-02 -1.39206247e-02 -7.77451769e-02 1.00915819e-01 -4.69927397e-03 -4.28250013e-03 -3.16045024e-02 -3.75149632e-03 -3.39611992e-02 -7.42469504e-02 7.81604350e-02 1.38308629e-01 5.99602014e-02 -1.42523320e-02 -7.44628767e-03 -1.34652719e-01 -1.48193434e-01 1.75340325e-02 3.65849525e-01 -3.74328606e-02 -5.57059981e-02 -1.51009224e-02 -2.42741749e-01
-3.86294335e-01 -4.03416064e-03 -1.48271471e-01 -6.10580221e-02 -1.82673991e-01 1.22200884e-02 -1.29446313e-01 6.93491399e-01 -1.53018385e-01 -6.50034472e-02 -1.66189924e-01 6.67284489e-01 4.89444166e-01 2.88728893e-01 2.76421517e-01 1.85050890e-01 -1.63442805e-01 1.14448346e-01 -1.70684829e-01 -4.27404009e-02 -1.33408904e-01 -6.30517721e-01 -9.77272093e-02 -2.01554358e-01 -3.59261155e-01 -1.88796446e-01 -5.99589348e-01 4.21074092e-01 -2.67525852e-01 -2.38491207e-01 -2.11392298e-01 5.32941222e-01
-9.83898062e-03 -2.20315561e-01 5.14609635e-01 3.27071428e-01 -5.64512372e-01 2.84322351e-01 2.71807313e-01 -6.49369717e-01 5.52430391e-01 3.37932199e-01 -1.89295709e-02 3.38880718e-01 -1.57886684e-01 1.93147406e-01 1.97827429e-01 -2.14593387e+00 6.92625716e-02 -1.00274181e+00 1.13199107e-01 1.03652567e-01 -2.99985576e-02 1.10898621e-01 2.98846811e-01 2.71629810e-01 -2.02271536e-01 -5.99802554e-01 -9.25802719e-03 -2.23607436e-01 -4.70768481e-01 -4.21258748e-01 4.62110192e-01 -3.43283534e-01
-1.29417852e-01 9.21098068e-02 -1.65042132e-01 1.58660054e-01 -1.69143707e-01 -1.05955310e-01 2.83792287e-01 -2.36100018e-01 -5.13193965e-01 1.55296600e+00 -3.70155782e-01 -6.11251146e-02 -2.84284145e-01 1.28923202e+00 -2.98927367e-01 -1.84436957e-03 3.95542905e-02 -3.95014994e-02 -2.98340619e-02 -2.88422346e-01 3.90673894e-03 1.85318723e-01 -1.40958726e-01 -1.81516901e-01 -1.65569484e-01 5.06151952e-02 4.41088498e-01 4.78649169e-01 1.58123672e-01 -4.61327851e-01 1.71813905e-01 -6.40732050e-02
-6.45237491e-02 -2.13439271e-01 6.05653584e-01 4.90809321e-01 -6.16375394e-02 -3.96990776e-01 -1.11478782e+00 1.11073181e-01 2.45418251e-01 3.98499280e-01 1.14522621e-01 -7.39795417e-02 1.02049567e-01 1.60928085e-01 -2.30130702e-01 6.15089655e-01 5.08922245e-03 2.18902841e-01 -1.36162236e-01 -3.17186654e-01 8.64531755e-01 3.59187454e-01 3.66327494e-01 -5.82491159e-01 3.65204625e-02 2.92916000e-02 -1.90797046e-01 2.59921372e-01 -1.48004189e-01 3.41302752e-01 -1.72699541e-01 -3.08091581e-01
1.39524162e+00 -3.96812052e-01 5.33295929e-01 9.74793553e-01 -4.08588409e-01 2.18253270e-01 -7.44822085e-01 -6.09572291e-01 6.70474231e-01 -8.17768037e-01 -2.76058286e-01 7.23767281e-01 -1.22904754e+00 -2.49071643e-01 7.00721383e-01 -6.39994442e-01 -9.74322483e-02 -3.97503674e-01 7.66734898e-01 7.47520924e-01 2.75164217e-01 -4.57334429e-01 -2.08479810e+00 -4.95598704e-01 3.54706824e-01 5.67021191e-01 -8.08067441e-01 -2.98814178e-01 -3.79193664e-01 1.25212336e+00 -6.01231754e-01 6.66143447e-02
-3.08198854e-02 1.81152970e-01 -3.36681753e-02 -4.84572388e-02 -1.85373783e-01 -4.75133285e-02 2.53787022e-02 -4.39225771e-02 -5.55739999e-02 -3.05066835e-02 4.41358201e-02 9.06057134e-02 8.50014761e-02 -4.37766165e-02 1.54661268e-01 -1.28397539e-01 8.69607925e-02 1.90031171e-01 -2.20599305e-02 -2.87567198e-01 1.38899237e-01 4.26031649e-02 -9.79073625e-03 -2.52887961e-02 -3.08619738e-01 -4.04462889e-02 2.02719681e-02 -7.15105683e-02 -5.27142547e-03 -6.89126505e-03 -1.86195299e-02 -2.15300411e-01
1.17614053e-01 3.18418562e-01 1.60491490e+00 4.50523287e-01 -1.12171221e+00 1.59947753e-01 -2.02152431e-01 -5.59900224e-01 8.51874709e-01 5.23084044e-01 1.89820126e-01 -3.64742965e-01 -8.98012638e-01 9.02364790e-01 6.86607230e-03 -3.30035377e+00 -2.27791071e-01 -4.38458443e+00 3.82824451e-01 1.25207916e-01 -1.20480430e+00 9.68647540e-01 3.56424898e-01 1.72695428e-01 1.98779806e-01 -1.58771828e-01 -5.20472467e-01 6.27653480e-01 -1.88120872e-01 -2.83920625e-03 1.07429195e-02 4.14662808e-02
-8.16928804e-01 1.69594675e-01 6.62218481e-02 -6.61550641e-01 1.24367643e-02 -1.57147780e-01 -2.55447358e-01 4.02715892e-01 1.30398711e-02 -9.20972787e-03 1.91832006e-01 -3.74218822e-01 3.48962009e-01 4.86353040e-01 -3.92166942e-01 -3.64803761e-01 1.74388289e-01 -1.18381694e-01 -2.56116092e-01 8.44979733e-02 1.06676087e-01 6.31988883e-01 2.08318025e-01 -1.82449102e-01 -1.26614541e-01 2.00494409e-01 -6.32325172e-01 9.19071659e-02 1.90870017e-02 -4.82436091e-01 -1.38157427e-01 -7.31534541e-01

layers.2.bias:
-1.39574623e+00
-7.92683959e-01
5.49263835e-01
-5.91410816e-01
1.19869635e-01
-4.09886777e-01
2.89474696e-01
2.13503909e+00
5.42469680e-01
8.03903401e-01
-9.13404584e-01
-1.40697181e+00
-3.46687108e-01
8.97519767e-01
-2.50448316e-01
-7.44297743e-01
-8.57317373e-02
-7.67074406e-01
3.19147676e-01
-7.81088993e-02
-1.57525614e-01
7.84761667e-01
8.07685733e-01
-1.14200726e-01
-3.97186458e-01
1.04375851e+00
-9.83162940e-01
-1.08951330e+00
4.96766686e-01
-1.13576400e+00
4.36594747e-02
-5.79652190e-02
7.96222746e-01
1.40602261e-01
-3.30340266e-01
-3.77739817e-02
-1.55325919e-01
1.37532640e+00
9.86335754e-01
-1.61297962e-01
9.68788385e-01
-1.91368446e-01
-5.41900396e-01
1.36938965e+00
2.79311180e-01
-9.62649226e-01
1.01212692e+00
-3.85203481e-01
8.02905738e-01
1.75648224e+00
1.85014591e-01
3.05577159e-01
1.22270815e-01
-6.06363475e-01
1.76999778e-01
-3.91034670e-02
8.23593318e-01
-1.27570048e-01
-4.33060750e-02
-6.01256430e-01
7.04651713e-01
5.32682389e-02
-2.55269170e-01
6.72859311e-01

layers.4.weight:
3.66472423e-01 9.08139627e-03 -4.52473871e-02 -6.99375244e-03 -6.37015048e-03 5.27156554e-02 1.87102982e-04 -6.99259579e-01 -4.28335443e-02 -3.82975221e-01 5.12513183e-02 8.93749952e-01 -1.73526740e+00 -9.61342454e-02 2.31477991e-02 -1.45123172e+00 -7.17848816e-05 6.53271526e-02 1.40088575e-03 -3.79904850e-05 1.48328030e-02 -4.03849185e-02 -2.17590984e-02 2.19003946e-01 -6.14971519e-02 -2.67235730e-02 2.21861843e-02 7.46293306e-01 -3.56772393e-01 3.73742461e-01 -1.90154966e-02 -1.26510635e-01 -8.39584880e-03 -5.87676186e-04 9.32969153e-02 1.70229992e-04 -9.23445186e-05 -1.76173583e-01 1.29928958e-04 1.18840486e-01 -2.75428127e-02 2.66442537e-01 1.22829489e-02 -1.10559337e-01 1.78558868e-04 1.43944710e-01 -1.45053538e-02 -8.73478595e-04 -5.47348708e-02 -6.54595971e-01 -6.45167604e-02 -2.14180890e-02 1.52748340e-04 -4.98519803e-04 -1.13413203e+00 1.67978171e-04 -4.29029082e-04 -2.97672421e-01 -6.68344870e-02 1.39676565e-02 -6.11614808e-02 1.05461942e-04 7.23064184e-01 -4.50600730e-03

layers.4.bias:
-1.08031404e+00

