layers.0.weight:
3.31696361e-01 -5.67613244e-01 7.97264636e-01
5.69172144e-01 -8.09445798e-01 -5.80563486e-01
-8.31293464e-02 -6.13938749e-01 -5.77727258e-01
-1.07055378e+00 1.15616508e-01 4.58123112e+00
2.67282110e-02 4.11940843e-01 1.16166264e-01
-5.79876065e-01 8.58121514e-01 -1.84879377e-01
-1.31842160e+00 4.86020595e-01 -9.88645032e-02
-6.01682402e-02 7.88846374e-01 -9.23566997e-01
6.03414774e-01 -9.26082134e-01 5.12713566e-02
-1.11527514e+00 5.86289167e-02 -1.64189592e-01
7.53551662e-01 -9.85680073e-02 1.41279221e+00
-7.16238439e-01 -1.31785080e-01 -1.29353356e+00
-4.30584475e-02 7.12955832e-01 -1.57757306e+00
-1.16726887e+00 2.10410804e-02 5.00053525e-01
-6.46977663e-01 1.09646142e+00 7.52028525e-01
-1.81771189e-01 9.48456824e-01 1.64468549e-02
5.46070874e-01 -6.33792400e-01 -1.45019031e+00
-1.15504665e-02 1.12846863e+00 1.84981868e-01
8.07071701e-02 -9.54183042e-01 5.35116851e-01
3.41117471e-01 -1.28724232e-01 -8.64976227e-01
2.23475501e-01 1.65966094e-01 -5.10879010e-02
-3.24195027e-01 -2.56797969e-01 -1.00232065e+00
-4.64660525e-01 1.65601885e+00 -4.46076952e-02
-1.56447518e+00 4.06930357e-01 1.75152493e+00
1.05132234e+00 3.79940838e-01 -7.78481364e-01
2.59609371e-01 6.71772659e-01 -1.17486012e+00
-1.16151750e-01 -2.13369340e-01 1.90187418e+00
-3.97779703e-01 -2.44972542e-01 1.92939892e-01
3.22416067e-01 7.57217348e-01 -1.46468067e+00
-1.04933763e-02 4.65525806e-01 1.70563948e+00
-2.89658904e+00 2.84448242e+00 -1.78299040e-01
-1.26738083e+00 -5.19488692e-01 1.02004325e+00

layers.0.bias:
8.77201200e-01
4.81547834e-03
-1.42384720e+00
-6.34384930e-01
7.07518518e-01
-2.04255387e-01
-3.54310095e-01
2.86240637e-01
-7.45998621e-01
-1.59115899e+00
1.64644122e-01
1.80825554e-02
2.46107668e-01
-1.21306002e+00
-2.90836543e-01
1.43946290e+00
9.34610724e-01
1.82654703e+00
-6.68276668e-01
5.78918040e-01
-1.44309163e-01
-1.35729384e+00
1.02535832e+00
-7.05530941e-02
1.36946186e-01
5.60703695e-01
8.80503118e-01
-1.57881156e-01
-4.88352716e-01
7.31267482e-02
8.91685039e-02
-6.70209900e-02

layers.2.weight:
-3.52412313e-01 2.12196484e-01 5.55910841e-02 -4.84162688e-01 -5.50389849e-02 8.09207745e-03 1.03640981e-01 -6.47350997e-02 -6.97152019e-02 2.81423235e+00 8.60348046e-02 7.42388144e-02 -2.23952159e-01 2.42518973e+00 -1.91705346e-01 3.87078375e-01 -6.65567219e-02 6.39160335e-01 1.49375275e-01 -2.73730516e-01 2.38771588e-01 -8.01299289e-02 -5.25295079e-01 6.11581385e-01 -1.21355087e-01 6.12768829e-01 -7.89406419e-01 -1.25757486e-01 -2.07085505e-01 -2.19027191e-01 -2.67297804e-01 2.81122386e-01
-8.06275755e-02 1.18484616e-01 -8.60096812e-01 5.09995110e-02 -3.53080332e-01 1.49260238e-01 -7.68029630e-01 -4.89489734e-01 5.59213936e-01 6.75669551e-01 3.53912830e-01 -2.88828105e-01 2.45060876e-01 -4.58065495e-02 -2.72876948e-01 1.98025465e-01 -3.80766660e-01 3.59398454e-01 -4.34771806e-01 -7.57708922e-02 6.88156843e-01 -1.39279723e-01 -3.76407385e-01 -5.30957617e-02 1.65202636e-02 -7.45422244e-02 -3.27854872e-01 -5.85757852e-01 7.29403570e-02 -2.18387291e-01 -1.94544923e-02 1.80443510e-01
6.76254481e-02 1.10470377e-01 6.46109879e-02 -6.37228251e-01 -9.54580784e-01 -1.33961394e-01 -5.91502488e-01 2.12029919e-01 5.78375697e-01 6.65529370e-01 -4.33429539e-01 -2.01339617e-01 4.72356752e-02 6.63258834e-03 -2.12723389e-01 -1.00103426e+00 -1.29361436e-01 -1.18820453e+00 1.64212734e-02 1.19371593e-01 -4.75068152e-01 -3.06260109e-01 2.84505606e-01 -1.15070832e+00 -9.46671546e-01 3.07843000e-01 -1.05709732e+00 5.03134251e-01 3.10498506e-01 -2.65258640e-01 -2.17481740e-02 5.27395606e-01
1.82795838e-01 -1.40945062e-01 1.44465208e-01 1.28120351e+00 4.01894659e-01 4.48722452e-01 7.24578500e-01 -1.76739454e-01 -2.13781238e-01 2.17578355e-02 9.55889747e-02 2.20287591e-03 -5.11608005e-01 2.26125523e-01 6.90069020e-01 8.21518064e-01 -3.72980028e-01 5.29760242e-01 2.54297376e-01 -1.03494966e+00 -7.38573074e-01 -8.60308856e-02 4.38514352e-01 1.50683248e+00 -5.16945422e-01 -4.85359460e-01 4.33253974e-01 3.56637329e-01 -6.02072716e-01 -2.22850442e-01 4.19932269e-02 3.74415845e-01
1.62915930e-01 -3.18482548e-01 2.25671977e-01 -5.07875562e-01 2.80242711e-01 -3.61149043e-01 -1.13165927e+00 2.21946031e-01 -5.10250516e-02 -6.52861118e-01 3.70130390e-01 -6.95218384e-01 8.66873324e-01 -9.61483002e-01 -1.11832529e-01 -6.38721406e-01 -2.82280564e-01 -6.32268906e-01 -1.98259786e-01 -3.09841316e-02 8.33063662e-01 -5.25326788e-01 2.47363687e-01 -4.06410098e-01 -7.89410055e-01 7.10032046e-01 3.95085067e-02 -6.06708646e-01 -2.02064842e-01 5.59261322e-01 -3.62344772e-01 4.63296100e-02
-3.29357684e-01 2.23599315e-01 3.57900053e-01 1.80185065e-01 -8.64724219e-01 -2.87753075e-01 -4.03311104e-01 2.75242388e-01 5.31558931e-01 -1.50953844e-01 6.92037761e-01 1.96218655e-01 -9.28039178e-02 -2.69485146e-01 -3.03301126e-01 -1.12498832e+00 -3.74654114e-01 -1.34572697e+00 6.93603992e-01 -2.60145962e-01 -5.14578342e-01 -7.82485455e-02 -6.39894009e-01 -2.17458442e-01 3.87077732e-03 7.50386789e-02 1.63197532e-01 1.00799012e+00 -1.70593530e-01 -4.16587263e-01 -8.94175410e-01 4.03796524e-01
5.83417341e-02 -2.31171530e-02 -2.20428810e-01 -1.38246464e-02 -1.41693726e-01 1.57090172e-01 -6.08261786e-02 -4.39681560e-01 -9.20775831e-02 2.53262520e-01 2.93634921e-01 8.61964971e-02 2.89075136e-01 1.49485320e-02 2.10653562e-02 -3.20875257e-01 1.35975732e-02 5.99786565e-02 2.21037026e-02 -3.07682693e-01 -3.81859750e-01 7.37060606e-02 5.47807552e-02 2.24604513e-02 1.80671588e-01 2.62663096e-01 -3.64943743e-01 -4.54414517e-01 -1.49586573e-01 6.72482327e-02 -1.71543956e-02 1.27376735e-01
2.95962811e-01 1.10533707e-01 -4.11966741e-01 3.64944339e-01 2.89818764e-01 -6.27324879e-01 1.40440762e-01 4.99825835e-01 2.21311934e-02 -2.87062734e-01 -1.19786970e-01 9.50614512e-01 3.07895869e-01 -5.27079463e-01 -1.77521884e-01 2.15981960e-01 5.11697352e-01 1.93252966e-01 2.25356013e-01 4.90446627e-01 -1.43292141e+00 -9.07055259e-01 1.45629391e-01 3.08458328e-01 2.11488411e-01 7.43360519e-01 6.11437023e-01 5.11676490e-01 -5.84329069e-01 5.03273189e-01 2.10129380e-01 -2.76114792e-01
1.21088080e-01 2.65262276e-01 -5.84744334e-01 -2.34928444e-01 1.24807823e+00 -4.39762205e-01 -3.76937717e-01 -3.69246602e-01 -7.13345826e-01 3.25495273e-01 4.81239676e-01 2.46875778e-01 6.64845049e-01 -7.62738436e-02 6.94691911e-02 1.70485067e+00 3.13195556e-01 1.31233299e+00 -5.05367100e-01 -1.67116076e-01 8.17395747e-02 -3.18050295e-01 1.63404401e-02 3.29822212e-01 -1.75826680e-02 3.56754154e-01 7.22324997e-02 8.38521719e-02 -5.35072498e-02 1.75601557e-01 2.24875355e+00 -2.23944426e-01
-6.33438766e-01 6.95594251e-02 -9.10494402e-02 -5.36627293e-01 4.35506403e-01 3.45343910e-02 -2.29616296e-02 3.90832245e-01 3.72390956e-01 -1.53223112e-01 -2.94861593e-03 2.54834294e-01 1.98563606e-01 1.96760029e-01 -3.20740640e-01 -5.30688524e-01 3.14818799e-01 -3.91033143e-01 -4.37194586e-01 -2.63988841e-02 -6.25813425e-01 -2.18048915e-01 1.31059021e-01 -6.80546090e-02 -2.04962403e-01 -7.60650933e-02 -1.88242748e-01 2.11817056e-01 2.79832006e-01 1.50502205e-01 1.53596833e-01 -1.49826389e-02
6.36738092e-02 -3.27153236e-01 -9.07217115e-02 -3.65940928e-01 -4.68664289e-01 -2.72371441e-01 -3.15459073e-01 1.53329968e-01 4.46694791e-01 2.87754446e-01 -5.33333600e-01 -1.10539600e-01 8.59632015e-01 -3.03931713e-01 -1.94613591e-01 -3.02976102e-01 -6.37701750e-01 -8.87334883e-01 -3.74873243e-02 -3.69468555e-02 1.03923738e+00 -2.47875080e-01 -7.85578787e-01 1.75234988e-01 -1.22264490e-01 -5.71639128e-02 -4.37010765e-01 -5.28872550e-01 2.83186525e-01 -4.00864303e-01 -2.62020007e-02 3.96874517e-01
-1.14670157e-01 -1.14986815e-01 1.71158946e+00 -9.11967099e-01 -7.46984005e-01 1.54411897e-01 -4.20558862e-02 -3.65387022e-01 1.51682466e-01 1.84497046e+00 1.43404887e-03 -1.30471110e-01 3.30488086e-01 3.14561582e+00 1.18964702e-01 -7.18115985e-01 3.01817179e-01 -2.42775249e+00 5.54878652e-01 -2.98603296e-01 3.10246795e-01 6.35895729e-01 -2.50932664e-01 7.78432846e-01 -2.75089871e-02 -5.12638450e-01 2.55001724e-01 -1.60838336e-01 1.32391408e-01 3.40435049e-03 7.44244754e-02 -3.85043472e-01
-6.82839334e-01 -1.68307588e-01 9.32209790e-01 3.99316430e-01 -6.68705046e-01 6.61972225e-01 3.76739465e-02 -8.89896095e-01 3.15652966e-01 4.94602948e-01 2.22985938e-01 1.22573480e-01 -4.90705788e-01 -1.11156188e-01 4.68847245e-01 -4.22624493e+00 -7.25552142e-02 -6.09965324e+00 5.32500923e-01 -9.85426366e-01 -6.51400506e-01 4.52724129e-01 6.70719922e-01 -8.14342648e-02 -2.71017283e-01 -2.24509999e-01 -3.69674921e-01 6.02568328e-01 -5.91706693e-01 -3.40003520e-01 -1.05182004e+00 -2.55861551e-01
3.82466875e-02 -1.31763995e-01 -6.39350414e-01 -4.72725481e-02 -1.69152513e-01 -7.02342615e-02 2.46517122e-01 3.26378614e-01 3.59252781e-01 -2.56826371e-01 5.52930295e-01 -2.19631940e-01 3.15715611e-01 -7.97249138e-01 -3.89624536e-01 -5.11728637e-02 -2.56993294e-01 2.22474888e-01 -9.24494043e-02 1.07760414e-01 -2.75645126e-02 -1.57379046e-01 3.20386491e-03 -2.04701751e-01 -1.44088790e-01 7.42703497e-01 1.02788853e-02 5.69992736e-02 -1.92159608e-01 2.76722342e-01 1.54809356e-01 3.74552071e-01
-9.45076704e-01 2.41199106e-01 -6.85754716e-02 2.91555732e-01 -1.83445066e-02 6.51046157e-01 -3.90562266e-01 -5.97838908e-02 4.80555683e-01 -1.83895648e-01 -7.97510326e-01 2.79885978e-01 2.03064054e-01 -3.61385524e-01 -3.03129882e-01 -6.78763688e-01 2.69613296e-01 -6.14085793e-01 -4.36173856e-01 3.63226265e-01 1.34722221e+00 9.73522723e-01 -2.70561725e-02 1.55355379e-01 -3.52414876e-01 1.58828959e-01 -6.41457438e-01 2.02264152e-02 8.81590128e-01 -2.93487728e-01 -1.25787884e-01 1.28401801e-01
-5.49986839e-01 -7.03703016e-02 7.72289783e-02 1.35584489e-01 -2.82064617e-01 2.81986207e-01 -9.39128041e-01 -9.48216096e-02 9.54660103e-02 5.23178577e+00 5.64943910e-01 4.21079129e-01 2.18420386e-01 2.65941525e+00 9.23069846e-03 -4.05483805e-02 -4.35568392e-01 -1.59826890e-01 5.96867204e-02 -2.05960914e-01 -6.90306187e-01 4.14381057e-01 2.00774640e-01 2.68173397e-01 -3.86696249e-01 -4.28794712e-01 -6.32751644e-01 3.25745136e-01 -1.42814800e-01 -6.58681333e-01 2.37785533e-01 -2.47714400e-01
-3.13357636e-02 1.52161822e-01 -6.88001215e-02 3.90939973e-02 4.59858030e-03 7.83278793e-03 2.54766718e-02 -5.33650853e-02 1.55136269e-03 -2.02742875e-01 6.72173500e-02 3.54792476e-02 4.38092649e-02 8.68652835e-02 1.08088851e-01 2.11750697e-02 4.29192819e-02 1.91700850e-02 -2.09773257e-02 1.04910173e-01 2.48531848e-01 1.22622371e-01 -1.74563180e-03 2.63543315e-02 5.82069270e-02 1.76604968e-02 6.10252693e-02 2.92621732e-01 6.97230315e-03 3.24803661e-03 -4.13260283e-03 2.34254133e-02
1.73957422e-01 -1.39905885e-01 -6.21581972e-01 5.66447377e-02 2.22038195e-01 -1.88624546e-01 -1.69468313e-01 -3.30232620e-01 2.78350621e-01 -6.48725808e-01 8.15357566e-02 -3.35531607e-02 1.92450806e-01 8.05011690e-02 -6.00900352e-02 1.77094251e-01 -3.21305305e-01 5.22160411e-01 -1.06704995e-01 9.05413628e-01 2.79267639e-01 6.34541139e-02 -4.38400596e-01 -1.12482220e-01 -1.84666872e-01 -4.52193588e-01 8.52363825e-01 -4.97069150e-01 2.14720815e-01 3.19615781e-01 -4.21341695e-02 2.65688211e-01
-2.51577705e-01 -8.83912444e-02 -3.56246114e-01 -1.81948498e-01 5.33113599e-01 -5.88211697e-03 5.87320514e-02 1.03299707e-01 4.21014696e-01 -4.77374434e-01 -1.35592848e-01 -9.55797076e-01 4.49628949e-01 -2.24890754e-01 -1.69314623e-01 2.82177985e-01 -1.49413571e-01 4.46501553e-01 1.47442549e-01 -9.13592130e-02 3.84976366e-03 -2.26967484e-01 4.81227070e-01 -3.07092130e-01 2.67679155e-01 1.76312700e-01 -1.52265653e-01 2.97060281e-01 3.64016555e-02 3.76768082e-01 4.72796887e-01 9.66065302e-02
6.49037883e-02 1.75993830e-01 -4.26553329e-03 6.84807822e-02 -6.23514913e-02 1.05026193e-01 -2.52772681e-02 -7.83499330e-02 5.06469645e-02 8.31357762e-02 6.30414933e-02 1.21749289e-01 -6.56362027e-02 -7.57786557e-02 1.20900065e-01 4.54528481e-01 5.92162013e-02 -3.02222759e-01 4.23551723e-02 -9.82523859e-02 -1.09570824e-01 -1.28286481e-01 -3.80602502e-03 -2.94526424e-02 4.36096117e-02 1.27312362e-01 4.84735891e-03 8.96320492e-03 1.07659310e-01 1.36378054e-02 -1.63556309e-03 3.55049707e-02
5.02096236e-01 -1.46350011e-01 7.16982961e-01 5.17027140e-01 -3.41081798e-01 -2.21154779e-01 -6.31388187e-01 -1.18184879e-01 -3.53165090e-01 -8.04151893e-01 -1.26057446e-01 9.87068892e-01 5.03675342e-01 -3.99441659e-01 7.20021546e-01 5.85335195e-01 -7.02801794e-02 -2.72525132e-01 4.80361253e-01 4.61057305e-01 -5.42669058e-01 1.45097837e-01 5.46777189e-01 1.82390317e-01 1.08485091e-02 -3.64648849e-01 8.26274008e-02 4.48408544e-01 -1.28372252e-01 -9.39517468e-02 1.10898063e-01 4.99746352e-01
2.51826286e-01 -1.33696094e-01 2.88438909e-02 1.62033334e-01 1.07770272e-01 1.46110713e-01 9.29540157e-01 6.94532171e-02 4.45447117e-01 2.45376989e-01 3.42359781e-01 3.61582577e-01 -4.07046914e-01 -5.42343199e-01 1.11367457e-01 -8.69552910e-01 -8.51223916e-02 -6.01088941e-01 -8.43417794e-02 -4.61427540e-01 -5.06104112e-01 -1.33948382e-02 2.50792861e-01 -1.98880266e-02 1.07830487e-01 -4.27263170e-01 -6.94282949e-01 4.14840609e-01 -1.06135979e-01 -1.74111485e-01 2.56578147e-01 -1.03313953e-01
7.10464120e-02 2.01243535e-02 -3.01812291e-01 4.06377494e-01 5.34821115e-02 3.50921452e-01 3.37352395e-01 -2.56195217e-01 -3.10480267e-01 3.15651238e-01 1.36719663e-02 8.98220167e-02 4.39610004e-01 4.77076501e-01 -2.05387250e-01 -5.00519454e-01 5.77080071e-01 -9.03844833e-02 3.81712914e-02 -2.25336716e-01 -3.83870274e-01 4.57415543e-02 -4.11326021e-01 1.65183365e-01 -3.28398168e-01 -1.03102401e-01 -5.59803061e-02 -4.84156370e-01 6.19082339e-02 -1.17157802e-01 -2.70610563e-02 -3.20647687e-01
7.69238353e-01 -3.34608890e-02 -2.72547632e-01 1.60969928e-01 1.55121818e-01 -4.88541484e-01 -2.75490694e-02 3.29735577e-01 2.78448254e-01 -2.56564641e+00 1.03375785e-01 1.79080829e-01 3.85782003e-01 -1.60812938e+00 1.18299291e-01 3.38577360e-01 1.43168002e-01 2.56066859e-01 -2.25202397e-01 -2.69483682e-03 4.75132406e-01 -2.06227019e-01 -3.02454442e-01 -4.18294780e-02 -3.77071112e-01 -1.88301072e-01 -6.35164753e-02 -1.45855829e-01 2.28379592e-01 9.98541564e-02 -1.96250483e-01 -1.68901548e-01
-9.10102844e-01 1.56556562e-01 4.82059941e-02 1.18974835e-01 -1.50318846e-01 -3.27002585e-01 1.13731015e+00 -6.12177737e-02 -1.08763242e+00 7.66878128e-01 -7.45595038e-01 5.10180034e-02 1.72913715e-01 8.41103792e-02 -7.13649511e-01 7.13825524e-01 6.07456505e-01 4.55821693e-01 9.64869931e-02 1.71172954e-02 -3.31777126e-01 4.82238322e-01 5.40959895e-01 9.54782724e-01 -5.36812007e-01 5.13578653e-01 -6.20833099e-01 1.50644019e-01 8.34611237e-01 -4.56774592e-01 9.69212949e-02 1.38829321e-01
-5.35753489e-01 5.90550900e-01 -6.09352961e-02 -1.26080543e-01 6.07644081e-01 1.57321423e-01 -1.18119773e-02 5.08188009e-01 -3.11615705e-01 4.78372395e-01 8.30765143e-02 -1.73970461e-01 2.04961479e-01 2.11929172e-01 -5.37626684e-01 -8.29133391e-02 -1.53023705e-01 -4.98673413e-04 3.92931432e-01 -4.35287535e-01 4.71881498e-03 -2.90034443e-01 9.74279176e-03 -4.78923768e-01 1.10011794e-01 -2.09967360e-01 -5.49655735e-01 -5.20828843e-01 1.60808265e-01 -3.47372681e-01 -2.24151939e-01 -2.85650760e-01
-1.26053199e-01 2.67739683e-01 4.77745891e-01 3.36187184e-01 -2.92613178e-01 -3.24051172e-01 -6.45720214e-02 7.84478523e-03 2.78436542e-01 -4.54941183e-01 -6.13182127e-01 -3.78531478e-02 -2.48701334e-01 -3.00825894e-01 1.98224131e-02 6.15652025e-01 -5.30609637e-02 1.81723326e-01 2.85857946e-01 2.31386393e-01 8.84308189e-04 -7.11799622e-01 1.37896314e-01 8.26172903e-02 2.09158257e-01 1.72788098e-01 -8.93085822e-03 -4.91861552e-01 -2.71605313e-01 -1.43288776e-01 1.11998683e-02 -1.76963195e-01
-8.05577576e-01 4.30519760e-01 -6.26415372e-01 -9.79005754e-01 -2.43549511e-01 -2.06769690e-01 -3.57588857e-01 3.44809622e-01 1.07867010e-01 4.52478975e-01 -1.75284855e-02 1.51424766e-01 1.45547390e-01 2.89486974e-01 2.94505712e-02 9.66797769e-01 6.50564909e-01 1.11727917e+00 -5.81158817e-01 4.01319042e-02 5.84580123e-01 -7.87599742e-01 -6.05264843e-01 4.36225355e-01 -1.76984474e-01 -4.68779176e-01 3.09366584e-01 2.87426084e-01 5.21903157e-01 -7.82928705e-01 1.99164316e-01 -2.36822411e-01
1.37530684e-01 -5.50341427e-01 -8.00489783e-02 -9.00205821e-02 -5.71222126e-01 5.36361277e-01 9.70682129e-02 -4.67151314e-01 4.77940172e-01 9.16200101e-01 -1.97692916e-01 9.23003927e-02 5.29080570e-01 4.30405855e-01 2.42624488e-02 -9.83494222e-01 -4.74617898e-01 -9.66356456e-01 -1.57583691e-02 1.88897267e-01 2.55176723e-01 3.25052500e-01 1.96515635e-01 1.69024587e-01 2.60055125e-01 8.20822492e-02 -3.85771364e-01 -2.66014159e-01 -2.78810471e-01 -3.13809335e-01 4.43068743e-01 3.16637546e-01
-1.63898245e-01 -1.09779108e+00 4.51950312e-01 1.47938859e+00 1.51581556e-01 2.04429984e-01 -1.98744293e-02 -1.55154079e-01 -3.40512842e-01 3.37419957e-01 9.82906878e-01 -8.88514936e-01 -9.98114347e-01 -2.56497204e-01 3.13472033e-01 1.29911989e-01 -1.33120334e+00 7.85717547e-01 5.13756275e-01 -6.04733109e-01 1.04651260e+00 2.96476692e-01 1.28349364e-01 -2.48357385e-01 2.90078372e-01 -3.95813704e-01 9.99761447e-02 -2.11631283e-01 -7.74423957e-01 1.16587937e+00 -5.15991986e-01 -2.67015964e-01
-8.07186365e-01 -2.45470852e-01 5.78922987e-01 1.88541248e-01 -9.13198054e-01 3.05062801e-01 3.37860435e-01 -9.84051451e-02 -5.11172473e-01 -1.74403980e-01 -9.32551444e-01 2.17594892e-01 4.07484978e-01 1.26676425e-01 2.44611576e-01 -4.76945817e-01 2.90018618e-01 -8.47748935e-01 5.07415593e-01 -4.07973945e-01 -1.04362071e+00 5.26955843e-01 7.17419088e-02 -6.44090533e-01 1.57890782e-01 5.39682508e-01 -5.65884374e-02 2.11440071e-01 -5.13773024e-01 -1.66219860e-01 -1.18486635e-01 2.54120491e-03
-2.91922539e-01 -3.20391983e-01 -1.53070927e-01 -1.59639433e-01 -2.45914459e-01 -6.84975907e-02 2.29584470e-01 2.66589671e-01 -6.14687741e-01 1.32458711e+00 -1.59834802e-01 -8.46471936e-02 -4.94362950e-01 4.65963423e-01 -1.64748073e-01 1.09196100e-02 3.98808233e-02 1.21722765e-01 -9.33789928e-03 -1.72337189e-01 2.10406020e-01 1.47890285e-01 2.97129512e-01 1.82106625e-02 4.53877449e-02 -5.31983562e-02 -1.97270706e-01 1.96079910e-01 2.79901445e-01 3.01398367e-01 2.31017880e-02 1.09828852e-01
-5.67387678e-02 -3.53602737e-01 -1.65358242e-02 -9.65227485e-02 -3.22997183e-01 4.46877003e-01 -2.33604342e-01 -4.33288097e-01 1.04006320e-01 -4.37888652e-01 3.42192017e-02 4.22874570e-01 1.97406843e-01 3.82793456e-01 3.16303879e-01 -5.40112376e-01 -4.58022892e-01 -1.22102427e+00 -5.05903177e-02 -3.26834559e-01 -1.10655740e-01 8.56915593e-01 4.36281145e-01 6.20914698e-01 -4.51194018e-01 1.35206357e-01 1.34204060e-01 -2.42880836e-01 -3.78148228e-01 -2.56873935e-01 -1.34591848e-01 -1.01580366e-01
5.06200716e-02 -5.64001426e-02 1.35656714e-01 -9.43411812e-02 2.38946542e-01 -1.09508619e-01 4.51033786e-02 -3.41589689e-01 -1.67691544e-01 3.68719786e-01 1.44510955e-01 1.86039612e-01 8.08169469e-02 -2.97020674e-01 -5.67962229e-02 -2.98887849e-01 6.14641197e-02 1.29556596e-01 -1.45735189e-01 -5.35584629e-01 1.53155804e-01 -1.67967260e-01 -1.27171203e-01 -4.28277366e-02 -1.10563394e-02 2.12465391e-01 -6.50039911e-02 2.48647318e-03 1.06723078e-01 6.72522411e-02 -4.95424261e-03 4.35557170e-03
1.34222969e-01 -5.63276172e-01 -2.29995951e-01 7.92557716e-01 -2.89464504e-01 -5.13450265e-01 1.90068513e-01 -1.89980015e-01 -1.71230108e-01 2.90985823e+00 -5.33176422e-01 9.49761927e-01 6.20013833e-01 8.82560194e-01 7.86304832e-01 9.97106582e-02 1.11677852e-02 1.00696914e-01 6.08001113e-01 3.40683699e-01 2.25131139e-01 1.37561157e-01 -1.97096363e-01 1.08558607e+00 -5.68979681e-02 1.00130931e-01 -2.75426120e-01 3.04467708e-01 1.26985339e-02 6.27819523e-02 8.16752076e-01 3.20042111e-02
-1.08215973e-01 1.86096057e-01 1.23394489e-01 7.69673064e-02 3.17650661e-02 -4.11400981e-02 -1.59163140e-02 1.12511024e-01 1.51382089e-02 -2.20622402e-02 1.63298458e-01 8.53713974e-02 8.82613584e-02 2.82365899e-03 1.43315822e-01 1.90090507e-01 3.30731012e-02 -1.07529014e-01 -1.77417602e-02 8.57426003e-02 -1.73320264e-01 -4.74591926e-02 -2.90738717e-02 5.42893168e-03 -4.58068550e-01 -2.28321195e-01 5.08388244e-02 -1.07922681e-01 -6.46387115e-02 -5.38238660e-02 3.50618511e-02 -4.68827635e-01
-6.23827195e-03 -6.85670897e-02 -5.33521473e-02 2.86531392e-02 -2.33495116e-01 3.09075695e-02 -4.92752828e-02 1.67904347e-01 6.56954497e-02 -3.35585214e-02 -1.16141690e-02 -1.92985218e-02 -6.82048798e-02 6.16955198e-02 -9.16424468e-02 2.25556448e-01 -1.11464120e-01 -9.84649807e-02 1.44861359e-02 3.25723916e-01 -2.51352817e-01 -9.66208950e-02 -9.09150671e-03 -8.25386867e-03 1.96085852e-02 -9.54512432e-02 -5.95709831e-02 -5.47252968e-02 -5.27809933e-02 5.58575429e-02 3.91904935e-02 -1.68477558e-02
8.04873049e-01 -2.88929373e-01 3.05203706e-01 3.58622074e-01 -3.70591491e-01 3.43427286e-02 -6.14009142e-01 1.37319071e-02 6.77066505e-01 4.41373512e-02 -1.82310417e-01 3.74791957e-02 4.15796675e-02 2.33653232e-01 7.60002613e-01 -6.81802869e-01 -4.72875714e-01 -7.14139342e-01 4.37857509e-01 -2.86246598e-01 -7.34360456e-01 2.24739581e-01 -9.70586613e-02 2.18862355e-01 8.56131434e-01 -3.51664200e-02 2.41088584e-01 -1.70534819e-01 -4.91510689e-01 2.44974211e-01 1.29751906e-01 4.39705811e-02
1.33564815e-01 -4.30813462e-01 -3.18501025e-01 4.43850726e-01 2.87280262e-01 -5.85991085e-01 9.17517766e-02 -1.88805871e-02 2.35181808e-01 -2.56763458e-01 -2.02886447e-01 4.18169141e-01 3.19450080e-01 -2.68859357e-01 2.69877404e-01 -4.91891652e-01 -3.66094649e-01 -6.28046691e-01 3.90632957e-01 -4.37901467e-01 -2.23000333e-01 -9.19842198e-02 3.75556320e-01 6.75969779e-01 -1.22964084e-01 -3.53058785e-01 4.77037191e-01 -7.37113506e-02 -1.15721881e-01 -3.84962797e-01 1.16037123e-01 2.21893564e-01
-1.12093367e-01 -1.05339259e-01 8.42415512e-01 5.17403036e-02 -1.18012679e+00 -2.46242315e-01 1.88757598e-01 -3.52513567e-02 6.22448027e-01 5.84747016e-01 -2.06385136e-01 -3.18264842e-01 7.00612664e-02 6.82780802e-01 8.77448991e-02 -2.21287537e+00 -3.58242184e-01 -2.72303796e+00 -2.05433872e-02 1.15641784e-02 -7.26661265e-01 7.53291786e-01 2.74902195e-01 8.82309824e-02 3.93016338e-01 1.90644935e-01 2.76523530e-01 9.43943635e-02 -3.51817459e-02 -8.19567680e-01 -6.80254698e-01 -5.67169162e-03
-1.87361225e-01 -2.49260321e-01 -2.63502866e-01 -2.86219478e-01 -2.30339438e-01 5.49668491e-01 1.66392565e-01 -9.18176621e-02 -1.47130460e-01 3.47656339e-01 -2.05434814e-01 1.72686636e-01 6.48217648e-02 -2.71151870e-01 -1.34428218e-01 -3.96174431e-01 3.02026272e-01 -5.52996039e-01 -3.06619138e-01 2.97075473e-02 -3.44758242e-01 3.91799659e-01 -1.46205336e-01 3.55389297e-01 3.72045577e-01 -5.06402493e-01 4.77888137e-01 6.84806257e-02 7.71718249e-02 1.28308177e-01 -7.86215588e-02 2.54948530e-02
4.95500624e-01 6.97910130e-01 6.84983909e-01 -4.11484122e-01 1.46260545e-01 1.23422340e-01 1.47695482e-01 -1.21428192e-01 -7.57311285e-01 9.36933398e-01 -2.95941591e-01 -2.26620153e-01 -4.31972712e-01 1.10572493e+00 1.42061114e-01 8.63163695e-02 3.89080830e-02 -9.76838887e-01 3.25618565e-01 -2.68678069e-01 4.20549326e-02 6.99357748e-01 -1.62448868e-01 -4.11536902e-01 6.63067102e-01 -7.60062873e-01 4.82783616e-01 -7.02778026e-02 -3.13088387e-01 -6.10988259e-01 -8.48632604e-02 -4.75916505e-01
-5.44569232e-02 -3.91962171e-01 2.01449096e-01 -1.73206523e-01 -2.30442420e-01 1.58111975e-01 7.68464804e-02 -2.96312392e-01 -4.54777658e-01 -3.11017990e-01 -1.03747837e-01 1.53510692e-03 -1.02957718e-01 4.46973115e-01 5.37225544e-01 2.71536767e-01 2.67323434e-01 -4.91033763e-01 4.03807350e-02 1.55280322e-01 -2.33302802e-01 3.05883288e-01 -3.22129846e-01 1.82839260e-01 -3.50418426e-02 -2.68603772e-01 4.08675641e-01 7.10607290e-01 -4.03668731e-01 -4.56439734e-01 2.83778399e-01 3.10567021e-01
-1.26069784e+00 1.08985730e-01 1.48377374e-01 -1.31517327e+00 -1.26398027e-01 -6.70802817e-02 1.88320518e-01 5.48986137e-01 1.10683724e-01 3.74870032e-01 -9.86452043e-01 7.14864194e-01 1.09496391e+00 3.59406531e-01 -6.56339586e-01 2.98615813e-01 5.65975249e-01 -4.29757208e-01 -3.11125368e-01 1.02714574e+00 -5.49098670e-01 -2.98157305e-01 -3.31814378e-01 -2.64584832e-02 5.90186656e-01 1.00302064e+00 8.52971315e-01 6.26521409e-01 5.10198355e-01 -1.03628027e+00 1.61189958e-01 2.20047414e-01
-7.75520056e-02 8.38886276e-02 3.03004503e-01 -5.23599759e-02 3.46223354e-01 -1.07821651e-01 -4.77185845e-03 2.68581863e-02 -3.84212211e-02 2.15537176e-01 2.02871077e-02 3.04690637e-02 -7.45318690e-03 -1.22062407e-01 9.91254300e-02 -1.46914512e-01 8.75989497e-02 4.11948860e-02 2.14328337e-02 -4.15165246e-01 1.49059147e-01 -1.12614177e-01 5.31762652e-03 5.77993412e-03 1.48104101e-01 -1.41172139e-02 6.94243759e-02 1.27256766e-01 3.41042764e-02 -9.30715352e-02 4.86814464e-03 5.59526347e-02
-6.98674321e-02 3.08671117e-01 2.53536820e-01 -1.16293475e-01 2.31988728e-01 5.86739071e-02 6.54527485e-01 2.75977254e-01 1.47369057e-01 -1.23303080e+00 -3.42478633e-01 5.31062484e-01 6.51654840e-01 -3.54505748e-01 -5.29079437e-01 -6.05238117e-02 6.18626773e-01 -2.78848141e-01 2.02843901e-02 -3.46897602e-01 8.12578559e-01 -3.11926067e-01 -3.29293646e-02 -1.36879230e+00 -1.27724230e-01 5.03242850e-01 -9.87803161e-01 -8.41001689e-01 2.54948765e-01 -1.17517561e-01 -5.84950782e-02 -7.58158565e-02
5.57569981e-01 -3.67806047e-01 -3.68377000e-01 5.00531673e-01 5.65234423e-02 2.52367230e-03 -8.79531726e-02 -1.72953382e-01 4.53878522e-01 -8.13577026e-02 -5.73201403e-02 -1.08564869e-01 7.01885581e-01 -2.99400032e-01 4.10305977e-01 -2.82323331e-01 -8.73945728e-02 -3.50649595e-01 1.38213426e-01 -1.34704754e-01 -2.78462380e-01 5.78126796e-02 2.28476375e-01 2.14108825e-01 -1.02185244e-02 -2.65919745e-01 8.54841471e-01 4.40718681e-01 -3.65779728e-01 3.96901131e-01 2.39365876e-01 2.75514156e-01
-2.53603250e-01 3.36370885e-01 -1.75325975e-01 -4.76659425e-02 -5.67234874e-01 -2.00165555e-01 9.17490497e-02 4.75552917e-01 -9.12141800e-02 -5.73979557e-01 -1.88535005e-01 -1.09970719e-02 -3.38348329e-01 1.80920169e-01 2.43920326e-01 -1.47061780e-01 -1.00532010e-01 2.89566964e-01 -5.10035316e-03 3.60182196e-01 -2.51143575e-01 -4.09470685e-02 -1.26763983e-02 -4.07834500e-02 -1.17783308e-01 -9.94762182e-02 2.69530773e-01 -2.53413677e-01 1.16727419e-01 5.43228909e-03 1.82874575e-02 1.65839463e-01
6.71220794e-02 -5.49432993e-01 -1.35151014e-01 -9.38334391e-02 -9.76384524e-03 -1.64985776e-01 -2.80347653e-02 -1.70466363e-01 -4.27237749e-01 4.42383051e-01 -1.84193091e-03 6.92932233e-02 3.44659656e-01 3.31270367e-01 -1.52280584e-01 -5.51054180e-01 -2.14945510e-01 -3.15691605e-02 -9.61781386e-03 4.42608669e-02 7.43800029e-02 -5.58817387e-02 5.57434261e-01 5.79759888e-02 -3.74348909e-01 2.22766757e-01 3.51464480e-01 9.99013707e-02 -6.83836564e-02 1.37068078e-01 -2.99890488e-02 -2.19504192e-01
9.95806694e-01 -2.58755796e-02 -6.07619941e-01 1.90529525e-01 2.67480105e-01 1.28602281e-01 5.08895576e-01 1.79393828e-01 -3.38150889e-01 -9.07708704e-01 -8.49943101e-01 1.37143195e+00 9.51899812e-02 -9.01048481e-01 3.30969065e-01 7.71642923e-01 1.53518701e-02 5.29975593e-01 -1.87246516e-01 1.20304592e-01 -1.49533391e+00 -4.03442651e-01 -7.65353382e-01 -1.64452359e-01 -4.13770109e-01 1.82320941e-02 2.41062015e-01 5.59622586e-01 -3.47168222e-02 5.54488748e-02 -4.37411331e-02 4.50803369e-01
-1.39724374e-01 8.77903476e-02 -9.63572085e-01 -5.50530925e-02 3.20898533e-01 3.51133257e-01 8.50765184e-02 1.19393300e-02 -2.81618200e-02 4.88544732e-01 -3.95355910e-01 -1.21088600e+00 3.62077862e-01 2.40623131e-01 -3.42686236e-01 7.10960031e-01 -3.44291702e-02 1.42792821e+00 -4.25613284e-01 1.34598970e-01 3.02145004e-01 -1.29567027e-01 -1.46480016e-02 6.30255580e-01 -2.57037491e-01 7.59806156e-01 -7.91009665e-02 -2.73324609e-01 8.41563195e-02 1.36708394e-01 6.89776123e-01 -7.92038888e-02
-7.11020734e-03 3.71184021e-01 -1.78177014e-01 -6.26167893e-01 -2.15389468e-02 7.25618780e-01 2.93137848e-01 8.03060889e-01 3.07264954e-01 2.81381130e-01 9.44015086e-01 -2.57203966e-01 9.51542407e-02 2.02638164e-01 3.62434424e-02 -6.48106098e-01 3.00407916e-01 1.10482825e-02 -3.29677016e-01 -5.18255591e-01 -4.41960134e-02 -2.31497690e-01 2.46743023e-01 1.26566067e-01 -2.09789008e-01 1.86891422e-01 2.51573380e-02 -3.29242796e-02 -5.48990130e-01 2.44632781e-01 -2.01326638e-01 9.89110991e-02
8.67786780e-02 2.54091416e-02 -1.34963557e-01 5.63182402e-03 -3.15423310e-02 5.28612994e-02 1.18874051e-02 7.27161616e-02 -1.44124050e-02 -3.93528976e-02 -5.38336523e-02 -3.83517325e-01 2.46102199e-01 2.28902146e-01 8.44608713e-03 9.45792049e-02 8.53393674e-02 -7.31959566e-02 1.15094222e-01 2.57077634e-01 1.26693889e-01 2.74792731e-01 5.96991833e-03 2.20581084e-01 -1.07762568e-01 -2.85687774e-01 -1.79652765e-01 -1.86308458e-01 -3.07499617e-01 -1.45538926e-01 3.82451601e-02 -2.69167691e-01
4.01055366e-01 6.55519366e-02 5.86134911e-01 3.71807069e-01 2.90733844e-01 4.37829584e-01 9.45045531e-01 -3.39573115e-01 7.63170481e-01 -4.82289232e-02 -6.35265708e-01 1.86465904e-01 -4.98755962e-01 -4.22806948e-01 -2.54829377e-02 1.72100350e-01 -5.53923905e-01 -5.49669564e-01 2.55169690e-01 8.81997589e-03 -8.51454660e-02 6.04835153e-01 2.50134826e-01 6.33406579e-01 4.95877750e-02 -1.11280099e-01 -2.56546646e-01 1.55963704e-01 2.02846780e-01 3.91926736e-01 -1.37022629e-01 -1.50569566e-02
-3.12876076e-01 -5.02762735e-01 1.47308493e+00 1.22214459e-01 -9.55615640e-01 -1.38412222e-01 -1.19677067e+00 -1.00307143e+00 3.23427230e-01 1.08673465e+00 3.34566906e-02 -5.06327391e-01 -3.24971586e-01 1.05350506e+00 6.13646388e-01 -2.17941785e+00 1.91134125e-01 -2.93454504e+00 1.79032791e+00 8.11346769e-01 -5.73984981e-01 1.68126833e+00 -4.00417238e-01 2.90033370e-01 3.32206994e-01 -7.29937196e-01 -2.15976745e-01 3.95428538e-01 1.52253687e-01 6.57037869e-02 7.87839890e-01 1.62178680e-01
7.77628459e-03 -1.57156419e-02 6.03624918e-02 4.60384451e-02 3.98541898e-01 -7.92230200e-03 3.21074884e-04 1.97975468e-02 4.15693298e-02 -1.87725686e-02 -1.47787016e-02 -7.60967433e-02 9.94868651e-02 -1.35226576e-02 -2.15791818e-03 -5.05995862e-02 4.92996722e-03 -3.96497287e-02 -7.62558877e-02 8.02338645e-02 1.34345233e-01 5.32096811e-02 -1.64610930e-02 -4.30521462e-03 -1.37499630e-01 -1.47476017e-01 1.99683197e-02 3.69168848e-01 -4.64238673e-02 -5.41690104e-02 1.10938482e-03 -2.40783483e-01
-3.96537095e-01 1.94113299e-01 -1.33349419e-01 -7.82870650e-02 -2.08932653e-01 -2.13394519e-02 -2.76032954e-01 7.05303609e-01 2.58475523e-02 -1.40805796e-01 -1.66258499e-01 6.42019153e-01 5.06979287e-01 1.04364589e-01 1.15020491e-01 1.13465868e-01 -2.51743160e-02 1.08605392e-01 -1.53846622e-01 3.22099663e-02 -8.79936144e-02 -6.17344797e-01 -2.05714673e-01 -2.66083091e-01 -3.07504922e-01 -1.67170495e-01 -6.16688550e-01 3.55283529e-01 -2.48889551e-01 -2.56398380e-01 -2.47634932e-01 4.91573393e-01
1.11257695e-02 -2.18133882e-01 5.22521734e-01 3.28467876e-01 -5.93554854e-01 2.82949537e-01 2.93532521e-01 -6.47472382e-01 5.43122709e-01 3.26089770e-01 -2.14404948e-02 3.37238133e-01 -1.58776909e-01 1.75154462e-01 2.01950923e-01 -2.15217733e+00 8.95328373e-02 -1.06967258e+00 1.12543389e-01 1.16871968e-01 -2.85241827e-02 1.19760260e-01 2.96219349e-01 2.53075391e-01 -2.01517254e-01 -6.01723492e-01 -8.04093946e-03 -2.25775212e-01 -4.69879091e-01 -4.20144111e-01 4.77473140e-01 -3.36017847e-01
-1.14521779e-01 8.45434591e-02 -1.96872771e-01 1.45205572e-01 -9.12985206e-02 -1.07606128e-01 2.89491296e-01 -2.04626933e-01 -5.81511199e-01 1.55423570e+00 -3.80016983e-01 -6.01180121e-02 -2.68435895e-01 1.25140369e+00 -2.89075077e-01 5.97299300e-02 5.09267673e-02 3.58170010e-02 -6.19616248e-02 -2.74997860e-01 -5.40831685e-03 1.91959321e-01 -1.15783274e-01 -1.86687246e-01 -1.79876626e-01 6.95983469e-02 4.26562846e-01 4.85429376e-01 1.46407858e-01 -4.73212808e-01 2.46643543e-01 -5.30194603e-02
-1.50293201e-01 -2.51085460e-01 6.32457733e-01 4.94415104e-01 -1.74124971e-01 -3.26479733e-01 -1.02803731e+00 1.27965540e-01 2.11967111e-01 4.80303526e-01 1.17426544e-01 -7.84413815e-02 9.97137278e-02 2.39263609e-01 -1.90016076e-01 3.91048700e-01 -2.72706281e-02 8.53743628e-02 -1.47942021e-01 -3.58739227e-01 9.47892129e-01 3.66163671e-01 4.18509334e-01 -5.54412305e-01 -2.30229609e-02 9.22751427e-03 -1.90850392e-01 2.59387851e-01 -1.23541027e-01 3.45719248e-01 -1.27260685e-01 -2.39057690e-01
1.07167447e+00 -3.66771251e-01 5.23741245e-01 9.45885658e-01 -5.01022816e-01 2.36411378e-01 -7.74041533e-01 -5.58944821e-01 6.85079098e-01 -7.54500151e-01 -3.08467984e-01 7.62134671e-01 -1.20451784e+00 -2.26550266e-01 6.60773039e-01 -5.74047565e-01 -6.63691461e-02 -3.29274893e-01 6.53842390e-01 7.62423217e-01 3.11699778e-01 -4.34371591e-01 -2.08819509e+00 -5.33270121e-01 5.14429629e-01 5.86675763e-01 -8.43472719e-01 -3.43638182e-01 -5.93273155e-02 1.22240341e+00 -5.68707705e-01 -9.78173837e-02
-2.10222956e-02 1.70701593e-01 -5.54965623e-02 -4.82609496e-02 -1.47634149e-01 -3.42890173e-02 4.78558727e-02 -3.83243449e-02 -5.70830740e-02 -3.48754786e-02 4.25992869e-02 9.17812064e-02 8.57668594e-02 -6.58072829e-02 1.82172224e-01 -1.65356979e-01 1.02526531e-01 1.59805492e-01 -3.23532671e-02 -2.79262036e-01 1.38936087e-01 2.90649757e-02 -2.63212482e-03 -2.02153698e-02 -3.14514935e-01 -3.86310704e-02 2.06603128e-02 -7.54597187e-02 -1.93316452e-02 -7.44244782e-03 -3.16828676e-02 -2.07889199e-01
1.39647126e-01 3.03061485e-01 1.61149037e+00 4.24707472e-01 -1.08084130e+00 1.42964318e-01 -1.82682589e-01 -5.49777687e-01 8.17174852e-01 5.61416507e-01 1.83187962e-01 -3.29593480e-01 -8.74108076e-01 9.88546550e-01 1.75340494e-04 -3.18925405e+00 -2.57384211e-01 -4.27211952e+00 3.73991609e-01 1.26988962e-01 -1.21040618e+00 9.59721506e-01 3.29430401e-01 1.72023505e-01 2.29811549e-01 -1.34262085e-01 -5.45748055e-01 6.18898571e-01 -1.65883869e-01 -2.74175443e-02 6.19033203e-02 -7.78220920e-03
-9.35083807e-01 5.05410694e-02 -1.38956681e-02 -6.17669284e-01 1.91510603e-01 -1.26691777e-02 -3.20590377e-01 4.42544132e-01 -1.51208580e-01 4.63627763e-02 2.39667848e-01 -4.22335535e-01 3.22837412e-01 5.57034194e-01 -2.75861710e-01 -1.00080319e-01 7.91421011e-02 1.17377691e-01 -4.60541606e-01 3.69481556e-02 2.18742102e-01 5.76143086e-01 3.65843564e-01 -9.42846611e-02 7.15097114e-02 2.13577673e-01 -5.90661049e-01 -7.63299838e-02 1.08396806e-01 -4.35065269e-01 1.39481887e-01 -9.48940575e-01

layers.2.bias:
-1.39812124e+00
-8.21938634e-01
6.67284310e-01
-6.39110029e-01
2.31856376e-01
-3.91125202e-01
2.73690104e-01
2.14958239e+00
5.96468270e-01
8.18776548e-01
-9.38853025e-01
-1.39671445e+00
-3.79753888e-01
9.16826963e-01
-2.78704822e-01
-7.25096524e-01
-7.22099245e-02
-7.75861919e-01
3.36852342e-01
-8.72254819e-02
-1.80321306e-01
8.02755237e-01
8.52745175e-01
-1.24900132e-01
-3.88440341e-01
1.04971051e+00
-9.42311645e-01
-1.11819494e+00
4.93012577e-01
-1.25057244e+00
2.68999822e-02
-3.65823805e-02
7.94861257e-01
1.19721100e-01
-3.44475865e-01
-1.99401733e-02
-1.38696089e-01
1.38251865e+00
1.01828599e+00
-1.80977508e-01
9.93726313e-01
-1.86264858e-01
-5.49888849e-01
1.37774944e+00
2.61628598e-01
-9.11480546e-01
1.01097763e+00
-3.61232936e-01
8.22383583e-01
1.76319337e+00
1.80248693e-01
3.14894646e-01
1.19409665e-01
-6.45156026e-01
1.81963995e-01
-2.93133352e-02
8.11493933e-01
-1.29012808e-01
-2.36852989e-02
-6.80141926e-01
6.46066844e-01
6.77719191e-02
-2.24067912e-01
6.02355897e-01

layers.4.weight:
3.63864899e-01 4.79459353e-02 -4.47614379e-02 -3.66679952e-03 4.22443636e-02 5.35310730e-02 2.90751719e-04 -7.24693835e-01 4.49060500e-02 -3.75202507e-01 6.18388988e-02 9.21486557e-01 -1.79602337e+00 -1.25220090e-01 1.82066057e-02 -1.42704928e+00 -6.49625144e-04 6.61366507e-02 -4.09442484e-02 4.57284768e-04 -1.07392715e-02 -1.72541607e-02 -2.09698826e-02 2.14684099e-01 -5.55340387e-02 -2.88704094e-02 5.12959203e-03 7.34829128e-01 -3.36852431e-01 3.79572421e-01 -2.19386853e-02 -1.00557677e-01 1.32569363e-02 -1.06392556e-03 8.47734660e-02 2.69271823e-05 -1.95882400e-04 -1.66800648e-01 -6.80848071e-03 1.67998478e-01 -2.25508492e-02 3.17898333e-01 1.96691658e-02 -1.16402529e-01 -8.45652132e-04 1.37797102e-01 -1.38957258e-02 3.34025768e-04 -9.24267173e-02 -6.80018067e-01 -8.00732747e-02 -3.81953651e-05 1.76949054e-03 3.15300263e-02 -1.11298001e+00 -1.18175801e-03 6.89299850e-05 -2.60276675e-01 -6.45490512e-02 2.18512155e-02 -2.31396258e-02 -2.35329862e-04 7.17379034e-01 -1.06484657e-02

layers.4.bias:
-1.10576582e+00

