layers.0.weight:
3.31696361e-01 -5.67613244e-01 7.97264636e-01
5.69172144e-01 -8.09445798e-01 -5.80563486e-01
-8.31293464e-02 -6.13938749e-01 -5.77727258e-01
-1.07055378e+00 1.15616508e-01 4.58123112e+00
2.67282110e-02 4.11940843e-01 1.16166264e-01
-5.79876065e-01 8.58121514e-01 -1.84879377e-01
-1.31842160e+00 4.86020595e-01 -9.88645032e-02
-6.01682402e-02 7.88846374e-01 -9.23566997e-01
6.03414774e-01 -9.26082134e-01 5.12713566e-02
-1.11527514e+00 5.86289167e-02 -1.64189592e-01
7.53551662e-01 -9.85680073e-02 1.41279221e+00
-7.16238439e-01 -1.31785080e-01 -1.29353356e+00
-4.30584475e-02 7.12955832e-01 -1.57757306e+00
-1.16726887e+00 2.10410804e-02 5.00053525e-01
-6.46977663e-01 1.09646142e+00 7.52028525e-01
-1.81771189e-01 9.48456824e-01 1.64468549e-02
5.46070874e-01 -6.33792400e-01 -1.45019031e+00
-1.15504665e-02 1.12846863e+00 1.84981868e-01
8.07071701e-02 -9.54183042e-01 5.35116851e-01
3.41117471e-01 -1.28724232e-01 -8.64976227e-01
2.23475501e-01 1.65966094e-01 -5.10879010e-02
-3.24195027e-01 -2.56797969e-01 -1.00232065e+00
-4.64660525e-01 1.65601885e+00 -4.46076952e-02
-1.56447518e+00 4.06930357e-01 1.75152493e+00
1.05132234e+00 3.79940838e-01 -7.78481364e-01
2.59609371e-01 6.71772659e-01 -1.17486012e+00
-1.16151750e-01 -2.13369340e-01 1.90187418e+00
-3.97779703e-01 -2.44972542e-01 1.92939892e-01
3.22416067e-01 7.57217348e-01 -1.46468067e+00
-1.04933763e-02 4.65525806e-01 1.70563948e+00
-2.89658904e+00 2.84448242e+00 -1.78299040e-01
-1.26738083e+00 -5.19488692e-01 1.02004325e+00

layers.0.bias:
8.77201200e-01
4.81547834e-03
-1.42384720e+00
-6.34384930e-01
7.07518518e-01
-2.04255387e-01
-3.54310095e-01
2.86240637e-01
-7.45998621e-01
-1.59115899e+00
1.64644122e-01
1.80825554e-02
2.46107668e-01
-1.21306002e+00
-2.90836543e-01
1.43946290e+00
9.34610724e-01
1.82654703e+00
-6.68276668e-01
5.78918040e-01
-1.44309163e-01
-1.35729384e+00
1.02535832e+00
-7.05530941e-02
1.36946186e-01
5.60703695e-01
8.80503118e-01
-1.57881156e-01
-4.88352716e-01
7.31267482e-02
8.91685039e-02
-6.70209900e-02

layers.2.weight:
-3.65164727e-01 2.00184271e-01 7.60114416e-02 -4.77489084e-01 -5.67581132e-02 4.02031876e-02 9.48869139e-02 -5.63232526e-02 -1.14241742e-01 2.83445811e+00 9.16477069e-02 5.92253990e-02 -2.26451859e-01 2.42354584e+00 -1.61158696e-01 3.97138268e-01 -8.48434567e-02 6.19859040e-01 1.26703411e-01 -2.84280866e-01 2.68653840e-01 -8.01068172e-02 -5.23528874e-01 6.05833828e-01 -1.02895968e-01 6.12739682e-01 -7.82716930e-01 -1.54821604e-01 -2.13726074e-01 -2.10515484e-01 -1.97338596e-01 2.63184011e-01
-2.11029947e-02 2.08837703e-01 -8.42770517e-01 3.95270437e-02 -4.22643542e-01 7.55264983e-02 -9.20247614e-01 -5.02335548e-01 6.74798131e-01 5.90717196e-01 3.34986150e-01 -2.60637581e-01 2.53758967e-01 -7.49806538e-02 -3.69850636e-01 5.69597669e-02 -3.24579090e-01 2.47590378e-01 -3.86798292e-01 -4.55283150e-02 6.14619613e-01 -1.34829074e-01 -4.76947933e-01 -6.73331320e-02 7.53452182e-02 -5.94473146e-02 -3.37781340e-01 -5.62277853e-01 8.50070789e-02 -2.34738335e-01 -8.20062011e-02 9.77521837e-02
2.80021243e-02 5.65220900e-02 3.65662538e-02 -6.76539719e-01 -8.24140608e-01 -9.29490700e-02 -5.59029460e-01 2.52608776e-01 5.38457572e-01 6.81159079e-01 -4.69653428e-01 -1.66367516e-01 8.67070630e-02 8.58100969e-03 -1.49999604e-01 -9.03502762e-01 -1.10254452e-01 -9.71636176e-01 -2.64695678e-02 2.52931416e-01 -4.39321578e-01 -2.97270328e-01 3.25236976e-01 -1.26099598e+00 -8.36205304e-01 3.51036966e-01 -1.09594369e+00 3.01538587e-01 3.51771295e-01 -3.03791344e-01 1.95091106e-02 4.11730528e-01
3.16957206e-01 2.77299737e-03 8.62225518e-03 1.41530347e+00 5.30634999e-01 3.13842833e-01 5.89830637e-01 -3.12366277e-01 -7.19862282e-02 -1.12698726e-01 2.29983166e-01 -1.32543653e-01 -6.46117985e-01 9.05070826e-02 5.51135063e-01 6.42007828e-01 -2.21543714e-01 6.81559205e-01 3.95263314e-01 -8.68041515e-01 -8.53844285e-01 -2.20607445e-01 2.97011554e-01 1.33891177e+00 -2.05193564e-01 -6.22388840e-01 5.67511201e-01 1.76074967e-01 -7.36251593e-01 -8.85017589e-02 -9.21134353e-02 4.41370934e-01
1.23255000e-01 -3.59448552e-01 2.26648703e-01 -4.34974074e-01 1.64250642e-01 -3.11492890e-01 -1.54885483e+00 1.77204564e-01 1.54468477e-01 -5.54501653e-01 4.47217107e-01 -7.71170914e-01 7.97035336e-01 -8.18397522e-01 -7.66504034e-02 -7.85493374e-01 -3.44066381e-01 -7.57738113e-01 -1.74678281e-01 -1.16738133e-01 9.02327061e-01 -5.87753057e-01 2.44988009e-01 -3.25192243e-01 -6.98046744e-01 6.46810055e-01 1.08298071e-01 -6.72682285e-01 -2.10149780e-01 6.30692959e-01 -2.12437034e-01 -7.05028251e-02
-2.96571195e-01 2.22354591e-01 4.20651615e-01 1.63227245e-01 -1.07879114e+00 -3.63917112e-01 -2.17271492e-01 2.52478391e-01 4.82109576e-01 -6.14254661e-02 6.17478371e-01 2.93600738e-01 -8.12489837e-02 -1.08560681e-01 -2.58554369e-01 -1.27980566e+00 -3.84351611e-01 -1.58813417e+00 7.92764783e-01 -2.66268700e-01 -6.08928561e-01 -3.00914031e-02 -7.89756119e-01 -2.53779441e-01 9.89903435e-02 7.35838488e-02 1.47595286e-01 1.15882325e+00 -2.03533918e-01 -4.34426665e-01 -1.07257593e+00 2.59143323e-01
2.77073067e-02 1.32589974e-03 -2.30999246e-01 -5.64488443e-03 -1.26174748e-01 1.58960655e-01 -8.08795020e-02 -4.19233650e-01 -9.89534333e-02 2.64820218e-01 2.99940526e-01 7.29031637e-02 2.84935683e-01 2.22181119e-02 -2.03763619e-02 -2.66909212e-01 2.16449909e-02 1.13082491e-01 -1.54029438e-02 -3.12293530e-01 -3.76067430e-01 8.13419521e-02 4.02814560e-02 2.21062638e-02 1.73008874e-01 2.62729883e-01 -3.57826740e-01 -4.50796902e-01 -1.40271291e-01 7.48490915e-02 4.53036791e-03 1.36690751e-01
3.40685636e-01 1.39628604e-01 -3.94219160e-01 3.45018536e-01 2.61433482e-01 -6.70468807e-01 1.22223936e-01 4.91292953e-01 9.17900279e-02 -2.89522260e-01 -1.49569079e-01 9.85202491e-01 3.23661059e-01 -5.56726217e-01 -2.08589152e-01 1.78629756e-01 5.37662268e-01 1.51432827e-01 2.79969752e-01 5.14922976e-01 -1.46352816e+00 -8.93787682e-01 1.23422004e-01 2.84118950e-01 2.11376935e-01 7.51634598e-01 5.92396200e-01 5.33399761e-01 -6.11897349e-01 4.82598305e-01 1.88826948e-01 -2.73239851e-01
2.61109471e-01 3.92522514e-01 -6.48729682e-01 -2.87902832e-01 1.61649692e+00 -6.02137208e-01 -3.19470555e-01 -3.92430693e-01 -7.77106464e-01 1.34883687e-01 4.31964546e-01 2.78069645e-01 7.08267689e-01 -3.36414784e-01 -5.29568605e-02 2.29344821e+00 4.55590457e-01 1.87490654e+00 -4.37309265e-01 -1.04200607e-02 -4.88299057e-02 -2.99160928e-01 -1.06459253e-01 1.87465221e-01 -1.35060325e-01 3.84721458e-01 3.16563398e-02 1.55947819e-01 -1.63208008e-01 1.24944016e-01 1.98559940e+00 -8.31872076e-02
-6.41720235e-01 8.38360339e-02 -8.36647004e-02 -5.45151472e-01 4.29444194e-01 4.87136580e-02 -4.59351614e-02 4.03118044e-01 3.77432585e-01 -1.40028477e-01 -1.64255407e-02 2.63314873e-01 2.08887398e-01 1.51488423e-01 -3.14389050e-01 -5.80601513e-01 3.27051431e-01 -4.16582853e-01 -4.51234937e-01 -2.44907029e-02 -6.24997795e-01 -2.11048767e-01 1.49294421e-01 -8.16818103e-02 -1.97755411e-01 -6.70562685e-02 -1.96507424e-01 2.19094053e-01 2.86233902e-01 1.41425997e-01 1.74759939e-01 -2.25893687e-02
2.08898395e-01 -2.83740610e-01 -2.92912032e-02 -3.92511487e-01 -6.41469955e-01 -3.85378093e-01 -3.30601424e-01 1.68224916e-01 4.98698771e-01 2.73856074e-01 -5.59926271e-01 -8.44327435e-02 8.85378718e-01 -3.41811717e-01 -2.25509152e-01 -3.20896298e-01 -6.09812975e-01 -1.07430661e+00 -1.10221328e-02 -7.80312531e-03 1.02055264e+00 -2.25198627e-01 -9.23434496e-01 1.40346482e-01 -1.15395389e-01 -3.52527164e-02 -4.63323891e-01 -5.22458017e-01 2.76217908e-01 -4.27522093e-01 -1.52550161e-01 3.85529071e-01
-2.00585127e-01 -2.85281211e-01 1.66167736e+00 -8.51398945e-01 -5.89675367e-01 2.84265667e-01 -1.69465095e-01 -3.49317461e-01 -1.72673818e-02 1.86370468e+00 8.38469416e-02 -2.67081082e-01 2.80679375e-01 3.16284537e+00 2.97135949e-01 -5.70870578e-01 1.91163540e-01 -2.21815610e+00 4.77378547e-01 -3.87342721e-01 4.37451541e-01 5.88000059e-01 -1.04466051e-01 8.35936427e-01 8.47294107e-02 -5.36812484e-01 3.05942833e-01 -2.70046532e-01 2.02517509e-01 7.24450201e-02 2.51356840e-01 -5.03874004e-01
-7.16752470e-01 -1.98281810e-01 1.07605803e+00 4.25801814e-01 -1.21883094e+00 6.90768659e-01 3.27644199e-02 -9.73467290e-01 4.37208056e-01 5.69625676e-01 2.02823788e-01 1.44225419e-01 -5.28581440e-01 -8.19832832e-02 5.30415237e-01 -5.09798384e+00 -1.11634299e-01 -6.94738293e+00 6.48490548e-01 -1.04390943e+00 -6.83787286e-01 5.28019369e-01 6.90776587e-01 -8.44337642e-02 -2.88495392e-01 -2.83116847e-01 -3.41992438e-01 7.43238568e-01 -6.94253147e-01 -3.17151129e-01 -1.09092414e+00 -2.48275980e-01
6.92117438e-02 -1.78592041e-01 -6.44748867e-01 -6.46930560e-02 -1.17923975e-01 -6.68901280e-02 3.19536567e-01 3.17279041e-01 3.19486797e-01 -2.56012082e-01 5.21321833e-01 -1.66664258e-01 3.29157501e-01 -8.10876906e-01 -3.18418205e-01 2.03439668e-02 -2.57492244e-01 2.52916306e-01 -7.73685873e-02 1.29917175e-01 -7.41279125e-02 -1.54569179e-01 3.14662755e-02 -2.16838717e-01 -1.69505134e-01 7.51489580e-01 -4.09142254e-03 8.78752172e-02 -2.11215034e-01 2.59793937e-01 1.04193710e-01 4.05119061e-01
-1.11021900e+00 9.19871479e-02 -1.69104263e-01 4.40500408e-01 -1.05008148e-01 7.97869563e-01 -3.37915540e-01 -1.99334413e-01 3.40297848e-01 -1.01871975e-02 -6.67811632e-01 1.43416077e-01 5.51295578e-02 -1.93583027e-01 -1.63482115e-01 -7.36749887e-01 1.24994420e-01 -6.06395006e-01 -3.30978692e-01 2.13918358e-01 1.44392133e+00 8.70918691e-01 1.17941782e-01 3.12581092e-01 -4.23391402e-01 8.82946234e-03 -4.90861326e-01 5.00405468e-02 7.07902849e-01 -1.45031124e-01 1.47323171e-02 1.82348430e-01
-5.73995054e-01 -7.66704977e-02 3.55692580e-02 1.36209637e-01 -1.85092792e-01 3.00256550e-01 -9.34713840e-01 -9.14290324e-02 7.71240145e-02 5.21461058e+00 5.65879583e-01 4.23694730e-01 2.17288375e-01 2.66427827e+00 7.76564842e-03 -1.67549402e-02 -4.31781113e-01 -6.09159693e-02 4.00689729e-02 -2.04950243e-01 -6.90902412e-01 4.06061113e-01 2.46603489e-01 2.78981715e-01 -3.80236506e-01 -4.27703023e-01 -6.32492602e-01 3.22891206e-01 -1.08026549e-01 -6.58612788e-01 2.60042697e-01 -2.55333126e-01
-1.71865001e-02 1.42868742e-01 -6.35269210e-02 3.24459039e-02 1.03052715e-02 1.22996280e-02 3.09856366e-02 -6.23298325e-02 1.65045843e-03 -2.04762936e-01 6.43401518e-02 4.06559072e-02 4.82833460e-02 8.06242451e-02 1.24528989e-01 2.01068465e-02 4.24316414e-02 1.44018857e-02 -2.19193101e-03 1.11589946e-01 2.50651896e-01 1.19169489e-01 1.15091158e-02 2.64940653e-02 6.17240220e-02 1.93411913e-02 5.51867373e-02 2.78734237e-01 3.07849469e-03 -2.70069530e-03 6.08816696e-03 2.09743921e-02
1.58964306e-01 -1.60020724e-01 -6.26999617e-01 7.74780214e-02 1.92212090e-01 -1.72306120e-01 -2.33185783e-01 -3.29274267e-01 2.95246482e-01 -6.49672985e-01 1.10191166e-01 -6.25045374e-02 1.73960879e-01 9.60405618e-02 -3.70403565e-02 1.42145008e-01 -3.43987048e-01 5.06628096e-01 -1.57840490e-01 8.83885443e-01 3.75006348e-01 4.15909290e-02 -4.28657830e-01 -9.25857052e-02 -1.13228120e-01 -4.60484952e-01 8.70831132e-01 -5.77052593e-01 2.47445866e-01 3.40774983e-01 -2.87341280e-03 1.81863189e-01
-2.09256381e-01 -1.00952081e-01 -4.04711664e-01 -1.60467237e-01 5.91938496e-01 -9.55019705e-03 4.67972979e-02 6.49784580e-02 4.51850384e-01 -5.21067858e-01 -1.11491755e-01 -9.70967948e-01 4.25522029e-01 -2.45899081e-01 -1.69258192e-01 2.92806238e-01 -1.58291057e-01 5.20670176e-01 1.94637582e-01 -1.04962096e-01 -2.59590186e-02 -2.67545193e-01 4.85573471e-01 -2.78595299e-01 2.39940941e-01 1.50420710e-01 -1.29165307e-01 3.27637881e-01 4.54106461e-03 3.96895856e-01 4.49505150e-01 1.23862483e-01
7.09070191e-02 1.78156868e-01 -3.04575707e-03 6.99362308e-02 -6.28810227e-02 9.38751325e-02 -2.91305389e-02 -8.16394538e-02 5.23489751e-02 7.92323649e-02 6.45835549e-02 1.15142815e-01 -6.74683154e-02 -7.79119283e-02 1.19219147e-01 4.53607529e-01 5.93212619e-02 -2.94635713e-01 4.55502979e-02 -9.84656438e-02 -1.09272927e-01 -1.26181751e-01 1.88175472e-03 -3.13183144e-02 4.01046872e-02 1.25658154e-01 6.07156614e-03 9.77231655e-03 1.05850063e-01 1.53040420e-02 5.06710215e-03 3.90920006e-02
6.09671175e-01 -1.08171880e-01 6.16892934e-01 5.35238802e-01 -2.03632772e-01 -3.26525360e-01 -6.35966003e-01 -1.45135626e-01 -3.36080641e-01 -8.82873118e-01 -1.08488880e-01 9.91536617e-01 4.85255182e-01 -4.54239488e-01 6.60460532e-01 7.14484394e-01 -4.57438491e-02 -1.19298771e-01 5.11091828e-01 4.77467686e-01 -6.27185583e-01 7.58091435e-02 4.78354454e-01 1.82952374e-01 -4.06849645e-02 -3.80981028e-01 1.03739426e-01 5.23295939e-01 -1.56293601e-01 -7.99841210e-02 1.14077777e-01 5.54563820e-01
2.67923772e-01 -9.28405672e-02 5.78122959e-02 1.25402287e-01 3.84477563e-02 1.14124410e-01 9.30627346e-01 9.00416598e-02 4.58966643e-01 2.07515463e-01 2.98369795e-01 4.06979114e-01 -3.72383505e-01 -5.90012789e-01 8.13794509e-02 -9.68925595e-01 -3.35673317e-02 -7.06304252e-01 -8.62156302e-02 -4.18258458e-01 -5.59417427e-01 2.13993061e-02 2.36639291e-01 -6.06645793e-02 1.16553999e-01 -3.97245377e-01 -7.29010224e-01 4.52270001e-01 -9.33082327e-02 -2.13905901e-01 2.41009444e-01 -1.07684322e-01
1.68420270e-01 6.41289055e-02 -3.24946523e-01 4.02896076e-01 1.22310713e-01 2.55647272e-01 2.63203889e-01 -2.87202269e-01 -2.66185164e-01 2.23618641e-01 1.42201930e-02 9.09946561e-02 4.38716590e-01 3.59081984e-01 -2.62179881e-01 -3.10420096e-01 6.06838226e-01 -5.44203334e-02 9.22742188e-02 -1.88360140e-01 -4.51736033e-01 2.50423588e-02 -4.58324283e-01 1.58852741e-01 -3.77985716e-01 -1.06005296e-01 -5.56638315e-02 -4.72880095e-01 9.57721192e-03 -1.21182270e-01 -1.02335304e-01 -2.42616594e-01
7.35496998e-01 -6.58686459e-02 -2.60338485e-01 1.78609520e-01 1.28034815e-01 -4.39608872e-01 -6.60085604e-02 3.32184881e-01 2.91087389e-01 -2.50696969e+00 1.25484079e-01 1.44708812e-01 3.71460170e-01 -1.58525646e+00 1.64803550e-01 3.12190354e-01 1.12355225e-01 2.23841071e-01 -2.38874152e-01 -2.85350624e-02 5.21902084e-01 -2.13901639e-01 -2.81189054e-01 -2.92583127e-02 -3.40696782e-01 -1.98190972e-01 -4.77138497e-02 -1.87309936e-01 2.36634567e-01 1.19925767e-01 -1.03404947e-01 -2.05952331e-01
-7.89124072e-01 1.94139510e-01 7.78517574e-02 8.64291862e-02 -2.18663558e-01 -3.92360866e-01 9.51892018e-01 -8.29086527e-02 -9.21193182e-01 6.81236804e-01 -7.60894179e-01 7.61135519e-02 2.00472817e-01 3.17322537e-02 -7.44945765e-01 2.08735988e-01 6.39535844e-01 2.73886323e-01 4.06097651e-01 5.32622412e-02 -2.32469976e-01 4.07578140e-01 4.87650603e-01 9.19947684e-01 -3.51808280e-01 5.54667771e-01 -6.55153990e-01 -4.88468036e-02 8.99610758e-01 -4.89249319e-01 6.41753301e-02 -7.06016943e-02
-5.25827944e-01 5.99304199e-01 -5.82555048e-02 -1.32663265e-01 6.08026564e-01 1.49813920e-01 -2.22094115e-02 5.09377420e-01 -3.09739590e-01 4.71665084e-01 7.30816424e-02 -1.65210843e-01 2.11473599e-01 1.81184188e-01 -5.38772345e-01 -1.61971226e-01 -1.27215832e-01 -3.42863239e-02 3.91898513e-01 -3.61420900e-01 -2.49274098e-03 -2.87794769e-01 2.02628523e-02 -5.75500727e-01 1.51913077e-01 -2.04547182e-01 -5.55058777e-01 -5.47821999e-01 1.56548709e-01 -3.55356246e-01 -2.33558580e-01 -2.93673605e-01
-1.62332326e-01 2.20821798e-01 4.72760737e-01 3.62220824e-01 -3.21139008e-01 -2.70526111e-01 -1.51243418e-01 6.18036743e-03 3.36646974e-01 -4.22375232e-01 -5.81878781e-01 -7.29184151e-02 -2.71421492e-01 -2.41836444e-01 8.03223178e-02 4.22997326e-01 -9.48770121e-02 1.50609851e-01 2.74985045e-01 1.91377014e-01 1.37231812e-01 -7.41452098e-01 1.72675058e-01 1.10127017e-01 3.39858681e-01 1.60832882e-01 1.22897765e-02 -6.20473981e-01 -2.27327466e-01 -1.15594774e-01 1.09768830e-01 -3.33600789e-01
-7.93918431e-01 4.77181196e-01 -6.27449036e-01 -1.02619410e+00 -1.82003736e-01 -2.31991202e-01 -3.27607185e-01 4.40384030e-01 1.06933571e-01 4.60880101e-01 -4.79820743e-02 1.90401316e-01 1.97090104e-01 2.74965018e-01 -2.24442296e-02 1.07315242e+00 7.01234698e-01 1.22866845e+00 -8.78055274e-01 8.84962156e-02 5.95517278e-01 -7.83664763e-01 -6.46858513e-01 3.91917288e-01 -1.35903999e-01 -4.12032485e-01 2.60231525e-01 1.67502776e-01 6.31760180e-01 -8.30317259e-01 1.89503253e-01 -2.67654747e-01
2.07574904e-01 -5.30592561e-01 -4.00495790e-02 -1.17634811e-01 -6.16933882e-01 4.99401748e-01 1.41105382e-02 -4.84523892e-01 5.62048256e-01 8.50953162e-01 -2.37679258e-01 1.27330229e-01 5.51341116e-01 3.89142126e-01 6.91894675e-03 -1.06446302e+00 -4.47767228e-01 -1.06471360e+00 9.93062928e-02 2.17383131e-01 2.14600816e-01 3.59173059e-01 1.77640393e-01 1.45358503e-01 3.06070596e-01 1.01766326e-01 -4.12470609e-01 -2.44212836e-01 -3.04488420e-01 -3.41246754e-01 4.32477057e-01 2.68981874e-01
-9.82601792e-02 -1.00759947e+00 3.89939159e-01 1.54173160e+00 1.90101177e-01 1.32166728e-01 -9.05460566e-02 -2.23106235e-01 -2.56650478e-01 2.65949249e-01 1.05016530e+00 -9.59660053e-01 -1.06264329e+00 -3.65828633e-01 2.35167801e-01 2.92673651e-02 -1.22390091e+00 7.85005391e-01 5.83775282e-01 -5.76318085e-01 1.00931287e+00 2.33105317e-01 5.64915761e-02 -1.23213507e-01 2.09141299e-01 -4.60709393e-01 1.62724331e-01 -2.14520052e-01 -8.37154031e-01 1.22726941e+00 -5.86554468e-01 -1.73977226e-01
-7.66024113e-01 -2.30655909e-01 2.90759832e-01 1.67251736e-01 2.20061094e-02 2.83696383e-01 3.09742659e-01 6.61687329e-02 -4.75625187e-01 -1.91119045e-01 -9.71728861e-01 2.47220188e-01 4.45470631e-01 1.11936055e-01 2.29441732e-01 -9.30201784e-02 3.13638747e-01 -1.24764420e-01 -2.54980475e-01 -3.83699507e-01 -9.85031247e-01 2.69536793e-01 6.68104216e-02 -6.60520732e-01 1.75068229e-01 5.67083061e-01 -7.87795484e-02 9.92921218e-02 -4.81792331e-01 -1.87522218e-01 -1.50220230e-01 -2.63040862e-03
-2.72329837e-01 -3.19948554e-01 -2.06171572e-01 -1.33063525e-01 -2.06957057e-01 -6.62971437e-02 2.44390890e-01 2.35764220e-01 -6.15463138e-01 1.29876709e+00 -1.38975158e-01 -9.06467065e-02 -5.21494865e-01 5.20651877e-01 -1.88285321e-01 1.41111501e-02 3.38930935e-02 1.51183471e-01 1.06101139e-02 -1.90191254e-01 1.95652515e-01 1.11438327e-01 3.29356611e-01 5.68750799e-02 3.07091381e-02 -8.23094770e-02 -1.68807000e-01 2.13530257e-01 2.53501028e-01 3.24056834e-01 2.81935800e-02 1.23170145e-01
-2.77095158e-02 -3.38136017e-01 1.33356976e-03 -9.70072895e-02 -3.98552477e-01 4.24996763e-01 -2.62345791e-01 -4.58553702e-01 1.64004803e-01 -4.66311634e-01 2.96073109e-02 4.30471182e-01 1.94569334e-01 3.92894715e-01 2.98847705e-01 -6.88208520e-01 -4.50841606e-01 -1.32077622e+00 9.87181906e-04 -3.26065660e-01 -1.42931312e-01 8.59920323e-01 4.08817023e-01 6.23197556e-01 -4.76228714e-01 1.27477407e-01 1.34865180e-01 -1.94977507e-01 -4.07268256e-01 -2.58876383e-01 -1.25356168e-01 -7.64506832e-02
4.31264900e-02 -4.19977531e-02 1.26815960e-01 -8.86351764e-02 2.40906075e-01 -1.14732631e-01 5.21282330e-02 -3.30804467e-01 -1.62234947e-01 3.78686309e-01 1.52502373e-01 1.79473206e-01 7.76977092e-02 -2.84869820e-01 -7.56454095e-02 -2.95482069e-01 7.07952529e-02 1.29437238e-01 -1.61707118e-01 -5.37021339e-01 1.58171386e-01 -1.73718512e-01 -1.45055145e-01 -4.38418090e-02 -1.28872879e-02 2.14268491e-01 -6.03311583e-02 -2.82799639e-03 1.17917426e-01 7.20546097e-02 -2.18467182e-03 7.98534974e-03
1.54872999e-01 -5.49206018e-01 -2.08739400e-01 8.01762879e-01 -3.72380048e-01 -5.52594423e-01 1.58278629e-01 -1.93549201e-01 -3.82094271e-02 2.93297124e+00 -5.23073435e-01 9.39371109e-01 6.12207532e-01 8.99206996e-01 7.77563870e-01 -3.64590175e-02 5.40086580e-03 -5.14958985e-02 6.29845202e-01 3.29280883e-01 2.37877145e-01 1.33053422e-01 -3.11916381e-01 1.08725953e+00 -4.52654064e-02 9.22473669e-02 -2.66217202e-01 3.00984234e-01 -1.03425514e-02 7.14590847e-02 7.21918106e-01 1.78542100e-02
-1.09204717e-01 1.96109220e-01 1.36611283e-01 6.21625185e-02 4.02915515e-02 -5.28510883e-02 4.76534758e-03 1.13252535e-01 -4.51153480e-02 -2.79944763e-02 1.41773403e-01 9.18494090e-02 1.01035334e-01 -5.53318895e-02 1.35455191e-01 2.64828354e-01 5.22934236e-02 -8.35097805e-02 -1.59276016e-02 1.07184500e-01 -2.12929398e-01 -1.95774604e-02 -1.12506747e-02 -3.87467304e-03 -5.14931321e-01 -2.23731920e-01 3.78845111e-02 -5.25030904e-02 -9.14139226e-02 -6.76626936e-02 4.65790778e-02 -4.07350212e-01
8.43170751e-03 -8.48861709e-02 -4.90493216e-02 2.41365414e-02 -2.28649125e-01 1.74504109e-02 -4.94157188e-02 1.57625228e-01 5.37940152e-02 -4.57182266e-02 -1.90768205e-02 -1.67359356e-02 -6.60917461e-02 4.80983965e-02 -6.87435567e-02 1.98668823e-01 -1.15284421e-01 -1.05902821e-01 2.63489708e-02 3.32458705e-01 -2.57188618e-01 -9.32276472e-02 1.27278762e-02 -2.00081952e-02 2.06479356e-02 -9.72145498e-02 -6.35037050e-02 -5.03945574e-02 -6.61318898e-02 5.25605492e-02 5.46731427e-02 -1.89033709e-02
8.25019479e-01 -2.82948136e-01 3.03602666e-01 3.50713640e-01 -3.55413437e-01 2.82807015e-02 -5.34079134e-01 5.99363120e-03 6.35532081e-01 6.77013323e-02 -1.74386770e-01 3.66648175e-02 4.76204045e-02 2.43108496e-01 7.52968848e-01 -5.87092638e-01 -4.65752095e-01 -6.93798840e-01 4.78339016e-01 -2.79088438e-01 -7.47286201e-01 2.17868179e-01 -1.08241133e-01 2.17625216e-01 7.65473306e-01 -4.06157114e-02 2.34632373e-01 -9.90746319e-02 -5.40282965e-01 2.37141430e-01 1.01335466e-01 1.42179132e-01
1.91280186e-01 -4.21476483e-01 -2.65759140e-01 4.30818826e-01 1.49144068e-01 -6.11065626e-01 1.86347608e-02 -7.90535137e-02 3.25771719e-01 -2.86387622e-01 -2.16998294e-01 4.31542158e-01 3.24741989e-01 -2.75295228e-01 2.64995545e-01 -7.73591399e-01 -3.55048329e-01 -8.79508317e-01 7.08604217e-01 -4.25677985e-01 -2.39365891e-01 -8.24036226e-02 3.51051629e-01 6.68780565e-01 -1.16937250e-01 -3.56814504e-01 4.65435565e-01 -6.79236352e-02 -1.96254909e-01 -3.98011357e-01 6.19952343e-02 2.13712528e-01
-8.88899192e-02 -7.93657005e-02 8.35227191e-01 5.03718778e-02 -1.22299790e+00 -2.38028586e-01 1.66693866e-01 -6.94109723e-02 6.95629895e-01 6.79229736e-01 -2.11866990e-01 -3.10799509e-01 6.76532537e-02 7.10817099e-01 5.44137433e-02 -2.31474876e+00 -3.28931242e-01 -2.91842461e+00 7.20793679e-02 3.12431958e-02 -7.30415523e-01 7.25546420e-01 2.73587465e-01 9.34818238e-02 3.85339171e-01 1.91818014e-01 2.76440799e-01 3.32590751e-02 -4.82388362e-02 -8.23185027e-01 -4.76285875e-01 8.81987344e-03
-1.82635590e-01 -2.50219345e-01 -2.52744704e-01 -3.00033212e-01 -2.49105498e-01 5.54017961e-01 1.67185679e-01 -9.07032266e-02 -1.38178319e-01 3.44796270e-01 -2.20229194e-01 1.90979972e-01 7.65940025e-02 -2.98475921e-01 -1.22784466e-01 -4.38219666e-01 3.10646117e-01 -5.98819733e-01 -3.02972198e-01 4.41350415e-02 -3.56264710e-01 3.98707300e-01 -1.21895246e-01 3.38843346e-01 3.74298990e-01 -4.96949643e-01 4.64793593e-01 7.72119388e-02 7.53730237e-02 1.13681473e-01 -9.40915421e-02 2.95100007e-02
3.32505167e-01 6.57140613e-01 6.53095782e-01 -3.83610636e-01 2.11790830e-01 2.19097823e-01 1.18224576e-01 -9.54555646e-02 -7.98727453e-01 9.87343073e-01 -2.53647715e-01 -2.77041107e-01 -4.54398572e-01 1.12289572e+00 1.87925294e-01 1.23775728e-01 5.05881058e-03 -8.67272139e-01 2.09552988e-01 -3.03181678e-01 1.30930543e-01 6.75477326e-01 -8.99490267e-02 -3.81701022e-01 7.26155996e-01 -7.72501826e-01 5.06732106e-01 -1.68113306e-01 -2.23574087e-01 -5.81479967e-01 1.97501890e-02 -5.33534706e-01
-5.25286235e-02 -4.23639297e-01 1.93215951e-01 -1.70564786e-01 -2.00503558e-01 1.43070519e-01 1.33362979e-01 -2.89645821e-01 -5.29494226e-01 -3.13326597e-01 -1.02799401e-01 6.24884386e-03 -1.03875212e-01 5.10281682e-01 5.55721760e-01 3.58651251e-01 2.26060435e-01 -4.32325244e-01 2.77846940e-02 1.38542101e-01 -2.37912729e-01 3.03099215e-01 -3.61505210e-01 1.70054913e-01 -4.43887375e-02 -2.67354280e-01 4.10816580e-01 7.25416720e-01 -3.92501593e-01 -4.52701569e-01 2.67738223e-01 3.22452813e-01
-1.03518963e+00 -1.24653146e-01 -3.04150619e-02 -1.16626382e+00 -3.42704579e-02 -3.70599353e-03 4.31577146e-01 2.41786227e-01 -1.31430954e-01 1.20733178e+00 -1.14046037e+00 1.17223895e+00 8.36522758e-01 6.50047243e-01 -3.94396156e-01 6.56300128e-01 3.37382674e-01 -1.09198809e-01 -1.67925075e-01 7.82329977e-01 -9.23007190e-01 -4.58127648e-01 -1.87794492e-01 1.29284412e-01 3.78383785e-01 6.70189083e-01 1.00355315e+00 1.02514684e+00 3.15361768e-01 -8.82249653e-01 5.91814876e-01 4.14913058e-01
-8.99875239e-02 9.55469012e-02 2.97973275e-01 -4.76500615e-02 3.44602197e-01 -1.11861996e-01 -1.52272284e-02 4.01242264e-02 -3.41668203e-02 2.17281282e-01 2.63424087e-02 2.24202685e-02 -9.41346493e-03 -1.11184984e-01 7.75647014e-02 -1.31719694e-01 8.80797505e-02 5.00144772e-02 -1.72493208e-04 -4.21994656e-01 1.53041199e-01 -1.11915939e-01 -7.32713286e-03 1.20740328e-02 1.44836202e-01 -1.17935548e-02 7.29780421e-02 1.30230635e-01 4.55652364e-02 -8.88867751e-02 5.38790738e-03 5.81329986e-02
-8.27115774e-02 2.87457168e-01 2.85501778e-01 -1.24179192e-01 1.99895337e-01 7.18769953e-02 6.63879812e-01 2.86883742e-01 1.32856518e-01 -1.21246004e+00 -3.50318193e-01 5.38398147e-01 6.59982085e-01 -3.25879425e-01 -5.10597825e-01 2.28206557e-03 5.70344090e-01 -2.79724687e-01 4.15961351e-03 -4.04362440e-01 8.76707554e-01 -2.93144464e-01 -1.88933145e-02 -1.34729695e+00 3.94580029e-02 5.15380263e-01 -9.96245861e-01 -8.85906875e-01 2.66491532e-01 -1.22396357e-01 -4.80873100e-02 -1.98098227e-01
6.61519766e-01 -3.27463001e-01 -2.63968527e-01 4.66053426e-01 -1.90263212e-01 -6.93064556e-02 -1.69748679e-01 -2.39774644e-01 5.84622085e-01 -1.23352058e-01 -9.54185650e-02 -7.24235326e-02 7.25620449e-01 -3.35661292e-01 3.78460318e-01 -6.61580861e-01 -5.32439649e-02 -7.16195524e-01 6.74484313e-01 -9.86265168e-02 -3.21698427e-01 9.98838842e-02 1.52490810e-01 1.74316674e-01 -1.25652300e-02 -2.52545595e-01 8.22459996e-01 4.87930626e-01 -4.64355081e-01 3.62577319e-01 1.60305783e-01 2.73523748e-01
-2.32532322e-01 3.14544737e-01 -1.61716089e-01 -5.54490127e-02 -5.68907917e-01 -1.99127659e-01 1.05156526e-01 4.62360919e-01 -9.21462476e-02 -5.84444284e-01 -1.95542574e-01 -4.00001090e-03 -3.33355218e-01 1.63293451e-01 2.83861011e-01 -1.51055187e-01 -1.10544287e-01 2.62680829e-01 2.10578106e-02 3.62399906e-01 -2.53693193e-01 -4.17617224e-02 -1.06574655e-04 -3.31769288e-02 -1.16871282e-01 -9.80052650e-02 2.62430012e-01 -2.55423725e-01 1.10096030e-01 -7.10535329e-04 -1.70142055e-02 1.62026212e-01
9.76298302e-02 -5.15627861e-01 -1.11782372e-01 -1.23679861e-01 -1.80380344e-02 -1.91651061e-01 -1.14500977e-01 -1.70656711e-01 -3.62933606e-01 3.80265385e-01 -3.08103915e-02 9.59576443e-02 3.70039821e-01 2.41377041e-01 -1.71976760e-01 -5.72942734e-01 -1.77828297e-01 -7.95899183e-02 7.96013419e-03 8.80059004e-02 6.46873415e-02 -3.78188156e-02 5.65590918e-01 2.20723804e-02 -3.38329583e-01 2.48343840e-01 3.22829276e-01 7.93353394e-02 -6.82668835e-02 1.07463092e-01 -7.27755427e-02 -2.46123001e-01
9.80714321e-01 -1.85579006e-02 -6.08630776e-01 1.99744463e-01 2.41155759e-01 1.39579237e-01 5.18903196e-01 1.66983321e-01 -3.30785394e-01 -8.92433226e-01 -8.49458218e-01 1.36350477e+00 8.47477689e-02 -8.92206550e-01 3.22719395e-01 7.19323695e-01 2.12598518e-02 5.43252468e-01 -1.63705230e-01 8.32553878e-02 -1.53291643e+00 -3.98234755e-01 -7.78226376e-01 -1.87502682e-01 -4.50068176e-01 -9.12840012e-03 2.50103951e-01 6.06292486e-01 -4.67035137e-02 6.47528768e-02 -2.75013316e-02 5.19293845e-01
-6.35536686e-02 1.39268249e-01 -1.06570971e+00 2.70423200e-02 4.85239148e-01 2.79942632e-01 -8.24928135e-02 -6.70764744e-02 1.12873293e-01 3.45015198e-01 -3.06462109e-01 -1.31362069e+00 2.80059755e-01 7.60015473e-02 -3.84748489e-01 7.11170018e-01 -1.02859493e-02 1.63043630e+00 -3.52623761e-01 1.18275635e-01 2.90031672e-01 -2.25721508e-01 -7.21113682e-02 6.29238009e-01 -2.37246573e-01 6.83320701e-01 2.00512703e-03 -2.98368365e-01 2.26559173e-02 2.21015483e-01 5.54598629e-01 -8.46397728e-02
5.06465370e-03 4.02696013e-01 -1.76516578e-01 -6.23805285e-01 -5.14216088e-02 7.10845292e-01 2.78885096e-01 7.90919602e-01 3.52185905e-01 2.60988235e-01 9.49505746e-01 -2.67891049e-01 9.11672562e-02 1.82943746e-01 1.93798114e-02 -7.23247588e-01 3.28406513e-01 -1.76942386e-02 -3.04398090e-01 -5.09471238e-01 -5.85250445e-02 -2.34653488e-01 2.14320496e-01 1.22052766e-01 -2.32913449e-01 1.75859809e-01 2.80901380e-02 -1.41964247e-02 -5.60709059e-01 2.46184826e-01 -2.53265917e-01 1.20612718e-01
7.60854855e-02 3.20873223e-02 -1.35803357e-01 1.08862501e-02 -4.84063439e-02 4.81595024e-02 2.25538202e-02 7.61966929e-02 -1.46940909e-02 -3.64993699e-02 -5.12479767e-02 -3.90407920e-01 2.41735652e-01 2.36365259e-01 -2.57019186e-03 7.37959966e-02 8.60296860e-02 -5.57981245e-02 1.07268885e-01 2.53017873e-01 1.26222461e-01 2.81580269e-01 -9.39224940e-03 2.04551578e-01 -1.02871388e-01 -2.89758891e-01 -1.74817860e-01 -1.74881324e-01 -3.09628069e-01 -1.40584573e-01 4.36496995e-02 -2.72830248e-01
3.27788115e-01 4.06154506e-02 6.28868759e-01 3.44370395e-01 2.22459927e-01 5.01438558e-01 9.69510078e-01 -2.90255517e-01 7.16054261e-01 4.64082742e-03 -6.52002275e-01 1.94488004e-01 -4.68301594e-01 -3.61124247e-01 5.89030515e-03 1.09045222e-01 -5.55083752e-01 -6.08311176e-01 2.00071931e-01 7.18778558e-03 -1.04520107e-02 6.43321037e-01 2.92360485e-01 5.98666906e-01 1.01517342e-01 -7.66670778e-02 -2.87188947e-01 9.49931368e-02 2.62924373e-01 3.64454955e-01 -8.38714093e-02 -6.45444989e-02
-3.77656251e-01 -5.20726383e-01 1.56505024e+00 1.27357766e-01 -1.16916430e+00 -9.83920842e-02 -1.25026679e+00 -1.02723670e+00 3.52241158e-01 1.10225224e+00 1.14631271e-02 -5.11914134e-01 -3.34611207e-01 9.58470285e-01 6.64414287e-01 -2.47513318e+00 1.82589591e-01 -3.16285682e+00 1.81841969e+00 8.02604675e-01 -5.44074416e-01 1.76328230e+00 -3.42959255e-01 2.58883089e-01 3.21792960e-01 -7.46855557e-01 -2.10555583e-01 4.50960279e-01 8.69005993e-02 7.25056157e-02 8.38737607e-01 1.86913103e-01
1.94497351e-02 -2.05243677e-02 6.41269311e-02 4.02058512e-02 3.99109811e-01 -3.56011558e-03 1.06316693e-02 1.26759941e-02 4.41939458e-02 -1.84277985e-02 -1.50594423e-02 -7.09028542e-02 1.03457153e-01 -1.23923533e-02 4.06639930e-03 -5.79398461e-02 4.53848625e-03 -3.79091240e-02 -5.99393696e-02 8.55919421e-02 1.39072672e-01 4.82324548e-02 -8.91567674e-03 -6.39148382e-03 -1.28902033e-01 -1.45436376e-01 1.47731919e-02 3.51776451e-01 -4.56739254e-02 -5.96809983e-02 1.46376835e-02 -2.48113215e-01
-4.09541577e-01 8.55603516e-02 -1.02553792e-01 -9.96152759e-02 -3.18063200e-01 8.36080126e-03 1.66726671e-02 7.17539608e-01 -6.16969839e-02 -1.82202905e-02 -2.10278660e-01 7.47333407e-01 5.26209772e-01 3.79115462e-01 1.87119752e-01 3.51697691e-02 -1.18785866e-01 3.56852147e-03 -1.54880032e-01 -1.67408977e-02 -1.37830272e-01 -5.96275866e-01 -2.00125590e-01 -2.32226089e-01 -3.32589388e-01 -1.54329315e-01 -6.37477756e-01 4.27830458e-01 -2.32532009e-01 -2.81420827e-01 -1.50149673e-01 5.03721416e-01
5.44257499e-02 -1.80538580e-01 6.37517035e-01 2.66000926e-01 -7.89705753e-01 2.12498605e-01 2.06575990e-01 -6.50652826e-01 6.10987306e-01 2.63697445e-01 -1.14155039e-01 4.27603602e-01 -1.04955688e-01 9.95148793e-02 1.69277459e-01 -2.25350738e+00 1.17625132e-01 -1.25129902e+00 1.93970099e-01 1.70246705e-01 -1.00442141e-01 2.12649629e-01 2.28321820e-01 1.92773387e-01 -1.83739826e-01 -5.56367934e-01 -6.74542412e-02 -1.35714188e-01 -5.03392160e-01 -4.82700646e-01 3.94981921e-01 -3.65116537e-01
-1.06853738e-01 9.65402052e-02 -1.98150754e-01 1.47265971e-01 -1.06224015e-01 -1.17311671e-01 4.19641733e-01 -2.23174945e-01 -6.27957523e-01 1.61876166e+00 -3.82099777e-01 -4.46742587e-02 -2.72773504e-01 1.36532354e+00 -3.28227818e-01 6.45843968e-02 5.99836148e-02 1.63760241e-02 -2.55934447e-02 -2.75280029e-01 -5.28531075e-02 1.90991536e-01 -1.37467176e-01 -1.67550936e-01 -2.47640669e-01 5.47440350e-02 4.31059003e-01 5.46443582e-01 1.03161693e-01 -4.73361880e-01 2.80110091e-01 1.14801526e-02
-1.92189440e-01 -2.67717063e-01 6.65566027e-01 4.85235125e-01 -2.07271099e-01 -2.99237430e-01 -1.04582393e+00 1.64917856e-01 1.93218097e-01 4.94418472e-01 9.22994837e-02 -6.01530001e-02 1.12211794e-01 2.64550626e-01 -1.67150110e-01 4.16006595e-01 -4.03255299e-02 9.83805060e-02 -2.11963043e-01 -3.63369197e-01 9.61945832e-01 4.13973391e-01 4.31228459e-01 -5.60714960e-01 7.10698739e-02 2.99648959e-02 -2.01412007e-01 2.45359018e-01 -7.51389414e-02 3.37929457e-01 -9.43441838e-02 -3.62974405e-01
1.14033890e+00 -3.80442023e-01 5.38464665e-01 9.58495498e-01 -5.60819626e-01 2.55877018e-01 -6.84451103e-01 -6.10087037e-01 6.42132223e-01 -5.85508704e-01 -2.96022922e-01 7.49495208e-01 -1.22183120e+00 -1.75379351e-01 6.71474159e-01 -6.37796938e-01 -7.89581835e-02 -4.00795370e-01 8.10088217e-01 7.47214437e-01 2.90478885e-01 -4.34530020e-01 -2.07027698e+00 -5.18296242e-01 4.17624295e-01 5.53452671e-01 -8.28569591e-01 -2.91900188e-01 -2.09597841e-01 1.23474109e+00 -5.01679122e-01 -2.22523184e-03
-2.09819861e-02 1.75167680e-01 -5.18721938e-02 -4.77830395e-02 -1.55457333e-01 -2.80892085e-02 5.01409434e-02 -4.25518192e-02 -5.83041310e-02 -2.59817615e-02 4.42748070e-02 9.32269990e-02 8.48682299e-02 -5.99990152e-02 1.74015164e-01 -1.60060018e-01 1.05325326e-01 1.62282988e-01 -2.04240233e-02 -2.75511593e-01 1.41427830e-01 3.01685464e-02 -8.98421649e-03 -3.16670612e-02 -3.05530161e-01 -4.00281139e-02 2.16510501e-02 -8.40235725e-02 -2.26022899e-02 -6.96144393e-03 -1.37564307e-02 -2.13406786e-01
-6.79992661e-02 1.92252651e-01 1.89544153e+00 3.50352108e-01 -1.60578871e+00 3.10352892e-01 -1.26613840e-01 -5.02927423e-01 7.55707026e-01 6.61346674e-01 1.00678794e-01 -2.64179081e-01 -8.02802801e-01 1.00819802e+00 1.74952000e-01 -3.85068941e+00 -3.14241350e-01 -5.02250528e+00 4.25037891e-01 1.16717093e-01 -1.06573427e+00 1.15182960e+00 4.94623125e-01 1.10910170e-01 3.02461147e-01 -6.57345131e-02 -6.25924885e-01 5.64895332e-01 -8.91435444e-02 -9.37483087e-02 3.76735590e-02 -8.47385079e-02
-8.22879314e-01 1.50731638e-01 1.37184665e-01 -7.44284213e-01 -4.57667653e-03 -1.33654401e-01 -2.37598211e-01 5.08576751e-01 -6.84939921e-02 6.15948159e-03 1.11976340e-01 -2.95275956e-01 4.42804635e-01 4.62425947e-01 -3.63562196e-01 -3.11568469e-01 1.82957590e-01 -1.84450567e-01 -3.63939881e-01 1.58336848e-01 1.00227714e-01 7.02481508e-01 2.55823612e-01 -2.21935645e-01 -4.04096730e-02 3.24453384e-01 -7.13893771e-01 5.33800200e-02 9.80962440e-02 -5.63361585e-01 -1.13015577e-01 -8.31043482e-01

layers.2.bias:
-1.42451525e+00
-7.64198601e-01
6.82467878e-01
-5.04644752e-01
1.60457730e-01
-4.13843870e-01
2.66212940e-01
2.18222380e+00
7.69972861e-01
8.14251304e-01
-9.14396703e-01
-1.52731156e+00
-4.83229309e-01
9.65304196e-01
-4.22807336e-01
-7.20521867e-01
-6.85042739e-02
-8.07034552e-01
3.64290148e-01
-8.32896456e-02
-8.27677995e-02
8.26223969e-01
9.44547355e-01
-1.74374551e-01
-3.53487134e-01
1.06588256e+00
-1.03241622e+00
-1.07213962e+00
5.24941921e-01
-1.18765032e+00
8.81689712e-02
-2.36676391e-02
8.10022593e-01
1.18665725e-01
-3.66975397e-01
2.80260737e-03
-1.25003368e-01
1.39539361e+00
1.02917647e+00
-1.47219241e-01
9.92849171e-01
-2.67332941e-01
-5.53146899e-01
1.57186675e+00
2.55660087e-01
-9.48168159e-01
1.04536486e+00
-3.60291660e-01
8.49088192e-01
1.74634612e+00
2.36447319e-01
3.21144521e-01
1.12619132e-01
-7.25915015e-01
9.59581062e-02
-2.71908995e-02
8.00438285e-01
-9.87201557e-02
8.40655994e-03
-7.13133037e-01
6.43067420e-01
6.38082623e-02
-4.31268722e-01
6.89093709e-01

layers.4.weight:
3.99880499e-01 6.25732094e-02 -6.24097660e-02 2.01169923e-02 -4.35512774e-02 7.82079250e-02 2.46819807e-04 -7.58374214e-01 -9.00469199e-02 -4.01562065e-01 4.94362339e-02 9.54865456e-01 -2.48442411e+00 -1.56922266e-01 -3.62921972e-04 -1.38512683e+00 -5.61829132e-04 8.63749608e-02 -3.78476493e-02 -2.09177961e-04 -4.00058813e-02 -9.53148380e-02 -4.38838191e-02 1.84499145e-01 -3.15457918e-02 -5.15521541e-02 6.00712858e-02 8.39645207e-01 -3.41885984e-01 4.02225077e-01 -2.57059950e-02 -7.53382221e-02 -5.80252707e-02 1.16751215e-03 1.10201932e-01 -6.46430359e-04 -2.11767401e-04 -2.13346019e-01 -6.47943988e-02 1.99652985e-01 -4.18588519e-02 3.22581708e-01 6.76369816e-02 -1.44849002e-01 5.08742640e-04 1.14907220e-01 -6.83130175e-02 -7.41789525e-04 -6.31217733e-02 -7.14071035e-01 -8.25718343e-02 5.23977773e-03 -4.14769893e-05 5.95930144e-02 -1.38742006e+00 -6.87853491e-04 -2.21436415e-02 -3.53512317e-01 -6.50206879e-02 6.85240924e-02 -4.75754216e-02 2.14504998e-05 9.11099076e-01 -3.31255533e-02

layers.4.bias:
-1.13965321e+00

