layers.0.weight:
3.31696361e-01 -5.67613244e-01 7.97264636e-01
5.69172144e-01 -8.09445798e-01 -5.80563486e-01
-8.31293464e-02 -6.13938749e-01 -5.77727258e-01
-1.07055378e+00 1.15616508e-01 4.58123112e+00
2.67282110e-02 4.11940843e-01 1.16166264e-01
-5.79876065e-01 8.58121514e-01 -1.84879377e-01
-1.31842160e+00 4.86020595e-01 -9.88645032e-02
-6.01682402e-02 7.88846374e-01 -9.23566997e-01
6.03414774e-01 -9.26082134e-01 5.12713566e-02
-1.11527514e+00 5.86289167e-02 -1.64189592e-01
7.53551662e-01 -9.85680073e-02 1.41279221e+00
-7.16238439e-01 -1.31785080e-01 -1.29353356e+00
-4.30584475e-02 7.12955832e-01 -1.57757306e+00
-1.16726887e+00 2.10410804e-02 5.00053525e-01
-6.46977663e-01 1.09646142e+00 7.52028525e-01
-1.81771189e-01 9.48456824e-01 1.64468549e-02
5.46070874e-01 -6.33792400e-01 -1.45019031e+00
-1.15504665e-02 1.12846863e+00 1.84981868e-01
8.07071701e-02 -9.54183042e-01 5.35116851e-01
3.41117471e-01 -1.28724232e-01 -8.64976227e-01
2.23475501e-01 1.65966094e-01 -5.10879010e-02
-3.24195027e-01 -2.56797969e-01 -1.00232065e+00
-4.64660525e-01 1.65601885e+00 -4.46076952e-02
-1.56447518e+00 4.06930357e-01 1.75152493e+00
1.05132234e+00 3.79940838e-01 -7.78481364e-01
2.59609371e-01 6.71772659e-01 -1.17486012e+00
-1.16151750e-01 -2.13369340e-01 1.90187418e+00
-3.97779703e-01 -2.44972542e-01 1.92939892e-01
3.22416067e-01 7.57217348e-01 -1.46468067e+00
-1.04933763e-02 4.65525806e-01 1.70563948e+00
-2.89658904e+00 2.84448242e+00 -1.78299040e-01
-1.26738083e+00 -5.19488692e-01 1.02004325e+00

layers.0.bias:
8.77201200e-01
4.81547834e-03
-1.42384720e+00
-6.34384930e-01
7.07518518e-01
-2.04255387e-01
-3.54310095e-01
2.86240637e-01
-7.45998621e-01
-1.59115899e+00
1.64644122e-01
1.80825554e-02
2.46107668e-01
-1.21306002e+00
-2.90836543e-01
1.43946290e+00
9.34610724e-01
1.82654703e+00
-6.68276668e-01
5.78918040e-01
-1.44309163e-01
-1.35729384e+00
1.02535832e+00
-7.05530941e-02
1.36946186e-01
5.60703695e-01
8.80503118e-01
-1.57881156e-01
-4.88352716e-01
7.31267482e-02
8.91685039e-02
-6.70209900e-02

layers.2.weight:
-3.63566786e-01 2.62812138e-01 6.81643486e-02 -5.17695963e-01 -6.77199103e-04 -3.73579450e-02 1.29893407e-01 -2.24355776e-02 -1.74271405e-01 2.66931057e+00 5.31137660e-02 1.03791974e-01 -1.88546732e-01 2.36535525e+00 -2.46761367e-01 5.14466941e-01 -3.11114397e-02 7.57314503e-01 8.30956027e-02 -2.33084440e-01 1.97416350e-01 -4.70279008e-02 -5.44373453e-01 5.60968518e-01 -1.52182251e-01 6.52253449e-01 -8.22140276e-01 -1.03475526e-01 -1.53285921e-01 -2.52490819e-01 -2.62658745e-01 3.25115800e-01
-1.26473248e-01 1.21787295e-01 -8.43666553e-01 6.79512098e-02 -4.25292939e-01 1.85656101e-01 -7.36996055e-01 -4.95472044e-01 5.44859290e-01 7.20324337e-01 3.63343537e-01 -3.10501575e-01 2.29552120e-01 -2.16036756e-02 -2.82754064e-01 1.17382586e-01 -3.84870529e-01 3.32986891e-01 -4.27573234e-01 -1.04691841e-01 6.59258425e-01 -1.08705066e-01 -4.04282540e-01 -3.91269587e-02 -1.72221307e-02 -9.43683311e-02 -3.11131209e-01 -5.09292185e-01 4.87658158e-02 -2.00130701e-01 2.13127751e-02 2.03613415e-01
3.37451026e-02 6.44940957e-02 -6.08245730e-02 -6.67889535e-01 -6.07237875e-01 -9.70858857e-02 -5.63465774e-01 2.49256745e-01 5.41499913e-01 6.46066487e-01 -4.61214393e-01 -1.75538674e-01 7.87163675e-02 -5.47060408e-02 -1.56797245e-01 -8.30744565e-01 -2.44260672e-03 -7.08402812e-01 -2.54682060e-02 5.22176564e-01 -4.90454406e-01 -3.37283164e-01 3.23628128e-01 -1.32319140e+00 -8.38670611e-01 3.47083449e-01 -1.08747804e+00 3.76889296e-02 3.47965807e-01 -2.95839936e-01 9.56822466e-03 3.06514680e-01
1.70949131e-01 -1.46208704e-01 1.54147029e-01 1.26965916e+00 3.95553499e-01 4.60228711e-01 7.36454308e-01 -1.66055575e-01 -2.20124289e-01 3.35871316e-02 8.39043409e-02 1.38133131e-02 -5.00121593e-01 2.37687960e-01 6.98327541e-01 7.84226060e-01 -3.75390291e-01 5.72240949e-01 2.48264596e-01 -1.03827369e+00 -7.18131661e-01 -7.43551850e-02 4.43937838e-01 1.50642180e+00 -4.71761912e-01 -4.76108342e-01 4.21572387e-01 3.46745789e-01 -5.90381205e-01 -2.33950481e-01 5.40148765e-02 3.59517366e-01
1.40002996e-01 -3.95217657e-01 2.07907483e-01 -3.92891437e-01 1.94896638e-01 -2.90934205e-01 -1.31048310e+00 1.06115736e-01 7.65302405e-02 -5.26057065e-01 4.96686161e-01 -8.31731737e-01 7.50688612e-01 -7.98080921e-01 -4.23027501e-02 -8.12661350e-01 -3.79070759e-01 -7.47482538e-01 -9.32064801e-02 -1.49651229e-01 8.95190060e-01 -6.18098736e-01 2.72289217e-01 -2.79773951e-01 -8.26703072e-01 5.91337502e-01 1.53539434e-01 -6.22478127e-01 -3.07010114e-01 6.74799204e-01 -1.96299389e-01 6.51865453e-02
-4.48237687e-01 2.25153178e-01 3.68040621e-01 1.71043128e-01 -9.36316133e-01 -1.86220005e-01 -8.14075954e-03 3.04208100e-01 1.43496156e-01 8.19253325e-02 6.19332910e-01 3.22427332e-01 -8.16489905e-02 -6.83110654e-02 -3.18311363e-01 -1.15142989e+00 -3.59199554e-01 -1.36211371e+00 6.55512393e-01 -2.72744179e-01 -6.56183004e-01 -4.09917161e-03 -6.59743845e-01 -2.25939557e-01 -2.69948766e-02 7.38207102e-02 1.56572789e-01 1.24832761e+00 -1.83685720e-01 -4.31789666e-01 -4.38866407e-01 4.04356599e-01
4.24358174e-02 -1.28410477e-02 -2.32002482e-01 -4.96475305e-03 -1.34219259e-01 1.59680054e-01 -6.09603301e-02 -4.40476269e-01 -1.02349930e-01 2.48400077e-01 2.93324828e-01 8.01346153e-02 2.80944467e-01 1.38213597e-02 -1.03989290e-03 -3.03147644e-01 1.31428130e-02 1.16616242e-01 1.45525187e-02 -3.11970085e-01 -4.03156549e-01 8.10208619e-02 5.73810674e-02 1.33481864e-02 1.73513979e-01 2.55315423e-01 -3.55829805e-01 -4.22880024e-01 -1.59518123e-01 7.62639120e-02 2.11884677e-02 1.32325932e-01
3.32406104e-01 1.20716929e-01 -4.17235702e-01 3.57363611e-01 3.37012470e-01 -6.68908954e-01 1.06053151e-01 4.81084317e-01 8.28775764e-02 -3.37363929e-01 -1.28586903e-01 9.61561263e-01 3.10418367e-01 -5.57815015e-01 -1.79921851e-01 2.22331971e-01 5.26313007e-01 1.92019776e-01 2.61056572e-01 5.06926477e-01 -1.45949328e+00 -9.14503992e-01 1.26188323e-01 3.07146430e-01 2.00526536e-01 7.44280636e-01 6.05315804e-01 5.21812975e-01 -6.07051432e-01 4.95250940e-01 1.51985288e-01 -2.62771040e-01
1.99944302e-02 2.84742057e-01 -5.64161897e-01 -2.65592247e-01 1.40709698e+00 -3.78144979e-01 -7.88114429e-01 -3.01959127e-01 -5.33183277e-01 2.48260126e-01 4.65562522e-01 1.87810138e-01 6.99884057e-01 -3.09465885e-01 9.67817530e-02 1.92028153e+00 3.51627469e-01 1.48532939e+00 -6.39068246e-01 -1.13356858e-01 2.92825550e-01 -3.00442517e-01 1.38005689e-01 2.68997371e-01 1.43977284e-01 4.07708734e-01 3.63709107e-02 -2.48607993e-01 4.75322418e-02 1.54135883e-01 2.13376570e+00 -3.65776062e-01
-6.21209443e-01 1.19470872e-01 -9.22536477e-02 -5.28480887e-01 3.81754428e-01 1.72003061e-02 -2.55182330e-02 3.78821731e-01 4.23989892e-01 -1.56428069e-01 4.47706413e-03 2.55558103e-01 1.88862056e-01 2.30012923e-01 -3.63511205e-01 -7.29302704e-01 3.38050961e-01 -4.94146168e-01 -4.20340300e-01 -3.15643996e-02 -6.44942999e-01 -2.27067783e-01 1.05458274e-01 -6.58248141e-02 -2.11295366e-01 -8.78112614e-02 -1.79851010e-01 2.30731219e-01 2.70132989e-01 1.55955240e-01 1.39899418e-01 -6.81704143e-03
1.06050335e-01 -3.45623195e-01 -1.24930173e-01 -3.47748995e-01 -4.02573824e-01 -2.76051044e-01 -3.82975787e-01 1.42543867e-01 4.99154270e-01 2.63628513e-01 -5.15306532e-01 -1.28985837e-01 8.42664123e-01 -2.97200471e-01 -1.76329285e-01 -3.18191648e-01 -6.56367838e-01 -7.95955062e-01 -3.69926393e-02 -5.47308922e-02 1.06981230e+00 -2.74435908e-01 -7.73714185e-01 1.91542238e-01 -3.25022303e-02 -7.14794323e-02 -4.19625610e-01 -5.86660683e-01 3.11854035e-01 -3.82656842e-01 -2.91711465e-02 3.01262349e-01
-5.08295521e-02 3.27892341e-02 1.63191628e+00 -8.02978277e-01 -8.96849990e-01 9.27685127e-02 7.66315460e-02 -4.57549751e-01 3.46574813e-01 1.86770403e+00 1.07146502e-01 -1.83374897e-01 2.23957285e-01 3.40440059e+00 -5.87383024e-02 -1.13390720e+00 2.33807966e-01 -2.74339390e+00 6.42155766e-01 -4.22995508e-01 2.21772775e-01 5.33774436e-01 -3.29217851e-01 9.26741183e-01 -1.12389438e-01 -6.19286716e-01 3.63957167e-01 -4.98564020e-02 4.47921902e-02 1.00747287e-01 -2.18098685e-02 -3.11360657e-01
-7.14252889e-01 -1.92429125e-01 9.11635041e-01 4.32581872e-01 -5.92211604e-01 6.85281992e-01 1.03794605e-01 -8.99865210e-01 3.09316218e-01 4.83542234e-01 2.53809690e-01 6.90058842e-02 -5.20855129e-01 -8.47633928e-02 5.07287025e-01 -4.29074955e+00 -9.78883356e-02 -5.97737837e+00 5.15151799e-01 -1.01002419e+00 -5.94837546e-01 4.46510375e-01 7.06965089e-01 -1.57989040e-01 -2.61057645e-01 -2.56008565e-01 -3.37860584e-01 5.80858827e-01 -6.22996151e-01 -3.01746070e-01 -1.22970641e+00 -2.45620146e-01
2.69306055e-03 -1.85785413e-01 -6.48991287e-01 -3.86688448e-02 -1.67528808e-01 -7.39996927e-03 3.29547048e-01 3.29787582e-01 3.39240313e-01 -1.47061214e-01 5.71175098e-01 -2.21652851e-01 3.08494419e-01 -7.67814279e-01 -3.07452083e-01 -9.52013656e-02 -2.70705789e-01 1.72704339e-01 -1.19541675e-01 8.97564888e-02 -1.63714879e-03 -1.75528720e-01 6.25515804e-02 -1.88096374e-01 -2.21388564e-01 7.32798815e-01 1.83098074e-02 5.56562729e-02 -2.04671592e-01 2.85102636e-01 1.62462309e-01 4.70661968e-01
-9.05683756e-01 2.32407868e-01 -3.15612778e-02 3.35852712e-01 -2.41070896e-01 6.16806507e-01 -4.06039447e-01 -1.11658320e-01 4.66433644e-01 -1.99996784e-01 -7.56887972e-01 2.38157138e-01 1.58350661e-01 -3.30605924e-01 -2.99251735e-01 -7.15239644e-01 2.30557710e-01 -7.15320230e-01 -3.71255904e-01 3.20994586e-01 1.36960125e+00 9.54537511e-01 -5.61422594e-02 1.71459392e-01 -3.10171217e-01 1.08861722e-01 -5.95086694e-01 4.60758386e-03 7.73106396e-01 -2.50809640e-01 -1.03397988e-01 7.48653337e-02
-3.05130243e-01 1.13899363e-02 1.14337616e-01 8.75445008e-02 -3.51330280e-01 8.38973448e-02 -8.42159927e-01 -1.11474812e-01 2.12818533e-01 5.26261139e+00 5.06804764e-01 5.00941694e-01 2.58375615e-01 2.65124965e+00 -8.82629007e-02 -9.91043597e-02 -3.66961479e-01 -2.78517097e-01 1.73033789e-01 -1.45239949e-01 -8.28008592e-01 4.50734645e-01 -6.61033625e-03 2.35206291e-01 -5.40322721e-01 -4.06495988e-01 -6.75529361e-01 4.85856026e-01 -2.54816681e-01 -7.11286068e-01 8.10962841e-02 -1.01939775e-01
-3.67900692e-02 1.54959232e-01 -6.50066063e-02 3.66473384e-02 1.84019096e-02 1.58122741e-02 2.19504014e-02 -5.12103066e-02 -7.79646775e-03 -1.90282613e-01 6.92348108e-02 3.40316929e-02 4.65972722e-02 7.98995048e-02 1.09809905e-01 4.78943139e-02 5.15965484e-02 3.04809287e-02 -2.14588102e-02 1.11366168e-01 2.61284679e-01 1.23491712e-01 -1.37551257e-03 2.54814159e-02 6.14566915e-02 1.83826257e-02 5.85913844e-02 2.77193934e-01 1.03709996e-02 9.57726967e-04 -9.95560735e-03 2.22197752e-02
1.78761005e-01 -1.07109815e-01 -5.34237146e-01 2.09198724e-02 5.01924306e-02 -2.21297324e-01 -3.00753564e-01 -2.87784547e-01 3.40906113e-01 -7.01370358e-01 2.59399004e-02 7.45462393e-03 2.30009153e-01 3.69702540e-02 -9.01141614e-02 1.02633618e-01 -2.89620996e-01 3.95504445e-01 -9.31315944e-02 9.38527942e-01 2.74133116e-01 1.48922563e-01 -4.86603916e-01 -1.50408998e-01 -7.43368175e-03 -4.06956732e-01 8.15365136e-01 -5.87739766e-01 2.97101498e-01 2.84639001e-01 -5.55389784e-02 6.07270189e-02
-2.74184167e-01 -7.39047527e-02 -2.97582448e-01 -2.18962729e-01 4.19574976e-01 1.06771020e-02 1.61662057e-01 1.38703197e-01 4.01506096e-01 -4.10991341e-01 -1.71254069e-01 -9.07381833e-01 4.86490309e-01 -1.88104466e-01 -1.87620282e-01 1.94021955e-01 -1.28704086e-01 3.07844102e-01 1.20603457e-01 -7.14419186e-02 -1.13149798e-02 -1.82833970e-01 4.64324832e-01 -3.20258528e-01 2.26570800e-01 2.06396341e-01 -1.88368574e-01 3.19689929e-01 5.17524332e-02 3.38728070e-01 4.86962676e-01 1.42547563e-01
7.07954913e-02 1.74874485e-01 -2.26247404e-02 6.97234571e-02 -5.57729751e-02 1.04472637e-01 -1.98263060e-02 -7.97831416e-02 4.97622602e-02 6.40119687e-02 6.25752732e-02 1.25593618e-01 -6.70605674e-02 -8.24816450e-02 1.28406525e-01 4.27996129e-01 6.01914302e-02 -3.21913779e-01 3.80078591e-02 -9.99616757e-02 -1.20851576e-01 -1.44896239e-01 1.12879314e-02 -2.00605299e-02 4.16524075e-02 1.29246324e-01 5.92805026e-03 1.64507832e-02 1.09874323e-01 1.36778364e-02 -1.08750921e-03 3.53621393e-02
4.91593957e-01 -1.96922868e-01 6.84960067e-01 5.10307968e-01 -2.96139032e-01 -2.08282545e-01 -6.33663356e-01 -9.93652120e-02 -3.35285872e-01 -8.24848890e-01 -1.19099624e-01 9.85414684e-01 5.12134850e-01 -4.23003465e-01 7.73840308e-01 5.72134078e-01 -1.01816162e-01 -2.52443463e-01 4.52957243e-01 4.53356415e-01 -4.64578152e-01 1.27511084e-01 5.75268209e-01 1.60528257e-01 9.80704352e-02 -3.52065474e-01 7.32380748e-02 3.43819499e-01 -8.22931603e-02 -9.85895172e-02 9.58851725e-02 4.18453932e-01
2.27953091e-01 -1.27093717e-01 7.90700242e-02 1.36047289e-01 3.96310091e-02 1.66069046e-01 9.72152233e-01 8.66254643e-02 4.47966307e-01 2.75549620e-01 3.23997468e-01 3.77361178e-01 -3.82696360e-01 -5.63045025e-01 1.40639484e-01 -9.62320805e-01 -5.04670329e-02 -7.44093359e-01 -9.09427628e-02 -4.31495756e-01 -4.75802213e-01 1.12553388e-02 2.67688036e-01 -4.33557108e-02 9.22490805e-02 -4.06042695e-01 -7.20463216e-01 3.85208011e-01 -9.25222412e-02 -2.00696945e-01 2.45935053e-01 -7.47561902e-02
1.03191406e-01 -7.97582883e-03 -3.00430894e-01 4.14496630e-01 8.04874375e-02 3.40981215e-01 3.67077291e-01 -2.77074665e-01 -3.20951730e-01 3.15023243e-01 3.34283672e-02 7.61148781e-02 4.29876119e-01 4.80295360e-01 -1.65636271e-01 -4.52953428e-01 5.52171946e-01 -1.13072142e-01 5.69153354e-02 -2.37274021e-01 -3.63938689e-01 1.48045784e-02 -3.90040189e-01 1.95121258e-01 -4.19996083e-01 -1.15724146e-01 -4.76166680e-02 -4.90887225e-01 3.33912298e-02 -1.08223058e-01 -6.27826303e-02 -2.09977657e-01
7.23702192e-01 -7.70739019e-02 -3.14473599e-01 2.03907624e-01 1.82091117e-01 -4.35765833e-01 -6.76879510e-02 3.19555640e-01 2.55327851e-01 -2.73108816e+00 1.50982782e-01 1.24968506e-01 3.48854125e-01 -1.64866030e+00 1.57558993e-01 3.64814818e-01 9.89710093e-02 3.15881670e-01 -2.69392788e-01 -4.38084453e-02 5.20035207e-01 -2.52976388e-01 -2.34457105e-01 -1.96284931e-02 -3.34301084e-01 -2.14629263e-01 -2.25538611e-02 -1.93612531e-01 2.86745071e-01 1.43938065e-01 -2.30372131e-01 -2.11603016e-01
-8.96901309e-01 2.10357040e-01 6.55205101e-02 6.15088902e-02 -1.08380236e-01 -3.66850734e-01 1.14543021e+00 3.37765738e-02 -1.08992064e+00 7.36507356e-01 -7.84141481e-01 9.80239511e-02 2.28328794e-01 3.36129256e-02 -7.68955410e-01 8.91970634e-01 6.64576054e-01 5.36660194e-01 -7.60701656e-01 7.20763206e-02 -3.68388772e-01 5.15855491e-01 4.93444324e-01 8.97652566e-01 -6.12414718e-01 5.57387233e-01 -6.78081393e-01 3.30142289e-01 8.53334844e-01 -5.14279485e-01 4.01378460e-02 2.20231920e-01
-5.40712953e-01 6.01155996e-01 -4.24978994e-02 -1.34625345e-01 5.33211231e-01 1.59080118e-01 5.12778386e-03 5.12096167e-01 -3.11170369e-01 4.91002440e-01 7.48755336e-02 -1.63621381e-01 2.13272288e-01 2.26830333e-01 -5.40518105e-01 -2.62563199e-01 -1.32589817e-01 -1.47319824e-01 3.93125892e-01 -4.03418243e-01 -1.49432821e-02 -2.79515594e-01 1.80984437e-02 -4.89509493e-01 8.71760473e-02 -2.07206219e-01 -5.60019493e-01 -4.90085512e-01 1.65818796e-01 -3.59245807e-01 -2.20123395e-01 -2.59575188e-01
-1.44320443e-01 2.26464391e-01 4.47605997e-01 3.72570038e-01 -2.75872827e-01 -2.83187926e-01 -1.93099067e-01 -6.27726084e-03 3.41127366e-01 -4.47041810e-01 -5.71489036e-01 -8.58071148e-02 -2.82093495e-01 -2.70427376e-01 6.18392490e-02 5.10447919e-01 -9.81324911e-02 2.20287740e-01 2.87056357e-01 1.88072279e-01 1.11886837e-01 -7.59381533e-01 1.66023433e-01 1.10953845e-01 3.56508404e-01 1.54826179e-01 2.27620676e-02 -6.15699410e-01 -2.38419071e-01 -1.04877509e-01 1.13643885e-01 -3.44930232e-01
-7.81570435e-01 4.68019933e-01 -5.89436710e-01 -1.00836110e+00 -2.83676058e-01 -2.36538351e-01 -3.59898478e-01 3.66635054e-01 1.23278759e-01 4.81003195e-01 -6.71595708e-02 1.91387996e-01 1.74471304e-01 2.99601078e-01 -1.54219717e-02 9.95816410e-01 6.88288450e-01 1.09379649e+00 -5.48020899e-01 7.38508552e-02 5.18009305e-01 -7.40478218e-01 -6.55143201e-01 4.13745761e-01 -1.55242264e-01 -4.50015634e-01 2.83025146e-01 2.87274569e-01 4.99422640e-01 -8.12920988e-01 2.24337786e-01 -2.55108893e-01
1.48098245e-01 -5.93107998e-01 -1.40522271e-01 -6.10612445e-02 -4.84536618e-01 5.54474950e-01 6.46609962e-02 -5.17587304e-01 5.13884902e-01 9.38861489e-01 -1.58691004e-01 6.13082573e-02 4.97258544e-01 4.69828188e-01 7.27124065e-02 -1.05011022e+00 -5.02023458e-01 -9.50740635e-01 5.88366017e-02 1.62600324e-01 3.07657957e-01 2.56805658e-01 2.06260681e-01 2.15849966e-01 2.97112435e-01 5.22390492e-02 -3.57707858e-01 -3.49946469e-01 -2.91515976e-01 -2.84644634e-01 4.52892035e-01 2.66125649e-01
-2.48070359e-01 -1.13673747e+00 5.26902437e-01 1.39588666e+00 1.47958055e-01 2.85948634e-01 3.46180680e-03 -6.93965852e-02 -3.97965580e-01 4.03438419e-01 9.05295014e-01 -8.31213057e-01 -9.13670659e-01 -3.18430930e-01 3.86668295e-01 2.75694281e-01 -1.29265463e+00 8.47129703e-01 4.23763365e-01 -4.62095082e-01 1.20362508e+00 3.78565013e-01 2.18260825e-01 -2.83855766e-01 4.33147728e-01 -3.06583911e-01 1.56002175e-02 -4.00389612e-01 -6.90155149e-01 1.08394432e+00 -4.29684430e-01 -3.87296170e-01
-8.66335452e-01 -2.34390661e-01 6.02588952e-01 1.65050223e-01 -7.25102663e-01 3.13027650e-01 3.38536292e-01 -5.03426045e-02 -5.36985993e-01 -1.62142023e-01 -1.24481332e+00 3.73505384e-01 4.32095826e-01 1.39062718e-01 2.31102899e-01 -1.10986270e-01 3.05957556e-01 -6.02492034e-01 2.37755641e-01 -3.95923257e-01 -2.05135822e+00 1.13445055e+00 8.04947242e-02 -6.47658944e-01 1.45694658e-01 5.46094418e-01 -7.70074874e-02 3.66375506e-01 -5.45847714e-01 -1.90037578e-01 -1.07357666e-01 1.83003135e-02
-3.00288767e-01 -3.22725356e-01 -1.08084545e-01 -1.74518839e-01 -2.47583404e-01 -3.98482829e-02 2.09679037e-01 2.88868010e-01 -6.24884784e-01 1.40598595e+00 -1.69163287e-01 -8.58144760e-02 -4.82801646e-01 4.75817233e-01 -1.46003887e-01 1.09647196e-02 3.77462879e-02 1.17906637e-01 -5.91190904e-02 -1.69277906e-01 2.25123137e-01 1.88402325e-01 3.76054347e-01 5.29783359e-03 5.65551035e-02 -4.05008979e-02 -2.14725032e-01 1.78193197e-01 3.03514928e-01 2.89323390e-01 1.64187476e-01 1.00176394e-01
-9.91495177e-02 -3.68224323e-01 -4.74790198e-04 -1.10039696e-01 -3.27306002e-01 4.88859683e-01 -1.65131435e-01 -4.08004016e-01 3.31694335e-02 -3.73496860e-01 2.17768643e-02 4.40190464e-01 2.12253466e-01 4.45416659e-01 3.31845492e-01 -5.09596705e-01 -4.52505827e-01 -1.23855090e+00 -8.30700025e-02 -3.19999158e-01 -1.08794175e-01 8.78612697e-01 4.63543087e-01 6.08487010e-01 -4.72070158e-01 1.47175267e-01 1.20373026e-01 -2.33212695e-01 -3.69330347e-01 -2.70783752e-01 -9.03187469e-02 -7.80975595e-02
4.34512086e-02 -4.67501916e-02 1.25093520e-01 -8.91695544e-02 2.28905573e-01 -1.11387834e-01 4.45231684e-02 -3.47250789e-01 -1.62758052e-01 3.61048758e-01 1.44522294e-01 1.87840819e-01 7.51147196e-02 -2.81094521e-01 -7.61779100e-02 -3.30917984e-01 6.09335452e-02 1.29092053e-01 -1.46318048e-01 -5.39810181e-01 1.30454317e-01 -1.70277074e-01 -1.26884148e-01 -4.25056815e-02 -1.39906043e-02 2.07936510e-01 -5.94717264e-02 2.74534207e-02 1.00822628e-01 7.14400262e-02 1.88462213e-02 2.33672303e-03
2.43530557e-01 -5.29516935e-01 -3.41390908e-01 7.92367220e-01 -2.53673732e-01 -5.98095238e-01 3.52759898e-01 -2.05187947e-01 -2.45566070e-02 2.73431015e+00 -5.46162844e-01 1.00486565e+00 6.23463988e-01 9.56213295e-01 6.89174712e-01 -9.79757216e-03 4.23435122e-02 7.79444054e-02 7.08660305e-01 3.45716625e-01 1.24697469e-01 9.91194546e-02 -3.23188663e-01 1.08974862e+00 -1.11703873e-01 1.05800465e-01 -2.74550319e-01 4.11849529e-01 -2.05203313e-02 5.32750413e-02 5.42249501e-01 7.47823194e-02
-1.22721516e-01 1.85162067e-01 1.34157747e-01 7.23574832e-02 3.66109274e-02 -3.89953181e-02 -4.01923433e-03 1.19550005e-01 -9.99107212e-03 -3.44126001e-02 1.64711133e-01 7.54505470e-02 9.36703905e-02 -3.15577760e-02 1.62755325e-01 2.10348114e-01 3.68775278e-02 -1.30249858e-01 -2.83532459e-02 9.04588103e-02 -1.54368073e-01 -4.28399965e-02 -2.27825530e-02 4.63947747e-03 -4.67628598e-01 -2.24592358e-01 4.54386547e-02 -1.25283822e-01 -6.16185814e-02 -5.72590902e-02 -8.49076733e-03 -4.54678506e-01
-1.48006687e-02 -7.65141323e-02 -4.20405120e-02 2.71318760e-02 -2.30495244e-01 2.90933177e-02 -1.77329704e-02 1.75751790e-01 4.56031561e-02 -5.27735129e-02 -7.52768293e-03 -2.96390560e-02 -6.55636042e-02 2.91383155e-02 -6.53394610e-02 2.34509245e-01 -1.14407390e-01 -1.21523120e-01 2.99897650e-03 3.26842040e-01 -2.35802636e-01 -9.29826722e-02 3.85668571e-03 -1.58410594e-02 1.27569893e-02 -9.30816159e-02 -6.19740486e-02 -7.22931996e-02 -5.08073308e-02 5.53959757e-02 -2.86497250e-02 -1.78891304e-03
8.34088206e-01 -2.68684536e-01 3.03894907e-01 3.34160775e-01 -3.24831218e-01 1.66392401e-02 -4.85653192e-01 3.93569209e-02 6.43996060e-01 1.03231452e-01 -1.88136771e-01 5.18543720e-02 6.49148002e-02 2.43817374e-01 7.39021420e-01 -6.43554449e-01 -4.49374259e-01 -6.32676840e-01 4.40884739e-01 -2.62311488e-01 -7.42264867e-01 2.15200007e-01 -1.30018577e-01 2.03584105e-01 7.49669135e-01 -1.93057302e-02 2.17053860e-01 -1.84696808e-01 -5.08120835e-01 2.20582932e-01 8.67799446e-02 1.57481089e-01
1.44923836e-01 -4.02446002e-01 -2.93114215e-01 3.94416809e-01 2.77663410e-01 -6.00530505e-01 1.20338365e-01 2.52293628e-02 2.44469732e-01 -2.56483912e-01 -2.43537590e-01 4.64290589e-01 3.68485421e-01 -2.87586838e-01 2.43080050e-01 -5.05005002e-01 -3.19007486e-01 -6.67717040e-01 3.83831650e-01 -3.90384793e-01 -2.46240601e-01 -6.93026856e-02 3.48122686e-01 6.43393576e-01 -1.70848981e-01 -3.05365562e-01 4.26956534e-01 -8.38458687e-02 -8.32858160e-02 -4.34366614e-01 8.93582553e-02 2.83568442e-01
-4.71491963e-02 -1.41360998e-01 7.64879286e-01 9.79178920e-02 -1.11638701e+00 -2.24276394e-01 2.47793436e-01 -9.67974290e-02 6.18406415e-01 7.45214820e-01 -1.29069701e-01 -3.65596533e-01 2.21385434e-02 8.05967748e-01 1.10895135e-01 -2.36611843e+00 -3.86369884e-01 -2.70129108e+00 4.56902236e-02 -2.42278259e-02 -6.61417663e-01 6.52533531e-01 2.89469033e-01 1.56060204e-01 4.30510670e-01 1.46274522e-01 3.23058277e-01 -1.42477658e-02 -5.38029224e-02 -7.76326180e-01 -3.73658568e-01 -6.77995160e-02
-1.84586033e-01 -2.32049078e-01 -2.43324921e-01 -2.95555294e-01 -2.71838367e-01 5.50639153e-01 1.66674718e-01 -8.96954611e-02 -1.07709609e-01 3.70862007e-01 -2.05131963e-01 1.79226369e-01 7.27568716e-02 -2.77534872e-01 -1.31557494e-01 -5.12628555e-01 3.23638618e-01 -6.54242218e-01 -3.04409444e-01 4.34176698e-02 -3.10638160e-01 3.88509184e-01 -1.40506163e-01 3.43906790e-01 3.75917584e-01 -4.99229521e-01 4.68312681e-01 2.10391041e-02 8.83148015e-02 1.17332168e-01 -9.33508053e-02 3.20973322e-02
4.73413259e-01 7.04725027e-01 6.92019165e-01 -4.25637484e-01 1.80598736e-01 1.32316679e-01 1.02829047e-01 -9.27999765e-02 -7.77429044e-01 9.11145151e-01 -3.16768497e-01 -2.15878740e-01 -4.16054994e-01 1.07841909e+00 1.38196036e-01 1.31280705e-01 4.96764109e-02 -9.27170336e-01 3.09452504e-01 -2.56162137e-01 3.73342112e-02 7.21200228e-01 -1.40376121e-01 -4.26230907e-01 7.57756174e-01 -7.38479257e-01 4.67562944e-01 -7.74542093e-02 -2.42135540e-01 -6.24255598e-01 -6.62786886e-02 -5.80280006e-01
-8.65389034e-02 -3.73560488e-01 2.53908128e-01 -2.34883383e-01 -2.55575776e-01 1.72460705e-01 2.55585492e-01 -2.21461758e-01 -5.45502782e-01 -2.49206260e-01 -1.66461527e-01 5.87611981e-02 -3.76594402e-02 4.24257874e-01 5.17680287e-01 2.89818794e-01 3.02699834e-01 -4.50234979e-01 -1.54721448e-02 2.01417118e-01 -2.34732389e-01 3.79785240e-01 -3.36111903e-01 1.07919648e-01 -6.58866316e-02 -2.04372138e-01 3.45765561e-01 7.17387199e-01 -3.44938576e-01 -5.15463471e-01 3.25182110e-01 3.56344730e-01
-1.18053067e+00 1.92335978e-01 8.96330625e-02 -1.24199367e+00 -1.98534206e-01 -1.61403060e-01 1.45466864e-01 4.58056062e-01 2.04893544e-01 3.09278041e-01 -9.15413141e-01 6.60028815e-01 1.01406264e+00 4.16059464e-01 -7.58192718e-01 6.71270043e-02 5.83279490e-01 -5.88393688e-01 -2.09988907e-01 9.49387431e-01 -6.62895620e-01 -3.69921327e-01 -4.39566672e-01 4.73275222e-02 4.88678604e-01 9.14232731e-01 9.26905096e-01 7.54584610e-01 4.34312582e-01 -9.68907773e-01 8.38705152e-02 3.19628447e-01
-8.83576721e-02 9.43405256e-02 2.95048177e-01 -4.83794548e-02 3.40260744e-01 -1.06705301e-01 -6.68913219e-03 2.51294188e-02 -3.45483832e-02 2.07125008e-01 1.94983277e-02 2.83871721e-02 -1.16570676e-02 -1.17784791e-01 8.09538215e-02 -1.60176188e-01 8.86290371e-02 5.61122522e-02 1.64362174e-02 -4.16665226e-01 1.29872099e-01 -1.10728584e-01 1.06303440e-02 8.85150948e-05 1.45953804e-01 -1.69534702e-02 7.37201199e-02 1.50497496e-01 2.88553834e-02 -8.94947350e-02 3.49389799e-02 5.43129258e-02
-5.25328107e-02 3.09131563e-01 2.79463738e-01 -9.25944299e-02 2.03674972e-01 4.32070121e-02 6.30625963e-01 2.54520267e-01 1.62027344e-01 -1.23405433e+00 -3.17178249e-01 5.07087171e-01 6.26807094e-01 -3.35686922e-01 -5.35741389e-01 -3.84881124e-02 5.51849723e-01 -2.44556859e-01 3.35638709e-02 -4.64810133e-01 8.80713642e-01 -3.14565778e-01 -4.26039360e-02 -1.33860540e+00 -2.62686342e-01 4.82606322e-01 -9.63581741e-01 -8.46289277e-01 2.34604493e-01 -8.85544196e-02 -8.25218111e-02 -1.22460306e-01
5.87561846e-01 -3.13402146e-01 -3.04087102e-01 4.42497134e-01 -2.51147579e-02 -4.21255715e-02 -5.92244789e-02 -1.30857378e-01 4.61141288e-01 -8.40251595e-02 -1.10081129e-01 -5.27870953e-02 7.58349359e-01 -3.34057093e-01 3.58165652e-01 -2.84669697e-01 -2.98279319e-02 -4.46364999e-01 1.58635110e-01 -7.69695416e-02 -3.34978551e-01 1.10583641e-01 1.66205585e-01 1.59283593e-01 -7.68838674e-02 -2.14231238e-01 7.97475040e-01 5.05894065e-01 -3.64198953e-01 3.39098483e-01 1.92633450e-01 3.39600712e-01
-2.46327505e-01 3.42541248e-01 -1.65521264e-01 -4.97690886e-02 -5.77846289e-01 -1.98972434e-01 8.75383615e-02 4.74971354e-01 -7.55826756e-02 -5.66503882e-01 -1.82730973e-01 -1.64769571e-02 -3.36402982e-01 1.64134294e-01 2.53555924e-01 -1.40724823e-01 -8.66770819e-02 2.35862479e-01 1.25438883e-03 3.66628468e-01 -2.24054992e-01 -4.61012200e-02 -1.34284981e-02 -3.89218070e-02 -1.19881034e-01 -9.85219106e-02 2.66995221e-01 -2.85867840e-01 1.21857814e-01 2.91903247e-03 -1.28408941e-02 1.74942806e-01
6.57002255e-02 -5.35444677e-01 -9.27721858e-02 -1.10874355e-01 -6.49055615e-02 -1.63822487e-01 -1.51509801e-02 -1.63511887e-01 -4.17471111e-01 4.53442812e-01 -1.47908935e-02 8.59413967e-02 3.60196114e-01 3.33198458e-01 -1.45737991e-01 -5.67022383e-01 -2.00840190e-01 -1.37642056e-01 -1.40574640e-02 6.31818548e-02 8.24029520e-02 -4.64210361e-02 5.72452545e-01 4.16220278e-02 -3.75564545e-01 2.37354979e-01 3.35009485e-01 8.47638771e-02 -7.25746974e-02 1.19419038e-01 -6.57398179e-02 -2.09021792e-01
9.89892721e-01 -4.27298173e-02 -6.07219696e-01 2.47254446e-01 1.94626942e-01 1.38882488e-01 5.26349068e-01 1.03589885e-01 -3.51802707e-01 -8.93330634e-01 -8.66726160e-01 1.35871828e+00 3.48046571e-02 -8.73056054e-01 3.41998786e-01 6.98078632e-01 -1.41915288e-02 3.89581382e-01 -1.18799761e-01 4.24823491e-03 -1.70393932e+00 -3.86174172e-01 -7.53868997e-01 -1.38635233e-01 -5.06413162e-01 -5.13477102e-02 2.98764229e-01 7.59157419e-01 -1.03295438e-01 1.11946888e-01 -3.20486501e-02 5.37470460e-01
-1.64141372e-01 5.77553324e-02 -9.23598170e-01 -7.98120722e-02 2.04492658e-01 3.79182190e-01 8.35617557e-02 3.41528505e-02 2.44088992e-02 5.49984932e-01 -4.17090654e-01 -1.18230164e+00 3.86694044e-01 2.44563252e-01 -3.00111949e-01 5.43604672e-01 -3.96345593e-02 1.26174927e+00 -4.38202560e-01 1.36800691e-01 3.45896482e-01 -1.15558296e-01 3.23750894e-03 6.47010803e-01 -2.42163852e-01 7.83752620e-01 -1.05737269e-01 -3.02527994e-01 1.10348523e-01 1.11075953e-01 6.75865114e-01 -9.53839272e-02
-2.32739542e-02 3.47630441e-01 -1.54901817e-01 -6.18182778e-01 -5.29580377e-02 7.38300860e-01 2.91743517e-01 7.91630089e-01 3.11933815e-01 3.19302619e-01 9.54131544e-01 -2.70806462e-01 8.60378593e-02 2.54856616e-01 6.08882420e-02 -6.49032712e-01 2.82021910e-01 -5.51346019e-02 -3.21066380e-01 -5.39373577e-01 -3.33022736e-02 -2.23839551e-01 2.60249048e-01 1.50205374e-01 -2.20388457e-01 1.71507210e-01 3.19665149e-02 -3.37895490e-02 -5.46796679e-01 2.51973808e-01 -2.04296410e-01 1.08348049e-01
6.96119443e-02 1.22799128e-02 -1.22717239e-01 3.82195547e-04 -2.45526955e-02 5.77041879e-02 -7.86930695e-03 8.28759372e-02 -1.77969858e-02 -5.76015227e-02 -6.03726991e-02 -3.94939095e-01 2.51808792e-01 1.88683882e-01 2.10350733e-02 9.53551009e-02 7.04930350e-02 -4.07050811e-02 9.69505385e-02 2.53742546e-01 1.26645997e-01 2.93287635e-01 1.76035482e-02 2.40191430e-01 -1.21841371e-01 -2.79708087e-01 -1.84828103e-01 -1.78133175e-01 -3.14231962e-01 -1.47818267e-01 1.99349597e-02 -2.56494164e-01
4.13944662e-01 1.92562640e-02 5.53448081e-01 3.99096608e-01 3.03923994e-01 4.28810060e-01 9.58130181e-01 -3.62505496e-01 7.49548793e-01 -5.19628562e-02 -6.10676825e-01 1.66803509e-01 -5.24106562e-01 -3.29265743e-01 -2.74234284e-02 1.63271278e-01 -6.14792347e-01 -4.96400207e-01 2.78369993e-01 -3.78108434e-02 -9.99293253e-02 5.74592471e-01 2.07857266e-01 6.64225817e-01 3.19524221e-02 -1.35390326e-01 -2.29387164e-01 1.84118226e-01 1.84289351e-01 4.19993788e-01 -1.03690043e-01 -3.34775238e-03
-2.06080258e-01 -4.89937395e-01 1.42342579e+00 1.01202436e-01 -7.87739038e-01 -2.21704364e-01 -1.19781303e+00 -1.01105952e+00 3.28107536e-01 1.03489268e+00 4.60606851e-02 -4.77877885e-01 -3.06927621e-01 1.07851565e+00 5.71521759e-01 -2.19818735e+00 1.84882209e-01 -2.65505219e+00 1.83340418e+00 8.31617892e-01 -5.89825213e-01 1.61968291e+00 -4.70404118e-01 2.84191668e-01 3.51710081e-01 -6.99454665e-01 -2.36931965e-01 3.48500699e-01 1.74586341e-01 4.47791032e-02 8.60547125e-01 1.36747763e-01
-5.78981219e-03 -9.14553832e-03 7.39108548e-02 4.30670604e-02 3.97486985e-01 3.51420371e-03 -1.41196027e-02 2.33813431e-02 3.55481319e-02 -2.73255375e-03 -1.51724666e-02 -8.07141885e-02 1.02959923e-01 -2.62720380e-02 -9.30104963e-03 -9.28067230e-03 9.66352224e-03 -2.50240378e-02 -7.44584501e-02 8.38245302e-02 1.43940389e-01 6.44195154e-02 -2.16182806e-02 1.94597477e-03 -1.35794595e-01 -1.46843955e-01 1.72987152e-02 3.62056792e-01 -4.90084775e-02 -5.63062392e-02 -1.29267422e-03 -2.43626058e-01
-3.78669351e-01 -6.95019169e-03 -1.56512454e-01 -4.41201553e-02 -1.85130268e-01 -2.29449500e-03 -1.13676980e-01 6.81333184e-01 -1.11180231e-01 -7.39562735e-02 -1.49526119e-01 6.63544655e-01 4.74382192e-01 3.71490538e-01 2.22336978e-01 2.20147312e-01 -2.44034514e-01 1.13879591e-01 -1.46956235e-01 -8.19901004e-02 -1.41922578e-01 -6.46953881e-01 -1.59477055e-01 -1.77187726e-01 -3.76406521e-01 -2.01356456e-01 -5.83555520e-01 4.33637887e-01 -2.75256336e-01 -2.22209170e-01 -2.20979124e-01 5.49930274e-01
7.79859126e-02 -1.68599308e-01 5.19948959e-01 3.06078672e-01 -6.26212418e-01 1.97695330e-01 3.76114428e-01 -6.63752675e-01 5.34554362e-01 3.36457819e-01 -4.50187214e-02 3.94806117e-01 -1.41224951e-01 2.44761541e-01 1.26390636e-01 -2.31370497e+00 1.07118115e-01 -1.08108449e+00 1.73325375e-01 1.35472059e-01 -1.32819980e-01 1.09455377e-01 1.95281044e-01 2.45874256e-01 -3.04522574e-01 -5.88472724e-01 -2.75903400e-02 -1.13607712e-01 -4.94584382e-01 -4.46949750e-01 4.62838709e-01 -2.44770586e-01
-2.42981136e-01 3.76819856e-02 -1.00126013e-01 1.21526547e-01 -1.38778806e-01 1.21381367e-03 1.89043581e-01 -1.47146285e-01 -4.92149264e-01 1.65505457e+00 -3.92542332e-01 -6.75346330e-02 -2.45121107e-01 1.22794950e+00 -2.10224137e-01 -2.89333537e-02 3.54720987e-02 -5.98532185e-02 -1.88531354e-01 -2.79084444e-01 7.77478963e-02 2.42445767e-01 6.73435768e-03 -2.07210571e-01 -7.69731849e-02 1.04141906e-01 3.95621479e-01 3.88273686e-01 2.72753835e-01 -4.90409434e-01 3.41258973e-01 -1.53304964e-01
-1.46373287e-01 -2.24243864e-01 6.45419002e-01 4.82873380e-01 -1.82058111e-01 -3.43767136e-01 -1.10656190e+00 1.41488776e-01 2.27518082e-01 4.39612895e-01 8.55435506e-02 -5.69911301e-02 1.12450674e-01 2.12151334e-01 -2.20116928e-01 4.96483684e-01 -8.10664322e-04 1.49504229e-01 -1.54508740e-01 -3.37433994e-01 8.75057518e-01 4.16766316e-01 3.82726401e-01 -5.89324653e-01 1.30231887e-01 2.95662507e-02 -2.02145666e-01 2.59370625e-01 -9.42962691e-02 3.33651155e-01 -1.29844457e-01 -4.31532741e-01
1.29417527e+00 -3.92151386e-01 4.15537864e-01 9.85286832e-01 -2.78274745e-01 1.89208955e-01 -9.17488933e-01 -6.38745844e-01 8.86962593e-01 -1.44458437e+00 -2.73270339e-01 7.34393060e-01 -1.24745286e+00 -2.82662600e-01 6.87382758e-01 -4.97895718e-01 -9.96196046e-02 2.64234450e-02 1.03684795e+00 7.34632492e-01 3.21901083e-01 -5.07221401e-01 -2.03909564e+00 -5.12113631e-01 6.91854179e-01 5.47953129e-01 -8.04084301e-01 -4.19468045e-01 -1.69428021e-01 1.26070559e+00 -6.34861529e-01 -2.43982524e-01
-2.11818460e-02 1.79174408e-01 -4.19104993e-02 -4.87203337e-02 -1.69568047e-01 -3.25674452e-02 1.46398516e-02 -4.03688848e-02 -4.45028916e-02 -1.63327977e-02 3.84661332e-02 9.71426368e-02 8.61387774e-02 -4.47232686e-02 1.61581352e-01 -1.59920245e-01 9.83033627e-02 1.68757677e-01 -1.67979933e-02 -2.85742790e-01 1.27129063e-01 4.43207994e-02 -1.55887986e-02 -1.32935802e-02 -3.10670942e-01 -4.11399901e-02 2.01979801e-02 -6.40172660e-02 -1.65681150e-02 -8.12930893e-03 -3.44298431e-03 -2.15801761e-01
7.49805048e-02 3.03632319e-01 1.57522333e+00 5.28935730e-01 -1.20036852e+00 1.77377567e-01 -3.18428040e-01 -6.06595278e-01 8.84280443e-01 5.10637164e-01 2.26944149e-01 -4.28191930e-01 -9.73052263e-01 9.48887348e-01 2.84368005e-02 -3.51820850e+00 -2.69808650e-01 -4.54580498e+00 3.77779812e-01 4.97177169e-02 -1.21798182e+00 9.56179440e-01 3.71889710e-01 1.75087243e-01 2.27569267e-01 -2.39694208e-01 -4.43113953e-01 7.17508078e-01 -2.57729411e-01 7.31444210e-02 -9.17673111e-02 3.70335951e-03
-8.00562024e-01 1.92821905e-01 1.13122776e-01 -7.23589659e-01 1.81746725e-02 -1.77872747e-01 -2.34622478e-01 4.75002706e-01 -4.94031757e-02 -6.49626786e-03 1.34670809e-01 -3.13603550e-01 4.16325748e-01 4.36702847e-01 -4.08673346e-01 -2.59334326e-01 2.15929374e-01 -1.52478233e-01 -3.32716763e-01 1.66081548e-01 8.65615085e-02 6.80153847e-01 2.05981880e-01 -2.44783103e-01 -6.93404302e-02 2.91727453e-01 -6.93244934e-01 6.02139495e-02 7.87717998e-02 -5.44770420e-01 -1.36789873e-01 -7.93823481e-01

layers.2.bias:
-1.34648371e+00
-8.62665355e-01
7.71751702e-01
-6.51338398e-01
1.53306454e-01
-4.05780107e-01
2.77767181e-01
2.18748903e+00
4.97798949e-01
8.29995990e-01
-9.58598495e-01
-1.34604776e+00
-4.38057393e-01
8.91503811e-01
-3.20735693e-01
-6.02009177e-01
-7.71572068e-02
-7.72033930e-01
3.45190406e-01
-7.06014112e-02
-2.12430730e-01
7.73054481e-01
8.54474723e-01
-1.63479447e-01
-3.39519948e-01
1.04768217e+00
-1.01353145e+00
-1.06874430e+00
4.75711673e-01
-1.33530796e+00
3.81079167e-02
-4.97445911e-02
7.86072552e-01
1.30836904e-01
-2.59624153e-01
-3.41660976e-02
-1.52211472e-01
1.41173244e+00
1.06519043e+00
-1.89046502e-01
9.81366754e-01
-1.82678655e-01
-5.58618307e-01
1.45284998e+00
2.70239830e-01
-9.48945343e-01
1.06925404e+00
-3.73190671e-01
8.22063565e-01
1.75083983e+00
1.32080749e-01
2.95836061e-01
1.08955689e-01
-6.42089963e-01
2.74774611e-01
-4.19765189e-02
8.26077282e-01
-4.05226648e-02
-9.88887474e-02
-6.60505772e-01
6.67374253e-01
5.82964681e-02
-3.15908909e-01
7.25784183e-01

layers.4.weight:
3.14949572e-01 4.57860604e-02 -4.36147638e-02 6.30151993e-03 -6.18282743e-02 5.83606884e-02 1.20675424e-03 -7.29283810e-01 -7.68170282e-02 -4.03773785e-01 4.42810319e-02 9.38837290e-01 -1.90456057e+00 -1.33719653e-01 1.46820676e-02 -1.48810148e+00 -2.13977823e-04 5.91190085e-02 6.28057169e-04 -4.22520679e-05 -4.61224187e-03 -6.80840015e-02 -2.83564813e-02 2.75454104e-01 -8.42690989e-02 -3.26778367e-02 6.34178147e-02 7.63164580e-01 -3.85747582e-01 3.84618074e-01 -2.12910362e-02 -1.24595396e-01 -4.63867672e-02 9.52729722e-04 7.26434514e-02 -9.59942874e-04 -1.04918971e-03 -1.67087123e-01 -3.08869891e-02 1.86498791e-01 -3.21976021e-02 2.96315461e-01 3.24346200e-02 -1.19872712e-01 2.43636678e-04 1.33942515e-01 -1.95009224e-02 -8.93099752e-07 -1.18193209e-01 -6.84676707e-01 -3.94831337e-02 -6.46491721e-03 -1.44675840e-04 1.09330388e-02 -1.20817304e+00 -6.35746459e-04 -4.16119769e-03 -3.37702304e-01 -4.90713492e-02 5.53116128e-02 -5.47760352e-02 2.97502876e-04 7.60665357e-01 -1.38086164e-02

layers.4.bias:
-1.11052871e+00

