layers.0.weight:
3.31696361e-01 -5.67613244e-01 7.97264636e-01
5.69172144e-01 -8.09445798e-01 -5.80563486e-01
-8.31293464e-02 -6.13938749e-01 -5.77727258e-01
-1.07055378e+00 1.15616508e-01 4.58123112e+00
2.67282110e-02 4.11940843e-01 1.16166264e-01
-5.79876065e-01 8.58121514e-01 -1.84879377e-01
-1.31842160e+00 4.86020595e-01 -9.88645032e-02
-6.01682402e-02 7.88846374e-01 -9.23566997e-01
6.03414774e-01 -9.26082134e-01 5.12713566e-02
-1.11527514e+00 5.86289167e-02 -1.64189592e-01
7.53551662e-01 -9.85680073e-02 1.41279221e+00
-7.16238439e-01 -1.31785080e-01 -1.29353356e+00
-4.30584475e-02 7.12955832e-01 -1.57757306e+00
-1.16726887e+00 2.10410804e-02 5.00053525e-01
-6.46977663e-01 1.09646142e+00 7.52028525e-01
-1.81771189e-01 9.48456824e-01 1.64468549e-02
5.46070874e-01 -6.33792400e-01 -1.45019031e+00
-1.15504665e-02 1.12846863e+00 1.84981868e-01
8.07071701e-02 -9.54183042e-01 5.35116851e-01
3.41117471e-01 -1.28724232e-01 -8.64976227e-01
2.23475501e-01 1.65966094e-01 -5.10879010e-02
-3.24195027e-01 -2.56797969e-01 -1.00232065e+00
-4.64660525e-01 1.65601885e+00 -4.46076952e-02
-1.56447518e+00 4.06930357e-01 1.75152493e+00
1.05132234e+00 3.79940838e-01 -7.78481364e-01
2.59609371e-01 6.71772659e-01 -1.17486012e+00
-1.16151750e-01 -2.13369340e-01 1.90187418e+00
-3.97779703e-01 -2.44972542e-01 1.92939892e-01
3.22416067e-01 7.57217348e-01 -1.46468067e+00
-1.04933763e-02 4.65525806e-01 1.70563948e+00
-2.89658904e+00 2.84448242e+00 -1.78299040e-01
-1.26738083e+00 -5.19488692e-01 1.02004325e+00

layers.0.bias:
8.77201200e-01
4.81547834e-03
-1.42384720e+00
-6.34384930e-01
7.07518518e-01
-2.04255387e-01
-3.54310095e-01
2.86240637e-01
-7.45998621e-01
-1.59115899e+00
1.64644122e-01
1.80825554e-02
2.46107668e-01
-1.21306002e+00
-2.90836543e-01
1.43946290e+00
9.34610724e-01
1.82654703e+00
-6.68276668e-01
5.78918040e-01
-1.44309163e-01
-1.35729384e+00
1.02535832e+00
-7.05530941e-02
1.36946186e-01
5.60703695e-01
8.80503118e-01
-1.57881156e-01
-4.88352716e-01
7.31267482e-02
8.91685039e-02
-6.70209900e-02

layers.2.weight:
-2.77003378e-01 2.97049016e-01 1.10324755e-01 -5.46308398e-01 -9.68828201e-02 -1.01864152e-01 1.49883196e-01 -2.46946346e-02 -9.80987921e-02 2.63045597e+00 2.31011324e-02 1.37706086e-01 -1.64491609e-01 2.33804059e+00 -2.81708330e-01 4.63142455e-01 -9.89168693e-05 6.49438739e-01 1.44054547e-01 -2.03355059e-01 1.57235146e-01 -1.81344394e-02 -6.01992846e-01 5.31697989e-01 -1.90891370e-01 6.69393539e-01 -8.49624455e-01 -5.67038842e-02 -1.82398081e-01 -2.81835467e-01 -3.60922784e-01 3.62569720e-01
-6.35704100e-02 1.56254888e-01 -8.57918203e-01 5.64635247e-02 -4.05285388e-01 1.32212073e-01 -7.55926192e-01 -4.97405559e-01 5.84493101e-01 6.61978602e-01 3.57482463e-01 -2.77364850e-01 2.44152740e-01 -2.40503866e-02 -3.25541019e-01 1.51773781e-01 -3.66605788e-01 3.39753717e-01 -3.99311692e-01 -7.14082718e-02 6.39106274e-01 -1.39337659e-01 -4.50163603e-01 -4.13873047e-02 1.04730502e-02 -6.55536652e-02 -3.21201801e-01 -5.47006547e-01 6.41922951e-02 -2.14582428e-01 -3.61814573e-02 1.79851130e-01
1.83559638e-02 4.78095710e-02 -4.69905846e-02 -6.87229931e-01 -5.97444117e-01 -8.24725330e-02 -5.50824285e-01 2.63903886e-01 5.26342750e-01 6.60609186e-01 -4.80176657e-01 -1.57025009e-01 9.71055180e-02 -4.01827879e-02 -1.41661048e-01 -7.92524099e-01 -2.31153797e-02 -6.39602721e-01 -4.04040515e-02 4.93774325e-01 -4.69543070e-01 -3.21160644e-01 3.38122457e-01 -1.30767393e+00 -8.87040913e-01 3.64639312e-01 -1.10589135e+00 3.56577449e-02 3.62878948e-01 -3.14533919e-01 2.32051574e-02 3.17864418e-01
2.24821672e-01 -8.39287341e-02 1.08679764e-01 1.32338142e+00 3.75994295e-01 4.05786991e-01 6.82418764e-01 -2.21108928e-01 -1.60884783e-01 -2.02104561e-02 1.37687355e-01 -3.99075225e-02 -5.54146230e-01 1.83251217e-01 6.41629994e-01 6.31901145e-01 -3.03463906e-01 4.20656472e-01 3.07001054e-01 -9.50848103e-01 -8.05158436e-01 -1.27899736e-01 3.88504058e-01 1.42811787e+00 -6.68992519e-01 -5.33541739e-01 4.75340992e-01 4.02471900e-01 -6.44337714e-01 -1.84712365e-01 3.17820988e-04 4.67747211e-01
1.25320181e-01 -3.71984184e-01 2.03991160e-01 -4.01205122e-01 1.71325594e-01 -3.05241913e-01 -1.07656956e+00 1.16342127e-01 1.79783092e-03 -4.83823806e-01 4.79779124e-01 -8.04985225e-01 7.58635461e-01 -7.68428147e-01 -7.97151029e-02 -6.88055754e-01 -3.60329539e-01 -7.17281401e-01 -8.62333104e-02 -1.37422010e-01 8.51496577e-01 -6.02956951e-01 2.39658207e-01 -2.83743680e-01 -8.72461081e-01 5.91400623e-01 1.46791741e-01 -5.69235086e-01 -3.00728202e-01 6.63888454e-01 -2.32872859e-01 1.21436529e-01
-4.05827612e-01 2.89327472e-01 3.28680724e-01 1.22225709e-01 -7.37837851e-01 -2.33966544e-01 -3.14452738e-01 3.45392287e-01 3.10743511e-01 -9.07990038e-02 5.79853833e-01 3.39545846e-01 -3.30597907e-02 -2.23564327e-01 -3.39435935e-01 -1.00705707e+00 -2.73467422e-01 -1.16289949e+00 6.11267924e-01 -1.81759819e-01 -6.00374699e-01 -2.47934945e-02 -6.26670063e-01 -3.19121659e-01 9.57779735e-02 1.40145540e-01 1.07348114e-01 1.10898304e+00 -1.06097810e-01 -4.78480101e-01 -4.90792006e-01 2.87322760e-01
4.83123884e-02 -1.53758293e-02 -2.37321556e-01 -8.29627085e-03 -1.34989947e-01 1.65072158e-01 -4.36537415e-02 -4.22665775e-01 -1.11296758e-01 2.42396072e-01 2.93986827e-01 8.55451822e-02 2.91208655e-01 1.76867396e-02 -2.08339794e-03 -2.95849293e-01 1.10378936e-02 1.22073889e-01 3.15261283e-03 -3.10652137e-01 -4.00899172e-01 7.54267797e-02 5.73030449e-02 2.10134964e-02 1.68694362e-01 2.71950126e-01 -3.59138757e-01 -4.37737644e-01 -1.50017872e-01 7.32225701e-02 2.22910754e-02 1.34357646e-01
2.68208027e-01 1.03334829e-01 -4.11703318e-01 3.65303099e-01 3.31009567e-01 -6.41068220e-01 1.31641671e-01 4.82170671e-01 3.55833806e-02 -2.93577969e-01 -1.24656536e-01 9.49550092e-01 3.04834843e-01 -5.51146746e-01 -1.61281034e-01 2.45881587e-01 5.15670419e-01 2.12677285e-01 2.36076996e-01 4.95669723e-01 -1.44704080e+00 -9.00329411e-01 1.45802349e-01 3.09828579e-01 2.00647578e-01 7.34190226e-01 6.12362742e-01 5.31334996e-01 -5.95045745e-01 5.04301786e-01 1.80446759e-01 -2.57749379e-01
1.69739854e-02 2.53860503e-01 -5.19463122e-01 -2.80666798e-01 1.25695860e+00 -3.80817354e-01 -7.00027823e-01 -2.97600657e-01 -6.75119400e-01 2.55555511e-01 4.38312292e-01 2.28952065e-01 7.13718176e-01 -2.55813718e-01 1.21038765e-01 1.72126889e+00 3.20915133e-01 1.32007158e+00 -6.21822655e-01 -1.36990592e-01 1.54702142e-01 -2.39106685e-01 1.25425503e-01 3.21745664e-01 7.74936974e-02 4.13498670e-01 2.21573431e-02 2.85282801e-03 2.88058594e-02 1.41678676e-01 2.14352703e+00 -3.37134689e-01
-6.27292216e-01 1.35680899e-01 -9.16509479e-02 -5.32908618e-01 3.94411415e-01 2.00690348e-02 -7.59984776e-02 3.81804585e-01 4.31834906e-01 -1.61214516e-01 2.91414093e-03 2.45573044e-01 1.93254873e-01 1.47237629e-01 -3.63332868e-01 -7.03900635e-01 3.73663634e-01 -4.72470969e-01 -4.21875358e-01 -1.44536316e-03 -6.30281389e-01 -2.22987428e-01 1.11295946e-01 -8.49727690e-02 -2.03459799e-01 -8.47127214e-02 -1.84293479e-01 2.13852465e-01 2.74533987e-01 1.52176842e-01 1.55288219e-01 -8.69558286e-03
7.87389651e-02 -3.44026297e-01 -1.14252061e-01 -3.51085156e-01 -4.21578377e-01 -2.61588395e-01 -3.22971582e-01 1.43294647e-01 4.43922967e-01 3.00873995e-01 -5.19065559e-01 -1.25280723e-01 8.45636010e-01 -2.94081271e-01 -1.79478273e-01 -3.09621751e-01 -6.52310669e-01 -8.10191751e-01 -3.96932624e-02 -5.18642217e-02 1.05522263e+00 -2.61340767e-01 -7.64867842e-01 1.90060958e-01 -1.09305203e-01 -7.14249238e-02 -4.22396570e-01 -5.43740451e-01 2.89610595e-01 -3.86082441e-01 -1.08641768e-02 3.72793078e-01
-1.13656618e-01 -9.20144096e-03 1.71086812e+00 -9.16371107e-01 -7.91416466e-01 1.54459685e-01 -5.27621061e-02 -3.65260869e-01 3.05217933e-02 1.89241672e+00 -7.38523155e-03 -9.63655338e-02 3.33713293e-01 3.18213677e+00 6.72882199e-02 -6.89140439e-01 3.52718145e-01 -2.48927832e+00 5.58675110e-01 -2.77957231e-01 2.89862990e-01 6.36614919e-01 -2.56356031e-01 8.08455825e-01 -5.23361899e-02 -5.14736772e-01 2.54034460e-01 -1.34908915e-01 1.20557345e-01 -6.82776002e-03 6.41539246e-02 -3.62824976e-01
-7.01500118e-01 -2.34721884e-01 9.30889368e-01 4.24779445e-01 -5.83337545e-01 6.62923992e-01 -3.36534455e-02 -8.84954453e-01 3.41330200e-01 3.95751208e-01 2.01249376e-01 1.03497945e-01 -5.12661159e-01 -1.60385415e-01 5.25199473e-01 -4.02949905e+00 -1.79825276e-01 -5.90124369e+00 5.04334629e-01 -1.05414939e+00 -6.36421442e-01 4.83958781e-01 7.03441203e-01 -1.00564219e-01 -1.97642103e-01 -2.43088707e-01 -3.46589804e-01 6.24972224e-01 -5.95600128e-01 -3.06934357e-01 -1.27872002e+00 -3.33642304e-01
2.18150541e-02 -1.79778650e-01 -6.17660522e-01 -7.32825622e-02 -1.67694673e-01 -3.21198702e-02 2.38444254e-01 3.45705569e-01 3.44340444e-01 -2.02700377e-01 5.19534767e-01 -1.87487066e-01 3.40988904e-01 -8.32249522e-01 -3.05242419e-01 -4.68156710e-02 -2.50841409e-01 1.87559173e-01 -1.14323355e-01 1.24816157e-01 -1.85031891e-02 -1.32422283e-01 5.81470914e-02 -2.21724004e-01 -1.19639382e-01 7.68383503e-01 -1.58832017e-02 3.83872353e-02 -1.73309922e-01 2.52797633e-01 1.54568419e-01 3.48754883e-01
-9.03822422e-01 2.54280806e-01 -2.51492243e-02 3.17528456e-01 -2.41057351e-01 6.10222220e-01 -3.73105705e-01 -9.55426022e-02 4.54441309e-01 -2.02562630e-01 -7.77879477e-01 2.59024858e-01 1.76349998e-01 -3.46720368e-01 -3.23097318e-01 -7.00287759e-01 2.50312477e-01 -7.07577705e-01 -3.84708047e-01 3.39464396e-01 1.34176588e+00 9.76473510e-01 -6.12140037e-02 1.59170538e-01 -3.53213280e-01 1.26187369e-01 -6.13132238e-01 2.25331448e-02 7.86821842e-01 -2.69556671e-01 -9.81370658e-02 1.24244191e-01
-5.00664949e-01 4.11288958e-04 1.57646433e-01 8.33391473e-02 -3.40894371e-01 1.92479879e-01 -8.83508682e-01 -5.77402152e-02 6.87828436e-02 5.35493231e+00 5.11554003e-01 4.80746955e-01 2.68228203e-01 2.63488603e+00 -6.66878298e-02 -1.60112437e-02 -3.76752436e-01 -1.83120698e-01 6.29252344e-02 -1.51666611e-01 -7.55312681e-01 4.75079268e-01 1.11001179e-01 2.15334013e-01 -4.53867704e-01 -3.84134233e-01 -6.84193194e-01 3.96696597e-01 -1.37407154e-01 -7.13097513e-01 2.76658893e-01 -1.79660156e-01
-3.98305729e-02 1.57498419e-01 -4.85323668e-02 3.62775773e-02 -5.05031180e-03 5.88878943e-03 1.09944381e-02 -5.92188872e-02 7.69676547e-03 -1.88365787e-01 6.66828752e-02 3.37052234e-02 4.05525938e-02 1.03088208e-01 1.04723215e-01 3.14415284e-02 4.48281877e-02 2.25516758e-03 -1.54956318e-02 1.02593273e-01 2.56573260e-01 1.36239380e-01 -7.04392185e-03 2.62234509e-02 6.47641122e-02 6.08131057e-03 5.76414689e-02 2.92868733e-01 1.58243347e-02 2.80355584e-06 -2.29365490e-02 1.85681432e-02
1.96669921e-01 -1.30272910e-01 -5.66382229e-01 5.06838523e-02 6.40516877e-02 -2.03318089e-01 -2.34171525e-01 -3.23789150e-01 3.08840245e-01 -6.89272344e-01 8.00736845e-02 -3.06341685e-02 1.99595004e-01 5.59293926e-02 -6.89804032e-02 9.37394947e-02 -3.15006733e-01 3.94352019e-01 -1.06381379e-01 9.13464725e-01 3.02726060e-01 8.93329754e-02 -4.66858864e-01 -1.20510727e-01 -1.47854149e-01 -4.35979754e-01 8.46231401e-01 -5.40707409e-01 2.37592265e-01 3.13710809e-01 -2.75590848e-02 2.29149356e-01
-2.61211693e-01 -9.45509225e-02 -2.79454410e-01 -2.32175067e-01 4.05881763e-01 6.04976434e-03 1.74709558e-01 1.44776389e-01 3.76008272e-01 -4.11588639e-01 -1.89213440e-01 -8.83814931e-01 4.98814762e-01 -1.60150111e-01 -1.76923260e-01 2.50780821e-01 -1.56632632e-01 3.11460823e-01 1.36299074e-01 -8.58529508e-02 -4.15223539e-02 -1.66289717e-01 4.59226251e-01 -2.80753165e-01 2.10586131e-01 2.16259181e-01 -2.01249883e-01 3.62729043e-01 6.08999915e-02 3.25484216e-01 4.88688231e-01 1.45912305e-01
5.63820601e-02 1.89569473e-01 1.98752824e-02 7.17890486e-02 -8.45455229e-02 9.07672793e-02 -1.53238103e-02 -9.28051472e-02 4.45192307e-02 8.22876021e-02 6.85306489e-02 1.11925885e-01 -7.58364126e-02 -7.67290220e-02 1.11478887e-01 4.68124956e-01 5.53573966e-02 -3.09717596e-01 5.32492884e-02 -1.04678020e-01 -1.11062162e-01 -1.11125603e-01 -2.31023063e-03 -3.48998457e-02 4.43035550e-02 1.10304520e-01 7.59786833e-03 1.76443346e-02 1.07997194e-01 1.63042955e-02 -3.38763967e-02 3.76003869e-02
5.57761133e-01 -1.43315032e-01 6.53353095e-01 5.09690344e-01 -2.60362655e-01 -2.63440639e-01 -6.77260339e-01 -1.13045335e-01 -2.92731911e-01 -8.92320871e-01 -1.17756419e-01 9.89376426e-01 5.12346685e-01 -4.82889384e-01 7.20884860e-01 5.87975681e-01 -5.66743016e-02 -2.14672908e-01 4.84080076e-01 4.86802310e-01 -4.91442293e-01 9.30273607e-02 5.23010194e-01 1.42748088e-01 1.23538442e-01 -3.49555761e-01 7.46169388e-02 3.16809118e-01 -1.01971917e-01 -1.00827642e-01 5.43070100e-02 4.02159065e-01
2.40440607e-01 -1.35156408e-01 6.01698644e-02 1.63002312e-01 6.55642226e-02 1.52417317e-01 9.15023208e-01 5.94274737e-02 4.69574690e-01 2.60695904e-01 3.43373895e-01 3.48275274e-01 -4.12372887e-01 -5.54574132e-01 1.41638592e-01 -9.39630449e-01 -7.29979575e-02 -7.01143146e-01 -7.03666955e-02 -4.61171150e-01 -4.88719285e-01 3.38627538e-03 2.55099207e-01 -1.93223916e-02 1.17417499e-01 -4.43365693e-01 -6.94521129e-01 4.08534765e-01 -1.04297958e-01 -1.73213348e-01 2.36577481e-01 -1.08644187e-01
5.61398119e-02 -3.17345001e-02 -2.58689076e-01 4.23275590e-01 1.42347394e-02 3.73498887e-01 3.69609386e-01 -2.71729559e-01 -3.31528515e-01 3.57660472e-01 3.09882239e-02 6.93115070e-02 4.21011537e-01 5.20218313e-01 -1.39498770e-01 -5.35346210e-01 5.26410401e-01 -1.93072602e-01 3.72755677e-02 -2.63447970e-01 -3.51803571e-01 4.62897196e-02 -3.62279117e-01 2.19989344e-01 -3.93191814e-01 -1.27417147e-01 -3.96749936e-02 -4.48002845e-01 3.48168090e-02 -9.95804369e-02 -3.67568992e-02 -2.53695279e-01
7.68899977e-01 -5.55888787e-02 -3.05034190e-01 1.91782802e-01 1.50456920e-01 -4.76532578e-01 -4.87720072e-02 3.05382997e-01 2.97760189e-01 -2.75427961e+00 1.33680567e-01 1.49708003e-01 3.56787592e-01 -1.65677667e+00 1.29043818e-01 3.36269617e-01 1.19821809e-01 2.70220459e-01 -2.21164152e-01 -2.57860608e-02 4.85350460e-01 -2.49271333e-01 -2.79808879e-01 -2.75480449e-02 -3.66578221e-01 -2.13325992e-01 -3.21562663e-02 -1.56953365e-01 2.42960900e-01 1.30088106e-01 -3.04188281e-01 -1.79314122e-01
-8.91970396e-01 1.19846933e-01 -5.75258248e-02 1.59936786e-01 1.35340644e-02 -3.09555262e-01 1.08218110e+00 -1.08031712e-01 -1.05989850e+00 7.64142454e-01 -6.84068084e-01 1.56509268e-04 1.30371377e-01 1.09915622e-01 -6.74171805e-01 6.75844014e-01 5.67365229e-01 5.73401511e-01 -5.48407398e-02 -1.96604338e-02 -1.34025961e-01 3.19243073e-01 5.76699793e-01 9.95267212e-01 -4.32193339e-01 4.87600148e-01 -5.83288491e-01 -7.93125201e-03 8.71114612e-01 -4.16061997e-01 1.38459399e-01 1.22721316e-02
-5.40216506e-01 6.08617246e-01 -4.67918925e-02 -1.35790154e-01 5.37256241e-01 1.55952886e-01 -1.36476485e-02 5.07161617e-01 -3.04035306e-01 4.87067193e-01 7.37057179e-02 -1.65886581e-01 2.10945100e-01 1.98367476e-01 -5.43449044e-01 -2.67131001e-01 -1.20126896e-01 -1.31110623e-01 3.98866981e-01 -3.90698284e-01 -1.75105613e-02 -2.81276196e-01 1.85432229e-02 -5.06362319e-01 5.99587150e-02 -2.13225543e-01 -5.59034705e-01 -4.81227458e-01 1.63742796e-01 -3.60999644e-01 -2.13929787e-01 -2.24877104e-01
-1.33085355e-01 2.18018577e-01 4.55069333e-01 3.63042712e-01 -2.80607849e-01 -2.90996611e-01 -9.34444219e-02 -8.71555938e-04 2.82550097e-01 -4.45495665e-01 -5.82205892e-01 -6.06893115e-02 -2.69513428e-01 -2.67280757e-01 6.22679964e-02 6.15177453e-01 -1.02979310e-01 2.11572587e-01 2.93049425e-01 1.99310288e-01 4.33767326e-02 -7.46006012e-01 1.60711274e-01 1.23846278e-01 2.34561741e-01 1.72129914e-01 1.82414036e-02 -5.19109249e-01 -2.78483659e-01 -1.17946014e-01 9.71540809e-02 -2.14610949e-01
-7.78492808e-01 4.85452026e-01 -5.80021024e-01 -1.02800727e+00 -2.80174196e-01 -2.45063215e-01 -3.23597670e-01 3.93328726e-01 9.91864130e-02 4.77487862e-01 -5.93384095e-02 1.99625105e-01 1.94582805e-01 2.86839277e-01 -3.35108116e-02 1.01166880e+00 7.07897723e-01 1.09696639e+00 -5.81397772e-01 9.29746330e-02 5.21453619e-01 -7.45898724e-01 -6.70010388e-01 3.91743422e-01 -2.34080657e-01 -4.31495130e-01 2.63353914e-01 2.97021776e-01 5.13907790e-01 -8.32481682e-01 2.00902835e-01 -1.66454718e-01
1.46132842e-01 -5.63327253e-01 -6.39715642e-02 -9.38719213e-02 -5.77115774e-01 5.30244231e-01 7.63945058e-02 -4.87303376e-01 5.19775093e-01 9.26576257e-01 -2.17734113e-01 1.03464879e-01 5.30268550e-01 4.38189656e-01 4.50650901e-02 -1.04015923e+00 -4.73042130e-01 -1.03362525e+00 5.92313930e-02 1.92426950e-01 2.37721339e-01 3.42666984e-01 1.74853116e-01 1.80177897e-01 2.89419413e-01 7.95662776e-02 -3.89209926e-01 -2.37564340e-01 -3.09252769e-01 -3.17006171e-01 4.25326556e-01 2.78784394e-01
-8.32862407e-02 -9.92046297e-01 3.80862594e-01 1.56107032e+00 1.68950498e-01 1.22893021e-01 -1.11686736e-01 -2.34723836e-01 -2.40996525e-01 2.52859563e-01 1.06595337e+00 -9.75473344e-01 -1.07873106e+00 -3.87894094e-01 2.22057208e-01 -2.26518158e-02 -1.21845257e+00 7.08030879e-01 5.94112098e-01 -6.64781630e-01 9.49449539e-01 2.15731800e-01 4.82883565e-02 6.07854547e-03 8.66726860e-02 -4.77226764e-01 1.80960149e-01 -1.05716713e-01 -8.55444431e-01 1.24315214e+00 -5.94797432e-01 -1.02826759e-01
-7.96498597e-01 -2.18171060e-01 3.10165197e-01 1.55673102e-01 -6.68042228e-02 2.90534526e-01 3.31351697e-01 -3.10008391e-03 -4.60232526e-01 -1.73343226e-01 -9.34510469e-01 2.27894336e-01 4.38313425e-01 1.34480223e-01 2.17847228e-01 -1.72063112e-01 3.22438002e-01 -1.52010486e-01 -1.56273559e-01 -3.90633583e-01 -7.60194898e-01 2.35995814e-01 4.86486293e-02 -6.63172245e-01 1.54373690e-01 5.36483824e-01 -9.42529589e-02 8.46991092e-02 -4.34731305e-01 -1.99611723e-01 -1.24414220e-01 1.53255016e-02
-3.02903980e-01 -3.27758104e-01 -1.15007281e-01 -1.71783820e-01 -2.62927622e-01 -4.16018702e-02 1.94135860e-01 2.80486345e-01 -6.02272809e-01 1.42212272e+00 -1.63936108e-01 -9.65543091e-02 -4.84747052e-01 4.99195874e-01 -1.34593636e-01 -7.60988984e-03 3.01292073e-02 9.89051908e-02 -1.76656898e-02 -1.79610640e-01 2.38463312e-01 1.76782623e-01 3.32814574e-01 8.14586598e-03 6.27507418e-02 -4.84347455e-02 -2.12688118e-01 1.68485001e-01 2.85786539e-01 2.92609125e-01 9.43393186e-02 9.27243158e-02
-6.76574558e-02 -3.40879112e-01 -1.35539314e-02 -1.01359390e-01 -3.09942096e-01 4.49616700e-01 -2.41969347e-01 -4.28095639e-01 8.74925852e-02 -4.03846055e-01 2.47658249e-02 4.28341985e-01 2.02391163e-01 3.96207511e-01 3.03720891e-01 -5.15112042e-01 -4.36652988e-01 -1.20885468e+00 -3.80444229e-02 -3.18033695e-01 -1.30668476e-01 8.69160116e-01 4.28725541e-01 6.24353945e-01 -4.74671930e-01 1.36193797e-01 1.27849519e-01 -2.14718357e-01 -3.77816826e-01 -2.62346625e-01 -1.05949260e-01 -7.61609823e-02
4.75756600e-02 -4.92685139e-02 1.14804968e-01 -8.72991309e-02 2.61225551e-01 -1.03065953e-01 6.43636212e-02 -3.29038769e-01 -1.79664150e-01 3.57774138e-01 1.50854364e-01 1.83296800e-01 7.99275115e-02 -3.06349725e-01 -7.21126497e-02 -2.83095419e-01 6.79145232e-02 1.79966360e-01 -1.58718318e-01 -5.31660378e-01 1.39669478e-01 -1.74139738e-01 -1.19235188e-01 -4.71058078e-02 -1.17596332e-02 2.19933003e-01 -5.74333593e-02 -2.05328315e-03 1.10443980e-01 7.46179000e-02 3.06199808e-02 2.96898256e-03
2.40386531e-01 -5.17639220e-01 -3.02877426e-01 7.45073974e-01 -1.74293086e-01 -5.90272486e-01 3.30931336e-01 -1.77216291e-01 -2.23352745e-01 2.73672843e+00 -5.91653049e-01 1.03114581e+00 6.66104078e-01 8.23458791e-01 7.14767098e-01 1.83021605e-01 8.38683993e-02 1.78594202e-01 6.75950170e-01 4.05436546e-01 1.24078505e-01 1.44928053e-01 -2.79650033e-01 1.04154551e+00 -1.27836138e-01 1.43527195e-01 -3.19523305e-01 3.95039409e-01 -2.01664548e-02 9.02098790e-03 5.47171772e-01 9.95930731e-02
-1.28122851e-01 1.90521851e-01 1.44282430e-01 7.57928491e-02 2.80505978e-02 -4.73325700e-02 -3.78796179e-03 1.09345235e-01 -3.44044482e-03 -2.84437686e-02 1.67260587e-01 7.01152906e-02 8.36808160e-02 -2.03937795e-02 1.57160446e-01 2.07086697e-01 3.67983058e-02 -1.37980610e-01 -2.33851336e-02 8.58607069e-02 -1.56150475e-01 -3.42956930e-02 -2.64112540e-02 -2.40246695e-03 -4.63434517e-01 -2.40325630e-01 4.84678894e-02 -1.16294816e-01 -6.11276776e-02 -5.42867891e-02 -1.62284132e-02 -4.55884278e-01
-2.04382613e-02 -7.42394403e-02 -3.33513767e-02 2.36720908e-02 -2.46736139e-01 2.31900122e-02 -3.26056108e-02 1.57782495e-01 5.55400215e-02 -4.54878658e-02 -1.43094771e-02 -2.62525771e-02 -6.87053576e-02 4.47612889e-02 -6.90813139e-02 2.17725500e-01 -1.19141571e-01 -1.46174207e-01 1.42224468e-02 3.22323352e-01 -2.39413083e-01 -8.80769566e-02 -1.98586588e-03 -1.44192614e-02 1.07495142e-02 -1.03676274e-01 -6.55114651e-02 -5.02596684e-02 -6.17141575e-02 5.13115227e-02 -3.28255855e-02 -1.79567619e-03
8.12889278e-01 -2.27423996e-01 3.34965587e-01 2.88098365e-01 -3.20438206e-01 -1.10682063e-02 -4.41258341e-01 1.16696186e-01 5.81337631e-01 6.65027723e-02 -2.38740355e-01 9.94067490e-02 1.15062535e-01 2.00020552e-01 6.95845306e-01 -3.40404689e-01 -4.06613231e-01 -5.65976381e-01 2.18125999e-01 -2.19938889e-01 -8.03199947e-01 2.76268542e-01 -1.60717964e-01 1.62048668e-01 7.16099203e-01 2.88254265e-02 1.70890644e-01 -8.43921229e-02 -4.53659505e-01 1.74621865e-01 4.21672724e-02 1.95331037e-01
6.48140088e-02 -4.51414198e-01 -2.40069568e-01 3.94838065e-01 1.64589316e-01 -5.41788995e-01 1.66127950e-01 4.26949859e-02 1.84032127e-01 -1.91328183e-01 -2.62606829e-01 4.71308678e-01 3.69446158e-01 -2.26729870e-01 2.94584394e-01 -5.50561249e-01 -3.62640947e-01 -7.88463295e-01 3.31140757e-01 -4.23525512e-01 -2.49548703e-01 -1.65923852e-02 4.02702779e-01 6.90964520e-01 -1.73940703e-01 -3.09209079e-01 4.26061720e-01 1.86396744e-02 -7.67733082e-02 -4.32898253e-01 1.45417914e-01 2.54162163e-01
6.38895258e-02 -7.18783140e-02 7.80993342e-01 4.95514199e-02 -1.15479338e+00 -3.17783445e-01 2.76834846e-01 -8.18844289e-02 7.01997757e-01 6.67519271e-01 -1.78368509e-01 -3.03228021e-01 6.76139072e-02 7.82048881e-01 2.42419858e-02 -2.33259654e+00 -3.31233442e-01 -2.76259875e+00 1.36503726e-01 2.80756913e-02 -7.65265942e-01 6.58877194e-01 1.93957016e-01 1.22008622e-01 3.40691298e-01 1.91371843e-01 2.76393056e-01 6.06652945e-02 -3.17180566e-02 -8.27669382e-01 -4.33481544e-01 6.51554912e-02
-1.95935607e-01 -2.50550836e-01 -2.48310179e-01 -2.80302703e-01 -2.61776358e-01 5.57832360e-01 1.58102199e-01 -1.08226411e-01 -1.22137323e-01 3.80270809e-01 -1.99599639e-01 1.54073238e-01 5.58918454e-02 -2.69030541e-01 -1.15913734e-01 -4.79560852e-01 3.02704334e-01 -6.29027665e-01 -2.91070580e-01 1.62135065e-02 -3.26394230e-01 3.96851003e-01 -1.33397907e-01 3.59226167e-01 3.65110070e-01 -5.30617952e-01 4.81461883e-01 6.89029694e-02 7.20087513e-02 1.37342796e-01 -8.26873258e-02 4.07715552e-02
4.09586489e-01 6.55705392e-01 6.27222776e-01 -3.76399815e-01 2.54486859e-01 1.95041046e-01 1.76568508e-01 -1.22028686e-01 -8.42012644e-01 9.87691998e-01 -2.51510710e-01 -2.72767752e-01 -4.63421404e-01 1.13808131e+00 1.83978364e-01 1.59695968e-01 2.50172243e-03 -8.45724583e-01 2.58125305e-01 -3.06449562e-01 9.23625454e-02 6.58707142e-01 -8.71336982e-02 -3.75640571e-01 6.34936869e-01 -7.88449168e-01 5.16679227e-01 -1.01578407e-01 -2.90606916e-01 -5.75052798e-01 -1.74664669e-02 -4.50057626e-01
-2.16960628e-02 -3.40803266e-01 1.87060043e-01 -2.03971058e-01 -1.86170578e-01 1.13511488e-01 8.60494152e-02 -2.60867178e-01 -4.66984421e-01 -3.50221187e-01 -1.34998798e-01 3.48936468e-02 -6.89977258e-02 4.26161200e-01 4.64159608e-01 3.31549942e-01 2.98749208e-01 -3.89113247e-01 3.14293131e-02 1.85060263e-01 -2.72937387e-01 3.28616381e-01 -3.85140836e-01 1.39743209e-01 -5.60240932e-02 -2.30813280e-01 3.77624422e-01 7.40095913e-01 -3.84802878e-01 -4.87281680e-01 2.54685432e-01 3.31894726e-01
-1.25545681e+00 1.34164959e-01 1.51009828e-01 -1.31528747e+00 -1.72511712e-01 -8.74541476e-02 1.82069376e-01 5.31723738e-01 1.33820906e-01 3.75727952e-01 -9.85621989e-01 7.15473413e-01 1.08838928e+00 3.58508140e-01 -6.79026365e-01 2.33791739e-01 5.90879679e-01 -5.05956590e-01 -2.84223586e-01 1.05315781e+00 -5.62308967e-01 -2.98269898e-01 -3.60014349e-01 -6.25004247e-02 5.81149280e-01 9.88634288e-01 8.53655636e-01 6.49386168e-01 5.07952988e-01 -1.03872633e+00 1.66257396e-01 2.38920555e-01
-7.80826136e-02 8.82908404e-02 2.85268337e-01 -4.61915806e-02 3.58163565e-01 -1.01866722e-01 5.17266663e-03 3.98741812e-02 -4.56447899e-02 1.95528015e-01 2.51466613e-02 2.67057158e-02 -7.27650989e-03 -1.32901326e-01 8.78464654e-02 -1.37076512e-01 8.79609883e-02 8.15023035e-02 7.26034259e-03 -4.14890021e-01 1.33652821e-01 -1.18349813e-01 1.71119552e-02 5.35499956e-03 1.47519648e-01 -5.17868996e-03 7.58513063e-02 1.28217414e-01 3.82873975e-02 -8.65798965e-02 3.66351865e-02 5.31182513e-02
-4.58413288e-02 3.04560214e-01 2.64995784e-01 -8.25558901e-02 2.85410583e-01 3.80306989e-02 6.23281717e-01 2.49464303e-01 1.62547722e-01 -1.24094510e+00 -3.08811843e-01 4.96494502e-01 6.19436979e-01 -3.42743814e-01 -5.35922050e-01 6.77064136e-02 5.40942252e-01 -5.83151914e-02 3.24295014e-02 -4.64428127e-01 9.37158465e-01 -3.22785348e-01 -4.47009355e-02 -1.34621322e+00 6.00086093e-01 4.81351793e-01 -9.55692887e-01 -1.07285941e+00 2.27868959e-01 -7.45923892e-02 -9.01369378e-02 -2.63294488e-01
5.81848443e-01 -3.27152103e-01 -3.02370906e-01 4.55685854e-01 -4.57616374e-02 -3.14168967e-02 -5.64506687e-02 -1.53601930e-01 4.71620977e-01 -6.68602884e-02 -1.12649329e-01 -5.93568012e-02 7.44319439e-01 -3.18037927e-01 3.72380942e-01 -3.41039896e-01 -4.41269428e-02 -4.74596411e-01 2.27951929e-01 -9.07260701e-02 -3.33356351e-01 1.14163890e-01 1.78147107e-01 1.73880309e-01 -2.65474897e-02 -2.27630898e-01 8.10799241e-01 4.97610122e-01 -3.79661798e-01 3.52306575e-01 2.09785461e-01 2.84755141e-01
-2.55931646e-01 3.37476939e-01 -1.54657364e-01 -5.38106486e-02 -5.88752508e-01 -2.02828288e-01 7.02940598e-02 4.62751985e-01 -7.39890039e-02 -5.58348238e-01 -1.92432895e-01 -1.18773710e-02 -3.39048624e-01 1.73787639e-01 2.55524129e-01 -1.52998015e-01 -9.53732878e-02 2.27245122e-01 9.56127327e-03 3.61342907e-01 -2.40284160e-01 -3.34333144e-02 -1.62217058e-02 -3.28340307e-02 -1.20586745e-01 -1.09187186e-01 2.63185710e-01 -2.49824986e-01 1.16341352e-01 -1.46892061e-03 -1.29410336e-02 1.70907691e-01
5.99802844e-02 -5.18733919e-01 -9.55214575e-02 -9.40410271e-02 -9.02950689e-02 -1.62141964e-01 -5.52274399e-02 -1.69580236e-01 -3.92506480e-01 4.50278252e-01 -1.77521980e-03 6.29444942e-02 3.44281048e-01 2.87064880e-01 -1.52126700e-01 -6.32328868e-01 -1.91537097e-01 -1.63695604e-01 -1.18336547e-02 5.35851307e-02 8.43511671e-02 -4.84277681e-02 5.71061969e-01 5.60864024e-02 -3.81355941e-01 2.21967295e-01 3.51608783e-01 9.38110054e-02 -7.79605210e-02 1.36329055e-01 -5.42635657e-02 -2.01152518e-01
9.09420311e-01 -8.38067308e-02 -6.81341588e-01 2.66104013e-01 3.59758884e-01 1.95317462e-01 5.94586432e-01 1.70185834e-01 -4.03783560e-01 -8.24558377e-01 -8.11717868e-01 1.30752957e+00 2.76166014e-02 -8.13202500e-01 3.86481524e-01 8.35371435e-01 -4.70131263e-02 6.73673511e-01 -2.61248291e-01 -2.46421993e-02 -1.59119213e+00 -4.14005399e-01 -7.06243873e-01 -1.22385576e-01 -5.73392749e-01 -8.36520195e-02 3.14943731e-01 7.37471402e-01 -9.93375033e-02 1.32279009e-01 2.06890199e-02 6.12230957e-01
-1.62523955e-01 8.97793937e-03 -9.14607763e-01 -6.69921711e-02 2.13311255e-01 3.80329341e-01 1.00540437e-01 2.45083794e-02 1.03389297e-03 5.50036728e-01 -4.04966682e-01 -1.19667935e+00 3.74591887e-01 2.79963523e-01 -2.73834676e-01 5.64410388e-01 -1.02504283e-01 1.28412509e+00 -4.29430902e-01 1.02305636e-01 3.43738079e-01 -1.13033652e-01 7.75298290e-03 6.79075956e-01 -2.54649580e-01 7.70834863e-01 -9.36150253e-02 -2.96023726e-01 9.49973240e-02 1.25715986e-01 6.90090001e-01 -8.30877125e-02
-1.80675704e-02 3.54702026e-01 -1.65363148e-01 -6.19525194e-01 -5.59162758e-02 7.31183112e-01 2.87128180e-01 7.86668301e-01 3.17007929e-01 3.15215766e-01 9.51734304e-01 -2.70963669e-01 8.45957026e-02 2.52843320e-01 5.56243546e-02 -6.96646094e-01 2.89386034e-01 -5.96983396e-02 -3.13907713e-01 -5.43768704e-01 -4.36921977e-02 -2.28553846e-01 2.55584091e-01 1.42827302e-01 -2.39459619e-01 1.63320199e-01 3.09916679e-02 -1.34707903e-02 -5.55342674e-01 2.49997273e-01 -1.92138001e-01 1.32644311e-01
8.06701183e-02 1.34170335e-02 -1.39687359e-01 5.00045856e-03 2.77746329e-03 5.60626313e-02 5.96741540e-03 8.67674351e-02 -1.75505579e-02 -6.14630841e-02 -5.02845086e-02 -3.98131698e-01 2.49708727e-01 1.92312479e-01 2.05582753e-02 9.42225605e-02 8.09017196e-02 -2.91385837e-02 9.57561731e-02 2.59792745e-01 1.41206712e-01 2.79145807e-01 1.53683852e-02 2.29725927e-01 -1.10089846e-01 -2.75402844e-01 -1.80380166e-01 -2.08337978e-01 -3.07498157e-01 -1.43717840e-01 3.32429484e-02 -2.64950335e-01
4.22098249e-01 3.30737941e-02 5.50604045e-01 4.04073954e-01 3.24741304e-01 4.20554578e-01 9.61092651e-01 -3.59204561e-01 7.52400517e-01 -6.41874000e-02 -6.03122294e-01 1.56583831e-01 -5.25996208e-01 -3.61668915e-01 -3.64901051e-02 1.88850045e-01 -5.72502375e-01 -4.98462021e-01 2.82565475e-01 -1.91424191e-02 -9.95973125e-02 5.72897971e-01 2.05700189e-01 6.52948201e-01 3.24501358e-02 -1.34116516e-01 -2.24796191e-01 1.71885788e-01 1.79267719e-01 4.24790472e-01 -1.26695275e-01 -1.14549475e-05
-2.47506365e-01 -4.90935415e-01 1.40596783e+00 1.27744168e-01 -7.29578614e-01 -1.90427527e-01 -1.18338275e+00 -1.01086998e+00 2.85164088e-01 1.05905330e+00 3.88797447e-02 -5.06401837e-01 -3.29871744e-01 1.04399681e+00 5.75185239e-01 -1.90566504e+00 1.84432566e-01 -2.53099108e+00 1.79765821e+00 8.14859092e-01 -6.08081698e-01 1.64108646e+00 -4.40851718e-01 2.74275512e-01 3.24618578e-01 -7.27071106e-01 -2.09826455e-01 4.03423607e-01 1.38294801e-01 7.31395036e-02 8.92469764e-01 1.75317094e-01
2.20118952e-03 -7.88541604e-03 7.05958307e-02 4.57278378e-02 3.96951705e-01 -2.17356696e-03 -1.45278145e-02 2.60512773e-02 4.30206247e-02 -9.85664781e-03 -1.20107559e-02 -8.11723843e-02 1.00558318e-01 -1.09788999e-02 -9.35073104e-03 -2.91409791e-02 3.14005371e-03 -3.59485522e-02 -8.06805044e-02 7.99027011e-02 1.49382427e-01 5.57570457e-02 -2.00138073e-02 -4.93015163e-03 -1.29835576e-01 -1.46954939e-01 1.97330546e-02 3.51927429e-01 -4.59437929e-02 -5.41482754e-02 -5.54531300e-03 -2.45239571e-01
-3.84590685e-01 2.07903415e-01 -1.39878616e-01 -6.31397516e-02 -2.47725651e-01 -4.27452959e-02 -2.72842348e-01 6.72308564e-01 1.81924887e-02 -9.26147178e-02 -1.59095347e-01 6.54691160e-01 4.85695511e-01 3.88319865e-02 1.31103218e-01 5.30225784e-03 5.40661477e-02 4.95740548e-02 -1.11391880e-01 6.21439070e-02 -9.36839283e-02 -6.30500436e-01 -2.25496560e-01 -3.11364681e-01 -2.95262992e-01 -2.01015264e-01 -6.01836085e-01 3.49119246e-01 -2.65251368e-01 -2.44550735e-01 -2.24382848e-01 4.91125017e-01
8.48355815e-02 -1.26950100e-01 5.73070049e-01 2.53426135e-01 -6.40693247e-01 1.76876545e-01 3.04313093e-01 -6.30675137e-01 5.56419790e-01 2.97975689e-01 -1.10626303e-01 4.35898513e-01 -9.05489400e-02 1.10980131e-01 9.95609164e-02 -2.16288328e+00 1.71375930e-01 -1.05912948e+00 1.64826572e-01 2.13490203e-01 -1.47794262e-01 1.74425334e-01 1.78116992e-01 1.44533858e-01 -2.25802794e-01 -5.37217438e-01 -7.88349509e-02 -1.42602250e-01 -4.71853077e-01 -4.97820765e-01 4.45504308e-01 -3.05792183e-01
-2.47702062e-01 1.90807711e-02 -1.14384905e-01 1.32978365e-01 -1.15878113e-01 1.59896594e-02 1.83296129e-01 -1.51132494e-01 -5.13259768e-01 1.66625917e+00 -3.78591269e-01 -8.69214311e-02 -2.53258765e-01 1.24586141e+00 -1.88387379e-01 -1.50749357e-02 1.74219683e-02 -3.66843231e-02 -1.77447334e-01 -2.94206917e-01 9.26708877e-02 2.32831433e-01 2.47175451e-02 -1.96156666e-01 -7.32085183e-02 9.74870175e-02 4.06264514e-01 3.77395123e-01 2.58572698e-01 -4.77900833e-01 3.62960279e-01 -1.58802077e-01
-1.00691773e-01 -1.98965952e-01 5.97011864e-01 4.88940120e-01 -1.03323489e-01 -3.72343808e-01 -1.06929195e+00 1.24455348e-01 2.36425877e-01 4.21033978e-01 1.10057078e-01 -6.81298673e-02 1.07305847e-01 1.79915622e-01 -2.48701975e-01 5.65644324e-01 2.32645012e-02 2.53692418e-01 -1.24543548e-01 -3.16336244e-01 8.77598345e-01 3.56696218e-01 3.50070715e-01 -6.21472597e-01 3.58589813e-02 2.51023900e-02 -1.94092602e-01 2.30560109e-01 -1.31414309e-01 3.39745104e-01 -1.57757878e-01 -2.91666120e-01
1.17654443e+00 -3.45038950e-01 4.73460943e-01 9.36304033e-01 -3.49896103e-01 1.67333931e-01 -7.90237904e-01 -5.68387508e-01 5.85147917e-01 -1.00641119e+00 -3.22684914e-01 7.83712983e-01 -1.19622374e+00 -2.58407742e-01 6.35052681e-01 -4.24020588e-01 -4.95697595e-02 -4.38618138e-02 7.82778621e-01 7.80300498e-01 2.74249852e-01 -4.47990328e-01 -2.10363054e+00 -5.49488246e-01 5.80494046e-01 5.94985783e-01 -8.52877259e-01 -3.40664864e-01 -9.93420109e-02 1.21158659e+00 -6.72340512e-01 -1.41402215e-01
-2.35107709e-02 1.83608040e-01 -3.26859690e-02 -4.95062806e-02 -1.68177307e-01 -4.11658101e-02 2.73881946e-02 -4.97595295e-02 -5.01404628e-02 -1.10963294e-02 4.27768342e-02 9.05283988e-02 7.98427239e-02 -4.12806496e-02 1.58312306e-01 -1.45861983e-01 1.02016427e-01 1.79384395e-01 -1.56959519e-02 -2.81517923e-01 1.38211474e-01 4.92307171e-02 -1.65440422e-02 -3.31228822e-02 -3.07662249e-01 -5.31746969e-02 1.91436149e-02 -6.56816661e-02 -1.15489988e-02 -8.88876710e-03 -5.65728173e-03 -2.14128852e-01
9.73643288e-02 2.91691452e-01 1.58484542e+00 5.18325686e-01 -1.19240999e+00 1.62370786e-01 -2.96495378e-01 -6.02044106e-01 8.56510580e-01 5.14352739e-01 2.18851358e-01 -4.01705027e-01 -9.63459373e-01 9.13161755e-01 4.85947579e-02 -3.42184615e+00 -2.61394054e-01 -4.53063917e+00 3.91491294e-01 6.23674355e-02 -1.22123468e+00 9.59817052e-01 3.60752493e-01 1.99269056e-01 2.38186523e-01 -2.29609743e-01 -4.54032481e-01 6.99753404e-01 -2.43975103e-01 6.38717934e-02 -8.82430375e-02 -2.39519216e-02
-8.26776564e-01 1.81028575e-01 1.24341063e-01 -7.34580219e-01 1.91898141e-02 -1.52029499e-01 -1.81781724e-01 4.90831107e-01 -7.53439665e-02 1.23091014e-02 1.18809298e-01 -3.04051608e-01 4.38129663e-01 4.49656010e-01 -3.95074755e-01 -2.41125092e-01 2.10485756e-01 -1.56524196e-01 -3.52440119e-01 1.45604327e-01 5.99937029e-02 7.02305317e-01 2.22197339e-01 -2.33994260e-01 -1.55202419e-01 2.92732090e-01 -7.05700397e-01 1.02715127e-01 8.33827928e-02 -5.54212332e-01 -1.07724316e-01 -7.07068086e-01

layers.2.bias:
-1.31235051e+00
-7.99224734e-01
7.56070256e-01
-5.97607434e-01
1.79228351e-01
-3.71954650e-01
2.88508803e-01
2.15658641e+00
5.15409768e-01
8.24382961e-01
-9.55675602e-01
-1.38091576e+00
-4.40536439e-01
9.14546371e-01
-3.00347447e-01
-6.68561757e-01
-8.83606672e-02
-7.67711759e-01
3.52393478e-01
-1.02348678e-01
-1.59338817e-01
7.74362624e-01
8.06916952e-01
-1.33088470e-01
-4.26309198e-01
1.04830635e+00
-9.79816973e-01
-1.05044305e+00
4.97516692e-01
-1.17004061e+00
4.17440236e-02
-6.15719073e-02
8.06616187e-01
1.44924372e-01
-2.34539568e-01
-4.17537317e-02
-1.66463330e-01
1.45321202e+00
1.00963092e+00
-9.04210657e-02
9.69107151e-01
-2.31158823e-01
-5.06421268e-01
1.37878990e+00
2.83360630e-01
-9.43035126e-01
1.05428231e+00
-3.82643461e-01
8.12046945e-01
1.68294692e+00
1.40005246e-01
2.98632622e-01
1.18137032e-01
-6.27218664e-01
2.54671663e-01
-3.87498587e-02
8.20309281e-01
-1.68162547e-02
-1.11932769e-01
-6.13199294e-01
6.90160811e-01
5.41104712e-02
-2.97276586e-01
7.10008085e-01

layers.4.weight:
2.96138227e-01 3.33140828e-02 -3.88081856e-02 -1.04958692e-03 -6.11610152e-03 4.08021808e-02 1.43829326e-03 -7.10691214e-01 -4.53213416e-02 -3.88711810e-01 3.23574170e-02 9.14007604e-01 -1.82988441e+00 -1.04835436e-01 1.82120316e-02 -1.50592124e+00 -3.24358465e-04 7.30918422e-02 -2.08910927e-03 -3.31995943e-06 -4.63373726e-03 -2.94952709e-02 -9.04862490e-03 2.92378992e-01 -3.67651843e-02 -1.55425947e-02 3.95642407e-03 7.65583575e-01 -4.03185606e-01 3.78612429e-01 -4.01303219e-03 -1.41104773e-01 -3.13396156e-02 1.01252017e-03 3.15757580e-02 -3.43984633e-04 -1.12545902e-04 -1.33150294e-01 -2.52653006e-02 1.71369433e-01 -2.66851299e-02 2.62116641e-01 4.48351540e-03 -1.15346022e-01 -4.30040382e-04 1.39522582e-01 -1.41168814e-02 -4.58675640e-04 -1.01859324e-01 -6.66240871e-01 -5.71869873e-02 -6.29008748e-03 -1.67472535e-04 1.08062476e-03 -1.16434014e+00 -6.25415822e-04 2.92741661e-05 -3.18394572e-01 -6.68347850e-02 1.28887501e-02 -4.18265685e-02 2.34625943e-04 7.69570649e-01 -9.21762455e-03

layers.4.bias:
-1.09194601e+00

