layers.0.weight:
3.31696361e-01 -5.67613244e-01 7.97264636e-01
5.69172144e-01 -8.09445798e-01 -5.80563486e-01
-8.31293464e-02 -6.13938749e-01 -5.77727258e-01
-1.07055378e+00 1.15616508e-01 4.58123112e+00
2.67282110e-02 4.11940843e-01 1.16166264e-01
-5.79876065e-01 8.58121514e-01 -1.84879377e-01
-1.31842160e+00 4.86020595e-01 -9.88645032e-02
-6.01682402e-02 7.88846374e-01 -9.23566997e-01
6.03414774e-01 -9.26082134e-01 5.12713566e-02
-1.11527514e+00 5.86289167e-02 -1.64189592e-01
7.53551662e-01 -9.85680073e-02 1.41279221e+00
-7.16238439e-01 -1.31785080e-01 -1.29353356e+00
-4.30584475e-02 7.12955832e-01 -1.57757306e+00
-1.16726887e+00 2.10410804e-02 5.00053525e-01
-6.46977663e-01 1.09646142e+00 7.52028525e-01
-1.81771189e-01 9.48456824e-01 1.64468549e-02
5.46070874e-01 -6.33792400e-01 -1.45019031e+00
-1.15504665e-02 1.12846863e+00 1.84981868e-01
8.07071701e-02 -9.54183042e-01 5.35116851e-01
3.41117471e-01 -1.28724232e-01 -8.64976227e-01
2.23475501e-01 1.65966094e-01 -5.10879010e-02
-3.24195027e-01 -2.56797969e-01 -1.00232065e+00
-4.64660525e-01 1.65601885e+00 -4.46076952e-02
-1.56447518e+00 4.06930357e-01 1.75152493e+00
1.05132234e+00 3.79940838e-01 -7.78481364e-01
2.59609371e-01 6.71772659e-01 -1.17486012e+00
-1.16151750e-01 -2.13369340e-01 1.90187418e+00
-3.97779703e-01 -2.44972542e-01 1.92939892e-01
3.22416067e-01 7.57217348e-01 -1.46468067e+00
-1.04933763e-02 4.65525806e-01 1.70563948e+00
-2.89658904e+00 2.84448242e+00 -1.78299040e-01
-1.26738083e+00 -5.19488692e-01 1.02004325e+00

layers.0.bias:
8.77201200e-01
4.81547834e-03
-1.42384720e+00
-6.34384930e-01
7.07518518e-01
-2.04255387e-01
-3.54310095e-01
2.86240637e-01
-7.45998621e-01
-1.59115899e+00
1.64644122e-01
1.80825554e-02
2.46107668e-01
-1.21306002e+00
-2.90836543e-01
1.43946290e+00
9.34610724e-01
1.82654703e+00
-6.68276668e-01
5.78918040e-01
-1.44309163e-01
-1.35729384e+00
1.02535832e+00
-7.05530941e-02
1.36946186e-01
5.60703695e-01
8.80503118e-01
-1.57881156e-01
-4.88352716e-01
7.31267482e-02
8.91685039e-02
-6.70209900e-02

layers.2.weight:
-2.69161075e-01 2.85295337e-01 1.06424555e-01 -5.38797379e-01 -9.19524804e-02 -9.94361490e-02 1.56389832e-01 -3.04296687e-02 -1.18871443e-01 2.65347290e+00 3.03975996e-02 1.30152404e-01 -1.71869323e-01 2.35329676e+00 -2.69981295e-01 4.72858459e-01 -1.06064603e-02 6.53370202e-01 1.45437732e-01 -2.11778969e-01 1.61182702e-01 -2.42646448e-02 -6.02865279e-01 5.40143132e-01 -1.94244981e-01 6.61730945e-01 -8.42083395e-01 -5.68630695e-02 -1.90210894e-01 -2.73895800e-01 -3.73948187e-01 3.64794195e-01
-7.95095414e-02 1.35380462e-01 -8.51468742e-01 5.68940826e-02 -4.09349144e-01 1.53092399e-01 -7.39513278e-01 -4.86965746e-01 5.47915936e-01 6.72885060e-01 3.46398145e-01 -2.73619026e-01 2.40799949e-01 -1.47693595e-02 -2.94635564e-01 1.88870624e-01 -3.72618616e-01 3.32661033e-01 -4.20410961e-01 -7.85162523e-02 6.31548047e-01 -1.23858839e-01 -4.17238414e-01 -4.11733687e-02 5.29834721e-03 -6.49421066e-02 -3.20708156e-01 -5.28472662e-01 5.81836030e-02 -2.14082524e-01 -9.74846818e-03 1.80496112e-01
-7.19746500e-02 -4.85163443e-02 2.84967721e-02 -7.75535226e-01 -5.95018089e-01 9.03826579e-03 -4.61091071e-01 3.54233146e-01 4.33449239e-01 7.49221325e-01 -5.68601489e-01 -6.93076923e-02 1.85951442e-01 4.33779061e-02 -4.86281477e-02 -6.34902656e-01 -1.18800536e-01 -4.64929640e-01 -1.33777782e-01 4.08622026e-01 -3.49191368e-01 -2.34897777e-01 4.29919511e-01 -1.20684230e+00 -1.81257635e-01 4.56586927e-01 -1.19457078e+00 -1.21257998e-01 4.52641457e-01 -3.98728430e-01 1.15192667e-01 1.25633299e-01
1.75372764e-01 -1.40542045e-01 1.51879475e-01 1.27416050e+00 3.84569407e-01 4.55839574e-01 7.31923044e-01 -1.70171827e-01 -2.15206906e-01 2.91766878e-02 8.83686692e-02 9.18603875e-03 -5.04519284e-01 2.32610941e-01 6.93992794e-01 7.69488633e-01 -3.66551489e-01 5.14835417e-01 2.51248002e-01 -1.01362026e+00 -6.94822013e-01 -7.87280723e-02 4.40858155e-01 1.48243403e+00 -5.37549078e-01 -4.79221195e-01 4.26021606e-01 3.63611072e-01 -5.94731271e-01 -2.30619237e-01 4.96583991e-02 3.68223786e-01
1.37184486e-01 -3.11536163e-01 2.52375692e-01 -4.17452484e-01 1.56484153e-02 -3.46425503e-01 -1.11900997e+00 1.20917872e-01 1.98153377e-01 -4.95088488e-01 4.64194715e-01 -7.84179747e-01 7.73750603e-01 -7.63666213e-01 -1.47948965e-01 -9.64750886e-01 -3.28035951e-01 -9.38993633e-01 -6.30972907e-02 -1.24672316e-01 8.20947587e-01 -5.81930637e-01 1.66889325e-01 -2.98585653e-01 -8.87491763e-01 6.03451550e-01 1.30514026e-01 -5.43109894e-01 -3.00969660e-01 6.45637453e-01 -2.81002373e-01 1.42006189e-01
-3.42581481e-01 2.90608287e-01 2.54513681e-01 1.95935041e-01 -6.57472432e-01 -2.97353566e-01 -4.23873812e-01 2.71891832e-01 3.65951300e-01 -1.88267991e-01 6.58396006e-01 2.55542576e-01 -1.07581615e-01 -2.84896880e-01 -3.85018378e-01 -9.29622591e-01 -3.21357518e-01 -1.07667017e+00 6.80649996e-01 -2.34945685e-01 -6.35591030e-01 -9.57115218e-02 -6.72513306e-01 -2.28185728e-01 4.50897738e-02 6.12976626e-02 1.81817368e-01 1.12439406e+00 -1.74810380e-01 -4.05805647e-01 -5.90968311e-01 3.36879432e-01
5.09018973e-02 -1.87437870e-02 -2.38065407e-01 -1.03580235e-02 -1.24572217e-01 1.65976658e-01 -4.37252894e-02 -4.24424917e-01 -1.20361671e-01 2.39505202e-01 2.91715622e-01 8.82120356e-02 2.90007472e-01 2.03450602e-02 2.77770660e-03 -2.64489889e-01 7.94173405e-03 1.40834108e-01 -1.81653874e-03 -3.07332903e-01 -3.99076670e-01 7.08720982e-02 6.27489164e-02 5.06614288e-03 1.76034629e-01 2.72082984e-01 -3.60895604e-01 -4.34368283e-01 -1.52452320e-01 7.14463443e-02 1.13353506e-02 1.28828138e-01
2.61522472e-01 1.17514305e-01 -3.99678051e-01 3.60271990e-01 2.95766592e-01 -6.41900122e-01 9.28048566e-02 4.89193916e-01 1.03988618e-01 -2.92675614e-01 -1.20315664e-01 9.51736033e-01 3.10240537e-01 -5.51069677e-01 -1.77437454e-01 1.42303199e-01 5.22936225e-01 1.51980400e-01 2.44073167e-01 4.98587966e-01 -1.41811502e+00 -9.05332506e-01 1.30194038e-01 3.05680662e-01 2.43196383e-01 7.44023442e-01 6.06285691e-01 4.81282294e-01 -5.72901368e-01 4.98754233e-01 1.84652984e-01 -2.98874140e-01
-5.01600392e-02 2.28790969e-01 -4.56075341e-01 -2.85835594e-01 1.18276560e+00 -3.22142392e-01 -6.62827671e-01 -2.67314732e-01 -6.55402899e-01 3.36892337e-01 4.40586478e-01 2.33382359e-01 7.21431732e-01 -1.98268250e-01 1.49239123e-01 1.63886082e+00 3.03740710e-01 1.24549818e+00 -6.71438217e-01 -1.54861316e-01 2.15425193e-01 -2.27134258e-01 1.77641988e-01 3.17251235e-01 1.15281269e-01 4.24338549e-01 1.29489303e-02 -7.69507661e-02 9.02101845e-02 1.34401932e-01 2.25562000e+00 -3.66124690e-01
-6.17002666e-01 1.25092626e-01 -1.02455013e-01 -5.22456348e-01 4.11866337e-01 1.09191220e-02 -4.63766605e-02 3.71814072e-01 4.28348392e-01 -1.61968336e-01 1.14715900e-02 2.42533907e-01 1.82983413e-01 1.73907131e-01 -3.65830094e-01 -6.58156574e-01 3.54922682e-01 -4.32453364e-01 -4.10252422e-01 -1.78338159e-02 -6.41332150e-01 -2.33340308e-01 9.79926661e-02 -8.18413869e-02 -2.09714666e-01 -9.54007283e-02 -1.73825830e-01 2.22331628e-01 2.64332294e-01 1.63093045e-01 1.38103753e-01 -2.04317202e-03
1.07651822e-01 -3.26358736e-01 -1.09344892e-01 -3.67099226e-01 -4.14918542e-01 -2.89087772e-01 -3.52952689e-01 1.60601735e-01 4.66173708e-01 2.51074821e-01 -5.35100222e-01 -1.09246768e-01 8.61985624e-01 -3.19765687e-01 -1.95726410e-01 -2.96983391e-01 -6.36832833e-01 -7.96654344e-01 -5.59254587e-02 -3.53736915e-02 1.04959357e+00 -2.53762156e-01 -7.85776377e-01 1.69801459e-01 -6.19723573e-02 -5.32483943e-02 -4.38944131e-01 -5.61468601e-01 3.20832193e-01 -4.02147382e-01 -5.54284044e-02 3.26956511e-01
-1.38668880e-01 -2.02145562e-01 1.70202458e+00 -9.10526454e-01 -7.30056465e-01 1.97309628e-01 -4.89409976e-02 -3.53359610e-01 -1.48651540e-01 1.92980981e+00 -2.25012045e-04 -1.13758653e-01 3.30795765e-01 3.20401716e+00 1.68734953e-01 -5.52231848e-01 3.12129676e-01 -2.38336945e+00 5.32163978e-01 -2.97342479e-01 3.21433187e-01 6.33764863e-01 -2.05936402e-01 8.18187296e-01 -2.95936000e-02 -5.13148248e-01 2.58086652e-01 -1.58664376e-01 1.37803793e-01 1.95781630e-03 1.29722998e-01 -3.89406443e-01
-6.89130485e-01 -2.15188146e-01 9.09156561e-01 4.26706195e-01 -5.51623881e-01 6.66942477e-01 4.81095575e-02 -9.05861974e-01 3.46773744e-01 4.44007188e-01 2.50748605e-01 7.69329444e-02 -5.16826868e-01 -1.69256970e-01 5.15113831e-01 -4.11250305e+00 -1.49000913e-01 -5.88534260e+00 5.23119807e-01 -1.04421949e+00 -5.85123360e-01 4.33451235e-01 7.00287938e-01 -3.60479839e-02 -2.80683070e-01 -2.44846240e-01 -3.44897568e-01 5.62823713e-01 -5.97422659e-01 -3.05842638e-01 -1.26768851e+00 -2.39073202e-01
4.59061051e-03 -1.63922578e-01 -6.07992351e-01 -6.58742413e-02 -2.18828782e-01 -2.10878924e-02 2.59352565e-01 3.49946409e-01 3.88146192e-01 -1.70089632e-01 5.29791713e-01 -1.87178224e-01 3.34952712e-01 -7.87345529e-01 -3.31237674e-01 -1.42686188e-01 -2.54104167e-01 1.27865046e-01 -1.15394667e-01 1.10308446e-01 -9.26592667e-03 -1.29528999e-01 4.42721620e-02 -2.13343471e-01 -1.23505376e-01 7.62447417e-01 -9.80428979e-03 3.99560481e-02 -1.68204486e-01 2.58749396e-01 1.59279168e-01 3.53489965e-01
-9.12621975e-01 2.49247462e-01 -2.40164250e-02 3.22466552e-01 -2.43781060e-01 6.14567220e-01 -3.68953735e-01 -9.66412202e-02 4.44771171e-01 -1.98877469e-01 -7.79361308e-01 2.57206917e-01 1.71968713e-01 -3.40886503e-01 -3.18873972e-01 -6.95008814e-01 2.46371627e-01 -7.06314981e-01 -3.87717724e-01 3.35331321e-01 1.33479178e+00 9.85473514e-01 -5.56656979e-02 1.57281935e-01 -3.54834646e-01 1.20748609e-01 -6.08039558e-01 4.33146693e-02 7.78737009e-01 -2.64879704e-01 -1.01623751e-01 1.23226508e-01
-5.04086733e-01 -4.03908314e-03 1.33744314e-01 9.57378000e-02 -3.01176727e-01 1.96296990e-01 -8.87962878e-01 -6.56045601e-02 5.44353090e-02 5.33306170e+00 5.23639619e-01 4.70432729e-01 2.57008374e-01 2.64464521e+00 -6.79186210e-02 3.68689216e-04 -3.87023091e-01 -1.31656349e-01 6.63675815e-02 -1.62554786e-01 -7.52623975e-01 4.60189521e-01 1.36886850e-01 2.27246583e-01 -4.50743526e-01 -3.94013166e-01 -6.71930254e-01 3.94818157e-01 -1.33919284e-01 -7.01053619e-01 3.25964153e-01 -1.83371961e-01
-4.23010215e-02 1.60491407e-01 -4.76124994e-02 3.82141136e-02 -1.81725640e-02 5.97409485e-03 6.96011167e-03 -6.46468997e-02 1.59181841e-02 -1.88064188e-01 6.70270100e-02 3.22862044e-02 4.14027423e-02 9.62755159e-02 1.02303751e-01 -1.85609830e-03 5.03959320e-02 -2.36915387e-02 -1.05283353e-02 1.01742208e-01 2.51981139e-01 1.35970905e-01 -8.81404243e-03 4.16073091e-02 5.73179908e-02 5.62464958e-03 5.95991388e-02 2.95708776e-01 1.62891876e-02 1.17600535e-03 -1.08369775e-02 2.43049301e-02
1.95828751e-01 -1.15866035e-01 -5.54867685e-01 3.39316204e-02 6.59431219e-02 -2.14548156e-01 -2.46950299e-01 -3.03213507e-01 3.06041688e-01 -7.03977644e-01 4.54075560e-02 -6.42042188e-03 2.16406971e-01 3.90472859e-02 -8.38712305e-02 1.32022455e-01 -2.98451722e-01 4.09788966e-01 -1.35920644e-01 9.30639386e-01 2.50803471e-01 1.27823487e-01 -4.73272115e-01 -1.37341067e-01 -1.27542451e-01 -4.23016399e-01 8.30151916e-01 -4.95682627e-01 2.44690761e-01 2.97143787e-01 -4.65880893e-02 2.02697083e-01
-2.70494699e-01 -8.70551392e-02 -2.73285270e-01 -2.29111686e-01 3.93179387e-01 1.28922239e-02 1.79202273e-01 1.50743186e-01 3.83235514e-01 -4.00012374e-01 -1.84788734e-01 -8.90940785e-01 4.97458965e-01 -1.67566985e-01 -1.79266691e-01 2.14642018e-01 -1.43524706e-01 3.06764483e-01 1.29381195e-01 -8.04316774e-02 -2.44748332e-02 -1.62763551e-01 4.60738271e-01 -3.07409018e-01 2.26073965e-01 2.15721518e-01 -1.99454278e-01 3.42258781e-01 6.61921725e-02 3.29482496e-01 4.97380167e-01 1.36251733e-01
4.77573872e-02 2.00744927e-01 2.24915668e-02 7.32019618e-02 -1.12875715e-01 9.51113477e-02 -1.46578010e-02 -9.56173912e-02 5.56154549e-02 9.18647647e-02 6.75833076e-02 1.08854622e-01 -7.35618994e-02 -8.98865238e-02 1.02094062e-01 4.12627459e-01 6.75015822e-02 -3.52758825e-01 6.07862547e-02 -1.03946686e-01 -1.15861304e-01 -1.08854726e-01 -4.59716329e-03 -2.37043053e-02 2.21172776e-02 1.10147916e-01 9.16247349e-03 2.76090130e-02 9.89471972e-02 1.69406813e-02 -1.93509962e-02 6.06919006e-02
5.79771101e-01 -1.24158092e-01 6.36387050e-01 5.24670720e-01 -2.31072560e-01 -2.97592968e-01 -6.95888937e-01 -1.31491244e-01 -2.84281433e-01 -9.18119669e-01 -1.04782373e-01 9.74497616e-01 4.96233940e-01 -5.04379749e-01 7.01497436e-01 6.23632371e-01 -5.27579002e-02 -1.76955193e-01 4.99595135e-01 4.83886063e-01 -5.14354408e-01 8.10593590e-02 5.00480175e-01 1.54553220e-01 9.70602557e-02 -3.65447044e-01 9.02777165e-02 3.45834345e-01 -1.18770346e-01 -8.56352523e-02 2.31785271e-02 4.24624473e-01
2.28381813e-01 -1.16799019e-01 7.35801905e-02 1.56444475e-01 3.63069922e-02 1.59969345e-01 9.24017310e-01 6.27931356e-02 4.86144871e-01 2.77885944e-01 3.42590749e-01 3.50992382e-01 -4.04624403e-01 -5.66699147e-01 1.29961655e-01 -1.00300455e+00 -4.46170606e-02 -7.40698099e-01 -6.79043755e-02 -4.41318363e-01 -4.67202514e-01 8.30958225e-03 2.48607874e-01 -4.90690544e-02 1.32516533e-01 -4.32938039e-01 -7.01240778e-01 3.77542526e-01 -9.53636244e-02 -1.80731729e-01 2.49862656e-01 -1.16418414e-01
6.62272871e-02 -2.34714523e-02 -2.71556675e-01 4.29966271e-01 1.71027277e-02 3.65588576e-01 3.58268261e-01 -2.87996829e-01 -3.13632280e-01 3.54913652e-01 4.78082895e-02 5.61760962e-02 4.14289385e-01 5.03306329e-01 -1.50051787e-01 -5.66013575e-01 5.33083856e-01 -1.95904359e-01 5.76556176e-02 -2.62537479e-01 -3.43253046e-01 3.16180065e-02 -3.78811866e-01 2.25955114e-01 -4.10191715e-01 -1.34938091e-01 -3.31294909e-02 -4.68376964e-01 2.51282454e-02 -9.31751207e-02 -4.11105379e-02 -2.35708132e-01
7.58071244e-01 -5.78207970e-02 -2.81029165e-01 1.88363895e-01 1.28357321e-01 -4.68860894e-01 -5.51758856e-02 3.03804994e-01 3.03069413e-01 -2.72871518e+00 1.30046576e-01 1.51177391e-01 3.59336168e-01 -1.65614855e+00 1.37360752e-01 3.23917240e-01 1.18378319e-01 2.48861328e-01 -2.20523715e-01 -2.39070896e-02 4.97734189e-01 -2.41687089e-01 -2.78395504e-01 -3.22401002e-02 -3.55275840e-01 -2.12509230e-01 -3.52425687e-02 -1.69557706e-01 2.40030974e-01 1.27195910e-01 -3.12835336e-01 -1.89192176e-01
-8.43526125e-01 1.68773457e-01 1.43313706e-02 1.10820435e-01 -6.48889393e-02 -3.61022860e-01 9.49665785e-01 -6.12157546e-02 -9.75879610e-01 6.94164395e-01 -7.43516266e-01 5.32003306e-02 1.79785669e-01 5.10254353e-02 -7.20986843e-01 4.37511861e-01 6.15410864e-01 4.76784170e-01 4.78751622e-02 2.84714792e-02 -2.14135140e-01 4.05473977e-01 5.24008989e-01 9.44451213e-01 -3.31688374e-01 5.37027955e-01 -6.32160604e-01 -4.44222912e-02 9.08950984e-01 -4.65096444e-01 8.90026465e-02 -1.08005971e-01
-5.44930518e-01 6.00382924e-01 -3.99915278e-02 -1.39856771e-01 5.18820882e-01 1.61079064e-01 3.98262544e-03 5.11934817e-01 -3.11081171e-01 4.95619267e-01 6.87660426e-02 -1.57605633e-01 2.15694115e-01 2.15740070e-01 -5.39510190e-01 -3.11810851e-01 -1.29645109e-01 -1.42722830e-01 3.98049891e-01 -3.98094535e-01 -2.73760911e-02 -2.76490211e-01 1.84335262e-02 -5.10631025e-01 7.94226900e-02 -2.11641476e-01 -5.63203931e-01 -4.80623007e-01 1.68095902e-01 -3.66006136e-01 -2.12207690e-01 -2.45870411e-01
-1.34166121e-01 2.21514314e-01 4.57037807e-01 3.50361466e-01 -2.80561268e-01 -2.90990293e-01 -9.81196985e-02 6.70805527e-03 2.81035066e-01 -4.52651918e-01 -5.99640965e-01 -4.75901514e-02 -2.58297920e-01 -2.59489328e-01 6.30058125e-02 6.07070625e-01 -9.66198519e-02 2.08970830e-01 2.83254564e-01 2.06164286e-01 3.53716910e-02 -7.40770400e-01 1.67321637e-01 1.06698729e-01 2.50539333e-01 1.78452656e-01 4.25345777e-03 -5.15672982e-01 -2.69701809e-01 -1.28173530e-01 9.57086086e-02 -2.32895136e-01
-7.84598947e-01 4.71464932e-01 -5.95053971e-01 -1.01212692e+00 -2.66761154e-01 -2.34218016e-01 -3.45387548e-01 3.75836492e-01 1.08683072e-01 4.83068198e-01 -5.97948059e-02 1.90191418e-01 1.78513467e-01 3.00194889e-01 -1.83226131e-02 1.01478612e+00 6.93748832e-01 1.11258078e+00 -5.71573496e-01 7.84702599e-02 5.26921690e-01 -7.50159144e-01 -6.55289710e-01 4.04649168e-01 -2.08139166e-01 -4.47918892e-01 2.79511422e-01 3.07534039e-01 4.93783474e-01 -8.16622674e-01 2.26328358e-01 -1.98455378e-01
1.43789873e-01 -5.66353619e-01 -9.11566019e-02 -9.03916135e-02 -5.31206369e-01 5.37262499e-01 9.33159962e-02 -4.86029595e-01 5.00719368e-01 9.27726686e-01 -1.95703954e-01 9.33431759e-02 5.27313352e-01 4.41167593e-01 4.54775020e-02 -1.02307665e+00 -4.75545913e-01 -9.85917985e-01 3.26579437e-02 1.89793408e-01 2.62942731e-01 3.10903847e-01 1.84071124e-01 1.84359148e-01 2.84134954e-01 8.14750567e-02 -3.86627257e-01 -2.87419111e-01 -2.79626638e-01 -3.13756943e-01 4.41617161e-01 2.86417753e-01
-1.09354630e-01 -1.01284325e+00 4.07727927e-01 1.53515375e+00 1.28757477e-01 1.48675039e-01 -8.79378244e-02 -2.08690688e-01 -2.64626622e-01 2.77325094e-01 1.04055727e+00 -9.51567352e-01 -1.05274510e+00 -3.57244819e-01 2.47474268e-01 -2.96954736e-02 -1.22425365e+00 6.00553155e-01 5.67808747e-01 -5.87165952e-01 1.00134397e+00 2.41410285e-01 7.54863694e-02 -1.12493329e-01 1.44100189e-01 -4.49974060e-01 1.54946104e-01 -1.51501462e-01 -8.29481900e-01 1.21591365e+00 -5.67613959e-01 -1.39909759e-01
-6.96110189e-01 -1.43157557e-01 3.60308826e-01 8.40755105e-02 -1.01898447e-01 2.09448561e-01 2.39896268e-01 5.77094853e-02 -3.71615678e-01 -2.59829193e-01 -9.74127889e-01 2.88609236e-01 5.13447106e-01 4.90613990e-02 1.43111259e-01 -2.89127558e-01 3.95965934e-01 -2.31426388e-01 -7.42980763e-02 -3.13624114e-01 -6.78676844e-01 1.94171086e-01 -2.91123800e-02 -7.35549092e-01 2.52938747e-01 6.31869674e-01 -1.66205585e-01 -4.13705707e-02 -3.51648778e-01 -2.71382421e-01 -1.96032405e-01 -7.83035830e-02
-3.15122008e-01 -3.07006240e-01 -1.02355249e-01 -1.90668896e-01 -2.83030897e-01 -3.88078205e-02 2.05890670e-01 3.01330328e-01 -5.90726733e-01 1.43795550e+00 -1.84341192e-01 -7.48366863e-02 -4.64507461e-01 4.96070057e-01 -1.54625252e-01 -2.09940076e-02 5.00339493e-02 8.03123489e-02 -3.55965048e-02 -1.64157957e-01 2.34212980e-01 1.94150910e-01 3.20165306e-01 -7.88297504e-03 6.43193498e-02 -2.70860810e-02 -2.31672257e-01 1.73923865e-01 3.02793980e-01 2.72922456e-01 1.06684968e-01 9.20163840e-02
-9.75213051e-02 -3.31661254e-01 1.11646866e-02 -1.24795683e-01 -3.41341257e-01 4.77365226e-01 -2.11027563e-01 -3.93765271e-01 9.72743630e-02 -3.71970534e-01 7.11603230e-03 4.51210022e-01 2.27081671e-01 3.99871826e-01 2.97869325e-01 -5.56165993e-01 -4.20918792e-01 -1.24043751e+00 -6.80999830e-02 -2.99170494e-01 -9.36294720e-02 8.88070643e-01 4.30442572e-01 5.93651175e-01 -4.42821622e-01 1.62382007e-01 1.05154544e-01 -2.61593789e-01 -3.45684141e-01 -2.85426289e-01 -8.90783221e-02 -1.03119723e-01
4.45757918e-02 -4.93758507e-02 1.14276968e-01 -8.86359066e-02 2.72688061e-01 -9.88217145e-02 7.00790286e-02 -3.30653489e-01 -1.93457335e-01 3.58135730e-01 1.48879007e-01 1.83767349e-01 7.85184875e-02 -3.07230085e-01 -6.91473410e-02 -2.47197047e-01 6.88198805e-02 2.03312933e-01 -1.70917928e-01 -5.25559604e-01 1.42794326e-01 -1.79422811e-01 -1.12945959e-01 -6.73890263e-02 -7.17876293e-03 2.19780594e-01 -5.85523173e-02 -1.15845155e-03 1.06983475e-01 7.36833811e-02 2.10758485e-02 2.03651027e-03
2.41162255e-01 -5.72830379e-01 -3.03490341e-01 7.52514124e-01 -1.47053167e-01 -5.92013061e-01 3.20792139e-01 -1.91764519e-01 -2.69808948e-01 2.72521925e+00 -5.81587732e-01 1.01315224e+00 6.57854259e-01 8.13249469e-01 7.70217597e-01 2.56841630e-01 5.26473559e-02 2.23804250e-01 6.91021919e-01 3.94060671e-01 1.40512899e-01 1.41281843e-01 -2.63362795e-01 1.04596770e+00 -1.17940113e-01 1.34783328e-01 -3.12457651e-01 3.78374040e-01 -2.69279070e-02 1.93508230e-02 4.98440772e-01 9.16574895e-02
-1.33610919e-01 1.94573879e-01 1.47420898e-01 7.61876404e-02 1.17209740e-02 -4.63511422e-02 -1.22389924e-02 1.05919227e-01 7.25220935e-03 -2.72826068e-02 1.66249126e-01 6.91882446e-02 8.64672884e-02 -2.89262645e-02 1.52560994e-01 1.75185397e-01 4.15810905e-02 -1.66601107e-01 -2.07361691e-02 8.42575654e-02 -1.61666468e-01 -3.19744237e-02 -2.81842370e-02 1.92279126e-02 -4.77670163e-01 -2.39402801e-01 4.88963798e-02 -1.10147707e-01 -5.99621125e-02 -5.46247810e-02 -5.02286665e-03 -4.44443196e-01
-1.99895445e-02 -7.08312169e-02 -3.42828631e-02 2.62228232e-02 -2.56028652e-01 2.19576862e-02 -3.16116810e-02 1.60426438e-01 6.47433773e-02 -4.32000943e-02 -1.31643703e-02 -2.81962678e-02 -6.80595487e-02 3.88547108e-02 -7.20384791e-02 1.85816422e-01 -1.13133982e-01 -1.67255402e-01 2.45119575e-02 3.20421785e-01 -2.43574023e-01 -8.05506632e-02 -4.91877412e-03 -3.36738373e-03 2.37125158e-03 -1.04692444e-01 -6.29527047e-02 -4.78167608e-02 -6.33130670e-02 5.34642898e-02 -1.82903130e-02 6.17896998e-03
8.29390466e-01 -2.53251165e-01 3.47879946e-01 3.15073460e-01 -4.05970693e-01 2.32219207e-03 -4.71627593e-01 5.93841858e-02 6.66436732e-01 9.15572941e-02 -2.06696182e-01 6.91588446e-02 8.54531154e-02 2.25455850e-01 7.24822640e-01 -6.36003077e-01 -4.35225368e-01 -7.46197045e-01 4.25682694e-01 -2.48155534e-01 -7.67707169e-01 2.50521213e-01 -1.52868330e-01 1.88925698e-01 7.09648550e-01 -1.94693822e-03 1.98092908e-01 -1.15781389e-01 -5.02630353e-01 2.01607928e-01 7.11723268e-02 2.05777720e-01
8.48595425e-02 -4.36204344e-01 -2.52257526e-01 3.93032670e-01 1.87285468e-01 -5.56346774e-01 1.61174431e-01 3.62867638e-02 1.98800012e-01 -2.07291275e-01 -2.51904488e-01 4.67994750e-01 3.70774299e-01 -2.43589073e-01 2.79854119e-01 -5.99203646e-01 -3.47437084e-01 -7.79607415e-01 3.61938447e-01 -4.13492352e-01 -2.49125764e-01 -3.37460376e-02 3.86522919e-01 6.74330354e-01 -1.86681345e-01 -3.07204515e-01 4.24363703e-01 -9.75891668e-03 -6.99897632e-02 -4.35519636e-01 1.35415733e-01 2.82053709e-01
2.63990425e-02 -5.18356077e-02 7.55709767e-01 7.11704344e-02 -1.09435213e+00 -3.14132154e-01 1.63197279e-01 -8.47702175e-02 6.76699817e-01 6.13011539e-01 -1.75446033e-01 -3.29773158e-01 4.77498509e-02 7.07682550e-01 1.52479168e-02 -2.22363472e+00 -3.12328100e-01 -2.64429116e+00 9.27924365e-02 3.07764988e-02 -7.77833104e-01 6.76917195e-01 2.05441773e-01 1.01988487e-01 3.87127638e-01 1.69549540e-01 2.99011767e-01 8.86303410e-02 -5.98309189e-02 -8.06834280e-01 -5.09390593e-01 3.49873537e-03
-1.96479082e-01 -2.39018902e-01 -2.40433812e-01 -2.79408693e-01 -2.80874401e-01 5.55877149e-01 1.59770355e-01 -1.06123626e-01 -1.04767904e-01 3.87224466e-01 -1.91026270e-01 1.53314054e-01 5.44270836e-02 -2.72429168e-01 -1.28392234e-01 -5.20953655e-01 3.14889461e-01 -6.53866112e-01 -2.83393770e-01 2.53539197e-02 -3.12349141e-01 3.97853225e-01 -1.46209046e-01 3.52225661e-01 3.73776168e-01 -5.28072596e-01 4.83427376e-01 4.44302186e-02 7.90006444e-02 1.34567842e-01 -8.21692348e-02 3.50454152e-02
4.24480230e-01 6.70491874e-01 6.49512053e-01 -3.97197902e-01 2.45201007e-01 1.78147018e-01 1.63378954e-01 -1.04443021e-01 -8.35462153e-01 9.65270340e-01 -2.77571112e-01 -2.50692099e-01 -4.43035632e-01 1.11449444e+00 1.72248960e-01 1.77932173e-01 1.95448641e-02 -8.51208806e-01 2.45978653e-01 -2.86056787e-01 7.78471380e-02 6.81536138e-01 -9.99693051e-02 -3.97607207e-01 6.63873255e-01 -7.67417192e-01 4.95958954e-01 -1.02478094e-01 -2.72245705e-01 -5.95310509e-01 -4.00692709e-02 -4.78479445e-01
-1.70304887e-02 -3.71772140e-01 1.73756629e-01 -1.89456061e-01 -1.69053078e-01 1.22680791e-01 9.19970497e-02 -2.63126314e-01 -5.07189095e-01 -3.57765973e-01 -1.19487330e-01 1.34715512e-02 -8.27235729e-02 4.35078681e-01 4.96887058e-01 3.56086403e-01 2.73574710e-01 -3.68373930e-01 2.74711791e-02 1.65014252e-01 -2.69860208e-01 3.14810812e-01 -3.57198745e-01 1.61063939e-01 -7.32187107e-02 -2.43271723e-01 3.91927302e-01 7.47637331e-01 -3.98107529e-01 -4.71671134e-01 2.66498089e-01 3.44813257e-01
-1.23849452e+00 1.28952906e-01 1.35073692e-01 -1.29942954e+00 -1.48244962e-01 -1.02590293e-01 1.97420925e-01 5.15104890e-01 1.34908885e-01 3.69432211e-01 -9.72716868e-01 7.11127162e-01 1.07209134e+00 3.77292484e-01 -6.87370718e-01 2.45200247e-01 5.74890196e-01 -4.45483208e-01 -2.66916543e-01 1.01155496e+00 -5.94071627e-01 -3.13862860e-01 -3.78075927e-01 -1.57454722e-02 5.52880287e-01 9.71682250e-01 8.69745076e-01 6.80434048e-01 4.91974562e-01 -1.02218139e+00 1.44162193e-01 2.61495948e-01
-8.10776725e-02 8.86232033e-02 2.86212474e-01 -4.74525429e-02 3.65350723e-01 -9.88264903e-02 1.11281574e-02 3.79210003e-02 -5.60473576e-02 1.98234275e-01 2.44394690e-02 2.67642885e-02 -8.92458949e-03 -1.31147802e-01 8.84420350e-02 -1.13710977e-01 8.89141485e-02 9.92938653e-02 -2.17945408e-03 -4.08903718e-01 1.37343600e-01 -1.22541517e-01 2.00418551e-02 -1.51698645e-02 1.51007727e-01 -6.04222994e-03 7.50274137e-02 1.28374487e-01 3.43672559e-02 -8.76273513e-02 2.70426460e-02 5.32089062e-02
-6.80380613e-02 2.84937888e-01 2.98262566e-01 -1.05126634e-01 1.97031066e-01 5.96119873e-02 6.45727277e-01 2.70973206e-01 1.41653657e-01 -1.21675372e+00 -3.31510425e-01 5.19575536e-01 6.41806126e-01 -3.16813469e-01 -5.14896929e-01 8.66339728e-02 5.19435287e-01 -2.51726419e-01 1.23844249e-02 -4.97685522e-01 9.31942523e-01 -2.97987103e-01 -2.27152444e-02 -1.31490052e+00 -1.18058734e-01 5.01262188e-01 -9.78404939e-01 -8.63798261e-01 2.49870062e-01 -1.00294396e-01 -6.83330894e-02 -2.02612251e-01
5.74343264e-01 -3.28155428e-01 -3.10766935e-01 4.56229061e-01 -2.57466007e-02 -2.77947299e-02 -3.13968807e-02 -1.47414878e-01 4.52954739e-01 -6.11750111e-02 -1.00309201e-01 -6.49777576e-02 7.44585514e-01 -3.17000240e-01 3.73079270e-01 -3.15180004e-01 -4.47973385e-02 -4.50886548e-01 1.88537434e-01 -9.15429220e-02 -3.22458267e-01 1.02381088e-01 1.79918244e-01 1.74082801e-01 -5.75167127e-02 -2.26799875e-01 8.11121047e-01 4.83837873e-01 -3.70165229e-01 3.52821976e-01 2.11443633e-01 3.20787996e-01
-2.61437446e-01 3.48488808e-01 -1.58722237e-01 -4.45279442e-02 -5.99598229e-01 -1.99645162e-01 6.62870556e-02 4.61455554e-01 -5.39110377e-02 -5.50150216e-01 -1.80837393e-01 -2.62456369e-02 -3.45034838e-01 1.61904737e-01 2.49077082e-01 -2.30140537e-01 -8.07619616e-02 1.99096143e-01 1.73974615e-02 3.61159801e-01 -2.25610584e-01 -3.52273360e-02 -1.87278632e-02 -3.37895416e-02 -1.15875967e-01 -1.15449317e-01 2.71648496e-01 -2.73921311e-01 1.15240909e-01 7.58283027e-03 4.91654780e-03 1.70690477e-01
5.02411462e-02 -5.23454070e-01 -7.80525729e-02 -1.02646001e-01 -9.38763693e-02 -1.56704068e-01 -4.47085090e-02 -1.68204606e-01 -3.90098423e-01 4.70430791e-01 -6.25808910e-03 7.11235106e-02 3.52276683e-01 2.94954181e-01 -1.52693346e-01 -6.35228455e-01 -1.92090601e-01 -1.63226992e-01 -1.39791649e-02 6.12930059e-02 1.02687731e-01 -4.54429314e-02 5.65186262e-01 4.61548083e-02 -3.67451280e-01 2.29864329e-01 3.42788190e-01 6.75065145e-02 -6.80185631e-02 1.28253102e-01 -5.09326011e-02 -2.10663810e-01
1.00038934e+00 5.49877016e-03 -6.15676284e-01 1.85165510e-01 2.56236970e-01 1.10569231e-01 5.02563894e-01 1.63373724e-01 -3.10257524e-01 -9.13190186e-01 -8.51745784e-01 1.37408817e+00 9.72693637e-02 -9.07584906e-01 3.04708570e-01 6.45678043e-01 5.39634526e-02 5.25081933e-01 -1.60312250e-01 1.32312074e-01 -1.53631961e+00 -4.10240799e-01 -7.90021718e-01 -2.25439340e-01 -4.03503031e-01 3.56910925e-04 2.36384571e-01 5.60869455e-01 -3.22825536e-02 4.73660938e-02 -5.97373508e-02 4.72806901e-01
-1.57699063e-01 8.15574527e-02 -9.09065843e-01 -7.79451579e-02 1.90548658e-01 3.62539649e-01 9.30652469e-02 2.89925560e-02 2.21448615e-02 5.45064092e-01 -4.14669603e-01 -1.18482447e+00 3.84530306e-01 2.87650853e-01 -3.40666890e-01 5.44465959e-01 -6.85643181e-02 1.26014304e+00 -4.25414503e-01 1.17378987e-01 3.08283955e-01 -1.07638374e-01 -2.91995890e-02 6.90975666e-01 -2.90744603e-01 7.79573679e-01 -1.03408612e-01 -2.59002656e-01 9.57013965e-02 1.12798639e-01 6.76323295e-01 -4.84102331e-02
-2.01560277e-02 3.79357249e-01 -1.64896980e-01 -6.20820522e-01 -6.77425191e-02 7.27125168e-01 2.70171613e-01 7.87251711e-01 3.45533252e-01 3.17865849e-01 9.52028751e-01 -2.70707607e-01 8.70211050e-02 2.32907340e-01 3.18759978e-02 -7.39371359e-01 3.14262867e-01 -7.37337396e-02 -3.05578947e-01 -5.32287359e-01 -3.54824066e-02 -2.28713185e-01 2.38506436e-01 1.40831500e-01 -2.28917003e-01 1.64587945e-01 2.96816640e-02 -2.78964341e-02 -5.52021325e-01 2.48074070e-01 -1.96924850e-01 1.23635478e-01
9.38030258e-02 -9.65382438e-03 -1.40958667e-01 -7.73629406e-03 8.10264423e-03 5.42555042e-02 -9.80238337e-03 9.68193933e-02 -3.08588501e-02 -8.18183571e-02 -6.25847355e-02 -3.79474461e-01 2.62766659e-01 2.14142025e-01 3.46553773e-02 1.71614513e-01 4.55204956e-02 1.35598355e-04 8.86711553e-02 2.49625459e-01 1.31993964e-01 2.73721099e-01 1.79718304e-02 2.49220610e-01 -1.10232644e-01 -2.59645253e-01 -1.93112701e-01 -1.92943633e-01 -3.01413238e-01 -1.55162856e-01 1.31007284e-03 -2.75675267e-01
4.25051242e-01 -9.40888748e-03 5.42406321e-01 4.15795207e-01 3.38574767e-01 4.28859621e-01 9.78743970e-01 -3.66849452e-01 7.27169454e-01 -6.25067130e-02 -5.93009830e-01 1.48048088e-01 -5.38912296e-01 -2.96086490e-01 -7.78913032e-03 2.36331180e-01 -6.46294475e-01 -4.74568844e-01 2.80984610e-01 -6.57092482e-02 -1.09975219e-01 5.64239860e-01 2.24359125e-01 6.77248061e-01 2.02660374e-02 -1.45790040e-01 -2.13756576e-01 1.96197122e-01 1.71817198e-01 4.37898606e-01 -1.14641562e-01 6.64756913e-03
-2.23842680e-01 -4.75704908e-01 1.40069079e+00 1.14524394e-01 -7.00304806e-01 -2.15601996e-01 -1.17636812e+00 -1.01053834e+00 3.00422311e-01 1.03896666e+00 4.27157804e-02 -4.93203789e-01 -3.18391442e-01 1.03284466e+00 5.58432579e-01 -1.89583492e+00 1.99451461e-01 -2.49225783e+00 1.80740380e+00 8.33342910e-01 -6.02603078e-01 1.62596416e+00 -4.64530528e-01 2.87972361e-01 3.32610399e-01 -7.11585045e-01 -2.22931996e-01 3.66273165e-01 1.56732455e-01 5.93546666e-02 8.50961149e-01 1.61250830e-01
4.01525060e-03 -1.15241902e-02 8.29438791e-02 4.16310653e-02 3.79685283e-01 -9.40330699e-03 -2.39542238e-02 1.39113553e-02 5.35904914e-02 -1.08660841e-02 -1.67171117e-02 -7.72856846e-02 1.02315582e-01 -1.06123807e-02 -9.46792215e-03 -5.45101054e-02 1.38883176e-03 -6.03830144e-02 -6.71561584e-02 7.69057125e-02 1.41988844e-01 6.20454624e-02 -2.35236362e-02 1.72788296e-02 -1.36691630e-01 -1.50718048e-01 1.56085603e-02 3.62400830e-01 -4.21267003e-02 -5.88126406e-02 3.09124589e-03 -2.42721453e-01
-3.93107623e-01 1.80246413e-01 -1.35055780e-01 -6.68954924e-02 -2.42199033e-01 -2.93316040e-02 -2.93049723e-01 6.86810315e-01 4.77327080e-03 -8.81098434e-02 -1.64186239e-01 6.54321849e-01 4.93162870e-01 9.10159722e-02 1.25720188e-01 6.48298934e-02 -6.83667790e-03 6.41703233e-02 -1.23571120e-01 3.73069346e-02 -9.61940289e-02 -6.23378813e-01 -2.28610650e-01 -2.78399467e-01 -3.07101488e-01 -1.89606920e-01 -6.05760932e-01 3.59693289e-01 -2.60233164e-01 -2.47448802e-01 -2.50828952e-01 4.97426778e-01
5.96196353e-02 -1.65363967e-01 5.40334523e-01 2.76572675e-01 -5.65313399e-01 2.05426335e-01 3.52527022e-01 -6.31495118e-01 5.12115359e-01 3.21835041e-01 -7.72478506e-02 4.12397534e-01 -1.11441061e-01 1.49609074e-01 1.32906020e-01 -2.05611348e+00 1.30786210e-01 -9.46754217e-01 1.35455146e-01 1.75449505e-01 -1.11050375e-01 1.45240948e-01 2.10402042e-01 2.00212106e-01 -2.52357900e-01 -5.54396391e-01 -5.72831109e-02 -1.60402343e-01 -4.62959468e-01 -4.73121405e-01 4.65354204e-01 -2.88568556e-01
-2.44748235e-01 3.13400961e-02 -1.23044960e-01 1.27123475e-01 -1.14831410e-01 1.18626850e-02 1.87128529e-01 -1.41553193e-01 -5.06382823e-01 1.65985942e+00 -3.84120286e-01 -8.09372738e-02 -2.46606782e-01 1.24299479e+00 -2.02070206e-01 -1.67083777e-02 2.75753308e-02 -3.56158391e-02 -1.86317056e-01 -2.88933814e-01 8.43717977e-02 2.35187843e-01 1.81402266e-02 -2.00002119e-01 -7.96962306e-02 1.05278783e-01 4.00194764e-01 3.86373609e-01 2.64086187e-01 -4.84476149e-01 3.73058558e-01 -1.52673468e-01
-1.11801468e-01 -1.93595350e-01 6.13784373e-01 4.74987686e-01 -1.22903056e-01 -3.71222556e-01 -1.07283962e+00 1.47384539e-01 2.28824601e-01 4.18262959e-01 8.06321427e-02 -4.76892889e-02 1.21212885e-01 1.76859111e-01 -2.53058404e-01 6.12182200e-01 3.02692968e-02 2.45437935e-01 -1.49146542e-01 -3.06726545e-01 8.51812065e-01 3.90686721e-01 3.56393576e-01 -6.25943959e-01 5.49266562e-02 4.00472209e-02 -2.07871169e-01 2.57077992e-01 -1.21181831e-01 3.25591773e-01 -1.60145447e-01 -3.21222574e-01
1.00099003e+00 -4.08467919e-01 4.26873446e-01 9.89427447e-01 -3.04691136e-01 2.70262152e-01 -8.51240814e-01 -6.00714862e-01 5.87540030e-01 -9.43619847e-01 -2.68084049e-01 7.26825297e-01 -1.24786603e+00 -2.10894421e-01 7.00601459e-01 -4.42936629e-01 -1.08184904e-01 4.39651869e-02 7.10388720e-01 7.21223474e-01 3.49793643e-01 -4.96303171e-01 -2.01017642e+00 -4.98325348e-01 6.70872629e-01 5.48749030e-01 -8.02308798e-01 -4.26927269e-01 -3.28814723e-02 1.26551497e+00 -4.86753821e-01 -2.26500541e-01
-3.08307037e-02 1.89344481e-01 -3.29780206e-02 -4.79562618e-02 -1.74766585e-01 -4.04447801e-02 2.30766162e-02 -5.14239669e-02 -4.25553918e-02 -8.71983543e-03 4.27383035e-02 9.01311114e-02 8.17940906e-02 -4.68132012e-02 1.51202470e-01 -1.56986237e-01 1.06912471e-01 1.70090333e-01 -1.66598465e-02 -2.83258528e-01 1.37461722e-01 4.83052693e-02 -1.84334125e-02 -1.25541566e-02 -3.11846077e-01 -5.18724732e-02 2.05628332e-02 -6.82362765e-02 -6.99972128e-03 -8.20201356e-03 3.95873067e-04 -2.11923942e-01
1.30217254e-01 2.89617985e-01 1.58173990e+00 5.07619262e-01 -1.19272327e+00 1.38541713e-01 -2.74121255e-01 -6.07082725e-01 8.64561558e-01 5.05986035e-01 2.16623530e-01 -3.82583678e-01 -9.54742014e-01 9.48547423e-01 3.45783979e-02 -3.40383077e+00 -2.77644575e-01 -4.52547312e+00 4.06734347e-01 6.24223091e-02 -1.24608707e+00 9.44597244e-01 3.35140884e-01 2.03343987e-01 2.19921842e-01 -2.20858306e-01 -4.63949502e-01 7.17764556e-01 -2.40074873e-01 5.15789911e-02 -9.67677310e-02 -3.74931330e-03
-8.21813166e-01 1.87259644e-01 1.26363441e-01 -7.42371142e-01 2.13941839e-02 -1.53961286e-01 -1.85010195e-01 4.96244937e-01 -7.31564239e-02 7.08207628e-03 1.15221359e-01 -2.97922194e-01 4.42682326e-01 4.39587146e-01 -4.00187016e-01 -2.41000205e-01 2.19737038e-01 -1.46430299e-01 -3.55334967e-01 1.67180523e-01 6.33792207e-02 7.00994968e-01 2.18082085e-01 -2.53072590e-01 -1.28918126e-01 3.04713339e-01 -7.11078525e-01 8.44565853e-02 8.97692516e-02 -5.62373579e-01 -1.06058471e-01 -7.22707629e-01

layers.2.bias:
-1.31809771e+00
-8.11584592e-01
6.70644283e-01
-6.47126853e-01
1.94857314e-01
-3.20845485e-01
2.87269562e-01
2.14447284e+00
4.69020784e-01
8.34451258e-01
-9.40038621e-01
-1.41543090e+00
-4.36283082e-01
8.92910302e-01
-3.05178732e-01
-6.70418084e-01
-8.70902836e-02
-7.54239023e-01
3.44571292e-01
-1.07942440e-01
-1.38005182e-01
7.63658822e-01
8.12235236e-01
-1.46384448e-01
-3.82982731e-01
1.04420578e+00
-9.76735353e-01
-1.06552792e+00
4.98779744e-01
-1.19618058e+00
1.28463730e-01
-6.17477335e-02
7.81440854e-01
1.43313050e-01
-2.46740773e-01
-4.17786278e-02
-1.64919183e-01
1.41870987e+00
1.02469158e+00
-9.73562077e-02
9.65457976e-01
-2.14556366e-01
-5.11599898e-01
1.39579022e+00
2.81088471e-01
-9.69179034e-01
1.05367160e+00
-3.88841361e-01
8.01834643e-01
1.76995456e+00
1.59681231e-01
2.95996755e-01
1.24299243e-01
-6.29994988e-01
2.78483570e-01
-4.27156277e-02
8.14344108e-01
-4.33317013e-02
-1.04870640e-01
-6.13051832e-01
6.19368970e-01
5.25979474e-02
-2.68075675e-01
7.18344092e-01

layers.4.weight:
2.92036951e-01 7.78838107e-03 -4.00268473e-02 1.17076421e-03 -3.43804285e-02 3.13727483e-02 -1.58110715e-03 -7.02330649e-01 -5.70924990e-02 -3.96327883e-01 3.39100733e-02 9.05220449e-01 -1.78653145e+00 -9.80250686e-02 1.61185414e-02 -1.51456916e+00 1.80833170e-03 6.91982955e-02 -2.12904662e-04 -3.64340493e-04 1.46548972e-02 -1.00384347e-01 -1.59200877e-02 3.03027779e-01 -2.53713019e-02 -2.38989126e-02 6.99518574e-03 7.69242048e-01 -4.17378604e-01 3.80793154e-01 -6.17112732e-03 -1.53662875e-01 -4.37508486e-02 -1.84966030e-03 3.13879028e-02 1.65470748e-03 8.92729033e-04 -1.51340738e-01 -2.66464632e-02 1.46343559e-01 -6.00394122e-02 2.56811261e-01 1.29582845e-02 -1.17483124e-01 -8.64331843e-04 1.37394190e-01 -1.77951157e-02 2.82767636e-04 -1.05171323e-01 -6.57684803e-01 -4.64757979e-02 -2.04812158e-02 1.56224216e-03 2.32434692e-03 -1.09891939e+00 2.74085929e-03 -3.12412361e-04 -3.13239485e-01 -8.28624666e-02 1.45627903e-02 -2.35795975e-02 -3.98975593e-04 8.46228123e-01 -1.13485130e-02

layers.4.bias:
-1.08364451e+00

