layers.0.weight:
3.31696361e-01 -5.67613244e-01 7.97264636e-01
5.69172144e-01 -8.09445798e-01 -5.80563486e-01
-8.31293464e-02 -6.13938749e-01 -5.77727258e-01
-1.07055378e+00 1.15616508e-01 4.58123112e+00
2.67282110e-02 4.11940843e-01 1.16166264e-01
-5.79876065e-01 8.58121514e-01 -1.84879377e-01
-1.31842160e+00 4.86020595e-01 -9.88645032e-02
-6.01682402e-02 7.88846374e-01 -9.23566997e-01
6.03414774e-01 -9.26082134e-01 5.12713566e-02
-1.11527514e+00 5.86289167e-02 -1.64189592e-01
7.53551662e-01 -9.85680073e-02 1.41279221e+00
-7.16238439e-01 -1.31785080e-01 -1.29353356e+00
-4.30584475e-02 7.12955832e-01 -1.57757306e+00
-1.16726887e+00 2.10410804e-02 5.00053525e-01
-6.46977663e-01 1.09646142e+00 7.52028525e-01
-1.81771189e-01 9.48456824e-01 1.64468549e-02
5.46070874e-01 -6.33792400e-01 -1.45019031e+00
-1.15504665e-02 1.12846863e+00 1.84981868e-01
8.07071701e-02 -9.54183042e-01 5.35116851e-01
3.41117471e-01 -1.28724232e-01 -8.64976227e-01
2.23475501e-01 1.65966094e-01 -5.10879010e-02
-3.24195027e-01 -2.56797969e-01 -1.00232065e+00
-4.64660525e-01 1.65601885e+00 -4.46076952e-02
-1.56447518e+00 4.06930357e-01 1.75152493e+00
1.05132234e+00 3.79940838e-01 -7.78481364e-01
2.59609371e-01 6.71772659e-01 -1.17486012e+00
-1.16151750e-01 -2.13369340e-01 1.90187418e+00
-3.97779703e-01 -2.44972542e-01 1.92939892e-01
3.22416067e-01 7.57217348e-01 -1.46468067e+00
-1.04933763e-02 4.65525806e-01 1.70563948e+00
-2.89658904e+00 2.84448242e+00 -1.78299040e-01
-1.26738083e+00 -5.19488692e-01 1.02004325e+00

layers.0.bias:
8.77201200e-01
4.81547834e-03
-1.42384720e+00
-6.34384930e-01
7.07518518e-01
-2.04255387e-01
-3.54310095e-01
2.86240637e-01
-7.45998621e-01
-1.59115899e+00
1.64644122e-01
1.80825554e-02
2.46107668e-01
-1.21306002e+00
-2.90836543e-01
1.43946290e+00
9.34610724e-01
1.82654703e+00
-6.68276668e-01
5.78918040e-01
-1.44309163e-01
-1.35729384e+00
1.02535832e+00
-7.05530941e-02
1.36946186e-01
5.60703695e-01
8.80503118e-01
-1.57881156e-01
-4.88352716e-01
7.31267482e-02
8.91685039e-02
-6.70209900e-02

layers.2.weight:
-2.85477012e-01 2.81100035e-01 7.03630149e-02 -5.32666981e-01 -5.71723357e-02 -8.21075588e-02 1.62234962e-01 -2.91360095e-02 -1.29508659e-01 2.65470600e+00 3.56178544e-02 1.26850039e-01 -1.76997781e-01 2.36157346e+00 -2.72221595e-01 4.88794178e-01 -1.28303133e-02 6.87868953e-01 1.34446025e-01 -2.15650782e-01 1.58420667e-01 -3.72455940e-02 -5.83019257e-01 5.51140070e-01 -2.00217560e-01 6.58313215e-01 -8.35901380e-01 -5.39584421e-02 -1.86214715e-01 -2.68124580e-01 -3.44951779e-01 3.67681861e-01
-6.70548454e-02 1.49294585e-01 -8.63381267e-01 6.58908337e-02 -4.06559646e-01 1.40912652e-01 -7.58754313e-01 -4.96388614e-01 5.67688584e-01 6.62707567e-01 3.63931745e-01 -2.89665699e-01 2.34169468e-01 -4.42271717e-02 -3.11740816e-01 1.61878303e-01 -3.63432020e-01 3.24740887e-01 -4.05642033e-01 -7.66967013e-02 6.32165551e-01 -1.42108306e-01 -4.34026241e-01 -3.76763642e-02 3.25844716e-03 -7.06466362e-02 -3.11801642e-01 -5.32329798e-01 5.22586852e-02 -2.05995306e-01 -2.35693231e-02 1.86824799e-01
-4.55413237e-02 -1.76762920e-02 5.93284220e-02 -7.48951197e-01 -7.24677861e-01 -1.90489739e-02 -4.88028407e-01 3.25715572e-01 4.63865906e-01 7.40898490e-01 -5.42346060e-01 -9.54893753e-02 1.58729494e-01 4.94617186e-02 -7.66909197e-02 -7.37750947e-01 -1.35546193e-01 -6.94008291e-01 -1.02817513e-01 3.26483428e-01 -3.84081841e-01 -2.35397384e-01 4.01708543e-01 -1.20957243e+00 -6.32690907e-01 4.25379604e-01 -1.16826069e+00 1.30984098e-01 4.25108612e-01 -3.75105560e-01 8.50272700e-02 2.73939341e-01
2.66018510e-01 -4.94012162e-02 6.22198172e-02 1.36486161e+00 4.66335058e-01 3.65227133e-01 6.41466498e-01 -2.61334658e-01 -1.24070078e-01 -6.14339374e-02 1.78904206e-01 -8.11632946e-02 -5.95274508e-01 1.42472386e-01 6.02938712e-01 6.66431367e-01 -2.75897831e-01 5.94130874e-01 3.44177872e-01 -9.35020030e-01 -8.21862042e-01 -1.69304118e-01 3.48958731e-01 1.40484476e+00 -4.92230564e-01 -5.72026968e-01 5.16680837e-01 2.99475104e-01 -6.85523450e-01 -1.40587017e-01 -4.09428142e-02 4.54274923e-01
1.31444141e-01 -3.66381317e-01 2.11008847e-01 -3.93895417e-01 1.34641021e-01 -3.16424787e-01 -1.11133254e+00 1.15600035e-01 4.87273298e-02 -4.91813779e-01 4.89526272e-01 -8.16099226e-01 7.51019001e-01 -7.61437595e-01 -9.05043259e-02 -7.60750473e-01 -3.63988250e-01 -7.74544775e-01 -8.33991989e-02 -1.48542985e-01 8.39902222e-01 -6.06521487e-01 2.27346390e-01 -2.77712613e-01 -8.98986578e-01 5.84901869e-01 1.53014153e-01 -5.45855522e-01 -3.04705232e-01 6.71430647e-01 -2.44189531e-01 1.50378615e-01
-3.63265723e-01 2.87832201e-01 2.80739009e-01 1.66340381e-01 -6.73592567e-01 -2.78237253e-01 -3.90836090e-01 3.03644449e-01 3.03066313e-01 -1.61116809e-01 6.31414652e-01 2.71687567e-01 -7.69471377e-02 -2.64222741e-01 -3.75140309e-01 -9.29801822e-01 -3.11390460e-01 -1.09088063e+00 6.44194663e-01 -2.17389166e-01 -6.51523948e-01 -6.68715835e-02 -6.50999010e-01 -2.46817619e-01 2.30246671e-02 9.37976614e-02 1.53567731e-01 1.17663181e+00 -1.50183886e-01 -4.33155507e-01 -5.55365324e-01 3.55967700e-01
5.86237200e-02 -2.63035130e-02 -2.43006796e-01 -8.42550769e-03 -1.30184948e-01 1.62070960e-01 -2.78586969e-02 -4.21406657e-01 -1.19384959e-01 2.33259737e-01 2.92559326e-01 9.40758958e-02 2.95375496e-01 3.00517436e-02 3.75576853e-03 -2.72350252e-01 5.35079325e-03 1.32626474e-01 4.27183509e-03 -3.07381928e-01 -4.13192958e-01 6.83849677e-02 5.29524125e-02 2.22247988e-02 1.78524658e-01 2.78647125e-01 -3.60393405e-01 -4.39834893e-01 -1.56096309e-01 7.18771964e-02 2.32321974e-02 1.23571977e-01
2.71405071e-01 1.03332944e-01 -3.95190924e-01 3.58252943e-01 3.12221229e-01 -6.36774898e-01 9.84948874e-02 4.86760974e-01 7.00065121e-02 -2.93779105e-01 -1.24505632e-01 9.52102542e-01 3.11307460e-01 -5.51753819e-01 -1.58115789e-01 1.76965028e-01 5.15058815e-01 1.75148189e-01 2.36513734e-01 4.97477055e-01 -1.42451906e+00 -8.99333179e-01 1.50527239e-01 3.04044515e-01 2.30936080e-01 7.43975163e-01 6.04533613e-01 4.95612860e-01 -5.75621545e-01 4.97723520e-01 1.86565667e-01 -2.88543671e-01
4.50763032e-02 2.49023750e-01 -5.45467734e-01 -2.68334359e-01 1.24872732e+00 -3.90903592e-01 -5.67614257e-01 -3.25774878e-01 -6.92064762e-01 2.81205863e-01 4.46646303e-01 2.34258965e-01 7.00313628e-01 -1.86238110e-01 1.19740710e-01 1.68227565e+00 3.16972375e-01 1.30480349e+00 -5.80388725e-01 -1.44013181e-01 1.39689788e-01 -2.72203207e-01 1.03196956e-01 2.90772229e-01 6.35952279e-02 3.98095667e-01 3.59258316e-02 2.37633195e-02 8.72862467e-04 1.49142459e-01 2.19491601e+00 -3.18745375e-01
-6.27557755e-01 1.25099644e-01 -9.33434367e-02 -5.33785403e-01 4.18693751e-01 2.22505145e-02 -5.32074086e-02 3.82636845e-01 4.22639161e-01 -1.54735342e-01 9.03497508e-04 2.50370741e-01 1.93551019e-01 1.60862491e-01 -3.56871724e-01 -6.37824893e-01 3.63582730e-01 -4.21246499e-01 -4.24540937e-01 -7.47550512e-03 -6.25902057e-01 -2.22163841e-01 1.13141239e-01 -7.67990276e-02 -2.01746002e-01 -8.31840485e-02 -1.85129866e-01 2.07320437e-01 2.75300860e-01 1.52782321e-01 1.53649196e-01 -1.33987553e-02
9.47005451e-02 -3.33232582e-01 -1.14905581e-01 -3.62540483e-01 -4.09909248e-01 -2.75188237e-01 -3.39005321e-01 1.55581236e-01 4.53026295e-01 2.76263803e-01 -5.30940771e-01 -1.13470800e-01 8.57384622e-01 -3.06116849e-01 -1.91493630e-01 -2.94283688e-01 -6.39876664e-01 -7.90550590e-01 -5.37055619e-02 -3.96223143e-02 1.04717803e+00 -2.55482823e-01 -7.77915478e-01 1.78141043e-01 -8.07588845e-02 -5.94477840e-02 -4.33986843e-01 -5.52070141e-01 3.09367925e-01 -3.97663146e-01 -3.21799330e-02 3.45740110e-01
-1.45930976e-01 -2.45292485e-01 1.70766890e+00 -9.14806426e-01 -7.29065716e-01 2.06533030e-01 -6.82644472e-02 -3.47887099e-01 -1.52859107e-01 1.93427157e+00 -3.34414421e-03 -1.18433408e-01 3.35244417e-01 3.19605136e+00 1.89764798e-01 -5.54004192e-01 3.07692051e-01 -2.38139081e+00 5.25270224e-01 -2.95170009e-01 3.32198441e-01 6.38846576e-01 -1.94106355e-01 8.13217700e-01 -2.03766841e-02 -5.08190930e-01 2.53526181e-01 -1.68635041e-01 1.44310758e-01 -1.56639016e-03 1.40316218e-01 -3.98836285e-01
-6.64855719e-01 -2.38278002e-01 9.22182143e-01 4.23737317e-01 -5.62110901e-01 6.44674480e-01 8.52187723e-02 -8.99580836e-01 3.30265254e-01 4.31099892e-01 2.39424825e-01 1.11775480e-01 -5.14771461e-01 -1.10080279e-01 5.21711648e-01 -4.06284952e+00 -1.70548350e-01 -5.87675667e+00 5.32338798e-01 -1.03210163e+00 -5.83967447e-01 4.36793923e-01 6.79746985e-01 -1.23820916e-01 -1.85627416e-01 -2.36815721e-01 -3.48633826e-01 5.32176673e-01 -5.70886016e-01 -3.08643252e-01 -1.28663599e+00 -3.27683300e-01
-3.23181099e-04 -1.80523589e-01 -6.01883590e-01 -8.16013590e-02 -1.91272810e-01 -1.10468045e-02 2.44789645e-01 3.59526247e-01 3.51765871e-01 -1.76705748e-01 5.16096890e-01 -1.87730715e-01 3.50245059e-01 -8.22229624e-01 -3.00356567e-01 -9.37606022e-02 -2.51009911e-01 1.58753753e-01 -1.29210964e-01 1.25266835e-01 5.82558103e-03 -1.20577954e-01 7.34681189e-02 -2.32003942e-01 -1.12411536e-01 7.78227508e-01 -2.49202792e-02 2.00147945e-02 -1.59702033e-01 2.44385108e-01 1.70527220e-01 3.43640357e-01
-9.18154001e-01 2.47241497e-01 -2.86483578e-02 3.14841777e-01 -2.37109691e-01 6.18913531e-01 -3.57913375e-01 -8.92736688e-02 4.41696048e-01 -1.96270749e-01 -7.84456491e-01 2.63712108e-01 1.79602414e-01 -3.45096707e-01 -3.16549420e-01 -6.89159155e-01 2.52354741e-01 -7.01595128e-01 -3.94662231e-01 3.42145950e-01 1.34167993e+00 9.78605390e-01 -4.92454283e-02 1.56788781e-01 -3.47029686e-01 1.28717646e-01 -6.15876555e-01 3.75901535e-02 7.87772655e-01 -2.72021681e-01 -9.20694545e-02 1.18103132e-01
-4.92142916e-01 -1.03549147e-02 1.42581567e-01 1.04671776e-01 -3.06411922e-01 2.04582661e-01 -9.00084078e-01 -7.80207813e-02 7.80696347e-02 5.33759451e+00 5.32354355e-01 4.61404175e-01 2.47534066e-01 2.65309954e+00 -5.49351275e-02 -2.20876876e-02 -3.87605637e-01 -1.66602165e-01 7.53379986e-02 -1.69959247e-01 -7.52160847e-01 4.67272550e-01 1.26143262e-01 2.19673276e-01 -4.58598316e-01 -4.04725313e-01 -6.62322521e-01 4.01644021e-01 -1.58829376e-01 -6.95024371e-01 2.82858789e-01 -1.79540679e-01
-4.69163097e-02 1.68950513e-01 -3.95740047e-02 3.64044532e-02 -3.17593254e-02 6.15826529e-03 -1.46525644e-03 -6.29674047e-02 2.01714188e-02 -1.79703221e-01 6.75820261e-02 2.93142032e-02 3.99047658e-02 1.03663839e-01 9.66861248e-02 -2.43551042e-02 4.84303422e-02 -4.13767546e-02 -1.10262269e-02 9.64996591e-02 2.58486658e-01 1.42949611e-01 -7.35606812e-03 3.15071158e-02 4.93249446e-02 2.49096123e-03 5.47211319e-02 3.10113966e-01 2.02602521e-02 3.77502991e-04 -2.68220808e-02 3.24248038e-02
2.04569489e-01 -1.20868780e-01 -5.61582804e-01 4.14018668e-02 6.66060597e-02 -2.14878619e-01 -2.58574843e-01 -3.06477308e-01 3.08927804e-01 -7.10460305e-01 5.75765669e-02 -1.52568845e-02 2.10626289e-01 3.81647237e-02 -7.94823021e-02 1.26740307e-01 -3.04205537e-01 4.06984270e-01 -1.24692969e-01 9.25228059e-01 2.59594440e-01 1.15387462e-01 -4.73962277e-01 -1.29772320e-01 -1.23314507e-01 -4.24694926e-01 8.37721586e-01 -5.08850098e-01 2.38559201e-01 3.04388672e-01 -3.77239175e-02 1.96669891e-01
-2.63581872e-01 -8.26828256e-02 -2.88415790e-01 -2.23416910e-01 4.33222771e-01 9.62502509e-03 1.59606680e-01 1.38733014e-01 3.94804746e-01 -4.08353686e-01 -1.77101016e-01 -9.03931081e-01 4.90822047e-01 -1.88257948e-01 -1.80038288e-01 2.30087802e-01 -1.36270076e-01 3.40714931e-01 1.39467761e-01 -7.32171386e-02 -1.16428109e-02 -1.72494024e-01 4.62099612e-01 -3.21065456e-01 2.40073293e-01 2.10609198e-01 -1.93204194e-01 3.17443132e-01 5.45091294e-02 3.35743159e-01 4.98361051e-01 1.28369108e-01
4.43690494e-02 2.06912234e-01 2.84037646e-02 7.36906528e-02 -1.11474752e-01 9.41061527e-02 -2.55728271e-02 -9.65195671e-02 5.88745736e-02 9.75029245e-02 7.06628934e-02 1.04443610e-01 -7.77246132e-02 -8.26602653e-02 9.92444754e-02 4.08654779e-01 6.58590272e-02 -3.53767216e-01 5.68277314e-02 -1.07776888e-01 -1.04744554e-01 -1.03362404e-01 -2.10016477e-03 -3.34388092e-02 2.48323288e-02 1.04927048e-01 6.69379160e-03 3.30794193e-02 1.08805969e-01 1.84034761e-02 -3.52927074e-02 5.76607995e-02
5.85079491e-01 -1.27263501e-01 6.21687949e-01 5.17584860e-01 -2.41765648e-01 -2.89587051e-01 -6.82571411e-01 -1.30807981e-01 -2.88268983e-01 -9.25024152e-01 -1.10018514e-01 9.86470044e-01 5.03810048e-01 -4.92748469e-01 6.95852220e-01 5.98445654e-01 -4.71251495e-02 -1.94080994e-01 5.03963053e-01 4.85791653e-01 -5.40319741e-01 5.87083660e-02 5.00708342e-01 1.58702448e-01 8.54149610e-02 -3.61522973e-01 8.29548165e-02 3.57464403e-01 -1.14485726e-01 -9.41959321e-02 3.35693955e-02 4.39587861e-01
2.41165042e-01 -1.23660520e-01 6.36376217e-02 1.61590680e-01 6.16958290e-02 1.49060816e-01 9.14466143e-01 5.99847659e-02 4.79454637e-01 2.60760993e-01 3.45396578e-01 3.45120609e-01 -4.08910990e-01 -5.61011910e-01 1.31255433e-01 -9.53150988e-01 -6.65164068e-02 -7.02503443e-01 -6.42621741e-02 -4.59076077e-01 -4.86659527e-01 6.14118110e-03 2.44848490e-01 -2.50125118e-02 1.08901829e-01 -4.40396428e-01 -6.96669519e-01 4.07360822e-01 -1.05690986e-01 -1.73593283e-01 2.28874519e-01 -9.86138880e-02
7.42268562e-02 -1.72487944e-02 -2.67804891e-01 4.34804678e-01 2.37991884e-02 3.56330186e-01 3.58200222e-01 -2.91511685e-01 -3.08867782e-01 3.47829461e-01 4.89771627e-02 5.54160737e-02 4.08019394e-01 5.13302982e-01 -1.54274508e-01 -5.56472182e-01 5.34493268e-01 -1.84278116e-01 6.06625043e-02 -2.62500674e-01 -3.47514749e-01 4.35650647e-02 -3.83768409e-01 2.07814813e-01 -3.91144633e-01 -1.38692185e-01 -2.79149655e-02 -4.62513655e-01 1.99283175e-02 -8.84264559e-02 -5.34206592e-02 -2.54260808e-01
7.61091053e-01 -5.78152388e-02 -3.03324521e-01 1.72076941e-01 1.53684065e-01 -4.67362493e-01 -3.57828699e-02 3.28662813e-01 2.74374336e-01 -2.74714184e+00 1.13101818e-01 1.67290494e-01 3.79315972e-01 -1.67182982e+00 1.30531058e-01 3.51823479e-01 1.31672814e-01 2.82051623e-01 -2.47361585e-01 -8.11050832e-03 4.83965248e-01 -2.44747981e-01 -2.62177378e-01 -3.74955647e-02 -3.65967363e-01 -1.91413403e-01 -5.19784093e-02 -1.59116402e-01 2.51285791e-01 1.11922935e-01 -2.71324784e-01 -1.79489478e-01
-8.43624473e-01 1.48772150e-01 1.07117873e-02 1.31869435e-01 -1.22648790e-01 -3.47334594e-01 9.70008910e-01 -1.12590931e-01 -9.65164661e-01 7.18390882e-01 -7.15255618e-01 2.87397169e-02 1.55079916e-01 7.30616823e-02 -6.99842572e-01 2.86462069e-01 5.94291270e-01 3.94245982e-01 2.89981991e-01 7.74072343e-03 -1.63389981e-01 3.63304555e-01 5.38786530e-01 9.65576470e-01 -3.56752038e-01 5.12293696e-01 -6.11282706e-01 -6.42810687e-02 8.84062052e-01 -4.44100916e-01 1.11130588e-01 -7.19554201e-02
-5.58489799e-01 5.88201940e-01 -2.95626614e-02 -1.55216366e-01 5.48070014e-01 1.69079125e-01 6.70788577e-03 5.20827413e-01 -3.20623368e-01 5.08030951e-01 5.43204732e-02 -1.44692466e-01 2.27491498e-01 2.21282363e-01 -5.29706955e-01 -1.80142835e-01 -1.49926245e-01 -7.15992078e-02 3.82698715e-01 -3.99999678e-01 6.23182673e-03 -2.61348248e-01 3.43068391e-02 -4.83865380e-01 8.88468474e-02 -1.97413042e-01 -5.78575909e-01 -5.05801201e-01 1.82140797e-01 -3.78525257e-01 -2.04675034e-01 -2.64511853e-01
-1.36780083e-01 2.22946241e-01 4.53204304e-01 3.64721209e-01 -2.77298242e-01 -2.86191255e-01 -1.16685823e-01 7.03409361e-03 2.90719897e-01 -4.49563384e-01 -5.80691516e-01 -6.43236265e-02 -2.72172779e-01 -2.82078266e-01 6.24403358e-02 5.98646641e-01 -9.20126885e-02 2.10293531e-01 2.81598479e-01 2.08896980e-01 6.01262562e-02 -7.47557521e-01 1.68208703e-01 1.09513909e-01 2.69199461e-01 1.75840214e-01 1.91779267e-02 -5.53014278e-01 -2.71575332e-01 -1.17054686e-01 1.03312664e-01 -2.46839374e-01
-7.79825330e-01 4.79339063e-01 -5.89970171e-01 -1.02011919e+00 -2.64284790e-01 -2.43249819e-01 -3.44939560e-01 3.90472949e-01 1.07098334e-01 4.75391358e-01 -6.58561811e-02 1.97265163e-01 1.87314510e-01 2.89210796e-01 -2.74616685e-02 1.03024387e+00 7.00624406e-01 1.11593819e+00 -5.94501376e-01 8.55530202e-02 5.10433674e-01 -7.40909457e-01 -6.65561914e-01 4.02768940e-01 -2.18263194e-01 -4.40562546e-01 2.71845400e-01 3.16853881e-01 4.96934295e-01 -8.24657857e-01 2.09753856e-01 -1.88040227e-01
1.57493114e-01 -5.74579179e-01 -8.53379220e-02 -7.59641156e-02 -5.52610159e-01 5.34566522e-01 5.90385646e-02 -5.12788892e-01 5.31126261e-01 9.27511930e-01 -1.83654845e-01 8.00320283e-02 5.11408865e-01 4.51445192e-01 5.61326072e-02 -1.06015658e+00 -4.89709347e-01 -1.01706553e+00 7.03567341e-02 1.75939336e-01 2.77020514e-01 2.99616814e-01 1.82784811e-01 1.95018947e-01 2.97476590e-01 6.56914935e-02 -3.72129947e-01 -2.98241407e-01 -2.98654377e-01 -2.99620241e-01 4.28983629e-01 2.69871622e-01
-7.19693601e-02 -9.80974436e-01 3.69522244e-01 1.57433796e+00 1.60845920e-01 1.14344396e-01 -1.20226197e-01 -2.44120657e-01 -2.31220514e-01 2.39800200e-01 1.07873344e+00 -9.88392651e-01 -1.08990932e+00 -3.82328987e-01 2.13151127e-01 -6.28885776e-02 -1.20072210e+00 6.39250100e-01 6.04876459e-01 -6.20743752e-01 9.49813008e-01 2.02686042e-01 3.89815830e-02 -1.06961444e-01 1.67529151e-01 -4.87828553e-01 1.93963990e-01 -1.37421101e-01 -8.68159950e-01 1.25515091e+00 -6.02803409e-01 -1.34504810e-01
-7.56225944e-01 -1.74877807e-01 3.60567540e-01 1.03928119e-01 -1.03505507e-01 2.41977200e-01 2.83879697e-01 2.75366125e-03 -4.09055203e-01 -2.05537558e-01 -9.67686296e-01 2.72558808e-01 4.87361938e-01 9.63035300e-02 1.77358121e-01 -2.35748142e-01 3.65666002e-01 -2.04955578e-01 -1.32953614e-01 -3.38451147e-01 -7.12287486e-01 2.51186311e-01 9.49661899e-03 -7.10313320e-01 2.16334313e-01 5.88497043e-01 -1.46123752e-01 1.17350686e-02 -3.76646966e-01 -2.50956923e-01 -1.67742074e-01 -4.56636697e-02
-3.12519282e-01 -3.16266179e-01 -9.98659208e-02 -1.78534508e-01 -2.86646038e-01 -4.13656086e-02 1.85885340e-01 2.81011611e-01 -5.80261111e-01 1.43444085e+00 -1.66742519e-01 -9.73921493e-02 -4.81301427e-01 5.00125349e-01 -1.43823132e-01 -2.81791370e-02 3.08135469e-02 7.50493184e-02 -1.56813618e-02 -1.82394564e-01 2.44506881e-01 1.93401098e-01 3.05308223e-01 -3.45949735e-03 7.29045421e-02 -4.59734388e-02 -2.21998915e-01 1.62628576e-01 2.99917758e-01 2.86658645e-01 6.80865571e-02 8.33568200e-02
-9.25281048e-02 -3.39729160e-01 1.19128665e-02 -1.27764493e-01 -3.27404678e-01 4.72160071e-01 -2.35340774e-01 -3.97978276e-01 8.72375816e-02 -3.83349389e-01 5.64930635e-03 4.42959905e-01 2.29523391e-01 3.86617929e-01 3.07436287e-01 -5.35004616e-01 -4.28408891e-01 -1.22076046e+00 -6.36669546e-02 -3.01637650e-01 -8.83144885e-02 8.92490447e-01 4.39925015e-01 5.90053916e-01 -4.42086577e-01 1.62945285e-01 1.01336099e-01 -2.68472224e-01 -3.46180111e-01 -2.86188781e-01 -9.63748470e-02 -1.03433512e-01
4.84894142e-02 -5.54552190e-02 1.07193321e-01 -8.31477270e-02 2.77466953e-01 -9.80768874e-02 7.28214905e-02 -3.25444162e-01 -1.88813642e-01 3.51684779e-01 1.52522445e-01 1.79457620e-01 8.14142302e-02 -3.16941053e-01 -6.61318749e-02 -2.49879733e-01 7.18094110e-02 2.06984386e-01 -1.63051456e-01 -5.25295913e-01 1.35945708e-01 -1.77285373e-01 -1.15524285e-01 -5.73394671e-02 -6.01983455e-04 2.25138858e-01 -5.55010997e-02 -1.74367167e-02 9.99960601e-02 7.87546560e-02 3.70715298e-02 -3.25577124e-03
2.28104621e-01 -5.04250348e-01 -2.78018177e-01 7.43898034e-01 -1.89668134e-01 -5.92758179e-01 3.01933050e-01 -1.78920478e-01 -1.86284438e-01 2.75407434e+00 -5.91348112e-01 1.02817404e+00 6.68330133e-01 8.23285639e-01 7.04021335e-01 1.95600688e-01 8.15985277e-02 2.03912169e-01 6.82719052e-01 4.07405317e-01 1.34590983e-01 1.59406856e-01 -2.93171346e-01 1.03358245e+00 -1.19191520e-01 1.44138590e-01 -3.20659578e-01 3.85228187e-01 -9.64710768e-03 8.30699783e-03 5.21270871e-01 9.36535671e-02
-1.42815322e-01 2.08063707e-01 1.56188220e-01 7.59963766e-02 -5.12214564e-03 -4.29213941e-02 -2.61989292e-02 1.06707312e-01 1.39297163e-02 -1.62780900e-02 1.68736264e-01 6.19124807e-02 8.30394849e-02 -2.99136825e-02 1.43758819e-01 1.46005809e-01 4.55481783e-02 -1.89967260e-01 -2.06696596e-02 8.01867470e-02 -1.51076719e-01 -2.42545959e-02 -2.48535499e-02 1.03106666e-02 -4.87950951e-01 -2.44769260e-01 4.56530452e-02 -9.67746079e-02 -5.71008585e-02 -5.40028550e-02 -1.94502268e-02 -4.33792919e-01
-2.29957402e-02 -6.42970651e-02 -2.76728272e-02 2.19063722e-02 -2.61645764e-01 2.01492663e-02 -3.54401842e-02 1.53090060e-01 6.20783269e-02 -3.59160416e-02 -1.54091427e-02 -2.48736553e-02 -7.23391697e-02 5.17504998e-02 -7.65785649e-02 1.84081510e-01 -1.16080537e-01 -1.73957929e-01 1.89891290e-02 3.19278568e-01 -2.34129474e-01 -8.46835449e-02 -4.22377512e-03 -1.39579419e-02 -7.63448479e-04 -1.11773394e-01 -6.49344400e-02 -3.49868499e-02 -5.63030466e-02 4.94020320e-02 -3.61108147e-02 7.61116203e-03
7.87066221e-01 -2.56697923e-01 3.18065524e-01 3.20079446e-01 -3.27821493e-01 1.95291266e-02 -4.28806603e-01 7.47894272e-02 5.91836095e-01 1.05785817e-01 -2.06883326e-01 6.68958724e-02 8.15402791e-02 2.33364940e-01 7.26448059e-01 -4.39303398e-01 -4.36188728e-01 -6.03185713e-01 2.88655847e-01 -2.50824511e-01 -7.70548761e-01 2.49587253e-01 -1.34100646e-01 1.87557861e-01 7.03048944e-01 -5.53622469e-03 2.02926964e-01 -9.95182618e-02 -4.92768258e-01 2.06601977e-01 7.67368749e-02 2.10955173e-01
1.26498535e-01 -4.16675001e-01 -2.81016916e-01 4.09941018e-01 2.40938425e-01 -5.87583244e-01 1.23587571e-01 3.23897955e-04 2.35905915e-01 -2.38108978e-01 -2.37476572e-01 4.52428401e-01 3.51881176e-01 -2.68454999e-01 2.57422835e-01 -5.51524758e-01 -3.35940480e-01 -7.05502808e-01 4.21764880e-01 -4.07858044e-01 -2.54673660e-01 -5.60404994e-02 3.60416949e-01 6.60058379e-01 -1.62076280e-01 -3.23719025e-01 4.42927480e-01 -3.47615704e-02 -1.11224547e-01 -4.19186056e-01 9.97468457e-02 2.59906679e-01
3.89798097e-02 -6.20754398e-02 7.46022701e-01 7.98618048e-02 -1.08786738e+00 -3.12420815e-01 1.10609546e-01 -9.81307775e-02 7.30270326e-01 6.16653383e-01 -1.56665206e-01 -3.44177634e-01 3.84752490e-02 7.20844984e-01 2.32135765e-02 -2.29351807e+00 -3.27106535e-01 -2.66416001e+00 1.15613610e-01 1.60927549e-02 -7.56929874e-01 6.48367286e-01 2.08751500e-01 1.38589427e-01 3.88097584e-01 1.63707137e-01 3.06833327e-01 5.72373196e-02 -4.63432409e-02 -7.97926009e-01 -4.56805795e-01 6.18402287e-03
-2.06727192e-01 -2.48672709e-01 -2.34638721e-01 -2.92880446e-01 -2.75374383e-01 5.65848172e-01 1.66744635e-01 -1.00215316e-01 -1.16379768e-01 3.92900288e-01 -2.08966970e-01 1.62451446e-01 6.81381077e-02 -2.59695321e-01 -1.15385480e-01 -5.00305772e-01 3.02787364e-01 -6.43186569e-01 -2.96125948e-01 1.80526320e-02 -3.08001459e-01 4.07687694e-01 -1.33467972e-01 3.51466626e-01 3.72723877e-01 -5.21708488e-01 4.69066203e-01 5.08998819e-02 8.49140733e-02 1.24149725e-01 -7.99094141e-02 3.27764675e-02
4.33443308e-01 6.76690996e-01 6.43733799e-01 -3.98006499e-01 2.44201154e-01 1.69230521e-01 1.75126269e-01 -1.05548240e-01 -8.36438894e-01 9.58460867e-01 -2.78671026e-01 -2.47906029e-01 -4.42407995e-01 1.11386526e+00 1.63198307e-01 1.86399326e-01 2.43924651e-02 -8.53362858e-01 2.57209748e-01 -2.83112854e-01 6.45166636e-02 6.80776536e-01 -1.08975694e-01 -3.97216797e-01 6.37664616e-01 -7.67885983e-01 4.95685726e-01 -7.93617144e-02 -2.78276652e-01 -5.96748114e-01 -3.35957445e-02 -4.52518493e-01
-5.04809991e-02 -3.53156447e-01 2.06911832e-01 -2.31321797e-01 -2.01588362e-01 1.45950332e-01 1.10007755e-01 -2.34252110e-01 -4.93442297e-01 -3.20266545e-01 -1.62958249e-01 5.88716045e-02 -4.17138748e-02 4.07697439e-01 4.92160290e-01 3.27484339e-01 3.16154212e-01 -4.14183527e-01 4.97768680e-03 2.07946703e-01 -2.47245863e-01 3.42913926e-01 -3.52387458e-01 1.17514879e-01 -3.29640992e-02 -2.04341739e-01 3.53512704e-01 7.10363865e-01 -3.64519149e-01 -5.14555335e-01 2.87378311e-01 3.10923696e-01
-1.26166654e+00 1.41021907e-01 1.63756430e-01 -1.32879281e+00 -1.60188258e-01 -1.00555316e-01 1.93891272e-01 5.22335827e-01 1.43559724e-01 3.94051790e-01 -9.99755561e-01 7.39066243e-01 1.09355855e+00 3.77102375e-01 -6.91505075e-01 2.78824568e-01 5.85884452e-01 -4.50700909e-01 -2.70324588e-01 1.03817296e+00 -5.68414807e-01 -2.84336746e-01 -3.75245601e-01 -3.10942121e-02 5.81659317e-01 9.88256454e-01 8.40469301e-01 6.70783401e-01 5.20780981e-01 -1.05106616e+00 1.49390534e-01 2.24487826e-01
-7.91615397e-02 8.61971453e-02 2.77946144e-01 -4.12612818e-02 3.74752492e-01 -9.51663032e-02 1.37345362e-02 4.21700664e-02 -5.27898371e-02 1.92848459e-01 2.87855975e-02 2.07170937e-02 -6.83605159e-03 -1.48368075e-01 9.09561366e-02 -1.11171968e-01 9.72289890e-02 1.09050013e-01 3.40800849e-03 -4.05244321e-01 1.35372207e-01 -1.22027755e-01 2.12578699e-02 -8.44731182e-03 1.58517092e-01 -1.48036517e-03 7.88179636e-02 1.08383827e-01 2.63248459e-02 -8.18761513e-02 4.78162356e-02 4.80941422e-02
-2.95974594e-02 3.31587344e-01 2.50961930e-01 -6.65745363e-02 2.25005552e-01 2.07594428e-02 6.07175589e-01 2.31052622e-01 1.86180428e-01 -1.25913811e+00 -2.92828441e-01 4.80891168e-01 6.02946818e-01 -3.62619013e-01 -5.56566000e-01 -6.35269135e-02 5.85183084e-01 -2.62607545e-01 5.70616052e-02 -4.06958431e-01 8.65267277e-01 -3.42250317e-01 -6.47711530e-02 -1.37557316e+00 -2.91890930e-02 4.59177017e-01 -9.39737320e-01 -9.11233366e-01 2.11234882e-01 -6.32325560e-02 -1.06351294e-01 -1.65382683e-01
6.04654133e-01 -3.01867723e-01 -2.83258975e-01 4.31606740e-01 -5.92074730e-02 -5.60186207e-02 -6.18200898e-02 -1.29099384e-01 4.85199392e-01 -9.25070345e-02 -1.29198104e-01 -3.82415615e-02 7.68521369e-01 -3.44799250e-01 3.47062826e-01 -3.41294348e-01 -1.88248735e-02 -4.85222995e-01 2.19261408e-01 -6.58241063e-02 -3.49515110e-01 1.29163116e-01 1.52926505e-01 1.48102611e-01 -3.10046729e-02 -2.02636570e-01 7.86662102e-01 4.78004932e-01 -3.50284159e-01 3.28126162e-01 1.83118761e-01 2.97683209e-01
-2.65810639e-01 3.54184419e-01 -1.53805971e-01 -4.76284623e-02 -5.89717031e-01 -1.99122250e-01 5.32608777e-02 4.57546145e-01 -5.62955849e-02 -5.47629058e-01 -1.82936475e-01 -2.87295673e-02 -3.49464715e-01 1.55825764e-01 2.48468325e-01 -2.15328276e-01 -8.02245960e-02 2.13974282e-01 1.00957556e-02 3.61158699e-01 -2.15390801e-01 -3.27321813e-02 -1.13796704e-02 -5.18403426e-02 -1.14849865e-01 -1.21064171e-01 2.70349234e-01 -2.68725365e-01 1.20737605e-01 5.81006426e-03 -9.18288901e-03 1.71364903e-01
4.99765202e-02 -5.33738911e-01 -7.45173991e-02 -9.88666862e-02 -9.86772478e-02 -1.53261498e-01 -3.81977297e-02 -1.63210630e-01 -3.99853200e-01 4.68805075e-01 -4.20117332e-03 6.65939227e-02 3.49429309e-01 3.13975483e-01 -1.39187902e-01 -6.33353293e-01 -2.07975179e-01 -1.64045036e-01 -1.88068226e-02 4.98093553e-02 1.04189113e-01 -3.96666378e-02 5.75828195e-01 4.95893732e-02 -3.69402558e-01 2.30421662e-01 3.46161127e-01 7.55574852e-02 -6.71023503e-02 1.32851034e-01 -4.94868867e-02 -2.13762790e-01
9.66553807e-01 -2.45712418e-02 -5.89621603e-01 1.61877900e-01 2.59328634e-01 1.39823914e-01 5.37366688e-01 1.84786722e-01 -3.37934583e-01 -8.79831970e-01 -8.78716350e-01 1.39907873e+00 1.25588685e-01 -8.73360276e-01 3.30156922e-01 7.36598670e-01 1.74268261e-02 5.38945198e-01 -1.83296278e-01 9.69494656e-02 -1.51242459e+00 -3.80173057e-01 -7.63449073e-01 -1.79970041e-01 -4.40806717e-01 1.80126466e-02 2.12898061e-01 5.93949199e-01 -5.48253534e-03 2.60469299e-02 -3.22356224e-02 4.81404036e-01
-1.64069697e-01 2.49316394e-02 -9.12117243e-01 -7.10090473e-02 1.99605539e-01 3.77456635e-01 9.03740153e-02 2.74294689e-02 1.80766098e-02 5.44725358e-01 -4.07410473e-01 -1.19579887e+00 3.78446668e-01 3.02483410e-01 -2.82839060e-01 5.24840891e-01 -8.47700462e-02 1.26704407e+00 -4.29430693e-01 1.14120468e-01 3.50345552e-01 -1.10601060e-01 1.10904826e-03 6.55281007e-01 -2.46222764e-01 7.75165439e-01 -9.74610746e-02 -2.95686543e-01 9.81383994e-02 1.21136546e-01 6.87068939e-01 -9.33742672e-02
-1.75041053e-02 3.63787442e-01 -1.65139988e-01 -6.20305836e-01 -5.33116460e-02 7.26605356e-01 2.73876578e-01 7.82926500e-01 3.32242131e-01 3.14447969e-01 9.51276302e-01 -2.69751638e-01 8.63204524e-02 2.55018771e-01 4.85697761e-02 -7.08683550e-01 2.91030437e-01 -5.18773533e-02 -3.06800008e-01 -5.43536663e-01 -3.67769636e-02 -2.27433637e-01 2.47584209e-01 1.39717773e-01 -2.33257413e-01 1.60396293e-01 3.05406097e-02 -1.87925193e-02 -5.56041479e-01 2.49754906e-01 -2.01404735e-01 1.23387776e-01
9.62910652e-02 -1.36010153e-02 -1.42962411e-01 -5.62422397e-03 -3.27396468e-04 5.44252731e-02 2.87239207e-03 9.40632373e-02 -3.10033001e-02 -8.44140202e-02 -6.27491698e-02 -3.76970440e-01 2.64391094e-01 2.08463922e-01 3.55812050e-02 1.65652528e-01 4.92863245e-02 -1.13435695e-02 9.35683176e-02 2.52916873e-01 1.21063434e-01 2.69795656e-01 1.38689578e-02 2.64223158e-01 -1.12863131e-01 -2.57607460e-01 -1.88046411e-01 -1.99193895e-01 -3.07788938e-01 -1.54692098e-01 1.99914910e-02 -2.72548884e-01
4.29983258e-01 5.96056506e-03 5.42606890e-01 4.13189918e-01 3.40384156e-01 4.18743819e-01 9.70162570e-01 -3.65267634e-01 7.38048971e-01 -7.08593503e-02 -5.95175326e-01 1.50911346e-01 -5.34513652e-01 -3.19071293e-01 -2.41533797e-02 2.43457839e-01 -6.35500312e-01 -4.79896188e-01 2.85736114e-01 -5.25091514e-02 -1.14529289e-01 5.64691961e-01 2.10159600e-01 6.79187894e-01 1.68434419e-02 -1.41012758e-01 -2.15862334e-01 1.93453640e-01 1.70716494e-01 4.34273571e-01 -1.25509381e-01 1.27702933e-02
-2.42150083e-01 -4.89555091e-01 1.42084169e+00 1.05100870e-01 -7.43378818e-01 -1.99109152e-01 -1.16082120e+00 -1.00927937e+00 2.76095599e-01 1.05919337e+00 2.47630347e-02 -4.78259385e-01 -3.10064048e-01 1.03449142e+00 5.71854651e-01 -1.87011814e+00 1.92061856e-01 -2.53695011e+00 1.80698824e+00 8.39130223e-01 -6.12882793e-01 1.64629483e+00 -4.50160742e-01 2.77657807e-01 3.28195661e-01 -7.05280900e-01 -2.31786460e-01 3.82019460e-01 1.56349421e-01 4.99080904e-02 8.73474300e-01 1.68762133e-01
1.91088058e-02 -3.69351320e-02 3.20459493e-02 4.45304178e-02 4.42474633e-01 9.60050151e-03 -1.29119726e-02 3.95733714e-02 4.13369164e-02 -3.53041217e-02 -1.73661299e-02 -6.87334761e-02 1.11698419e-01 -3.09377648e-02 1.74373277e-02 -3.19686197e-02 1.02892928e-02 -2.13245004e-02 -9.23598632e-02 8.84465277e-02 1.28907531e-01 3.27710360e-02 -1.10581946e-02 2.19010003e-02 -1.21948309e-01 -1.25406414e-01 1.64400935e-02 3.42958033e-01 -4.37307209e-02 -5.56015670e-02 3.52963358e-02 -2.61008114e-01
-4.23732162e-01 5.38327992e-02 -1.07351162e-01 -9.73073170e-02 -2.73895025e-01 3.26289721e-02 -8.00009519e-02 7.23824620e-01 -1.11674942e-01 -1.76716615e-02 -2.02331096e-01 7.24585116e-01 5.25060773e-01 3.26920450e-01 2.37002179e-01 8.74595866e-02 -1.13605745e-01 4.07321863e-02 -1.73704952e-01 -1.24917664e-02 -1.14393555e-01 -5.97131789e-01 -1.64099991e-01 -2.32597500e-01 -3.31364930e-01 -1.58127472e-01 -6.36096299e-01 4.10481036e-01 -2.28845924e-01 -2.77825207e-01 -1.52920857e-01 5.02423227e-01
3.96818556e-02 -1.75022081e-01 5.72999358e-01 2.58707464e-01 -6.21237695e-01 2.21136391e-01 3.65172625e-01 -6.26554787e-01 4.96955484e-01 3.41851830e-01 -1.00419648e-01 4.34224010e-01 -9.43587199e-02 1.59284130e-01 1.46550640e-01 -2.07173133e+00 1.29094511e-01 -1.00346398e+00 1.36532202e-01 1.85845092e-01 -1.05659127e-01 1.66261286e-01 2.23320678e-01 1.79172918e-01 -2.28892192e-01 -5.37413955e-01 -7.53705502e-02 -1.72264069e-01 -4.47735339e-01 -4.90527213e-01 4.79933918e-01 -3.09742838e-01
-2.55900919e-01 2.38381140e-02 -1.06435537e-01 1.39788046e-01 -1.32843211e-01 1.74723193e-02 1.70296952e-01 -1.55334100e-01 -4.88450170e-01 1.67233193e+00 -3.69206220e-01 -9.82095525e-02 -2.61127353e-01 1.25021875e+00 -1.92248359e-01 -3.43670435e-02 9.99711547e-03 -5.41594364e-02 -1.71893805e-01 -3.05679291e-01 9.97320265e-02 2.41512477e-01 1.32804867e-02 -1.95873961e-01 -6.39597401e-02 9.06372815e-02 4.11640435e-01 3.70749414e-01 2.71601409e-01 -4.71182197e-01 3.40711534e-01 -1.67639032e-01
-1.28832623e-01 -2.07397476e-01 6.36165321e-01 4.56795275e-01 -1.56434774e-01 -3.54438305e-01 -1.06823444e+00 1.71976343e-01 2.15820700e-01 4.28430170e-01 6.59403950e-02 -3.17917131e-02 1.42361969e-01 1.85303032e-01 -2.37236828e-01 5.58106244e-01 2.22239289e-02 1.82580426e-01 -1.64882034e-01 -3.08553636e-01 8.60531688e-01 4.03296560e-01 3.69072378e-01 -6.15159988e-01 5.10708727e-02 5.61481118e-02 -2.27503672e-01 2.60509908e-01 -8.65614265e-02 3.07650715e-01 -1.41251147e-01 -3.20487827e-01
1.05983281e+00 -3.73343587e-01 4.38482374e-01 9.60242748e-01 -2.98702329e-01 2.00041786e-01 -8.31660330e-01 -5.70497870e-01 5.37148893e-01 -9.87237275e-01 -2.97868401e-01 7.58150101e-01 -1.21875429e+00 -2.47059599e-01 6.63036108e-01 -3.95200938e-01 -7.53555596e-02 6.68945238e-02 6.64429188e-01 7.54520535e-01 3.07017356e-01 -4.74480927e-01 -2.05005598e+00 -5.27662933e-01 6.40622973e-01 5.77808261e-01 -8.31006169e-01 -3.87628257e-01 -1.57666039e-02 1.23588920e+00 -5.66416979e-01 -1.95346192e-01
-4.10150774e-02 2.02238888e-01 -2.45361794e-02 -4.78693806e-02 -1.91417426e-01 -3.74513268e-02 1.43870199e-02 -5.05040102e-02 -3.64315994e-02 2.29577976e-03 4.56381440e-02 8.25021714e-02 7.74925798e-02 -4.54195887e-02 1.41947523e-01 -1.82309821e-01 1.10757150e-01 1.47533104e-01 -1.64376758e-02 -2.88420856e-01 1.44563988e-01 5.71699068e-02 -1.78532451e-02 -2.21336689e-02 -3.22542012e-01 -5.78214452e-02 1.74474549e-02 -5.27703911e-02 -4.92592342e-03 -7.26215634e-03 -1.30216051e-02 -2.00487375e-01
1.36632770e-01 2.56131649e-01 1.58649194e+00 4.83526319e-01 -1.17932582e+00 1.42716795e-01 -2.31408551e-01 -5.92157364e-01 8.39896500e-01 5.12524366e-01 2.07465798e-01 -3.50514621e-01 -9.31083500e-01 1.01568782e+00 6.24946691e-02 -3.36193895e+00 -3.06825757e-01 -4.49287605e+00 3.98546815e-01 6.05937056e-02 -1.21620333e+00 9.30044115e-01 3.44085813e-01 1.96075141e-01 2.73049682e-01 -1.91331625e-01 -4.89180654e-01 6.67802930e-01 -1.95178196e-01 2.77932640e-02 -9.64125022e-02 -6.55144230e-02
-8.28512788e-01 1.84329391e-01 1.26871705e-01 -7.44375765e-01 2.79346146e-02 -1.49503738e-01 -1.83549210e-01 4.95125324e-01 -7.21679702e-02 1.23584624e-02 1.11615226e-01 -2.96269834e-01 4.46145654e-01 4.45128351e-01 -3.98425609e-01 -2.22426787e-01 2.14390263e-01 -1.32120535e-01 -3.55263114e-01 1.63296893e-01 8.46122429e-02 7.06839144e-01 2.20385134e-01 -2.52081633e-01 -1.07049890e-01 3.00749481e-01 -7.13745534e-01 7.04760700e-02 9.32170153e-02 -5.62276602e-01 -1.08004473e-01 -7.51970828e-01

layers.2.bias:
-1.31223786e+00
-8.01429987e-01
6.50562704e-01
-5.56403756e-01
1.79823905e-01
-3.26216072e-01
3.03784281e-01
2.14406919e+00
5.30423164e-01
8.23706210e-01
-9.41617012e-01
-1.42578542e+00
-4.10165668e-01
8.88471782e-01
-2.97900379e-01
-6.79630935e-01
-1.00890085e-01
-7.51327574e-01
3.45743001e-01
-1.18297294e-01
-1.23245120e-01
7.74300873e-01
8.15393329e-01
-1.28917739e-01
-4.07334387e-01
1.02876914e+00
-9.83285844e-01
-1.05497086e+00
4.82825786e-01
-1.15718544e+00
7.00077564e-02
-6.97384477e-02
7.82441258e-01
1.55805141e-01
-2.46686861e-01
-5.98354302e-02
-1.77755237e-01
1.41697216e+00
1.04658997e+00
-1.04751199e-01
9.57738459e-01
-2.04187572e-01
-5.27318418e-01
1.36583078e+00
2.90811509e-01
-9.20659065e-01
1.07995057e+00
-3.99152398e-01
7.94164419e-01
1.73621285e+00
1.38618410e-01
2.95246303e-01
1.34510264e-01
-6.20450258e-01
2.64595509e-01
5.91695262e-03
7.85112500e-01
-5.79595454e-02
-1.20961361e-01
-6.24194264e-01
6.65126741e-01
3.72175276e-02
-2.68994272e-01
7.08800495e-01

layers.4.weight:
2.89239019e-01 2.23736614e-02 -3.99803072e-02 -1.19065261e-03 -2.15466637e-02 3.80534120e-02 -5.50478653e-05 -6.98973596e-01 -4.94088940e-02 -3.85328859e-01 2.65293699e-02 9.01935935e-01 -1.80186355e+00 -9.69860330e-02 1.53510123e-02 -1.51792562e+00 9.98374191e-04 7.07195997e-02 -1.14551967e-03 4.43557452e-04 1.41738923e-02 -4.53484729e-02 -1.13491109e-02 3.04748118e-01 -3.22245583e-02 -2.86905840e-02 9.16024111e-03 7.64494836e-01 -4.18406129e-01 3.80730242e-01 -6.25064597e-03 -1.49140850e-01 -4.23050448e-02 -5.76264632e-04 3.42426375e-02 7.19773234e-04 8.77212326e-04 -1.27816603e-01 -1.32487230e-02 1.49492338e-01 -4.12583351e-02 2.50724614e-01 7.75089907e-03 -1.17398866e-01 -1.29922375e-03 1.38231859e-01 -6.72438834e-03 9.66579246e-04 -1.13225587e-01 -6.54358089e-01 -5.33747897e-02 -1.78124458e-02 -9.60959587e-04 5.24438638e-03 -1.12769365e+00 -4.67274571e-04 3.06215929e-03 -3.19783270e-01 -7.70080611e-02 9.51642357e-03 -3.73006202e-02 7.96950422e-04 8.15819204e-01 -1.12356134e-02

layers.4.bias:
-1.08032131e+00

