layers.0.weight:
3.31696361e-01 -5.67613244e-01 7.97264636e-01
5.69172144e-01 -8.09445798e-01 -5.80563486e-01
-8.31293464e-02 -6.13938749e-01 -5.77727258e-01
-1.07055378e+00 1.15616508e-01 4.58123112e+00
2.67282110e-02 4.11940843e-01 1.16166264e-01
-5.79876065e-01 8.58121514e-01 -1.84879377e-01
-1.31842160e+00 4.86020595e-01 -9.88645032e-02
-6.01682402e-02 7.88846374e-01 -9.23566997e-01
6.03414774e-01 -9.26082134e-01 5.12713566e-02
-1.11527514e+00 5.86289167e-02 -1.64189592e-01
7.53551662e-01 -9.85680073e-02 1.41279221e+00
-7.16238439e-01 -1.31785080e-01 -1.29353356e+00
-4.30584475e-02 7.12955832e-01 -1.57757306e+00
-1.16726887e+00 2.10410804e-02 5.00053525e-01
-6.46977663e-01 1.09646142e+00 7.52028525e-01
-1.81771189e-01 9.48456824e-01 1.64468549e-02
5.46070874e-01 -6.33792400e-01 -1.45019031e+00
-1.15504665e-02 1.12846863e+00 1.84981868e-01
8.07071701e-02 -9.54183042e-01 5.35116851e-01
3.41117471e-01 -1.28724232e-01 -8.64976227e-01
2.23475501e-01 1.65966094e-01 -5.10879010e-02
-3.24195027e-01 -2.56797969e-01 -1.00232065e+00
-4.64660525e-01 1.65601885e+00 -4.46076952e-02
-1.56447518e+00 4.06930357e-01 1.75152493e+00
1.05132234e+00 3.79940838e-01 -7.78481364e-01
2.59609371e-01 6.71772659e-01 -1.17486012e+00
-1.16151750e-01 -2.13369340e-01 1.90187418e+00
-3.97779703e-01 -2.44972542e-01 1.92939892e-01
3.22416067e-01 7.57217348e-01 -1.46468067e+00
-1.04933763e-02 4.65525806e-01 1.70563948e+00
-2.89658904e+00 2.84448242e+00 -1.78299040e-01
-1.26738083e+00 -5.19488692e-01 1.02004325e+00

layers.0.bias:
8.77201200e-01
4.81547834e-03
-1.42384720e+00
-6.34384930e-01
7.07518518e-01
-2.04255387e-01
-3.54310095e-01
2.86240637e-01
-7.45998621e-01
-1.59115899e+00
1.64644122e-01
1.80825554e-02
2.46107668e-01
-1.21306002e+00
-2.90836543e-01
1.43946290e+00
9.34610724e-01
1.82654703e+00
-6.68276668e-01
5.78918040e-01
-1.44309163e-01
-1.35729384e+00
1.02535832e+00
-7.05530941e-02
1.36946186e-01
5.60703695e-01
8.80503118e-01
-1.57881156e-01
-4.88352716e-01
7.31267482e-02
8.91685039e-02
-6.70209900e-02

layers.2.weight:
-2.26369038e-01 2.78902292e-01 1.27231896e-01 -5.49384952e-01 -9.41205397e-02 -1.38908952e-01 1.97989672e-01 -4.67294790e-02 -1.81333944e-01 2.60305762e+00 1.61601678e-02 1.46259367e-01 -1.64499372e-01 2.33643246e+00 -2.62042314e-01 5.50887525e-01 -1.40608223e-02 7.18214393e-01 2.03398541e-01 -2.00380847e-01 1.39804453e-01 -1.36796944e-02 -6.33773685e-01 5.23221314e-01 -2.09059075e-01 6.63943827e-01 -8.50891829e-01 -3.83877121e-02 -2.26718873e-01 -2.83008069e-01 -4.46933717e-01 3.84585321e-01
-1.00989290e-01 1.65323019e-01 -8.19485843e-01 1.91604327e-02 -4.26292598e-01 1.59858003e-01 -7.27913976e-01 -4.69124943e-01 5.71839452e-01 6.95046961e-01 3.16997200e-01 -2.43671149e-01 2.76186764e-01 -4.23689224e-02 -3.03387046e-01 1.57635912e-01 -3.24017525e-01 3.14824075e-01 -4.34875906e-01 -3.53228450e-02 6.75698698e-01 -9.76868495e-02 -4.10855055e-01 -6.27381951e-02 2.84424480e-02 -4.37421538e-02 -3.58596563e-01 -5.90436816e-01 9.79020521e-02 -2.51843929e-01 -2.24312674e-03 1.63149759e-01
5.92306852e-02 9.50378180e-02 -1.06119975e-01 -6.46523058e-01 -5.31431019e-01 -1.20651267e-01 -5.91289997e-01 2.22774550e-01 5.70620894e-01 6.14795268e-01 -4.39402789e-01 -1.97672412e-01 5.64264134e-02 -8.98328796e-02 -1.84966311e-01 -8.96338046e-01 4.64839600e-02 -4.87815201e-01 5.22963889e-03 5.83726883e-01 -5.25922239e-01 -3.69448721e-01 2.97448546e-01 -1.36629963e+00 -7.60116220e-01 3.21273506e-01 -1.06495404e+00 -4.50645760e-02 3.22390676e-01 -2.73588449e-01 -1.18508916e-02 3.82220685e-01
2.23899081e-01 -1.17310569e-01 8.72435793e-02 1.32305729e+00 5.76653481e-01 4.08894062e-01 6.83361769e-01 -2.14872032e-01 -1.83165684e-01 -1.97258387e-02 1.37246817e-01 -4.01365124e-02 -5.52519083e-01 1.83960617e-01 6.54378235e-01 1.06438279e+00 -3.71954530e-01 8.56103480e-01 2.83416539e-01 -1.04841554e+00 -6.54616475e-01 -1.28107369e-01 3.97807091e-01 1.48552620e+00 -1.50479645e-01 -5.16663313e-01 4.74839211e-01 1.08332552e-01 -6.42949164e-01 -1.72637671e-01 6.53426046e-04 2.05843598e-01
1.76482536e-02 -3.04132313e-01 3.24998707e-01 -5.01006067e-01 7.88463950e-02 -2.40280882e-01 -1.28555477e+00 2.33498916e-01 8.45753402e-02 -4.50282395e-01 3.90861899e-01 -7.52996266e-01 8.61554921e-01 -1.06913769e+00 -7.66892061e-02 -8.14474702e-01 -2.50995159e-01 -8.16698074e-01 -2.02136159e-01 -4.01551723e-02 9.81712520e-01 -4.94996846e-01 2.62540162e-01 -3.86691839e-01 -7.30669916e-01 7.05304086e-01 4.19942699e-02 -7.48221159e-01 -1.68165147e-01 5.70520878e-01 -1.56443670e-01 -1.30556859e-02
-4.06132072e-01 3.14844131e-01 2.48126298e-01 2.08122715e-01 -5.96700072e-01 -2.86723167e-01 -6.65003657e-01 2.91481674e-01 3.29427063e-01 -2.87182927e-01 6.86414599e-01 1.91423044e-01 -1.16128132e-01 -4.34796602e-01 -4.16936964e-01 -8.82733643e-01 -3.07050258e-01 -1.02487731e+00 5.92886627e-01 -2.15946034e-01 -5.63474476e-01 -8.19416270e-02 -5.60337007e-01 -2.06716254e-01 9.99182984e-02 6.58463016e-02 1.91683948e-01 1.00846744e+00 -1.51862770e-01 -3.91253442e-01 -9.25219953e-01 2.77378500e-01
3.19411941e-02 -1.03711395e-03 -2.19223917e-01 -6.99587725e-03 -1.36546478e-01 1.69165283e-01 -5.79257719e-02 -4.29381460e-01 -1.17616370e-01 2.48511538e-01 2.96849221e-01 7.46434554e-02 2.85547048e-01 1.33880880e-03 -1.06929876e-02 -2.80711681e-01 1.63149312e-02 1.25529304e-01 -7.53306085e-04 -3.09499383e-01 -3.89578491e-01 9.10869315e-02 6.83455765e-02 1.17477886e-02 1.67055503e-01 2.62612849e-01 -3.57815683e-01 -4.37887877e-01 -1.52121171e-01 7.47562125e-02 -1.33634508e-02 1.39578581e-01
2.41590410e-01 1.06189601e-01 -4.22463953e-01 3.71243060e-01 3.08665812e-01 -6.14281118e-01 1.00299276e-01 4.98210996e-01 1.10995129e-01 -2.77639806e-01 -1.13937303e-01 9.43529367e-01 3.01121593e-01 -5.36341310e-01 -1.72082603e-01 1.62922278e-01 5.15945852e-01 1.78062573e-01 2.10226297e-01 4.87061054e-01 -1.41834044e+00 -9.14645731e-01 1.41919076e-01 3.16753775e-01 2.44558036e-01 7.37728119e-01 6.16486192e-01 4.88862306e-01 -5.59305012e-01 5.09500980e-01 2.42380515e-01 -3.03357095e-01
-2.32167952e-02 1.89894274e-01 -5.27283490e-01 -2.39083126e-01 1.26369929e+00 -3.30590874e-01 -6.86891198e-01 -3.12087595e-01 -6.31580234e-01 3.13074708e-01 4.85938072e-01 1.67079031e-01 6.75522864e-01 -2.19781131e-01 1.68570220e-01 1.75687218e+00 2.38659263e-01 1.32744110e+00 -6.37347460e-01 -2.08051786e-01 2.79121190e-01 -2.69998223e-01 1.64543122e-01 3.62869352e-01 1.20595537e-01 3.83230716e-01 6.00028858e-02 -1.02378748e-01 2.59384681e-02 1.86059937e-01 2.21604657e+00 -3.84366572e-01
-5.96915424e-01 8.37648734e-02 -1.21031031e-01 -5.01780808e-01 4.16881770e-01 -4.26046690e-03 -2.17494387e-02 3.51232648e-01 4.05267209e-01 -1.73335418e-01 2.86966749e-02 2.34499156e-01 1.62167743e-01 2.34777644e-01 -3.60553563e-01 -6.30738497e-01 2.78779566e-01 -4.27058816e-01 -3.90466362e-01 -6.60726652e-02 -6.81060970e-01 -2.53096849e-01 8.22551772e-02 -6.71860874e-02 -2.39529446e-01 -1.17451504e-01 -1.53186038e-01 2.72970855e-01 2.43767694e-01 1.83022276e-01 1.26994118e-01 2.41024550e-02
1.24832764e-01 -2.98062682e-01 -1.15681507e-01 -3.84351879e-01 -3.48784536e-01 -3.21263194e-01 -3.51237655e-01 1.87265128e-01 4.23018605e-01 1.91266432e-01 -5.51812053e-01 -9.22582969e-02 8.80063057e-01 -3.64542216e-01 -2.23018304e-01 -2.38757655e-01 -6.14307106e-01 -6.77101851e-01 -1.10760808e-01 -1.44630978e-02 1.03326023e+00 -2.43432239e-01 -8.03059816e-01 1.52176484e-01 -3.81133966e-02 -3.17002796e-02 -4.56616044e-01 -5.61377943e-01 3.65740329e-01 -4.19819504e-01 -1.28005058e-01 3.06980819e-01
-1.23145424e-01 5.46546690e-02 1.83411121e+00 -1.00709367e+00 -9.60273743e-01 1.01331130e-01 6.53256550e-02 -3.18095058e-01 3.96561503e-01 1.93569648e+00 -1.00261599e-01 3.40671209e-03 4.18949366e-01 3.09740520e+00 -2.99528167e-02 -9.21809018e-01 4.41344231e-01 -2.70096111e+00 6.08071268e-01 -1.86322749e-01 2.41050899e-01 7.33689129e-01 -3.26274514e-01 7.15959013e-01 -7.32479021e-02 -4.40216959e-01 1.65230513e-01 -1.15649857e-01 1.40652850e-01 -9.77489874e-02 -4.89035249e-02 -3.24056715e-01
-6.62066877e-01 -2.45501250e-01 9.22778368e-01 4.15657789e-01 -5.72692454e-01 6.36520386e-01 -2.99696494e-02 -9.03672218e-01 3.64765644e-01 3.85327071e-01 2.00171143e-01 1.44329950e-01 -5.06914794e-01 -1.85715884e-01 5.24051428e-01 -4.00191975e+00 -2.02879921e-01 -5.87219763e+00 5.35803556e-01 -1.06613421e+00 -6.52243137e-01 4.60281014e-01 6.77487075e-01 -3.22775319e-02 -2.17271954e-01 -2.33137548e-01 -3.54921162e-01 6.23571813e-01 -5.89983046e-01 -3.16759765e-01 -1.30922270e+00 -3.23050916e-01
2.07038671e-02 -1.24936469e-01 -6.19521499e-01 -6.20759428e-02 -2.23252192e-01 -3.59627567e-02 2.44273335e-01 3.36089313e-01 4.61304635e-01 -1.81055829e-01 5.28567314e-01 -1.76286384e-01 3.29505593e-01 -7.92650104e-01 -3.72884572e-01 -1.60284698e-01 -2.40841672e-01 1.19518839e-01 -9.79839042e-02 1.13066345e-01 -2.76036542e-02 -1.41614646e-01 1.70109551e-02 -2.12062389e-01 -1.29587278e-01 7.55718946e-01 -4.68785455e-03 5.57880998e-02 -1.80016667e-01 2.60108799e-01 1.86717838e-01 3.57907534e-01
-8.78096938e-01 2.54105389e-01 3.20967077e-03 3.58055830e-01 -3.03176075e-01 5.86463869e-01 -4.10357535e-01 -1.43807858e-01 4.79455978e-01 -1.98562473e-01 -7.43321598e-01 2.22227424e-01 1.34894326e-01 -3.20818961e-01 -3.16511393e-01 -7.52494395e-01 2.13173270e-01 -7.84361184e-01 -3.23626399e-01 3.01192850e-01 1.34675097e+00 9.64556277e-01 -9.27211791e-02 1.85967237e-01 -3.78696978e-01 8.25679004e-02 -5.71679473e-01 7.43440241e-02 7.31355369e-01 -2.29906723e-01 -1.52378932e-01 1.42688051e-01
-4.76982981e-01 1.80689842e-02 1.06643677e-01 4.61979806e-02 -2.12963432e-01 1.66456774e-01 -8.10829282e-01 -2.28383485e-02 -5.37356874e-03 5.31394911e+00 4.71423000e-01 5.25925636e-01 3.05919468e-01 2.60755873e+00 -8.89864713e-02 5.67959026e-02 -3.33705127e-01 -1.03849620e-01 2.89734323e-02 -1.10377520e-01 -8.14479351e-01 4.89536494e-01 9.41640437e-02 2.00664416e-01 -5.11001348e-01 -3.47603500e-01 -7.20692992e-01 4.53371167e-01 -1.13902509e-01 -7.50426769e-01 2.52266586e-01 -1.31704062e-01
-3.23861390e-02 1.46064922e-01 -6.19122759e-02 3.55046988e-02 7.79535482e-03 7.08912034e-03 4.47459752e-03 -5.66160828e-02 1.16925547e-02 -1.93150878e-01 6.23069704e-02 3.93880792e-02 4.50937413e-02 9.08701792e-02 1.16153561e-01 5.56700379e-02 4.51351255e-02 8.47002957e-03 -1.70865245e-02 1.06501251e-01 2.55080760e-01 1.28342792e-01 -8.31551850e-03 3.37454155e-02 6.51958808e-02 1.33230994e-02 5.70226870e-02 2.86491960e-01 1.10815652e-02 -4.12161375e-04 8.11609032e-04 1.81578360e-02
1.78787708e-01 -1.24298304e-01 -5.62343657e-01 3.70649621e-02 1.05051912e-01 -1.99563473e-01 -2.36239031e-01 -2.96581030e-01 2.98402041e-01 -6.87706351e-01 6.45756423e-02 -2.06741262e-02 2.14544818e-01 4.87281866e-02 -7.23293796e-02 1.42555088e-01 -3.05431724e-01 4.55601096e-01 -1.64816484e-01 9.24177051e-01 3.11371863e-01 1.08395591e-01 -4.60059494e-01 -1.33733496e-01 -1.25640556e-01 -4.22851533e-01 8.31970274e-01 -5.51765084e-01 2.61175513e-01 3.01028460e-01 -4.36911024e-02 2.03405187e-01
-2.80046672e-01 -9.10500735e-02 -2.55424559e-01 -2.29688272e-01 2.80911952e-01 1.91336982e-02 2.60033846e-01 1.36444390e-01 3.81925583e-01 -3.65488142e-01 -1.94158599e-01 -8.66372764e-01 4.95563447e-01 -7.89491460e-02 -1.83946759e-01 1.16495781e-01 -1.54192910e-01 1.86483592e-01 1.53382987e-01 -9.98041853e-02 -6.83256537e-02 -1.54968962e-01 4.39159721e-01 -2.84708470e-01 1.72715306e-01 2.05443829e-01 -1.98672161e-01 4.27051008e-01 5.01943044e-02 3.23592693e-01 5.01370311e-01 1.79400355e-01
5.78271933e-02 1.80285394e-01 1.49431080e-03 7.13408142e-02 -8.09067115e-02 9.71151963e-02 -3.19955833e-02 -8.58180672e-02 4.13281880e-02 6.81932569e-02 6.19586967e-02 1.19455636e-01 -7.04764426e-02 -8.45311731e-02 1.20171160e-01 4.76458967e-01 5.87592646e-02 -3.09333801e-01 4.53429222e-02 -1.03496656e-01 -1.23197243e-01 -1.18837088e-01 3.70453135e-03 -1.81360804e-02 4.07077558e-02 1.17787823e-01 6.95167342e-03 2.63777860e-02 1.09962478e-01 1.52649302e-02 -5.55424066e-03 3.53083871e-02
5.59592724e-01 -1.47119865e-01 6.73168361e-01 5.11929750e-01 -2.60361671e-01 -2.73413152e-01 -6.90632641e-01 -1.15989625e-01 -2.93956339e-01 -8.93977761e-01 -1.15127340e-01 9.82798100e-01 5.10177076e-01 -4.82286990e-01 7.32758045e-01 5.86087763e-01 -7.30607957e-02 -1.96840376e-01 4.84005511e-01 4.73344296e-01 -4.89665568e-01 1.04380123e-01 5.12824118e-01 1.70649931e-01 9.90758538e-02 -3.51173192e-01 7.67591149e-02 3.43250930e-01 -9.86878872e-02 -9.70228538e-02 3.67545150e-02 4.13488299e-01
2.34724402e-01 -1.14305727e-01 6.33918718e-02 1.56048104e-01 2.46357024e-02 1.54254928e-01 9.04514074e-01 6.07084595e-02 4.86128926e-01 2.63072163e-01 3.35430652e-01 3.55816305e-01 -4.04900938e-01 -5.67967594e-01 1.21878371e-01 -1.00996637e+00 -3.77154686e-02 -7.55368292e-01 -6.04819767e-02 -4.35554266e-01 -4.99973238e-01 7.26196030e-03 2.38444328e-01 -6.59351721e-02 1.23856999e-01 -4.34315294e-01 -7.00697064e-01 4.14843500e-01 -1.08691037e-01 -1.82462990e-01 2.62377799e-01 -1.08083561e-01
5.08272052e-02 -2.84687430e-02 -2.62283623e-01 4.11791444e-01 -8.83474667e-03 3.78205389e-01 3.71182024e-01 -2.67761230e-01 -3.23741138e-01 3.59519303e-01 2.17699297e-02 8.14675689e-02 4.32035625e-01 5.34858227e-01 -1.48289293e-01 -5.78664064e-01 5.36591291e-01 -2.22034156e-01 4.06143554e-02 -2.53237635e-01 -3.53935450e-01 4.88156863e-02 -3.76020014e-01 1.89370781e-01 -3.65023613e-01 -1.17767923e-01 -5.13903387e-02 -4.55252081e-01 4.45976928e-02 -1.11705646e-01 -1.55535676e-02 -2.78943241e-01
7.09758162e-01 -8.69493708e-02 -2.27066904e-01 1.93612322e-01 8.16119388e-02 -4.28220659e-01 -1.07736014e-01 3.10676366e-01 3.29165429e-01 -2.67718053e+00 1.43563613e-01 1.22483127e-01 3.54980409e-01 -1.66690767e+00 1.87988132e-01 2.94031382e-01 8.52309689e-02 2.25762710e-01 -2.35953704e-01 -4.47998978e-02 5.59882939e-01 -2.19781995e-01 -2.54158407e-01 -4.39517796e-02 -2.94539183e-01 -2.12732762e-01 -3.36553119e-02 -2.32231244e-01 2.81636804e-01 1.36861861e-01 -3.34974140e-01 -2.46391386e-01
-8.02944541e-01 1.98771194e-01 5.78725263e-02 8.17543864e-02 -1.28489628e-01 -3.95615757e-01 9.13029134e-01 -5.39949872e-02 -9.25681591e-01 6.63610101e-01 -7.86263943e-01 8.75474513e-02 2.06539735e-01 2.18259208e-02 -7.50251234e-01 3.74313593e-01 6.44491911e-01 4.10589218e-01 2.03758717e-01 5.77987172e-02 -2.77756214e-01 4.59758431e-01 4.92739022e-01 9.15203035e-01 -3.02464992e-01 5.61491311e-01 -6.60504580e-01 -6.98783323e-02 9.19214070e-01 -4.94111925e-01 6.02831133e-02 -1.34435996e-01
-5.08601487e-01 6.50328159e-01 -7.82022625e-02 -1.05413333e-01 5.67337871e-01 1.25776753e-01 -3.09129991e-02 4.81193602e-01 -2.66074538e-01 4.60738093e-01 1.02983132e-01 -1.91709548e-01 1.82660699e-01 1.77886039e-01 -5.81812561e-01 -3.11047137e-01 -6.88488707e-02 -1.03091948e-01 4.27725703e-01 -3.64319742e-01 -3.05022579e-02 -3.12568545e-01 -2.47505326e-02 -5.83464026e-01 1.08273603e-01 -2.36664653e-01 -5.28501332e-01 -5.01161695e-01 1.34543180e-01 -3.31330270e-01 -2.48417586e-01 -2.52538472e-01
-1.46427318e-01 2.17002705e-01 4.60263669e-01 3.58632952e-01 -2.56047159e-01 -2.80501723e-01 -1.02386132e-01 -6.45210908e-04 2.78102189e-01 -4.36180741e-01 -5.82715750e-01 -6.78249002e-02 -2.67272443e-01 -2.90876418e-01 7.76702315e-02 6.42549932e-01 -9.90986675e-02 2.32234359e-01 2.76176542e-01 1.99734434e-01 8.40023383e-02 -7.42279708e-01 1.91970363e-01 1.39943257e-01 2.45539352e-01 1.67736232e-01 1.15546538e-02 -5.68973064e-01 -2.61732787e-01 -1.18046857e-01 9.27180722e-02 -2.24402517e-01
-7.96892583e-01 4.85313326e-01 -5.76431334e-01 -1.02640116e+00 -2.88964599e-01 -2.33680531e-01 -2.50348777e-01 3.92875135e-01 6.53657690e-02 5.14939904e-01 -6.19673617e-02 1.98236287e-01 1.93151206e-01 2.98788816e-01 -3.31203490e-02 1.04744947e+00 7.09855437e-01 1.09787166e+00 -5.96091509e-01 9.19883102e-02 5.02476990e-01 -7.32833087e-01 -6.64184630e-01 3.98618400e-01 -3.05332422e-01 -4.38864708e-01 2.65827715e-01 3.59133601e-01 4.81870085e-01 -8.30989242e-01 2.01730371e-01 -9.19593424e-02
1.45778924e-01 -5.54352880e-01 -8.45037699e-02 -1.09341085e-01 -5.33262193e-01 5.26833892e-01 1.12407587e-01 -4.67690438e-01 4.92749870e-01 9.14508820e-01 -2.29999706e-01 1.21782288e-01 5.46206415e-01 4.27205205e-01 3.02347038e-02 -9.92797852e-01 -4.55015391e-01 -9.96535242e-01 3.10979616e-02 2.09109530e-01 2.17310086e-01 3.42727572e-01 1.72121808e-01 1.70882627e-01 2.65540540e-01 9.77718383e-02 -4.04864639e-01 -2.20111623e-01 -2.82193989e-01 -3.32899362e-01 4.43802923e-01 3.05080891e-01
-1.47326812e-01 -1.05951631e+00 4.53361362e-01 1.49710262e+00 5.69516681e-02 1.86318919e-01 -5.15000075e-02 -1.71639115e-01 -3.07128072e-01 3.14914852e-01 1.00200808e+00 -9.11017656e-01 -1.01485562e+00 -3.16183805e-01 2.86601990e-01 -4.47009457e-03 -1.28719819e+00 4.88885224e-01 5.29440939e-01 -7.16609001e-01 9.76992726e-01 2.80370027e-01 1.13843873e-01 7.09553957e-02 2.02146475e-03 -4.14771616e-01 1.16633318e-01 6.26595924e-03 -7.91319311e-01 1.17498159e+00 -5.33307791e-01 -1.23189740e-01
-7.64306784e-01 -1.69060379e-01 2.28108287e-01 1.22327022e-01 1.54810697e-01 2.33025253e-01 2.63177812e-01 9.61787999e-02 -4.26963359e-01 -2.22191796e-01 -9.62318718e-01 2.55905390e-01 4.79286641e-01 8.06819797e-02 1.68093577e-01 -3.44069744e-03 3.72651249e-01 9.99954417e-02 -3.38993728e-01 -3.35248530e-01 -7.05512404e-01 1.85649857e-01 1.38934338e-02 -7.14016736e-01 2.16670483e-01 5.97548842e-01 -1.27518058e-01 1.80698186e-02 -3.92140925e-01 -2.33604342e-01 -1.75425410e-01 -4.25915010e-02
-2.94583380e-01 -3.17152202e-01 -1.17650680e-01 -1.80634394e-01 -2.66616791e-01 -5.27289808e-02 2.24058405e-01 2.90564150e-01 -6.06004536e-01 1.42998159e+00 -1.81305438e-01 -6.61493838e-02 -4.73652452e-01 4.97362584e-01 -1.51696309e-01 -1.03081176e-02 5.15714288e-02 8.94668549e-02 -3.41060832e-02 -1.59064934e-01 2.19718397e-01 1.76508084e-01 3.20785135e-01 8.21983814e-03 4.40444127e-02 -3.30837145e-02 -2.18430161e-01 1.93599731e-01 2.72291690e-01 2.81188577e-01 1.56573251e-01 1.10224605e-01
-6.91778585e-02 -3.15977663e-01 -1.41009260e-02 -1.11965500e-01 -3.32034141e-01 4.47441220e-01 -2.93039292e-01 -4.18126345e-01 1.43416196e-01 -4.16076541e-01 1.50798028e-02 4.39627737e-01 2.13185936e-01 3.67319882e-01 2.67009318e-01 -5.45457602e-01 -4.23291117e-01 -1.22183847e+00 -5.04080802e-02 -3.09134781e-01 -1.34224266e-01 8.69760513e-01 3.95971447e-01 6.19341969e-01 -4.69699830e-01 1.49634987e-01 1.19026229e-01 -2.19568878e-01 -3.68314594e-01 -2.74212092e-01 -7.69424066e-02 -8.40842202e-02
4.29036804e-02 -4.33247536e-02 1.35918379e-01 -8.94667432e-02 2.32313007e-01 -1.05147548e-01 6.84275776e-02 -3.34936678e-01 -1.78824350e-01 3.62406135e-01 1.51846498e-01 1.78485140e-01 7.80210048e-02 -2.88156927e-01 -7.48978630e-02 -3.17844063e-01 6.29335120e-02 1.52119294e-01 -1.58178315e-01 -5.37970245e-01 1.35516405e-01 -1.64464578e-01 -1.18084446e-01 -4.99782823e-02 -2.28714403e-02 2.13050291e-01 -6.01403639e-02 1.68387219e-02 1.13074616e-01 7.19291568e-02 -7.02118408e-03 1.26141300e-02
2.24426776e-01 -7.77220786e-01 -3.16571563e-01 7.59168267e-01 2.56964583e-02 -5.55734575e-01 4.22677130e-01 -1.86279923e-01 -5.69797456e-01 2.73367429e+00 -5.76681077e-01 9.97827053e-01 6.51825964e-01 8.10706019e-01 9.46905613e-01 5.60244977e-01 -2.69671008e-02 5.27000189e-01 6.62332952e-01 3.76146466e-01 1.73059255e-01 1.36649534e-01 -1.80710003e-01 1.04938042e+00 -9.29087996e-02 1.32197171e-01 -3.06509167e-01 3.45488966e-01 -4.36671823e-03 3.38192731e-02 5.68547547e-01 6.67619929e-02
-1.22373044e-01 1.80121407e-01 1.29652932e-01 7.49576017e-02 2.84706522e-02 -4.43327278e-02 -1.50032649e-02 1.14318967e-01 1.78926857e-03 -3.96304093e-02 1.61373824e-01 7.69929215e-02 8.91288370e-02 -2.53420062e-02 1.68449014e-01 2.14922681e-01 3.82210165e-02 -1.42489076e-01 -2.63712108e-02 8.65993872e-02 -1.66119069e-01 -4.20967452e-02 -2.58002430e-02 1.50585910e-02 -4.66783464e-01 -2.33079344e-01 4.76127677e-02 -1.10066913e-01 -6.19778633e-02 -5.54842018e-02 1.19065801e-02 -4.57864851e-01
-8.61328468e-03 -8.66796449e-02 -6.02926761e-02 2.34245043e-02 -2.12181255e-01 2.86034904e-02 -3.39463241e-02 1.71474263e-01 5.77697530e-02 -5.38933501e-02 -1.56397540e-02 -1.94877461e-02 -6.25336096e-02 1.91407893e-02 -5.61630391e-02 2.27130279e-01 -1.18636355e-01 -1.29174620e-01 7.93858897e-03 3.27785403e-01 -2.42556602e-01 -1.07240357e-01 3.71137261e-03 -2.56974390e-03 9.82579775e-03 -8.83631334e-02 -6.48876950e-02 -6.42225742e-02 -5.95994517e-02 5.18087000e-02 1.12650963e-02 -3.08197946e-03
7.50664532e-01 -2.91859776e-01 2.89391100e-01 3.47853273e-01 -2.97041744e-01 5.58365434e-02 -4.58524942e-01 6.06833324e-02 5.74790120e-01 1.15419440e-01 -1.82541460e-01 3.95704769e-02 5.54724894e-02 2.58399218e-01 7.61985660e-01 -4.17615563e-01 -4.70402390e-01 -5.75044692e-01 2.36834824e-01 -2.82451957e-01 -7.29578555e-01 2.26720974e-01 -9.38507989e-02 2.16546834e-01 7.44447708e-01 -2.69466639e-02 2.29746714e-01 -1.31180465e-01 -4.92122114e-01 2.34760046e-01 1.32191882e-01 1.60398260e-01
6.69993907e-02 -4.45074677e-01 -2.53666461e-01 3.85402977e-01 2.06782743e-01 -5.46079457e-01 1.50183424e-01 4.99317609e-02 1.73280597e-01 -2.09408939e-01 -2.68401265e-01 4.79627192e-01 3.79079372e-01 -2.45165437e-01 2.85457760e-01 -5.04850268e-01 -3.49736661e-01 -7.82528937e-01 3.20404232e-01 -4.08543259e-01 -2.56548136e-01 -2.44452711e-02 4.04583752e-01 6.81180000e-01 -1.54984027e-01 -2.93724895e-01 4.16635633e-01 -2.85744877e-03 -5.77427894e-02 -4.42766786e-01 1.58792585e-01 2.31923804e-01
4.75340988e-03 -5.17847575e-02 7.16730416e-01 9.51623246e-02 -1.02798223e+00 -2.73491651e-01 9.51486751e-02 -1.04583330e-01 7.45275259e-01 6.41575575e-01 -1.18512191e-01 -4.05335099e-01 2.45684013e-02 6.95106328e-01 3.62531431e-02 -2.41709805e+00 -3.04547727e-01 -2.60622954e+00 1.04593217e-01 2.64679044e-02 -6.68062210e-01 6.22714520e-01 2.46535644e-01 1.03475980e-01 3.61854196e-01 1.46232948e-01 3.22143942e-01 -1.10202925e-02 -7.93770477e-02 -7.81966209e-01 -4.22000080e-01 5.43693043e-02
-1.93002731e-01 -2.51840204e-01 -2.47461557e-01 -2.75326103e-01 -2.93609858e-01 5.58214664e-01 1.63266823e-01 -1.09089240e-01 -1.14913754e-01 3.82617861e-01 -1.94280028e-01 1.57163888e-01 5.07067889e-02 -2.53135562e-01 -1.23406619e-01 -5.31548262e-01 3.04610550e-01 -6.65327966e-01 -2.83054680e-01 2.07924973e-02 -3.34644347e-01 3.93905252e-01 -1.45516276e-01 3.37425977e-01 3.67437989e-01 -5.29522896e-01 4.88112211e-01 7.54470602e-02 6.39401749e-02 1.37745157e-01 -6.27746582e-02 3.98021936e-02
3.83050263e-01 6.57432258e-01 6.66953206e-01 -3.99459779e-01 2.38092691e-01 2.04602093e-01 1.88651547e-01 -9.78008732e-02 -8.96238208e-01 1.00800312e+00 -2.74959803e-01 -2.57298052e-01 -4.40294981e-01 1.11635900e+00 1.91630870e-01 1.77495152e-01 1.16006564e-02 -8.40114117e-01 2.36991644e-01 -2.89586604e-01 1.02795206e-01 6.90723717e-01 -7.70801604e-02 -3.99951905e-01 6.60695732e-01 -7.66174912e-01 4.92872536e-01 -1.27810955e-01 -2.68211752e-01 -5.95844328e-01 -4.34333533e-02 -4.73179102e-01
-3.88650745e-02 -3.99305373e-01 2.12688729e-01 -2.06175923e-01 -1.73014790e-01 1.48540750e-01 1.23739436e-01 -2.43961215e-01 -5.80468774e-01 -3.30716103e-01 -1.36735767e-01 2.66922191e-02 -6.49262816e-02 4.54634488e-01 5.50327301e-01 3.80343258e-01 2.68046260e-01 -3.83471668e-01 -8.40276480e-03 1.74355209e-01 -2.42837965e-01 3.40609163e-01 -2.96010941e-01 1.33873448e-01 -4.80971113e-02 -2.24944830e-01 3.75042319e-01 7.19364941e-01 -3.79954845e-01 -4.86828387e-01 2.98081487e-01 3.24610949e-01
-1.16659617e+00 1.56863973e-01 6.60137236e-02 -1.22402692e+00 -1.36307433e-01 -1.66303471e-01 2.18685940e-01 4.46478188e-01 1.74135119e-01 3.27940911e-01 -9.05444741e-01 6.60824239e-01 9.99684989e-01 3.91846061e-01 -7.38918602e-01 1.53945148e-01 5.70489466e-01 -4.84340906e-01 -1.98232427e-01 9.61921334e-01 -6.63263977e-01 -3.87392163e-01 -4.44499791e-01 -3.41208689e-02 5.14073968e-01 8.99759233e-01 9.44876432e-01 7.31900811e-01 4.16965693e-01 -9.48707044e-01 7.62729049e-02 3.18783939e-01
-9.02893469e-02 9.94691178e-02 3.02897990e-01 -4.42840904e-02 3.29365104e-01 -1.02937579e-01 2.76426901e-03 3.40447910e-02 -4.64821048e-02 2.01196745e-01 2.88609024e-02 1.83150694e-02 -1.29940584e-02 -1.14966847e-01 7.74682909e-02 -1.66676387e-01 8.81076306e-02 6.06311858e-02 6.42423797e-03 -4.20966655e-01 1.32228509e-01 -1.08214319e-01 1.64290592e-02 -2.55336403e-03 1.45614251e-01 -1.58503260e-02 7.71923587e-02 1.45489991e-01 4.23718281e-02 -8.54789317e-02 1.06133893e-03 5.31758182e-02
-1.03053302e-01 2.47290060e-01 3.34514529e-01 -1.37783095e-01 1.71799257e-01 9.43586901e-02 6.78567469e-01 3.03517908e-01 1.10935852e-01 -1.18093657e+00 -3.64186168e-01 5.52132070e-01 6.74359143e-01 -2.78773159e-01 -4.76906240e-01 1.00526564e-01 4.72462863e-01 -2.43701994e-01 -1.87972039e-02 -5.68641603e-01 9.86433566e-01 -2.62984514e-01 8.03005230e-03 -1.27114046e+00 -1.27090871e-01 5.33156395e-01 -1.01131141e+00 -8.48010302e-01 2.84578800e-01 -1.31141543e-01 -3.74061577e-02 -2.31380180e-01
5.85490644e-01 -3.19443524e-01 -3.05032641e-01 4.46662366e-01 -2.19106451e-02 -3.83315347e-02 -8.81117880e-02 -1.36976764e-01 4.78240371e-01 -9.47991759e-02 -1.20250575e-01 -5.07579669e-02 7.54001558e-01 -3.35804433e-01 3.64391178e-01 -2.94179678e-01 -3.47709060e-02 -4.47048992e-01 1.73128828e-01 -8.11316818e-02 -3.35340828e-01 1.17503047e-01 1.74076304e-01 1.64233208e-01 2.44503235e-03 -2.14615747e-01 8.01286161e-01 4.84543473e-01 -3.52644295e-01 3.43334228e-01 2.22245559e-01 2.62522638e-01
-2.38737941e-01 3.14549446e-01 -1.70444712e-01 -5.30911088e-02 -5.67177832e-01 -2.08003387e-01 7.18872771e-02 4.67873603e-01 -7.87133723e-02 -5.64999342e-01 -1.91239715e-01 -6.95628906e-03 -3.35643649e-01 1.73639104e-01 2.73661137e-01 -1.32722437e-01 -1.07355036e-01 2.43619829e-01 1.14205601e-02 3.61288249e-01 -2.34769076e-01 -4.88030352e-02 -2.40680818e-02 -2.65076216e-02 -1.10966526e-01 -1.00232422e-01 2.63844758e-01 -2.74245083e-01 1.15047522e-01 4.29446809e-04 8.68424494e-03 1.62058324e-01
6.38674498e-02 -5.36936462e-01 -1.12757437e-01 -8.64792690e-02 -7.10598528e-02 -1.66734740e-01 -5.92040308e-02 -1.86965749e-01 -3.91502231e-01 4.45780396e-01 6.03333721e-03 6.10063076e-02 3.34597081e-01 3.32257628e-01 -1.60703719e-01 -6.18956804e-01 -2.11313188e-01 -1.38058037e-01 8.14838242e-03 4.26562130e-02 6.25031516e-02 -5.74961305e-02 5.47046423e-01 5.49064875e-02 -3.84545386e-01 2.09748179e-01 3.59502763e-01 1.21711411e-01 -8.37547034e-02 1.43116757e-01 -5.65222763e-02 -2.02741548e-01
9.65583682e-01 -4.72771563e-02 -7.05768466e-01 2.92205393e-01 3.48674983e-01 1.55172199e-01 5.34737587e-01 1.16633594e-01 -3.71657073e-01 -8.80975187e-01 -7.77258813e-01 1.27862692e+00 -2.61311745e-03 -8.76510739e-01 3.53337348e-01 7.79650748e-01 -6.17107097e-03 6.49184287e-01 -1.90220982e-01 3.15177329e-02 -1.67161357e+00 -4.35324579e-01 -7.37439513e-01 -1.74605623e-01 -4.92360920e-01 -8.93614665e-02 3.42918724e-01 6.77045107e-01 -1.40528813e-01 1.56467661e-01 -2.13791337e-02 5.65256894e-01
-1.80627584e-01 9.55795869e-02 -8.74317348e-01 -9.49124023e-02 1.45605639e-01 3.83813322e-01 5.14261946e-02 4.22701165e-02 9.99457166e-02 5.77795863e-01 -4.24861997e-01 -1.18235147e+00 4.00730699e-01 3.27918917e-01 -3.42957288e-01 4.64303464e-01 -5.41107133e-02 1.20845175e+00 -4.27339494e-01 1.21413000e-01 3.38049859e-01 -8.28107595e-02 -4.76767011e-02 6.53876960e-01 -2.68980563e-01 7.92399049e-01 -1.20677486e-01 -2.83611298e-01 1.06751628e-01 9.62133557e-02 7.41134167e-01 -7.02518970e-02
-1.85356755e-02 3.63395303e-01 -1.78087473e-01 -6.13340855e-01 -7.74896443e-02 7.40213573e-01 2.86502779e-01 7.94623852e-01 3.32703680e-01 3.15579444e-01 9.56168115e-01 -2.68455029e-01 8.22830573e-02 2.74695724e-01 3.76789831e-02 -7.58662283e-01 3.01171392e-01 -8.39951187e-02 -3.18236977e-01 -5.37471473e-01 -5.14522716e-02 -2.39419267e-01 2.40737543e-01 1.32487103e-01 -2.25643635e-01 1.70097068e-01 3.70848812e-02 -8.93272460e-03 -5.54730058e-01 2.54731745e-01 -1.61156848e-01 1.16626777e-01
8.34885016e-02 1.85666066e-02 -1.23213351e-01 -8.83527449e-04 -3.02571468e-02 5.26576936e-02 2.03969236e-02 8.33135247e-02 -4.46145888e-03 -5.84938563e-02 -5.23593016e-02 -3.91190797e-01 2.54169494e-01 2.23177597e-01 1.23177692e-02 7.10347071e-02 6.34947419e-02 -5.29154763e-02 1.04214698e-01 2.48617470e-01 1.38301581e-01 2.80695975e-01 8.49856529e-03 2.40274861e-01 -1.14227585e-01 -2.73314506e-01 -1.86040893e-01 -1.94553569e-01 -3.04744124e-01 -1.49909988e-01 -7.23409606e-03 -2.66662836e-01
4.41285580e-01 2.19776295e-02 5.27628958e-01 4.28119302e-01 3.66605818e-01 4.07895297e-01 9.57843184e-01 -3.84998292e-01 7.45737553e-01 -8.15991908e-02 -5.78266442e-01 1.26882955e-01 -5.52223146e-01 -3.87524605e-01 -2.16103252e-02 2.49320954e-01 -6.05728924e-01 -4.56592619e-01 2.96032548e-01 -4.47486863e-02 -1.08190022e-01 5.50744414e-01 2.26330101e-01 6.92980468e-01 3.46030877e-03 -1.62444219e-01 -2.00944886e-01 1.78990602e-01 1.54695660e-01 4.50265527e-01 -1.41829833e-01 3.16640697e-02
-2.59590328e-01 -4.87998009e-01 1.44836903e+00 8.47134665e-02 -7.64273942e-01 -1.87952459e-01 -1.09033525e+00 -9.78160501e-01 2.39801571e-01 1.09482861e+00 -1.28923664e-02 -4.39443946e-01 -2.88256764e-01 1.02125692e+00 5.69239199e-01 -1.77877319e+00 1.91781297e-01 -2.53146768e+00 1.78230131e+00 8.38023365e-01 -6.32683456e-01 1.68940890e+00 -4.45428669e-01 2.92910933e-01 3.02702814e-01 -6.89560592e-01 -2.51130283e-01 4.27185833e-01 1.58297330e-01 3.03314663e-02 8.81620288e-01 1.90797925e-01
-2.08355789e-03 -1.61676742e-02 7.37328976e-02 4.40628938e-02 3.84742588e-01 -6.13172818e-03 -3.38546745e-02 1.68771930e-02 4.96705994e-02 -1.30660441e-02 -2.22352073e-02 -7.32386485e-02 9.96129736e-02 -1.72850750e-02 -4.31336183e-03 -1.75430048e-02 6.62673172e-03 -4.89245988e-02 -7.40433931e-02 7.91852176e-02 1.35068744e-01 6.93318173e-02 -2.31216196e-02 1.27231264e-02 -1.33088499e-01 -1.53453603e-01 1.79795194e-02 3.73610228e-01 -4.44764942e-02 -5.63350134e-02 1.45648411e-02 -2.46421233e-01
-3.85360181e-01 1.44508943e-01 -1.52773157e-01 -5.45754991e-02 -1.79837942e-01 -3.01173609e-02 -2.71279395e-01 6.78704381e-01 -3.20096649e-02 -1.06589079e-01 -1.48676366e-01 6.28564417e-01 4.81050104e-01 5.13857529e-02 1.69263422e-01 1.51275963e-01 -2.14020237e-02 1.36792988e-01 -1.31707445e-01 3.68847772e-02 -7.34242871e-02 -6.34269953e-01 -2.07543135e-01 -2.83093482e-01 -2.94105440e-01 -1.94476262e-01 -5.93532562e-01 3.27862799e-01 -2.71987706e-01 -2.31253058e-01 -2.13948652e-01 4.89377975e-01
1.02067873e-01 -1.38795257e-01 5.52318573e-01 2.62216538e-01 -5.75634539e-01 1.67224005e-01 3.40514749e-01 -6.22751832e-01 5.59347332e-01 2.96063840e-01 -1.07994609e-01 4.44699883e-01 -9.77639183e-02 1.30245835e-01 1.02251321e-01 -2.07839966e+00 1.55673131e-01 -9.52134848e-01 1.36408612e-01 2.01053247e-01 -1.45877495e-01 1.66501716e-01 1.73278674e-01 1.44926772e-01 -2.16054469e-01 -5.41687310e-01 -7.05218613e-02 -1.37393877e-01 -4.68299747e-01 -4.87914890e-01 4.54068482e-01 -3.13202888e-01
-2.07554802e-01 5.97119704e-02 -1.51239023e-01 1.25466183e-01 -9.50875953e-02 -2.64327787e-02 2.23042116e-01 -1.54925868e-01 -5.21465123e-01 1.62773347e+00 -3.94571632e-01 -5.48128970e-02 -2.46409461e-01 1.25376534e+00 -2.41079077e-01 4.35446249e-03 5.39841838e-02 -2.91684903e-02 -1.64794028e-01 -2.70971715e-01 4.03525941e-02 2.16758102e-01 -1.82847138e-02 -1.90505400e-01 -1.22388288e-01 1.01137631e-01 4.02546495e-01 4.30376917e-01 2.28434086e-01 -4.90177631e-01 4.32322562e-01 -1.10454954e-01
-1.03397779e-01 -1.99578151e-01 5.95240235e-01 4.98733401e-01 -7.51111805e-02 -3.76770049e-01 -1.07166433e+00 1.15237728e-01 2.41275325e-01 4.25513238e-01 1.15842447e-01 -7.65049607e-02 9.58425924e-02 1.82385877e-01 -2.49240071e-01 6.18726254e-01 1.69314183e-02 2.85614967e-01 -1.13282017e-01 -3.27371776e-01 8.67883027e-01 3.65975231e-01 3.49691749e-01 -5.99506915e-01 2.60641016e-02 1.18839135e-02 -1.84647232e-01 2.42943600e-01 -1.34468406e-01 3.50000739e-01 -1.68448046e-01 -2.88355142e-01
8.84038925e-01 -4.81182337e-01 3.65136325e-01 1.05305958e+00 -2.37908080e-01 3.89917821e-01 -7.73867726e-01 -6.27509952e-01 4.45949197e-01 -8.23750257e-01 -2.01436996e-01 6.55965209e-01 -1.30919290e+00 -1.39047310e-01 7.71470249e-01 -3.87555391e-01 -1.74545288e-01 1.31098121e-01 5.82704186e-01 6.52780533e-01 4.27167684e-01 -5.53100765e-01 -1.91630864e+00 -4.30618316e-01 6.30695701e-01 4.91822958e-01 -7.40706384e-01 -4.91920561e-01 -1.20102270e-02 1.32986271e+00 -3.51077676e-01 -1.94428250e-01
-1.50508303e-02 1.73846081e-01 -4.26317826e-02 -5.02110273e-02 -1.67749807e-01 -3.99587266e-02 2.17313021e-02 -4.49170657e-02 -4.42411192e-02 -1.88771579e-02 4.00278047e-02 9.55503359e-02 8.52120817e-02 -4.73212004e-02 1.71130657e-01 -1.45640448e-01 1.00233443e-01 1.73690453e-01 -1.79051775e-02 -2.81707257e-01 1.36728421e-01 3.82900275e-02 -1.93373747e-02 -1.25766098e-02 -3.08444291e-01 -4.43770997e-02 1.83420256e-02 -7.08898455e-02 -1.13446340e-02 -9.64974798e-03 3.26300762e-03 -2.17749879e-01
1.63503960e-01 2.44278938e-01 1.59320879e+00 4.74398017e-01 -1.21760404e+00 1.08641118e-01 -2.22352117e-01 -5.88973105e-01 8.39667678e-01 4.69996035e-01 1.72455877e-01 -3.01510572e-01 -9.22818959e-01 1.03714931e+00 6.17050976e-02 -3.34150863e+00 -3.18224967e-01 -4.54748917e+00 4.02760029e-01 6.35763630e-02 -1.28090179e+00 9.51707542e-01 3.14357996e-01 2.04768568e-01 2.79016435e-01 -1.85421482e-01 -4.96901691e-01 7.13059783e-01 -1.94901019e-01 1.60700120e-02 -1.41273826e-01 -7.81983733e-02
-8.06945086e-01 1.82419449e-01 1.04810953e-01 -7.16732204e-01 1.64722055e-02 -1.68060422e-01 -2.20924646e-01 4.82655883e-01 -7.06069469e-02 -8.48327205e-03 1.38075054e-01 -3.22049886e-01 4.12612438e-01 4.26696509e-01 -3.96042019e-01 -2.72885948e-01 2.14269936e-01 -1.80728927e-01 -3.51108521e-01 1.56168833e-01 6.52910545e-02 6.79575801e-01 2.23494619e-01 -2.48423710e-01 -1.48891330e-01 2.90738374e-01 -6.85960412e-01 1.05995007e-01 6.43391535e-02 -5.38469911e-01 -1.18242539e-01 -7.03460693e-01

layers.2.bias:
-1.29556370e+00
-8.33379447e-01
8.09658766e-01
-5.98168015e-01
9.44755673e-02
-3.38247746e-01
2.66535580e-01
2.13956022e+00
4.42772478e-01
8.54968429e-01
-9.15305138e-01
-1.32865000e+00
-4.16199476e-01
9.09872532e-01
-3.37471783e-01
-6.00593984e-01
-7.45530799e-02
-7.73402870e-01
3.39387864e-01
-8.75152200e-02
-1.70986220e-01
7.79637694e-01
8.10963571e-01
-2.07479969e-01
-3.53212208e-01
1.08218896e+00
-9.97136056e-01
-1.05123341e+00
5.25846660e-01
-1.23436081e+00
9.23265442e-02
-5.07596359e-02
8.12761128e-01
1.24593392e-01
-2.67167270e-01
-2.72729378e-02
-1.40641019e-01
1.37907910e+00
1.02798903e+00
-1.49794027e-01
9.71749842e-01
-2.38666967e-01
-5.35892904e-01
1.47033763e+00
2.59012520e-01
-1.01209581e+00
1.06403351e+00
-3.64192009e-01
8.25799644e-01
1.73891866e+00
1.26689479e-01
3.03819776e-01
1.06785461e-01
-6.12549901e-01
2.62412369e-01
-3.49040665e-02
8.18581522e-01
-8.10910854e-03
-6.25387058e-02
-6.21171236e-01
5.48717499e-01
6.47306368e-02
-2.37594008e-01
7.26051271e-01

layers.4.weight:
3.00784469e-01 2.43477169e-02 -5.31502329e-02 1.62051748e-02 -4.54421677e-02 3.92896272e-02 8.97493082e-05 -7.15198278e-01 -5.49094714e-02 -4.08303708e-01 3.80894803e-02 9.21645582e-01 -1.76211536e+00 -1.11063704e-01 1.27591165e-02 -1.50293052e+00 -6.29939677e-05 7.59496838e-02 3.21681655e-05 4.17095318e-04 1.12992497e-02 -1.29078120e-01 -1.77566186e-02 3.00536811e-01 -2.31184382e-02 -4.34172973e-02 2.41197515e-02 7.66989827e-01 -4.05259728e-01 3.85338992e-01 -1.08205592e-02 -1.53429464e-01 -4.08886261e-02 3.39773687e-04 5.08477539e-02 2.66547839e-04 -3.35747260e-04 -1.43287197e-01 -2.36776788e-02 1.45702377e-01 -7.45153725e-02 2.69966394e-01 1.67698041e-02 -1.22094899e-01 1.62004231e-04 1.32265687e-01 -1.57355387e-02 6.90101238e-04 -1.09408930e-01 -6.70583189e-01 -2.89879162e-02 -1.10884216e-02 -1.27407402e-05 1.45775983e-02 -1.08923507e+00 -1.03516075e-04 6.86085841e-05 -3.04907620e-01 -9.34256315e-02 8.17737915e-03 -2.34607588e-02 6.30016963e-04 8.69624019e-01 -1.60144698e-02

layers.4.bias:
-1.09643590e+00

