layers.0.weight:
3.31696361e-01 -5.67613244e-01 7.97264636e-01
5.69172144e-01 -8.09445798e-01 -5.80563486e-01
-8.31293464e-02 -6.13938749e-01 -5.77727258e-01
-1.07055378e+00 1.15616508e-01 4.58123112e+00
2.67282110e-02 4.11940843e-01 1.16166264e-01
-5.79876065e-01 8.58121514e-01 -1.84879377e-01
-1.31842160e+00 4.86020595e-01 -9.88645032e-02
-6.01682402e-02 7.88846374e-01 -9.23566997e-01
6.03414774e-01 -9.26082134e-01 5.12713566e-02
-1.11527514e+00 5.86289167e-02 -1.64189592e-01
7.53551662e-01 -9.85680073e-02 1.41279221e+00
-7.16238439e-01 -1.31785080e-01 -1.29353356e+00
-4.30584475e-02 7.12955832e-01 -1.57757306e+00
-1.16726887e+00 2.10410804e-02 5.00053525e-01
-6.46977663e-01 1.09646142e+00 7.52028525e-01
-1.81771189e-01 9.48456824e-01 1.64468549e-02
5.46070874e-01 -6.33792400e-01 -1.45019031e+00
-1.15504665e-02 1.12846863e+00 1.84981868e-01
8.07071701e-02 -9.54183042e-01 5.35116851e-01
3.41117471e-01 -1.28724232e-01 -8.64976227e-01
2.23475501e-01 1.65966094e-01 -5.10879010e-02
-3.24195027e-01 -2.56797969e-01 -1.00232065e+00
-4.64660525e-01 1.65601885e+00 -4.46076952e-02
-1.56447518e+00 4.06930357e-01 1.75152493e+00
1.05132234e+00 3.79940838e-01 -7.78481364e-01
2.59609371e-01 6.71772659e-01 -1.17486012e+00
-1.16151750e-01 -2.13369340e-01 1.90187418e+00
-3.97779703e-01 -2.44972542e-01 1.92939892e-01
3.22416067e-01 7.57217348e-01 -1.46468067e+00
-1.04933763e-02 4.65525806e-01 1.70563948e+00
-2.89658904e+00 2.84448242e+00 -1.78299040e-01
-1.26738083e+00 -5.19488692e-01 1.02004325e+00

layers.0.bias:
8.77201200e-01
4.81547834e-03
-1.42384720e+00
-6.34384930e-01
7.07518518e-01
-2.04255387e-01
-3.54310095e-01
2.86240637e-01
-7.45998621e-01
-1.59115899e+00
1.64644122e-01
1.80825554e-02
2.46107668e-01
-1.21306002e+00
-2.90836543e-01
1.43946290e+00
9.34610724e-01
1.82654703e+00
-6.68276668e-01
5.78918040e-01
-1.44309163e-01
-1.35729384e+00
1.02535832e+00
-7.05530941e-02
1.36946186e-01
5.60703695e-01
8.80503118e-01
-1.57881156e-01
-4.88352716e-01
7.31267482e-02
8.91685039e-02
-6.70209900e-02

layers.2.weight:
-2.52968520e-01 3.05971384e-01 1.36876985e-01 -5.51864386e-01 -1.65161952e-01 -1.19386710e-01 1.54353604e-01 -2.92915851e-02 -6.64957017e-02 2.66080523e+00 1.82262994e-02 1.41905695e-01 -1.60170093e-01 2.33895063e+00 -2.88023591e-01 4.28207755e-01 6.25830004e-03 5.56513429e-01 1.73609212e-01 -1.97943285e-01 1.50885418e-01 -8.83453432e-03 -6.23511314e-01 5.26958704e-01 -2.10104868e-01 6.70265853e-01 -8.54730248e-01 -4.40067798e-02 -2.07571313e-01 -2.87464291e-01 -4.23659712e-01 3.79683584e-01
-7.87446126e-02 1.34720027e-01 -8.59666109e-01 5.55315949e-02 -3.91693294e-01 1.50286794e-01 -7.36854315e-01 -4.81208593e-01 5.47568798e-01 6.72676980e-01 3.52769434e-01 -2.80839890e-01 2.43767485e-01 -1.66615378e-02 -2.96844751e-01 2.14078903e-01 -3.73147041e-01 3.67440343e-01 -4.25542951e-01 -7.81970173e-02 6.40273869e-01 -1.30606368e-01 -4.23127949e-01 -4.86532524e-02 2.27976078e-03 -6.48798496e-02 -3.22340369e-01 -5.35347581e-01 6.19200841e-02 -2.14852154e-01 -1.68342143e-02 1.86133146e-01
-9.70925018e-02 -7.69612417e-02 5.55749759e-02 -7.96323836e-01 -6.14854813e-01 3.45344320e-02 -4.34967488e-01 3.76528174e-01 4.07457650e-01 7.77509212e-01 -5.90318680e-01 -4.79350425e-02 2.06962407e-01 7.32801408e-02 -2.13545337e-02 -5.96351027e-01 -1.53481618e-01 -4.89736319e-01 -1.58662111e-01 3.85672718e-01 -3.08276236e-01 -2.09391981e-01 4.56370026e-01 -1.18413413e+00 -1.56523138e-01 4.78994489e-01 -1.21561372e+00 -1.19497649e-01 4.74439681e-01 -4.18217361e-01 1.40988678e-01 1.13155454e-01
2.19683021e-01 -9.75458845e-02 1.07572600e-01 1.31843305e+00 4.28985000e-01 4.11588520e-01 6.87667847e-01 -2.14554876e-01 -1.71679080e-01 -1.51211759e-02 1.32610500e-01 -3.49221788e-02 -5.48817396e-01 1.88728496e-01 6.49957478e-01 7.58753300e-01 -3.25789183e-01 5.62427044e-01 2.95978129e-01 -9.85294342e-01 -7.64750004e-01 -1.22996561e-01 3.96252871e-01 1.45201361e+00 -5.21552205e-01 -5.24322271e-01 4.70310956e-01 3.33783358e-01 -6.39085889e-01 -1.86222672e-01 5.32715721e-03 4.10651445e-01
1.28247038e-01 -3.37510139e-01 2.58677036e-01 -4.23563063e-01 5.30281588e-02 -3.37726027e-01 -1.10341978e+00 1.30548283e-01 1.26166597e-01 -4.98060554e-01 4.57688242e-01 -7.80033231e-01 7.80798435e-01 -7.73038268e-01 -1.16591662e-01 -8.81950498e-01 -3.38628531e-01 -8.88465464e-01 -7.78182819e-02 -1.22338817e-01 8.31596196e-01 -5.74810922e-01 1.86259389e-01 -3.06853861e-01 -8.86569977e-01 6.12097204e-01 1.23842500e-01 -5.54380417e-01 -2.92310357e-01 6.41512036e-01 -2.64463007e-01 1.47001162e-01
-3.45630497e-01 2.81325459e-01 2.53075927e-01 1.93363890e-01 -6.51799381e-01 -2.92943716e-01 -4.38948900e-01 2.82320708e-01 3.69714290e-01 -1.94262579e-01 6.63366139e-01 2.44936928e-01 -1.03910781e-01 -2.87337095e-01 -3.74955505e-01 -9.25808430e-01 -3.28907669e-01 -1.06560457e+00 6.67780459e-01 -2.39140794e-01 -6.15447104e-01 -9.89637226e-02 -6.49913013e-01 -2.22220168e-01 6.95153251e-02 6.74738511e-02 1.77797541e-01 1.09529567e+00 -1.53746903e-01 -4.07033682e-01 -5.85948586e-01 3.09548974e-01
3.73704396e-02 -1.23390062e-02 -2.36867383e-01 -3.54477065e-03 -1.24812037e-01 1.68864250e-01 -4.84184921e-02 -4.20271724e-01 -1.21571139e-01 2.40366831e-01 2.91154861e-01 8.07605311e-02 2.85673082e-01 8.40366818e-03 -2.29089172e-03 -2.55779117e-01 1.21832695e-02 1.42887026e-01 -9.53407399e-03 -3.08102608e-01 -3.98880780e-01 8.19711387e-02 6.43939152e-02 -5.58488653e-04 1.78336650e-01 2.67804384e-01 -3.53828967e-01 -4.31626678e-01 -1.61079764e-01 7.84024522e-02 4.46550408e-03 1.28137708e-01
2.76524812e-01 1.26605093e-01 -3.94951403e-01 3.48957777e-01 2.94625014e-01 -6.57367766e-01 8.73794630e-02 4.92673367e-01 9.95469466e-02 -3.15651059e-01 -1.32374287e-01 9.65158999e-01 3.20778906e-01 -5.68134844e-01 -1.85835525e-01 1.66393742e-01 5.33488095e-01 1.60079092e-01 2.53521591e-01 5.11165500e-01 -1.43435955e+00 -8.98052335e-01 1.24598071e-01 2.95691937e-01 2.38693193e-01 7.55660653e-01 5.95252931e-01 4.90837872e-01 -5.61446011e-01 4.87171113e-01 1.80705652e-01 -2.92287558e-01
-3.82022746e-02 2.35333025e-01 -4.65215117e-01 -2.73019671e-01 1.18095839e+00 -3.30678135e-01 -5.98276615e-01 -2.82052368e-01 -6.47541344e-01 3.46298635e-01 4.41349387e-01 2.30803519e-01 7.09856451e-01 -1.85151488e-01 1.41431049e-01 1.62883437e+00 3.09322476e-01 1.24179792e+00 -6.47706866e-01 -1.57022536e-01 1.93546847e-01 -2.26049721e-01 1.54161766e-01 2.97780871e-01 1.13497242e-01 4.12242919e-01 2.47024354e-02 -4.11154144e-02 6.59444705e-02 1.46329060e-01 2.26833701e+00 -3.59462380e-01
-6.23007655e-01 1.15028769e-01 -9.57360119e-02 -5.28357267e-01 4.08300638e-01 1.75068490e-02 -4.59265523e-02 3.78100395e-01 4.20370132e-01 -1.57426164e-01 5.40259760e-03 2.49254182e-01 1.89134032e-01 1.83243021e-01 -3.59302640e-01 -6.51584446e-01 3.34788769e-01 -4.36355352e-01 -4.17899519e-01 -2.86240615e-02 -6.41581535e-01 -2.27171540e-01 1.05667070e-01 -6.71118200e-02 -2.09213629e-01 -8.84270221e-02 -1.79753810e-01 2.29183525e-01 2.70313889e-01 1.57240987e-01 1.48028880e-01 -1.15184980e-02
1.03614539e-01 -3.24627310e-01 -1.15750410e-01 -3.68006349e-01 -4.01948661e-01 -2.86281019e-01 -3.56390119e-01 1.64203525e-01 4.65742886e-01 2.47974664e-01 -5.35551190e-01 -1.08632252e-01 8.63113284e-01 -3.23716074e-01 -1.97108611e-01 -2.90164143e-01 -6.35123074e-01 -7.79908955e-01 -6.33063838e-02 -3.36338282e-02 1.05251396e+00 -2.56037027e-01 -7.82255113e-01 1.67006925e-01 -4.87986729e-02 -5.08538820e-02 -4.40100282e-01 -5.69919407e-01 3.28500450e-01 -4.03031021e-01 -5.55815510e-02 3.14703315e-01
-8.61661211e-02 1.36231845e-02 1.67156208e+00 -8.81402612e-01 -7.49248922e-01 1.30858108e-01 2.71239923e-03 -3.94408315e-01 -9.56468750e-03 1.86985266e+00 2.65027713e-02 -1.24358051e-01 2.99728304e-01 3.23278618e+00 4.26602624e-02 -6.15847766e-01 3.24333489e-01 -2.43955636e+00 5.83626747e-01 -3.12575966e-01 2.56603092e-01 6.01132274e-01 -2.79051989e-01 8.48151326e-01 -8.65915492e-02 -5.47840238e-01 2.88996726e-01 -9.96617526e-02 9.09339339e-02 2.72595212e-02 5.29299378e-02 -3.29971969e-01
-6.56083763e-01 -2.21291199e-01 9.20066237e-01 4.03799385e-01 -5.82644701e-01 6.48039997e-01 7.18426779e-02 -9.06402171e-01 3.72220278e-01 4.26953852e-01 2.77570158e-01 8.65527019e-02 -4.97123033e-01 -1.47406384e-01 5.16435385e-01 -4.24318695e+00 -1.56149447e-01 -5.94818592e+00 5.39446354e-01 -1.03107250e+00 -5.35700262e-01 3.92692745e-01 6.84859931e-01 -4.28962782e-02 -2.66958326e-01 -2.16365382e-01 -3.69325072e-01 4.89751369e-01 -5.48233569e-01 -3.29505801e-01 -1.28781819e+00 -2.45133698e-01
1.18226958e-02 -1.63893074e-01 -6.17391229e-01 -6.38473704e-02 -2.00957268e-01 -2.52610594e-02 2.53714353e-01 3.46043885e-01 3.86507213e-01 -1.75923392e-01 5.35405993e-01 -1.93412766e-01 3.32672000e-01 -7.94793963e-01 -3.27120960e-01 -1.27354115e-01 -2.52233207e-01 1.45773038e-01 -1.13031961e-01 1.10739492e-01 -8.22894461e-03 -1.39976934e-01 4.52168137e-02 -2.12620735e-01 -1.29200712e-01 7.60724366e-01 -7.52225565e-03 3.52102481e-02 -1.69518515e-01 2.60621399e-01 1.61170051e-01 3.61701787e-01
-9.12005246e-01 2.47707844e-01 -3.91513854e-02 3.21192741e-01 -2.31358856e-01 6.18017256e-01 -3.76670331e-01 -9.41423997e-02 4.52200592e-01 -2.01475486e-01 -7.75328577e-01 2.55402029e-01 1.73426867e-01 -3.42470258e-01 -3.16048622e-01 -6.94882274e-01 2.47242942e-01 -6.97563350e-01 -3.90759498e-01 3.36694449e-01 1.34668708e+00 9.74897921e-01 -5.29770367e-02 1.58390090e-01 -3.32689762e-01 1.23056985e-01 -6.09589696e-01 1.10375099e-02 7.86240876e-01 -2.65894681e-01 -1.02781199e-01 9.89140347e-02
-5.07059336e-01 -3.24440491e-03 1.30722061e-01 1.10331647e-01 -3.29174638e-01 2.05954224e-01 -9.00566638e-01 -7.70488605e-02 5.40608838e-02 5.35109329e+00 5.38494647e-01 4.55607891e-01 2.42711797e-01 2.66079187e+00 -7.58000985e-02 -4.15474596e-03 -4.01137114e-01 -1.18329138e-01 7.51747489e-02 -1.77075982e-01 -7.43162751e-01 4.55041826e-01 1.49739042e-01 2.29626954e-01 -4.51871753e-01 -4.07721996e-01 -6.57153487e-01 3.94205511e-01 -1.37747228e-01 -6.87159777e-01 3.51815730e-01 -1.81289881e-01
-3.58133875e-02 1.59073010e-01 -5.15955463e-02 3.42198797e-02 -6.63703075e-03 5.49955433e-03 9.46812797e-03 -6.43677562e-02 1.41800288e-02 -1.87707022e-01 6.71279132e-02 3.59350480e-02 4.35352735e-02 1.00929283e-01 1.02526814e-01 1.65212788e-02 5.08101545e-02 -6.98763411e-03 -9.60452389e-03 1.04089178e-01 2.52969146e-01 1.30764529e-01 -8.70449189e-03 4.15985212e-02 5.77927418e-02 7.53991306e-03 5.53036295e-02 2.91137159e-01 2.17184070e-02 -2.64972425e-03 -3.19693843e-03 2.40240749e-02
1.96392417e-01 -1.20421611e-01 -5.59039056e-01 3.94570939e-02 6.82458058e-02 -2.11268693e-01 -2.50045359e-01 -3.06386590e-01 3.01798493e-01 -7.06877947e-01 4.92547601e-02 -1.15176085e-02 2.11021960e-01 4.30725440e-02 -7.97381550e-02 1.40682146e-01 -3.03544551e-01 4.14296061e-01 -1.45457327e-01 9.25084114e-01 2.34163225e-01 1.30684033e-01 -4.70375866e-01 -1.31881475e-01 -1.29774109e-01 -4.29658651e-01 8.35916281e-01 -4.73100901e-01 2.31188744e-01 3.02519649e-01 -3.96887399e-02 1.98419973e-01
-2.62884587e-01 -9.60599333e-02 -2.68074244e-01 -2.28531078e-01 3.62391591e-01 9.50043835e-03 1.73638001e-01 1.41493946e-01 3.96524429e-01 -4.01598632e-01 -1.81822777e-01 -8.90364885e-01 4.95539069e-01 -1.52841240e-01 -1.70973390e-01 1.61873534e-01 -1.55709445e-01 2.57353753e-01 1.43570632e-01 -8.76664296e-02 -2.42332555e-02 -1.70213610e-01 4.56405103e-01 -3.00239354e-01 2.31094748e-01 2.13361219e-01 -1.98908612e-01 3.45704436e-01 6.26807809e-02 3.29990029e-01 4.88102436e-01 1.27283499e-01
5.43000251e-02 1.94195360e-01 1.89276263e-02 7.08269477e-02 -9.22171772e-02 9.28715244e-02 -1.86916944e-02 -9.53697264e-02 5.43370619e-02 8.63553435e-02 6.87878653e-02 1.13062203e-01 -7.29971528e-02 -8.25390369e-02 1.06299743e-01 4.49544370e-01 6.22260943e-02 -3.25278252e-01 5.58807217e-02 -1.04261056e-01 -1.13076687e-01 -1.14091925e-01 -4.47496632e-03 -1.80593263e-02 3.47151645e-02 1.11430407e-01 6.18860498e-03 1.61389057e-02 1.13765068e-01 1.47198746e-02 -1.90608222e-02 4.62703183e-02
5.80877602e-01 -1.35742500e-01 6.32884562e-01 5.22149801e-01 -2.38473058e-01 -2.93210745e-01 -6.95719600e-01 -1.27734691e-01 -2.82643914e-01 -9.16768432e-01 -1.00602359e-01 9.75188196e-01 4.98811692e-01 -4.89539236e-01 7.11910188e-01 5.99539638e-01 -6.36057109e-02 -1.88983291e-01 4.98062313e-01 4.75027263e-01 -5.09947240e-01 7.46333003e-02 5.02476156e-01 1.67999163e-01 8.47619250e-02 -3.64216119e-01 8.69735703e-02 3.46128196e-01 -1.07845999e-01 -8.84620175e-02 2.39188485e-02 4.34590191e-01
2.21116066e-01 -1.26451120e-01 7.88166746e-02 1.57298893e-01 3.02730687e-02 1.67752534e-01 9.43784893e-01 6.19404912e-02 4.71152097e-01 2.89925784e-01 3.44568193e-01 3.49772215e-01 -4.05776560e-01 -5.52557111e-01 1.36352390e-01 -9.89401162e-01 -5.84848709e-02 -7.48448074e-01 -7.33415186e-02 -4.53075171e-01 -4.67314601e-01 1.07314652e-02 2.57372439e-01 -3.22607048e-02 1.10222116e-01 -4.35180604e-01 -7.00936496e-01 3.85965198e-01 -9.53915715e-02 -1.79101884e-01 2.57156342e-01 -9.61025134e-02
7.40909502e-02 -1.70012359e-02 -2.70373255e-01 4.30797398e-01 2.57556476e-02 3.59115869e-01 3.58850300e-01 -2.94474363e-01 -3.08687389e-01 3.50295514e-01 4.78683561e-02 5.67145608e-02 4.12146509e-01 5.00033855e-01 -1.55503497e-01 -5.54630876e-01 5.39245009e-01 -1.90217167e-01 6.55859783e-02 -2.57584095e-01 -3.42131019e-01 2.86660455e-02 -3.81912857e-01 2.11902499e-01 -3.98090065e-01 -1.35346323e-01 -3.18331197e-02 -4.85314965e-01 1.98812243e-02 -9.22756195e-02 -4.76733036e-02 -2.42731273e-01
7.81638026e-01 -4.21507992e-02 -2.78987467e-01 1.78631216e-01 1.25156760e-01 -4.93868887e-01 -4.07575183e-02 3.04259717e-01 3.07187319e-01 -2.75330925e+00 1.19355515e-01 1.63844123e-01 3.67673069e-01 -1.66699791e+00 1.21624514e-01 3.26493412e-01 1.32877260e-01 2.38835767e-01 -2.13277012e-01 -1.11459047e-02 4.75629777e-01 -2.35921323e-01 -2.98710227e-01 -3.97162698e-02 -3.77678245e-01 -2.06255287e-01 -4.40967083e-02 -1.47288531e-01 2.25341275e-01 1.16773605e-01 -3.37273568e-01 -1.66722700e-01
-8.56711626e-01 1.68335080e-01 -1.25283608e-02 1.10348366e-01 1.43101970e-02 -3.56648505e-01 9.66354787e-01 -3.06457989e-02 -9.91263866e-01 7.00879931e-01 -7.48641372e-01 5.62240258e-02 1.82947472e-01 5.34200631e-02 -7.21072972e-01 5.44563770e-01 6.15713120e-01 5.73619723e-01 -1.94189161e-01 2.85302270e-02 -2.02581167e-01 3.96754920e-01 5.28373957e-01 9.44226027e-01 -3.43618155e-01 5.40042579e-01 -6.33058727e-01 -6.14606887e-02 9.24042761e-01 -4.65438277e-01 8.86675492e-02 -8.87242407e-02
-5.45465767e-01 5.99291921e-01 -4.40642312e-02 -1.38346046e-01 5.52000225e-01 1.62304893e-01 1.92311883e-03 5.12872994e-01 -3.11874360e-01 4.95556384e-01 7.06469566e-02 -1.60559028e-01 2.14740887e-01 2.12676406e-01 -5.38167119e-01 -2.56838262e-01 -1.31510317e-01 -9.40998346e-02 3.92703056e-01 -3.91039521e-01 -6.70516025e-03 -2.77648270e-01 2.20055748e-02 -5.28739214e-01 1.11810811e-01 -2.07721770e-01 -5.61694860e-01 -5.10635853e-01 1.67205870e-01 -3.62595767e-01 -2.09083542e-01 -2.76803851e-01
-1.33292705e-01 2.27572605e-01 4.60793823e-01 3.47973377e-01 -2.85692841e-01 -2.93104798e-01 -1.06965497e-01 1.03506288e-02 2.84697503e-01 -4.57200736e-01 -6.02743506e-01 -4.56643961e-02 -2.56415874e-01 -2.70483613e-01 5.91348708e-02 5.99141419e-01 -8.68360400e-02 2.06811637e-01 2.82290161e-01 2.15952531e-01 3.69792767e-02 -7.34377265e-01 1.63785204e-01 9.21913758e-02 2.68709660e-01 1.82670653e-01 2.12579966e-03 -5.23294508e-01 -2.66050160e-01 -1.30800366e-01 9.59715247e-02 -2.48337179e-01
-7.82669544e-01 4.82750505e-01 -5.78883886e-01 -1.02442241e+00 -2.76713848e-01 -2.45714352e-01 -3.62415075e-01 3.99122387e-01 1.07856236e-01 4.71109539e-01 -8.67376253e-02 2.08085492e-01 1.91867366e-01 2.88951457e-01 -3.05422228e-02 1.07085013e+00 7.04923689e-01 1.12055612e+00 -6.29107475e-01 8.97472575e-02 4.80711579e-01 -7.09245265e-01 -6.67612255e-01 3.97053629e-01 -2.00466573e-01 -4.38467473e-01 2.67816603e-01 3.55227381e-01 4.88574088e-01 -8.28920424e-01 2.11626321e-01 -2.16819420e-01
1.53770849e-01 -5.54066062e-01 -6.95793182e-02 -1.04222961e-01 -5.58242381e-01 5.28666675e-01 1.09822243e-01 -4.79819238e-01 5.05380750e-01 9.22988117e-01 -2.05151215e-01 1.05397575e-01 5.40288985e-01 4.28708285e-01 3.36127914e-02 -1.03919816e+00 -4.62371916e-01 -1.01647317e+00 4.93061952e-02 2.03024685e-01 2.56185710e-01 3.22275311e-01 1.73254043e-01 1.70277983e-01 2.63715684e-01 9.51157585e-02 -4.00493115e-01 -2.93607801e-01 -2.67310232e-01 -3.27454805e-01 4.33247805e-01 3.17279071e-01
-2.11644426e-01 -1.12295461e+00 4.88848835e-01 1.43263793e+00 1.91218123e-01 2.52381027e-01 1.39128426e-02 -1.04223661e-01 -3.76903147e-01 3.78639400e-01 9.39113021e-01 -8.56876731e-01 -9.49918628e-01 -2.81723052e-01 3.58702540e-01 3.50941330e-01 -1.29677129e+00 8.41498017e-01 4.56128240e-01 -3.30000937e-01 1.18683839e+00 3.42063010e-01 1.84529930e-01 -4.31552738e-01 3.68444532e-01 -3.40489089e-01 5.23249097e-02 -4.16636646e-01 -7.26615191e-01 1.12086225e+00 -4.64100510e-01 -3.19659412e-01
-7.96742618e-01 -2.35106558e-01 3.88309598e-01 1.64137349e-01 -2.40648061e-01 3.05816472e-01 3.40753198e-01 -9.02266353e-02 -4.66402650e-01 -1.60036206e-01 -9.31459248e-01 2.27736473e-01 4.29075837e-01 1.46717012e-01 2.36796916e-01 -2.86201537e-01 3.06620032e-01 -3.41201931e-01 7.50670433e-02 -3.99293393e-01 -8.46247673e-01 3.02145272e-01 6.50918037e-02 -6.49898469e-01 1.62474915e-01 5.44086814e-01 -8.47111419e-02 8.49763528e-02 -4.55008209e-01 -1.90727353e-01 -1.02321185e-01 9.26323514e-03
-3.22356731e-01 -3.14050704e-01 -1.10208213e-01 -1.87941536e-01 -2.72355080e-01 -3.01714651e-02 1.98678210e-01 3.04598212e-01 -5.96600652e-01 1.43884134e+00 -1.79205149e-01 -8.20682049e-02 -4.66426015e-01 4.99326855e-01 -1.50156647e-01 -1.66924652e-02 4.39047664e-02 9.30634812e-02 -3.71933281e-02 -1.70869872e-01 2.41560116e-01 1.90736279e-01 3.20710063e-01 -6.16700295e-03 7.25812614e-02 -2.79574003e-02 -2.30111152e-01 1.64366439e-01 3.11259955e-01 2.76248783e-01 1.07699245e-01 8.37597400e-02
-8.37527588e-02 -3.22188735e-01 5.06376429e-03 -1.24817073e-01 -3.34678680e-01 4.62885588e-01 -2.22012237e-01 -3.98923069e-01 1.07571915e-01 -3.83306712e-01 1.48865012e-02 4.44533974e-01 2.26763159e-01 3.82413983e-01 2.87410378e-01 -5.63063085e-01 -4.13433939e-01 -1.23845112e+00 -5.62032163e-02 -2.95321316e-01 -9.54354331e-02 8.79577339e-01 4.21719760e-01 5.92753172e-01 -4.61904675e-01 1.62995830e-01 1.04943298e-01 -2.70777822e-01 -3.46462727e-01 -2.85599202e-01 -9.88711417e-02 -7.55660981e-02
4.40416858e-02 -5.37042394e-02 1.17912307e-01 -8.49604905e-02 2.62056917e-01 -1.01157814e-01 5.73596694e-02 -3.27953815e-01 -1.85334221e-01 3.53931218e-01 1.48838446e-01 1.80401534e-01 7.61674196e-02 -3.07358682e-01 -6.51886463e-02 -2.62726784e-01 6.12701923e-02 1.87739775e-01 -1.66986033e-01 -5.32467127e-01 1.43593967e-01 -1.73416167e-01 -1.13783948e-01 -6.34784326e-02 8.25394411e-04 2.18952179e-01 -5.50916977e-02 -7.04701699e-04 1.03301443e-01 7.76373371e-02 1.05670672e-02 -8.39363225e-03
2.75949955e-01 -4.83716667e-01 -2.94357657e-01 7.43752062e-01 -2.12536007e-01 -6.47677779e-01 3.11088145e-01 -2.02850387e-01 -1.12392783e-01 2.69803166e+00 -5.91960073e-01 1.03205264e+00 6.63590968e-01 8.09913337e-01 6.73085034e-01 1.52336478e-01 9.49051231e-02 1.26710162e-01 7.27026463e-01 4.14190739e-01 9.37369689e-02 1.46781474e-01 -3.30111295e-01 1.03897107e+00 -1.64190397e-01 1.34257421e-01 -3.19005013e-01 4.27641720e-01 -5.16509376e-02 6.71119895e-03 4.28689241e-01 1.38500080e-01
-1.21708408e-01 1.88015640e-01 1.43320054e-01 7.01903552e-02 2.45763846e-02 -4.93110642e-02 -1.37101747e-02 1.06104411e-01 6.00466412e-03 -3.11474167e-02 1.66530296e-01 7.57259578e-02 9.02336389e-02 -2.01447494e-02 1.55740887e-01 1.96584597e-01 3.52233909e-02 -1.48671061e-01 -1.79095082e-02 8.37064832e-02 -1.61268353e-01 -4.10867147e-02 -2.86577307e-02 2.92734243e-02 -4.74262744e-01 -2.35018581e-01 4.24116552e-02 -1.17263995e-01 -4.90989462e-02 -6.04910813e-02 1.50698994e-03 -4.50508982e-01
-1.54726980e-02 -7.16271922e-02 -3.92662771e-02 2.31152829e-02 -2.41497681e-01 2.24606097e-02 -2.80430261e-02 1.56998038e-01 6.14935160e-02 -4.40990254e-02 -1.24698561e-02 -2.39416994e-02 -6.57561347e-02 4.35004272e-02 -7.23437443e-02 2.04726472e-01 -1.12308979e-01 -1.47141770e-01 2.12630257e-02 3.24234694e-01 -2.41321847e-01 -9.06270370e-02 -4.20727627e-03 -5.03604487e-03 6.97705988e-03 -1.02452621e-01 -6.60010725e-02 -5.59065267e-02 -5.65311536e-02 5.02766743e-02 -1.00977262e-02 2.22891686e-03
8.28097284e-01 -2.52290964e-01 3.45270425e-01 3.16662252e-01 -3.97101998e-01 2.99467851e-04 -4.87125069e-01 5.79589792e-02 6.70474350e-01 7.84257501e-02 -2.11835414e-01 7.12428316e-02 8.39455798e-02 2.18796715e-01 7.24220634e-01 -6.08343422e-01 -4.34241891e-01 -7.36883640e-01 4.33100879e-01 -2.47455150e-01 -7.72172391e-01 2.54233837e-01 -1.51522443e-01 1.84428230e-01 7.20448613e-01 -2.05007265e-03 1.99773565e-01 -1.07472301e-01 -5.03262043e-01 2.03177631e-01 7.20813796e-02 2.03390419e-01
1.24166153e-01 -4.14831132e-01 -2.79299438e-01 4.01865304e-01 2.41217807e-01 -5.85051179e-01 1.38983428e-01 1.04761375e-02 2.28845388e-01 -2.35378623e-01 -2.39685386e-01 4.58556712e-01 3.60210508e-01 -2.70751148e-01 2.55720228e-01 -5.55273175e-01 -3.30860436e-01 -7.16857016e-01 4.15847510e-01 -4.02194709e-01 -2.50372499e-01 -5.94056956e-02 3.60885322e-01 6.55310273e-01 -1.68008760e-01 -3.14226359e-01 4.34363782e-01 -5.41607030e-02 -9.04640555e-02 -4.27018285e-01 1.09370716e-01 2.76547074e-01
4.33739312e-02 -5.28461486e-02 7.53357708e-01 6.45986795e-02 -1.07714009e+00 -3.27299148e-01 1.73012316e-01 -7.67547786e-02 6.89308882e-01 6.02978051e-01 -1.71237051e-01 -3.21411520e-01 5.43259010e-02 7.13613570e-01 1.33200819e-02 -2.24214339e+00 -3.15738767e-01 -2.61529517e+00 6.30114600e-02 3.23249325e-02 -7.63839364e-01 6.60389423e-01 1.95146576e-01 9.71878320e-02 4.22681063e-01 1.79808393e-01 2.91422725e-01 4.23144437e-02 -2.80245189e-02 -8.13264787e-01 -5.27615666e-01 -3.14730294e-02
-1.98687971e-01 -2.37750530e-01 -2.28878692e-01 -2.89798617e-01 -2.94185698e-01 5.56703568e-01 1.61318213e-01 -1.04729183e-01 -1.06612675e-01 3.89134198e-01 -2.04322472e-01 1.66772693e-01 6.42367899e-02 -2.68240452e-01 -1.29085720e-01 -5.22573352e-01 3.16097885e-01 -6.72788680e-01 -2.86289245e-01 2.88768355e-02 -3.16829443e-01 4.07313287e-01 -1.44233868e-01 3.51200849e-01 3.76494586e-01 -5.20406365e-01 4.72847372e-01 4.54830304e-02 8.59959722e-02 1.24262348e-01 -8.08346793e-02 2.91859005e-02
4.30744171e-01 6.69380486e-01 6.48774803e-01 -3.90006214e-01 2.24367023e-01 1.72899038e-01 1.42251268e-01 -1.19562715e-01 -8.20785582e-01 9.58118200e-01 -2.76090115e-01 -2.53486276e-01 -4.50944781e-01 1.12047625e+00 1.72038510e-01 1.51544258e-01 1.51368966e-02 -8.79220903e-01 2.78691351e-01 -2.91950136e-01 6.96362481e-02 6.80565953e-01 -1.02957875e-01 -3.89564365e-01 6.76676512e-01 -7.76874542e-01 5.03618181e-01 -8.16408470e-02 -2.93279350e-01 -5.88760853e-01 -4.64070849e-02 -5.02240002e-01
-2.73993276e-02 -3.81978989e-01 1.74256533e-01 -1.96126997e-01 -1.59893736e-01 1.33268476e-01 1.04353122e-01 -2.55950987e-01 -5.20672143e-01 -3.42000127e-01 -1.26353696e-01 2.00085398e-02 -7.53296018e-02 4.37773377e-01 5.08235931e-01 3.77163917e-01 2.71842271e-01 -3.49445552e-01 1.80907007e-02 1.69413522e-01 -2.55288124e-01 3.17995757e-01 -3.50548148e-01 1.53967023e-01 -5.69535904e-02 -2.35670909e-01 3.85036290e-01 7.31036186e-01 -3.89249861e-01 -4.77478594e-01 2.69532084e-01 3.28053325e-01
-1.24913859e+00 1.14977792e-01 1.39646947e-01 -1.30486119e+00 -1.38572291e-01 -8.28308240e-02 2.03861043e-01 5.33618748e-01 1.20636374e-01 3.73323053e-01 -9.78924453e-01 7.12789297e-01 1.08331788e+00 3.86293769e-01 -6.71507418e-01 2.64942467e-01 5.59604883e-01 -4.41242397e-01 -2.89205045e-01 1.00402534e+00 -5.81044912e-01 -3.08388025e-01 -3.57127666e-01 -6.36146963e-03 5.58894396e-01 9.86907542e-01 8.64097893e-01 6.67986929e-01 4.98549193e-01 -1.02678418e+00 1.64476410e-01 2.50232011e-01
-8.00396279e-02 8.59776363e-02 2.90324777e-01 -4.46792282e-02 3.52908731e-01 -1.01438403e-01 3.71860643e-03 3.92240100e-02 -4.80877981e-02 1.95396706e-01 2.50581820e-02 2.42442191e-02 -1.04993712e-02 -1.30119994e-01 9.16510820e-02 -1.38812542e-01 8.30370709e-02 7.91403875e-02 3.27826478e-03 -4.15244907e-01 1.38295949e-01 -1.18436694e-01 1.89297758e-02 -9.50552896e-03 1.54938489e-01 -6.59605768e-03 7.75666609e-02 1.29250601e-01 3.21729966e-02 -8.46697837e-02 1.99463740e-02 4.71040010e-02
-8.95583630e-02 2.69649535e-01 3.20603013e-01 -1.27485171e-01 1.52229518e-01 8.09509829e-02 6.67892158e-01 2.92178363e-01 1.23812050e-01 -1.19615662e+00 -3.53873432e-01 5.42143345e-01 6.63980186e-01 -2.97203809e-01 -4.96266931e-01 2.16551125e-02 5.12760460e-01 -3.15400243e-01 -4.55142418e-03 -5.02412200e-01 9.08153415e-01 -2.77048916e-01 -4.74319095e-03 -1.29686093e+00 -1.99714378e-01 5.20279944e-01 -1.00055814e+00 -7.98274875e-01 2.71555156e-01 -1.24769054e-01 -4.61922437e-02 -1.57747418e-01
5.89240253e-01 -3.12143534e-01 -2.97968656e-01 4.40826803e-01 -3.51253524e-02 -4.16609570e-02 -1.82524733e-02 -1.34157330e-01 4.60495442e-01 -7.36107081e-02 -1.11400470e-01 -5.08691743e-02 7.59553909e-01 -3.33572626e-01 3.56572717e-01 -3.15098882e-01 -2.83756815e-02 -4.59863514e-01 1.87472090e-01 -7.54917637e-02 -3.32653582e-01 1.10895477e-01 1.65363058e-01 1.57451093e-01 -7.23118111e-02 -2.10925862e-01 7.95627892e-01 4.74930108e-01 -3.53411853e-01 3.37407649e-01 1.99110463e-01 3.52385342e-01
-2.52933562e-01 3.44166309e-01 -1.56655625e-01 -5.13110049e-02 -6.00213230e-01 -2.02656850e-01 7.19311237e-02 4.58928615e-01 -5.82451783e-02 -5.51985800e-01 -1.85561016e-01 -1.67136434e-02 -3.40205848e-01 1.69917583e-01 2.51821518e-01 -2.20283091e-01 -8.38429853e-02 2.00657457e-01 2.03046873e-02 3.62476438e-01 -2.33248442e-01 -3.92759219e-02 -2.22741850e-02 -3.13857384e-02 -1.22237489e-01 -1.11776054e-01 2.65008807e-01 -2.64837980e-01 1.20833047e-01 7.28828833e-04 1.94191677e-03 1.75566092e-01
5.58636524e-02 -5.16113460e-01 -7.79976547e-02 -1.00524932e-01 -9.77913067e-02 -1.61365882e-01 -4.44318689e-02 -1.71792135e-01 -3.83402735e-01 4.63428050e-01 -3.37091321e-03 6.89276680e-02 3.49753588e-01 2.90158689e-01 -1.59971029e-01 -6.44984484e-01 -1.88411668e-01 -1.74477145e-01 -6.96203066e-03 6.01908080e-02 9.34998095e-02 -4.75978628e-02 5.62797248e-01 5.44948131e-02 -3.83394331e-01 2.27820039e-01 3.45112205e-01 7.76016265e-02 -7.31425062e-02 1.29770979e-01 -5.14041446e-02 -1.95971981e-01
1.02373707e+00 2.82091144e-02 -6.19011283e-01 1.84773386e-01 2.72393286e-01 8.35651532e-02 4.78864819e-01 1.46541297e-01 -2.86373228e-01 -9.36594903e-01 -8.51376116e-01 1.37498367e+00 9.44673419e-02 -9.28750932e-01 2.80715495e-01 6.40393376e-01 7.41863251e-02 5.39044797e-01 -1.37192771e-01 1.56673104e-01 -1.55069458e+00 -4.17425275e-01 -8.13980758e-01 -2.43010536e-01 -3.70618731e-01 -1.97722384e-05 2.37059981e-01 5.39667904e-01 -3.66460681e-02 4.67364118e-02 -8.75599459e-02 4.36135799e-01
-1.52425706e-01 9.58157629e-02 -9.10508454e-01 -7.62588233e-02 1.93139836e-01 3.57177109e-01 1.01350069e-01 2.55234130e-02 2.35804189e-02 5.45406878e-01 -4.16171700e-01 -1.17933893e+00 3.82614553e-01 2.79038489e-01 -3.48823845e-01 5.50749779e-01 -5.53934351e-02 1.26123369e+00 -4.19714451e-01 1.23519577e-01 2.94598490e-01 -1.06662847e-01 -3.93394902e-02 6.78924620e-01 -2.91160196e-01 7.76926816e-01 -1.01320744e-01 -2.52215236e-01 8.78983140e-02 1.14078619e-01 6.80984437e-01 -4.81503867e-02
-1.90346558e-02 3.81096631e-01 -1.62080750e-01 -6.25724673e-01 -6.27473071e-02 7.26827383e-01 2.67423183e-01 7.89235771e-01 3.38958055e-01 3.12956482e-01 9.45921004e-01 -2.65424103e-01 9.13396403e-02 2.21836865e-01 3.07948068e-02 -7.10472465e-01 3.15779239e-01 -6.82987645e-02 -3.10151726e-01 -5.25183499e-01 -4.15195823e-02 -2.23745808e-01 2.42826700e-01 1.37181967e-01 -2.25437969e-01 1.69112951e-01 2.51517855e-02 -2.48194970e-02 -5.51023066e-01 2.43077323e-01 -1.95666701e-01 1.16452321e-01
8.88793692e-02 -6.08078344e-03 -1.40281722e-01 -4.43665916e-03 4.43919469e-03 5.47668450e-02 -3.91530152e-03 9.62142870e-02 -3.29866931e-02 -7.87988752e-02 -6.03300296e-02 -3.84614974e-01 2.61035860e-01 2.08283037e-01 3.17094289e-02 1.64089531e-01 4.91349921e-02 -5.59668383e-03 8.85739774e-02 2.49811977e-01 1.31272063e-01 2.76212871e-01 1.89940296e-02 2.48319760e-01 -1.14431359e-01 -2.61106879e-01 -1.89269096e-01 -1.92130208e-01 -3.06798726e-01 -1.52023077e-01 6.35082694e-03 -2.70204604e-01
4.14542258e-01 -8.21725279e-03 5.56325853e-01 3.97073209e-01 3.31439644e-01 4.34010893e-01 9.93672073e-01 -3.52521181e-01 7.15514541e-01 -5.26492819e-02 -6.12123907e-01 1.68577358e-01 -5.20854115e-01 -2.88775474e-01 -8.16608407e-03 2.53204674e-01 -6.34553969e-01 -4.71548885e-01 2.71092772e-01 -4.10508141e-02 -1.02190100e-01 5.80835283e-01 2.23914951e-01 6.50198281e-01 3.70515436e-02 -1.29193857e-01 -2.31884137e-01 1.83131948e-01 1.85913622e-01 4.19157922e-01 -1.13765694e-01 -6.90611778e-03
-2.05000088e-01 -4.60171282e-01 1.40415370e+00 9.81655121e-02 -7.15068340e-01 -2.33183950e-01 -1.18097603e+00 -1.00821054e+00 3.10750753e-01 1.01490307e+00 3.78220640e-02 -4.78114098e-01 -3.03542465e-01 1.01139569e+00 5.42118311e-01 -1.92073417e+00 2.15500116e-01 -2.51867676e+00 1.81928635e+00 8.52882266e-01 -6.11269653e-01 1.61797631e+00 -4.80920732e-01 2.75417417e-01 3.25365216e-01 -6.95059657e-01 -2.38835260e-01 3.57888639e-01 1.73368171e-01 4.15352471e-02 8.29820335e-01 1.76041886e-01
1.04477070e-02 -9.04676784e-03 8.14043730e-02 3.81138511e-02 3.85740399e-01 -1.13949599e-02 -1.84037313e-02 1.14386920e-02 5.53069972e-02 -6.13821112e-03 -1.50881819e-02 -7.38391057e-02 1.04285136e-01 -3.46391369e-03 -1.33129405e-02 -4.99514304e-02 4.51438176e-03 -5.15942574e-02 -6.31903857e-02 7.82918558e-02 1.40841335e-01 5.79694100e-02 -2.71794833e-02 2.29519345e-02 -1.39948741e-01 -1.50924981e-01 1.19156390e-02 3.60486537e-01 -3.32084745e-02 -6.26781583e-02 1.37791913e-02 -2.40413398e-01
-4.30129379e-01 -3.90361734e-02 -1.64288923e-01 -1.11269951e-02 -2.23306656e-01 6.00267425e-02 -3.70623246e-02 6.54930294e-01 -1.65044159e-01 7.54776504e-03 -1.12702779e-01 6.14390373e-01 4.39658284e-01 3.94539118e-01 3.17322373e-01 9.76053700e-02 -1.99755147e-01 9.01121795e-02 -1.30314469e-01 -1.04495108e-01 -9.17427093e-02 -6.55822456e-01 -1.20439023e-01 -1.62813962e-01 -3.90120506e-01 -2.46273145e-01 -5.52248955e-01 4.42643851e-01 -2.98450261e-01 -1.88742489e-01 -1.25619113e-01 5.64766109e-01
7.97125995e-02 -1.60129309e-01 5.26725113e-01 2.80186087e-01 -5.79838812e-01 1.99326545e-01 3.52474421e-01 -6.59219205e-01 5.26789248e-01 3.11338961e-01 -5.46568297e-02 4.01414275e-01 -1.17432147e-01 1.43842697e-01 1.27549484e-01 -2.12371778e+00 1.34674445e-01 -9.91287589e-01 1.93385839e-01 1.76893070e-01 -9.92735922e-02 1.07025370e-01 2.05261484e-01 2.07120866e-01 -2.74062425e-01 -5.57187140e-01 -5.35207912e-02 -1.82240620e-01 -4.59751219e-01 -4.71040159e-01 4.63071018e-01 -2.56942332e-01
-2.59526074e-01 2.97254845e-02 -1.22049130e-01 1.24917239e-01 -1.08415857e-01 1.96620766e-02 1.85754240e-01 -1.31145716e-01 -5.17818630e-01 1.66709161e+00 -3.85528892e-01 -7.94018134e-02 -2.43367642e-01 1.24059951e+00 -2.02789590e-01 -9.32224933e-03 2.71538757e-02 -2.17854511e-02 -2.00814188e-01 -2.88701028e-01 9.04074237e-02 2.39628643e-01 1.09012388e-02 -2.03662470e-01 -6.93613440e-02 1.10681109e-01 3.96933079e-01 3.77433360e-01 2.84323901e-01 -4.86163318e-01 3.77510160e-01 -1.62152410e-01
-1.26641110e-01 -1.94600135e-01 6.49475873e-01 4.45974380e-01 -1.67845368e-01 -3.64932835e-01 -1.07350123e+00 1.87723666e-01 2.21245930e-01 4.19905603e-01 5.00670820e-02 -1.96758751e-02 1.52329341e-01 1.77504778e-01 -2.49983415e-01 5.83318472e-01 3.33362818e-02 1.93146273e-01 -1.82960659e-01 -2.98175454e-01 8.33356798e-01 4.33031023e-01 3.59425515e-01 -6.24820352e-01 5.73949330e-02 6.62065819e-02 -2.37748161e-01 2.79143542e-01 -8.67087841e-02 2.96972543e-01 -1.54893667e-01 -3.32792521e-01
9.35760617e-01 -4.36030984e-01 4.00319338e-01 1.01242042e+00 -2.75644898e-01 3.24698240e-01 -8.91839862e-01 -6.02111459e-01 5.85328102e-01 -8.97803009e-01 -2.43076548e-01 6.99257731e-01 -1.26880455e+00 -1.92325294e-01 7.28820980e-01 -4.46743906e-01 -1.33061081e-01 7.33942464e-02 6.54884040e-01 6.95767581e-01 3.96474659e-01 -5.19437313e-01 -1.96987212e+00 -4.74812537e-01 7.23032176e-01 5.32969534e-01 -7.80448675e-01 -4.83095169e-01 -1.20580671e-02 1.28895378e+00 -4.28812534e-01 -2.72014052e-01
-2.58384794e-02 1.81807160e-01 -3.48467380e-02 -5.22663072e-02 -1.62661642e-01 -4.18344401e-02 1.39948623e-02 -4.88362797e-02 -4.65578549e-02 -1.44847203e-02 4.18188460e-02 9.31473449e-02 8.43730196e-02 -4.33759801e-02 1.54360965e-01 -1.19663559e-01 9.63722691e-02 1.92009613e-01 -1.87788866e-02 -2.86867082e-01 1.41149491e-01 4.49351966e-02 -1.89739857e-02 -2.04784446e-03 -3.08417648e-01 -4.89863679e-02 1.56863313e-02 -7.29804039e-02 1.68685976e-03 -1.19723370e-02 -8.24573636e-03 -2.18459591e-01
1.45514995e-01 3.07635754e-01 1.58533835e+00 4.95995671e-01 -1.20459330e+00 1.24880552e-01 -3.47147673e-01 -6.06872916e-01 9.18868721e-01 4.82461393e-01 2.20029727e-01 -3.87773901e-01 -9.44423556e-01 9.24423099e-01 1.95203908e-02 -3.49976993e+00 -2.64300972e-01 -4.55546474e+00 4.18622673e-01 7.50449449e-02 -1.22304702e+00 9.32777882e-01 3.24310869e-01 2.20261708e-01 2.44593456e-01 -2.08043247e-01 -4.75684762e-01 6.73145890e-01 -2.21863672e-01 3.90757322e-02 -1.04188606e-01 -3.44711170e-02
-8.15331340e-01 1.86108589e-01 1.17664702e-01 -7.30103850e-01 3.10139712e-02 -1.59461901e-01 -1.91517681e-01 4.81612623e-01 -6.68534562e-02 1.50016870e-03 1.26352996e-01 -3.09095919e-01 4.30155724e-01 4.38456237e-01 -4.00901765e-01 -2.32229054e-01 2.14387819e-01 -1.34394974e-01 -3.44481587e-01 1.60726622e-01 7.54740313e-02 6.92319036e-01 2.15583637e-01 -2.52887756e-01 -1.17442951e-01 2.92368352e-01 -6.99059308e-01 7.55746365e-02 7.75743946e-02 -5.49269259e-01 -1.13135338e-01 -7.34761298e-01

layers.2.bias:
-1.31034768e+00
-8.09773028e-01
6.40217423e-01
-6.02710485e-01
1.91083625e-01
-3.27255249e-01
2.80601531e-01
2.16121197e+00
4.77067798e-01
8.28639269e-01
-9.38766062e-01
-1.34981334e+00
-4.22055811e-01
8.99007916e-01
-3.03980052e-01
-6.88877642e-01
-8.15776587e-02
-7.53953278e-01
3.40447485e-01
-9.96743664e-02
-1.41959906e-01
7.59437382e-01
8.18629444e-01
-1.24482349e-01
-3.83241296e-01
1.04337478e+00
-9.75459874e-01
-1.05166709e+00
5.09339571e-01
-1.29861891e+00
2.94522941e-02
-6.70611188e-02
7.94611454e-01
1.37442037e-01
-2.07279876e-01
-3.39599885e-02
-1.58274129e-01
1.42004609e+00
1.05019987e+00
-8.93184990e-02
9.65390086e-01
-2.15430364e-01
-5.22732139e-01
1.38998032e+00
2.76578844e-01
-9.87210691e-01
1.07032955e+00
-3.81990343e-01
8.08970273e-01
1.79316568e+00
1.69928566e-01
3.01653236e-01
1.21921018e-01
-6.35575414e-01
2.96613902e-01
-3.87806036e-02
7.49627471e-01
-3.85433361e-02
-1.09891526e-01
-6.16589725e-01
5.76923609e-01
5.31917661e-02
-2.63028055e-01
7.18674541e-01

layers.4.weight:
2.93428302e-01 1.22121293e-02 -3.91027257e-02 3.22784501e-04 -2.53951792e-02 2.37755757e-02 -6.74284471e-04 -7.06558764e-01 -5.79542853e-02 -3.99410963e-01 3.01243346e-02 9.10126090e-01 -1.82821369e+00 -1.02644131e-01 1.66364890e-02 -1.51001751e+00 6.93336653e-04 6.01996556e-02 -1.76937599e-03 7.88030622e-04 9.64507181e-03 -8.75897929e-02 -1.11473510e-02 2.97512174e-01 -3.82584035e-02 -2.72975918e-02 9.96696670e-03 7.74664760e-01 -4.12623465e-01 3.80204022e-01 -5.10389172e-03 -1.47022843e-01 -3.08695640e-02 -4.86409363e-06 2.77371854e-02 1.39695569e-03 4.65540597e-06 -1.45912021e-01 -1.63766555e-02 1.34079561e-01 -5.80229573e-02 2.61629075e-01 1.07017392e-02 -1.16531074e-01 -9.09457274e-04 1.38195351e-01 -1.29739856e-02 1.74143561e-03 -1.01136662e-01 -6.61912918e-01 -4.19616066e-02 -1.61060113e-02 3.78909404e-04 5.47222840e-03 -1.09147012e+00 6.66321313e-04 1.15798925e-04 -3.17455471e-01 -7.52999783e-02 1.37675051e-02 -2.50413958e-02 1.24718715e-03 8.43644381e-01 -1.04028862e-02

layers.4.bias:
-1.08783329e+00

