layers.0.weight:
3.31696361e-01 -5.67613244e-01 7.97264636e-01
5.69172144e-01 -8.09445798e-01 -5.80563486e-01
-8.31293464e-02 -6.13938749e-01 -5.77727258e-01
-1.07055378e+00 1.15616508e-01 4.58123112e+00
2.67282110e-02 4.11940843e-01 1.16166264e-01
-5.79876065e-01 8.58121514e-01 -1.84879377e-01
-1.31842160e+00 4.86020595e-01 -9.88645032e-02
-6.01682402e-02 7.88846374e-01 -9.23566997e-01
6.03414774e-01 -9.26082134e-01 5.12713566e-02
-1.11527514e+00 5.86289167e-02 -1.64189592e-01
7.53551662e-01 -9.85680073e-02 1.41279221e+00
-7.16238439e-01 -1.31785080e-01 -1.29353356e+00
-4.30584475e-02 7.12955832e-01 -1.57757306e+00
-1.16726887e+00 2.10410804e-02 5.00053525e-01
-6.46977663e-01 1.09646142e+00 7.52028525e-01
-1.81771189e-01 9.48456824e-01 1.64468549e-02
5.46070874e-01 -6.33792400e-01 -1.45019031e+00
-1.15504665e-02 1.12846863e+00 1.84981868e-01
8.07071701e-02 -9.54183042e-01 5.35116851e-01
3.41117471e-01 -1.28724232e-01 -8.64976227e-01
2.23475501e-01 1.65966094e-01 -5.10879010e-02
-3.24195027e-01 -2.56797969e-01 -1.00232065e+00
-4.64660525e-01 1.65601885e+00 -4.46076952e-02
-1.56447518e+00 4.06930357e-01 1.75152493e+00
1.05132234e+00 3.79940838e-01 -7.78481364e-01
2.59609371e-01 6.71772659e-01 -1.17486012e+00
-1.16151750e-01 -2.13369340e-01 1.90187418e+00
-3.97779703e-01 -2.44972542e-01 1.92939892e-01
3.22416067e-01 7.57217348e-01 -1.46468067e+00
-1.04933763e-02 4.65525806e-01 1.70563948e+00
-2.89658904e+00 2.84448242e+00 -1.78299040e-01
-1.26738083e+00 -5.19488692e-01 1.02004325e+00

layers.0.bias:
8.77201200e-01
4.81547834e-03
-1.42384720e+00
-6.34384930e-01
7.07518518e-01
-2.04255387e-01
-3.54310095e-01
2.86240637e-01
-7.45998621e-01
-1.59115899e+00
1.64644122e-01
1.80825554e-02
2.46107668e-01
-1.21306002e+00
-2.90836543e-01
1.43946290e+00
9.34610724e-01
1.82654703e+00
-6.68276668e-01
5.78918040e-01
-1.44309163e-01
-1.35729384e+00
1.02535832e+00
-7.05530941e-02
1.36946186e-01
5.60703695e-01
8.80503118e-01
-1.57881156e-01
-4.88352716e-01
7.31267482e-02
8.91685039e-02
-6.70209900e-02

layers.2.weight:
-4.89862144e-01 2.82812744e-01 1.54565051e-01 -5.26028633e-01 -3.39247108e-01 9.38505866e-03 9.47883502e-02 -4.53549437e-02 -1.68013051e-02 3.05223799e+00 5.78937605e-02 1.21412650e-01 -1.96334586e-01 2.48344994e+00 -3.22537601e-01 2.88568020e-01 1.66933329e-04 4.82166290e-01 1.42450497e-01 -2.30512157e-01 2.32333705e-01 -2.50262232e-03 -5.88474452e-01 6.35100842e-01 -1.27444491e-01 6.31454289e-01 -8.32836866e-01 -1.14517957e-01 -8.65480974e-02 -2.69208193e-01 -2.93315381e-01 2.92184770e-01
-7.93339387e-02 1.38604552e-01 -8.50487709e-01 1.25411320e-02 -3.43955219e-01 1.42039329e-01 -7.17566669e-01 -4.50163633e-01 4.43059862e-01 6.61296666e-01 2.83011228e-01 -2.01131240e-01 2.85679221e-01 -5.35020307e-02 -2.85160184e-01 4.48742151e-01 -3.35494131e-01 4.10328984e-01 -4.73026007e-01 -1.83266420e-02 5.89874268e-01 -9.81650949e-02 -3.66140485e-01 -8.79859328e-02 5.41348429e-03 -2.83971857e-02 -3.62070560e-01 -5.19129634e-01 8.31615478e-02 -2.57922858e-01 -1.02968859e-02 1.87615186e-01
-4.87450957e-02 -1.16264578e-02 -3.34303193e-02 -7.60212660e-01 -4.22898918e-01 -1.35926735e-02 -4.78496075e-01 3.39802176e-01 4.48188096e-01 7.13952184e-01 -5.52597284e-01 -8.52282643e-02 1.71409085e-01 -3.48707289e-03 -9.09371823e-02 -4.81248260e-01 -4.63422649e-02 -1.72933802e-01 -1.24535851e-01 5.90367079e-01 -2.93839484e-01 -2.62479067e-01 4.10502702e-01 -1.35879612e+00 3.21771711e-01 4.50316906e-01 -1.17669225e+00 -5.24622500e-01 4.32762921e-01 -3.80613565e-01 9.66362134e-02 -8.85194913e-02
2.39460826e-01 -1.74542546e-01 1.57059982e-01 1.35874403e+00 2.96137333e-01 3.97966832e-01 6.49011314e-01 -2.38246217e-01 -1.80265367e-01 -3.55676115e-02 1.73404634e-01 -7.40936846e-02 -5.85677743e-01 1.98721752e-01 7.25246191e-01 7.80980170e-01 -5.31597853e-01 2.85251737e-01 2.94485927e-01 -1.61274695e+00 -7.04840124e-01 -1.42948434e-01 4.24015671e-01 1.76458359e+00 -8.66064548e-01 -5.52920580e-01 5.07459223e-01 5.53322673e-01 -6.58107936e-01 -1.45555139e-01 -3.17093246e-02 5.36884248e-01
1.34010345e-01 -3.08973551e-01 3.34334016e-01 -4.55185324e-01 -1.08378455e-01 -3.08397323e-01 -1.13191104e+00 1.58466607e-01 4.02775913e-01 -5.39905310e-01 4.16551888e-01 -7.35029757e-01 8.10765326e-01 -8.47873569e-01 -1.27690867e-01 -1.06165290e+00 -3.01993430e-01 -1.06223512e+00 -8.50550309e-02 -9.85400006e-02 8.10584068e-01 -5.05800724e-01 1.37505561e-01 -3.55152577e-01 -7.57117033e-01 6.53006613e-01 9.01849270e-02 -5.12722492e-01 -2.27799028e-01 6.05695307e-01 -2.04630718e-01 -2.52695642e-02
-1.81745887e-01 2.56421149e-01 2.56578326e-01 1.33609846e-01 -7.54496694e-01 -6.06246710e-01 -5.10465920e-01 2.89828122e-01 1.88940272e-01 -4.42920864e-01 5.35947919e-01 4.11415815e-01 -5.17215468e-02 -3.06628108e-01 -3.13916504e-01 -8.91056538e-01 -3.77392888e-01 -1.15208197e+00 6.83781981e-01 -2.40704700e-01 -6.28200591e-01 -6.00095652e-02 -6.18461728e-01 -4.09124076e-01 1.83835015e-01 9.79046524e-02 1.22305483e-01 1.03654587e+00 -1.12777762e-01 -4.69867051e-01 -3.54269773e-01 1.71170264e-01
-4.73689400e-02 -5.20233531e-03 -2.11779922e-01 4.61094221e-03 -1.47006899e-01 1.89603269e-01 -9.60980952e-02 -4.08666462e-01 -1.56807601e-01 2.16357514e-01 2.81931043e-01 6.62964508e-02 2.77931243e-01 -3.30320559e-02 3.52221262e-03 -2.19588190e-01 3.03706108e-03 1.29033044e-01 -5.06694317e-02 -3.27896506e-01 -3.86125445e-01 1.21663876e-01 6.65556192e-02 1.52196437e-02 1.65271834e-01 2.45176926e-01 -3.45238239e-01 -4.00807112e-01 -1.78670928e-01 8.58336911e-02 -1.15534313e-01 1.33940905e-01
2.29160875e-01 -1.99931674e-02 -5.32498121e-01 4.27018195e-01 5.07958472e-01 -4.86356169e-01 5.67811867e-03 4.57993895e-01 1.16533287e-01 -4.40482050e-01 -5.15780374e-02 8.80391479e-01 2.46408463e-01 -5.02804399e-01 -5.20607196e-02 1.64243922e-01 4.35087144e-01 3.13663721e-01 1.76561624e-01 4.19528693e-01 -1.32227552e+00 -9.88243461e-01 3.50978255e-01 4.82804775e-01 3.59742045e-01 6.95168257e-01 6.71048939e-01 3.71721208e-01 -5.13372183e-01 5.67784786e-01 1.29232362e-01 -4.20712858e-01
1.63369700e-01 2.01410860e-01 -6.41854405e-01 -3.03048968e-01 1.30212653e+00 -4.71001685e-01 -3.72882903e-01 -2.86075085e-01 -9.68404472e-01 8.50336254e-02 4.00920242e-01 3.55994046e-01 7.37153649e-01 7.92463794e-02 7.20663890e-02 2.13316035e+00 2.53252447e-01 1.50795817e+00 -5.81272066e-01 -1.75429359e-01 -1.11927696e-01 -3.16094398e-01 5.03816037e-03 3.07892621e-01 9.86459479e-02 4.45032835e-01 4.00746102e-03 2.43424013e-01 9.30131748e-02 1.00334212e-01 2.16237521e+00 -4.09906834e-01
-6.09064817e-01 1.41325489e-01 -1.02806792e-01 -5.13987601e-01 3.85455966e-01 -2.70428020e-03 -6.01464286e-02 3.64108086e-01 4.66640204e-01 -1.94045782e-01 2.47876085e-02 2.20611066e-01 1.74028277e-01 2.66298175e-01 -4.12498593e-01 -7.33456492e-01 3.04661691e-01 -4.69409972e-01 -4.04681712e-01 -6.43375292e-02 -6.84351742e-01 -2.40144983e-01 7.32913017e-02 -2.23796777e-02 -2.42341608e-01 -1.08858272e-01 -1.66052803e-01 2.89882064e-01 2.55377591e-01 1.69012070e-01 9.20318812e-03 -7.79255643e-04
3.61967087e-01 -2.05514163e-01 4.60253470e-03 -4.47575212e-01 -5.86002946e-01 -6.70900702e-01 -4.25063431e-01 1.96181923e-01 5.40383637e-01 5.55811003e-02 -6.12048388e-01 -2.91792937e-02 9.36238647e-01 -4.19360638e-01 -2.71686375e-01 -3.40927333e-01 -5.77180147e-01 -1.04068184e+00 -6.42466033e-03 4.16062959e-02 1.04009318e+00 -2.16255307e-01 -1.13295043e+00 9.07282438e-03 1.35964468e-01 1.47765791e-02 -5.20339489e-01 -6.38948917e-01 3.23315561e-01 -4.81833696e-01 -3.04304421e-01 1.22768894e-01
-4.44083303e-01 -8.44626725e-02 1.43576145e+00 -1.00807798e+00 3.09403595e-02 5.57156026e-01 2.55389512e-01 -2.00840935e-01 -3.84414345e-01 2.20644546e+00 -1.15392387e-01 2.87466235e-02 4.33856964e-01 3.27977109e+00 -4.77307476e-02 -1.68655917e-01 4.50345248e-01 -1.62695694e+00 2.63724267e-01 -1.84435904e-01 1.13391533e-01 6.81537688e-01 1.57365456e-01 8.02472651e-01 -2.07991332e-01 -3.95888239e-01 1.57774925e-01 -1.74697861e-03 3.65437061e-01 -1.02497660e-01 4.13955420e-01 -2.15066865e-01
-4.91564006e-01 -1.06845424e-01 9.13438439e-01 3.78237277e-01 -6.66713059e-01 5.24974883e-01 -3.66283022e-02 -9.78710890e-01 4.07881230e-01 5.15918911e-01 1.90398768e-01 2.25358978e-01 -4.84528393e-01 -2.20951214e-02 3.58894318e-01 -4.30246973e+00 -4.49088328e-02 -6.06061077e+00 7.12696373e-01 -9.33482170e-01 -8.07012737e-01 4.10663784e-01 5.11480629e-01 -8.52332190e-02 -3.09326619e-01 -2.27156460e-01 -3.80505562e-01 7.10217714e-01 -6.92548454e-01 -3.65089178e-01 -5.23423910e-01 -2.19178692e-01
3.02744322e-02 -2.14922965e-01 -6.84029937e-01 -4.16542515e-02 -3.14912908e-02 2.13981997e-02 2.24403054e-01 3.38193089e-01 3.67978394e-01 -3.23275328e-01 5.71618319e-01 -2.77254730e-01 3.12901467e-01 -8.08422506e-01 -2.69353718e-01 -2.63004955e-02 -2.70536184e-01 3.36331278e-01 -1.42253861e-01 9.68599766e-02 1.39459446e-02 -1.82415441e-01 1.77376181e-01 -1.77567616e-01 -1.17283270e-01 7.48088777e-01 1.40976980e-02 7.59917125e-03 -1.60818189e-01 2.84951091e-01 1.78368334e-02 3.48343313e-01
-9.94186342e-01 1.52950868e-01 4.72160317e-02 4.50754493e-01 -5.48282981e-01 7.42361248e-01 -2.90844202e-01 -2.28244677e-01 4.32904065e-01 -9.42871645e-02 -6.77166343e-01 1.41947329e-01 4.22107540e-02 -1.97510749e-01 -2.19261378e-01 -7.88685024e-01 1.24978088e-01 -8.72570813e-01 -2.53960043e-01 2.08866134e-01 1.36035466e+00 9.38670397e-01 -5.77566260e-03 2.15619892e-01 -5.08900821e-01 -1.73459109e-02 -4.75067645e-01 2.24736840e-01 5.75257719e-01 -1.35399833e-01 -1.08680189e-01 2.87387311e-01
-4.80598807e-01 3.68541814e-02 2.93198854e-01 4.41501029e-02 -3.50565463e-01 1.38981670e-01 -1.00638676e+00 9.61813796e-03 1.59710705e-01 4.70448017e+00 5.20456493e-01 4.04829443e-01 3.16805571e-01 2.36766672e+00 3.47026326e-02 -7.07903951e-02 -4.02689666e-01 -2.52106905e-01 -1.17509784e-02 -1.45086035e-01 -6.46597743e-01 5.33037841e-01 -8.94196797e-03 4.04297672e-02 -3.22762758e-01 -3.12311590e-01 -7.33024120e-01 2.67157942e-01 -6.61558583e-02 -7.34890044e-01 1.02717042e-01 -2.98978567e-01
8.67246301e-04 1.57676861e-01 -6.31185845e-02 2.99215727e-02 1.21286847e-02 -6.54069986e-03 4.77357842e-02 -6.18121587e-02 5.06393313e-02 -1.56156301e-01 7.69400969e-02 4.01169397e-02 4.90487665e-02 1.04631469e-01 1.02379724e-01 1.20218173e-02 4.45356704e-02 1.78782456e-02 2.28990591e-03 1.08838536e-01 2.72459567e-01 1.05918720e-01 -2.93764099e-02 2.68282816e-02 6.24642819e-02 2.39183921e-02 5.02118357e-02 2.56620198e-01 2.49946322e-02 -3.55025264e-03 2.46339366e-02 2.69587040e-02
1.83883399e-01 -1.20741390e-01 -6.52317584e-01 4.92149219e-02 2.92537600e-01 -2.05914021e-01 -2.88312167e-01 -2.82031089e-01 2.86569595e-01 -7.15656996e-01 4.84370328e-02 -1.56924054e-02 2.09884405e-01 4.72544655e-02 -9.40233544e-02 2.45677710e-01 -3.04867387e-01 5.44299066e-01 -1.80058748e-01 9.17614996e-01 2.48460427e-01 8.42712149e-02 -4.65691417e-01 -1.20155886e-01 -8.71762410e-02 -4.20475364e-01 8.43067110e-01 -5.44205785e-01 2.45523006e-01 3.10475290e-01 -2.42144428e-02 1.63338721e-01
-2.26806745e-01 -1.55045733e-01 -1.62180141e-01 -2.43527934e-01 9.89775583e-02 -4.08562534e-02 2.17461184e-01 1.03232294e-01 4.72260624e-01 -3.63586992e-01 -2.03592956e-01 -8.44262421e-01 5.02831936e-01 1.70688722e-02 -1.19745336e-01 -1.86260954e-01 -2.48077512e-01 -1.48090348e-01 2.45654464e-01 -1.42660439e-01 -6.57765195e-02 -1.42309234e-01 3.24646950e-01 -2.02076003e-01 2.03887537e-01 2.14130878e-01 -2.14418694e-01 4.85599160e-01 5.12068905e-02 3.13424408e-01 2.05983877e-01 1.02676719e-01
5.30312695e-02 1.70907781e-01 -1.44821387e-02 6.89336732e-02 -5.01496792e-02 1.11250132e-01 -3.26101854e-02 -6.77435845e-02 3.65338586e-02 6.53440505e-02 6.59120381e-02 1.10680774e-01 -6.29322827e-02 -6.14800453e-02 1.13813743e-01 4.52611774e-01 6.53834194e-02 -3.14381838e-01 2.22822092e-02 -9.27546993e-02 -1.03137717e-01 -1.33913979e-01 4.21257224e-03 -1.49191702e-02 3.19999680e-02 1.32128149e-01 6.85485173e-03 -9.77042131e-03 9.86052826e-02 1.23022031e-02 -1.53350588e-02 4.63241115e-02
2.52802223e-01 -4.65900376e-02 6.61907136e-01 5.84781826e-01 -3.55039150e-01 -4.18274514e-02 -6.54805541e-01 -9.82205942e-02 -1.79983884e-01 -5.97972512e-01 -1.85551271e-02 8.45459044e-01 4.42319036e-01 -3.89551699e-01 6.23929560e-01 4.18501198e-01 3.61942090e-02 -2.17381969e-01 3.72665644e-01 4.77733225e-01 -3.12379748e-01 9.69726741e-02 6.56449974e-01 1.10165752e-01 9.62122530e-02 -4.23718959e-01 1.45529017e-01 1.96796656e-01 -1.13217570e-01 -2.76638493e-02 1.43095672e-01 4.80726570e-01
2.37077057e-01 -1.24519311e-01 8.64890777e-03 1.81688443e-01 4.13152613e-02 1.73138842e-01 8.68878007e-01 4.70016450e-02 5.17854512e-01 2.61973619e-01 3.72974515e-01 3.35424840e-01 -4.29690778e-01 -5.17284155e-01 1.21581309e-01 -1.02560318e+00 -8.76365975e-02 -7.12540865e-01 -7.20388517e-02 -4.83633280e-01 -4.66784000e-01 -4.52377163e-02 3.08978379e-01 4.58494090e-02 1.41838685e-01 -4.49794650e-01 -6.75845444e-01 3.92831713e-01 -7.81950131e-02 -1.55977145e-01 2.49815106e-01 -1.61230013e-01
8.05842727e-02 5.04231937e-02 -1.99760556e-01 3.70363414e-01 -1.62494376e-01 3.33587378e-01 3.65240067e-01 -2.62356162e-01 -1.99510515e-01 3.80991787e-01 -1.23861618e-03 1.15334898e-01 4.64257121e-01 5.05764306e-01 -2.12289318e-01 -8.45898747e-01 5.89188993e-01 -3.42097849e-01 8.47214460e-02 -2.12878808e-01 -3.47853541e-01 7.72405043e-02 -4.82661247e-01 1.53671324e-01 -3.69387776e-01 -8.74778405e-02 -9.23783779e-02 -4.63050783e-01 8.55410248e-02 -1.54138133e-01 -6.04463480e-02 -2.88220584e-01
7.87391305e-01 -6.32909732e-03 -2.89351583e-01 5.04334532e-02 4.13257331e-01 -4.20770675e-01 2.26006106e-01 4.32085961e-01 -6.84889480e-02 -2.54751420e+00 -3.60693522e-02 3.40105712e-01 5.03739178e-01 -1.62775278e+00 1.25385597e-01 6.23936117e-01 2.29401752e-01 4.85574424e-01 -3.44648957e-01 1.19216971e-01 3.37336183e-01 -1.22051992e-01 -1.38208330e-01 -1.70390248e-01 -5.17929554e-01 -7.49429092e-02 -1.64479926e-01 -3.57184000e-02 2.33062461e-01 -9.91564989e-03 1.97396159e-01 -1.81402136e-02
-8.30617189e-01 1.70212686e-01 -8.18526521e-02 1.07201695e-01 9.57435220e-02 -3.81097198e-01 1.10312879e+00 -3.12224347e-02 -1.00597966e+00 7.54287839e-01 -7.05764055e-01 3.90678905e-02 1.88614011e-01 7.50742406e-02 -7.21711099e-01 7.63647199e-01 6.17440403e-01 7.13299334e-01 1.69617563e-01 3.11989207e-02 -2.80390054e-01 3.34050328e-01 4.83863354e-01 9.41785932e-01 -5.40395200e-01 5.26444554e-01 -6.32656813e-01 2.86396928e-02 8.44064832e-01 -4.67737049e-01 1.08647756e-01 1.45631313e-01
-5.21976709e-01 6.09927773e-01 -8.09991807e-02 -1.10903770e-01 5.95021546e-01 1.37746170e-01 -3.60513316e-03 4.84439373e-01 -2.71692663e-01 4.76879895e-01 9.21182409e-02 -1.73926562e-01 1.87035382e-01 2.53558189e-01 -5.76469243e-01 -1.60555914e-01 -1.43060178e-01 -3.43729816e-02 4.18713152e-01 -4.55990344e-01 -6.13402948e-02 -3.06905538e-01 -9.81492177e-03 -4.31270480e-01 8.90858099e-02 -2.37458244e-01 -5.33832431e-01 -4.66855943e-01 1.45577088e-01 -3.33826214e-01 -3.23996931e-01 -2.70302862e-01
-9.90371183e-02 2.38027364e-01 4.62263972e-01 3.15555274e-01 -3.54250461e-01 -3.19501638e-01 1.87728673e-01 1.74146220e-02 1.44065648e-01 -3.77541214e-01 -6.60565019e-01 5.31093888e-02 -2.26773143e-01 -9.13260430e-02 -1.96180306e-03 5.89016318e-01 -3.86250019e-02 7.31389225e-02 3.31144750e-01 2.31331334e-01 -2.22327605e-01 -6.91302240e-01 6.91755563e-02 1.05616450e-01 -2.86296215e-02 1.80959448e-01 -2.49463748e-02 -1.59565121e-01 -3.14369380e-01 -1.70507565e-01 1.81034490e-01 3.51454020e-02
-8.21678638e-01 4.35932249e-01 -6.60845339e-01 -9.77954507e-01 -1.81595966e-01 -2.04579070e-01 -3.95539939e-01 3.68409872e-01 1.06651843e-01 3.98538142e-01 -3.43096443e-02 1.60877034e-01 1.46931738e-01 2.76810020e-01 1.32512189e-02 1.10521698e+00 6.59357846e-01 1.30386150e+00 -6.92628205e-01 4.44286428e-02 5.68585515e-01 -7.80546844e-01 -6.01701915e-01 4.50419128e-01 -1.38182640e-01 -4.59177524e-01 3.07474166e-01 2.85352290e-01 6.02099359e-01 -7.82877147e-01 2.15949863e-01 -2.64175534e-01
1.26241475e-01 -5.87912023e-01 3.05681024e-02 -1.05038799e-01 -8.19526970e-01 5.57818413e-01 9.15390626e-02 -5.21715462e-01 5.85556328e-01 1.04663229e+00 -1.89072803e-01 7.90509433e-02 5.34614623e-01 4.69206035e-01 7.47087151e-02 -1.18610060e+00 -4.72625196e-01 -1.29340386e+00 1.57380596e-01 1.93749681e-01 2.84710884e-01 3.44186783e-01 2.20279396e-01 2.25733876e-01 1.94924369e-01 7.23117739e-02 -3.99381369e-01 -2.69324034e-01 -3.73373270e-01 -3.24837804e-01 3.32307756e-01 3.73631924e-01
-2.73028836e-02 -9.62019742e-01 3.35783243e-01 1.61147153e+00 1.41448751e-01 6.95387274e-02 -1.31084278e-01 -2.94087708e-01 -2.08371490e-01 2.17170641e-01 1.11232543e+00 -1.00776792e+00 -1.13284695e+00 -3.83426130e-01 1.84383079e-01 -1.10970877e-01 -1.19751191e+00 5.79982936e-01 6.57176137e-01 -6.79705918e-01 8.28942835e-01 1.63283080e-01 -7.46496907e-03 -5.79799190e-02 -3.90947349e-02 -5.37090540e-01 2.34504282e-01 5.89197241e-02 -9.08097506e-01 1.29174900e+00 -6.14534676e-01 2.59931330e-02
-7.14112163e-01 -1.04442127e-01 2.76310176e-01 3.55831049e-02 1.40805006e-01 2.21402004e-01 1.80546373e-01 1.95804939e-01 -3.29904079e-01 -1.99687853e-01 -1.05365944e+00 3.59822720e-01 5.84282935e-01 1.28810421e-01 1.03844352e-01 -2.22455412e-01 4.49875385e-01 -6.06849231e-02 -2.37159714e-01 -2.60393530e-01 -6.41174018e-01 1.87238634e-01 1.53175637e-03 -7.32397437e-01 3.19322914e-01 6.90826833e-01 -2.16892108e-01 -6.59897923e-02 -2.36837342e-01 -3.17805827e-01 -3.18437576e-01 -1.66191012e-01
-2.52099872e-01 -3.29271913e-01 -2.01255083e-01 -6.69772625e-02 -3.29400182e-01 -9.12046731e-02 2.16072828e-01 1.71818033e-01 -5.30685425e-01 1.37294865e+00 -7.42902681e-02 -1.43878028e-01 -5.88611305e-01 7.41111338e-01 -2.04039857e-01 -6.30241781e-02 -2.10812166e-02 6.88466728e-02 8.49005729e-02 -2.66018927e-01 1.94746569e-01 6.27305806e-02 2.91012704e-01 1.87481806e-01 2.74022017e-02 -1.55509233e-01 -1.03232116e-01 2.41849557e-01 2.08347455e-01 3.87133151e-01 -4.37884405e-02 1.17909551e-01
-1.75176546e-01 -3.71176511e-01 4.08045501e-02 -1.37754932e-01 -4.24311489e-01 5.80948830e-01 -1.79936498e-01 -3.91027749e-01 7.51075819e-02 -2.86856920e-01 -9.21830360e-05 4.54022199e-01 2.34785125e-01 4.82968837e-01 3.26199800e-01 -5.78104913e-01 -4.31042969e-01 -1.24788284e+00 -9.41310152e-02 -3.06664675e-01 -8.91803056e-02 9.14693415e-01 5.51221251e-01 6.42926335e-01 -4.67824787e-01 1.61353350e-01 9.05395076e-02 -2.35073149e-01 -3.19216937e-01 -2.95728147e-01 -1.85565069e-01 -8.42659026e-02
1.72766894e-02 -5.73013760e-02 1.47967517e-01 -8.85227025e-02 2.34848246e-01 -9.07516852e-02 -5.60540566e-03 -3.28147590e-01 -2.28808060e-01 3.24695826e-01 1.33315966e-01 1.69727311e-01 7.95612633e-02 -3.10294986e-01 -5.75963072e-02 -2.52884835e-01 5.85068017e-02 1.24349691e-01 -1.76879674e-01 -5.39590299e-01 1.36756018e-01 -1.39314175e-01 -9.37550738e-02 -3.78016047e-02 -2.56150179e-02 2.08272636e-01 -5.69793321e-02 3.06306891e-02 7.73655251e-02 7.24971443e-02 -3.77582870e-02 6.02470664e-03
1.42442852e-01 -5.21191478e-01 -2.01042265e-01 8.72677267e-01 -4.24403578e-01 -4.86154586e-01 5.79121560e-02 -2.66450197e-01 6.67125210e-02 2.95674443e+00 -4.42639083e-01 8.49169791e-01 5.45129597e-01 9.49277163e-01 7.00782537e-01 -2.21158974e-02 -2.13417020e-02 -4.57360484e-02 6.95739508e-01 2.84975857e-01 2.38707975e-01 8.42617303e-02 -2.90659726e-01 1.19244802e+00 -1.66509092e-01 1.71927102e-02 -1.87308103e-01 3.44959229e-01 -1.37878329e-01 1.38225868e-01 7.06316590e-01 1.34094983e-01
-9.59868953e-02 1.72687471e-01 1.11173458e-01 7.28053674e-02 5.24437092e-02 -3.88146825e-02 3.67752947e-02 1.12144917e-01 2.21916661e-02 -4.97801229e-02 1.75603881e-01 7.62140378e-02 9.15800631e-02 -2.02563163e-02 1.56823128e-01 1.56557456e-01 3.67786884e-02 -1.38203621e-01 -1.26752760e-02 8.69259089e-02 -1.61066726e-01 -6.61035404e-02 -1.56414397e-02 -1.97342644e-03 -4.63415772e-01 -2.15180755e-01 4.38937545e-02 -1.36206865e-01 -3.12157106e-02 -5.68501316e-02 2.06004307e-02 -4.47161108e-01
-2.94084358e-03 -9.21090022e-02 -6.02746233e-02 2.75262240e-02 -2.10094020e-01 3.76269296e-02 -2.54486427e-02 1.63472161e-01 6.05312549e-02 -4.65181321e-02 -1.77074447e-02 -1.16502857e-02 -6.66329041e-02 2.20855661e-02 -5.19803874e-02 1.94366693e-01 -1.07204489e-01 -1.46196797e-01 2.05594543e-02 3.34022045e-01 -2.45235145e-01 -1.04921229e-01 3.87667585e-03 -2.67287204e-03 1.93440355e-02 -9.06654000e-02 -5.92169724e-02 -7.68271834e-02 -6.62189871e-02 5.44650033e-02 1.80532914e-02 -4.80520586e-03
8.13850522e-01 -2.76071519e-01 3.42478544e-01 3.37800831e-01 -4.66686189e-01 1.54898353e-02 -5.31969011e-01 -7.70193365e-05 7.06783056e-01 9.21747237e-02 -2.00046346e-01 5.57437800e-02 5.41021079e-02 2.33719006e-01 7.50613332e-01 -7.03146636e-01 -4.58303273e-01 -8.21156442e-01 4.60484594e-01 -2.71174848e-01 -7.52401948e-01 2.47742906e-01 -1.10506915e-01 1.90659866e-01 7.64953792e-01 -4.04674672e-02 2.21337914e-01 -1.16941795e-01 -5.29900312e-01 2.24685550e-01 6.88353553e-02 1.52762756e-01
-4.79106307e-02 -4.47748035e-01 -1.52718067e-01 3.23910534e-01 1.33768007e-01 -5.03987610e-01 1.48669928e-01 1.68948725e-01 1.64885163e-01 -1.95651904e-01 -3.10024112e-01 5.17239630e-01 4.44093615e-01 -2.86228478e-01 3.09683621e-01 -5.05824387e-01 -3.31215292e-01 -7.28176713e-01 4.09796499e-02 -3.79353672e-01 -1.45861119e-01 5.84000535e-02 4.59854722e-01 6.07318878e-01 1.34281609e-02 -2.19226390e-01 3.47972453e-01 -2.12726548e-01 1.42723218e-01 -4.96714443e-01 1.28235534e-01 6.50090501e-02
1.33756921e-02 -1.25600779e-02 6.68875456e-01 1.34104982e-01 -1.05953360e+00 -3.86480957e-01 3.55508417e-01 -1.62481785e-01 5.66488624e-01 5.47592700e-01 -1.38828427e-01 -3.58043879e-01 -1.70299988e-02 5.26080549e-01 -1.86908580e-02 -2.14649320e+00 -3.21222663e-01 -2.67119670e+00 1.84238911e-01 -1.88943185e-03 -8.90762568e-01 6.29131615e-01 1.25661865e-01 2.03493517e-02 1.95740581e-01 9.68848541e-02 3.65199268e-01 2.82347947e-01 -2.00352803e-01 -7.47873843e-01 -4.74133164e-01 2.13181004e-01
-1.65600941e-01 -2.10456654e-01 -2.31841072e-01 -3.04090917e-01 -3.05853993e-01 5.32664001e-01 1.87164217e-01 -8.61020535e-02 -5.84391207e-02 3.47097069e-01 -2.01040581e-01 1.65503666e-01 7.98068419e-02 -2.48522177e-01 -1.73119307e-01 -6.08837306e-01 3.25154334e-01 -6.67149365e-01 -3.01747143e-01 4.38121855e-02 -3.28419536e-01 3.89668822e-01 -1.75547287e-01 3.43116909e-01 3.60877812e-01 -4.94161218e-01 4.58204120e-01 7.81152248e-02 1.00390986e-01 1.08461462e-01 -1.25464112e-01 2.97873504e-02
4.11505133e-01 6.70962930e-01 6.39747381e-01 -3.80201995e-01 1.64467782e-01 1.79504737e-01 1.85339183e-01 -1.20585524e-01 -8.28740597e-01 1.12552142e+00 -2.62810081e-01 -2.52773404e-01 -4.58770126e-01 1.22978663e+00 1.51276380e-01 1.31061852e-01 8.29004124e-03 -9.18314040e-01 2.77565300e-01 -3.03622961e-01 6.18595183e-02 6.74161375e-01 -1.98398069e-01 -3.52122694e-01 6.40718699e-01 -7.90814161e-01 5.12724817e-01 -7.32159987e-02 -3.27656835e-01 -5.80955863e-01 4.74835262e-02 -4.58117396e-01
-1.36841431e-01 -4.73676562e-01 2.32717544e-01 -1.77011088e-01 -1.61037639e-01 2.76948512e-01 1.42404735e-01 -2.67749041e-01 -6.10833585e-01 -2.07069471e-01 -1.06787309e-01 -6.62888493e-03 -9.37462002e-02 5.02074838e-01 6.19688153e-01 3.82951438e-01 2.34102741e-01 -3.85568380e-01 -6.87497342e-03 1.46042332e-01 -1.94971517e-01 3.31948191e-01 -2.15530559e-01 1.76530525e-01 -5.03339693e-02 -2.59483218e-01 4.02685553e-01 6.72349930e-01 -3.93115252e-01 -4.54733610e-01 3.89426082e-01 3.20962727e-01
-8.15874875e-01 -2.13922560e-01 -8.99313837e-02 -1.22188854e+00 2.23472387e-01 2.59151701e-02 4.09626335e-01 3.04761291e-01 -3.31373423e-01 1.21434438e+00 -1.20259082e+00 1.29006350e+00 7.29712009e-01 6.51097536e-01 -3.60221490e-02 8.14824045e-01 3.69527966e-01 1.07260145e-01 -2.75177330e-01 8.95559907e-01 -1.01655149e+00 -5.12956321e-01 5.51707566e-01 4.91467379e-02 4.25871015e-01 4.47169840e-01 9.50181067e-01 1.09482968e+00 3.23447734e-01 -9.32005405e-01 7.69533575e-01 3.52276951e-01
-1.13915257e-01 8.51753056e-02 3.03614080e-01 -4.76239547e-02 3.36728364e-01 -8.98141339e-02 -3.76687236e-02 4.09181789e-02 -7.35766366e-02 1.77725717e-01 1.82417352e-02 1.56528372e-02 -8.31087213e-03 -1.07318863e-01 7.67958239e-02 -1.28799155e-01 8.61480981e-02 5.36182486e-02 -7.92711414e-03 -4.19248074e-01 1.38494968e-01 -9.47505906e-02 3.31823714e-02 1.59947649e-02 1.37490049e-01 -1.43448226e-02 7.52582848e-02 1.44143090e-01 2.76682805e-02 -8.98878425e-02 -3.21342237e-02 5.55765145e-02
-7.71625265e-02 2.19276007e-02 2.59751946e-01 -7.65429363e-02 1.07389338e-01 -6.43803775e-02 5.78376114e-01 2.11231679e-01 3.08917701e-01 -1.43566144e+00 -3.02004457e-01 4.89108294e-01 6.07673168e-01 -7.12973058e-01 -2.05390126e-01 -2.80647993e-01 3.71508688e-01 -8.58504713e-01 1.25934437e-01 -6.19312108e-01 1.08324802e+00 -3.57821226e-01 -2.72256821e-01 -1.47127247e+00 6.61162138e-02 4.71696645e-01 -9.59790051e-01 -1.06143510e+00 4.04300451e-01 -6.46606982e-02 -2.15301231e-01 -3.92456263e-01
1.81758389e-01 -3.28283995e-01 -1.15300134e-01 3.43532503e-01 -1.30301997e-01 1.21849388e-01 -5.95084764e-02 1.20604418e-01 3.74856263e-01 3.92011628e-02 -1.90880924e-01 -2.22259406e-02 8.70411873e-01 -4.09956604e-01 4.01314050e-01 -2.94732243e-01 -1.78997088e-02 -4.40349132e-01 -3.89226347e-01 -4.58870903e-02 -8.30491632e-02 2.78369129e-01 3.25097680e-01 6.90383986e-02 1.93317831e-01 -8.36249739e-02 6.84057295e-01 1.55470490e-01 2.19243136e-03 2.51393378e-01 1.82190225e-01 5.93153276e-02
-1.57629058e-01 3.14073265e-01 -1.38405472e-01 -6.56546578e-02 -5.77723682e-01 -2.46806577e-01 9.65600163e-02 4.38239604e-01 -2.34299935e-02 -5.16684234e-01 -1.89709023e-01 7.86696095e-03 -3.28447253e-01 2.00752482e-01 2.65875429e-01 -1.84820712e-01 -1.11288302e-01 2.24905267e-01 7.48832002e-02 3.74030858e-01 -2.41707519e-01 -5.33949435e-02 -5.93920909e-02 -2.33575962e-02 -1.04187928e-01 -8.66551921e-02 2.51381844e-01 -2.92485058e-01 1.12650692e-01 -8.70107859e-03 1.10395424e-01 1.59164190e-01
1.08641677e-01 -5.30998707e-01 -9.88896489e-02 -8.19560289e-02 -1.31568238e-01 -2.17017993e-01 -7.42129758e-02 -1.95815355e-01 -3.17918777e-01 4.10967112e-01 2.15186253e-02 4.75371443e-02 3.29396665e-01 2.76344419e-01 -1.45648971e-01 -7.24297643e-01 -2.31887057e-01 -1.96074784e-01 2.59014424e-02 2.64441334e-02 1.23551898e-01 -5.88730834e-02 5.29172599e-01 8.11980665e-02 -3.25214922e-01 2.11847186e-01 3.61713022e-01 6.34290054e-02 -5.33314124e-02 1.48635268e-01 -1.26988366e-01 -2.63654917e-01
9.58716869e-01 1.11779064e-01 -5.53115129e-01 1.04960404e-01 6.19836934e-02 1.12273701e-01 5.47362328e-01 1.79703310e-01 -2.04697728e-01 -8.63987505e-01 -9.21421945e-01 1.45375848e+00 1.60789728e-01 -8.50057662e-01 1.99333310e-01 1.09982274e-01 1.88100949e-01 3.95757258e-01 -5.44021986e-02 1.49767369e-01 -1.72983563e+00 -3.54429632e-01 -9.51674044e-01 -8.97235051e-02 -8.19769382e-01 -2.60838936e-03 1.58242062e-01 9.33998346e-01 2.79591363e-02 -4.46315333e-02 3.27493483e-03 8.21070433e-01
-2.78172076e-01 2.01934323e-01 -8.71671379e-01 -1.71247572e-01 3.26200664e-01 4.38314795e-01 8.88127610e-02 1.58080041e-01 -1.24519296e-01 5.54146588e-01 -5.05878448e-01 -1.12382817e+00 4.81738716e-01 2.43641704e-01 -4.23731267e-01 8.07857573e-01 7.38436505e-02 1.42981577e+00 -6.34555995e-01 2.34014466e-01 3.12270999e-01 -8.58024694e-03 6.30353466e-02 5.69945872e-01 -2.20735326e-01 8.79902124e-01 -1.97353125e-01 -2.96908557e-01 1.90705806e-01 2.12095156e-02 8.51517200e-01 -1.13884196e-01
-9.58057940e-02 3.50026071e-01 -1.53151959e-01 -6.37047768e-01 -9.81593356e-02 8.68784964e-01 2.91901976e-01 8.39376390e-01 3.21484059e-01 3.75460774e-01 9.36074555e-01 -2.53497511e-01 1.09744318e-01 3.63606840e-01 4.48808149e-02 -7.14180768e-01 2.97577441e-01 -2.91270893e-02 -3.79444182e-01 -5.48310935e-01 -3.01996693e-02 -2.07172856e-01 4.10382092e-01 2.45076671e-01 -2.16259137e-01 2.02984646e-01 9.77957249e-03 -1.80337913e-02 -4.83168453e-01 2.32055292e-01 -1.91158280e-01 8.80816206e-02
5.88292927e-02 2.29469910e-02 -1.60762966e-01 2.02317759e-02 -5.54670617e-02 7.38070458e-02 5.02667166e-02 6.94627240e-02 -2.85647847e-02 -3.74277867e-02 -6.02221601e-02 -3.57025027e-01 2.32196763e-01 2.15353459e-01 7.88657740e-03 7.13272318e-02 8.02459717e-02 -3.66629995e-02 1.14724144e-01 2.41924942e-01 1.03760406e-01 2.76849836e-01 2.43069567e-02 2.00305820e-01 -7.35110641e-02 -2.97156572e-01 -1.64457098e-01 -1.54549778e-01 -3.06372404e-01 -1.33920014e-01 -2.07525715e-02 -2.95482099e-01
3.77118915e-01 5.17772697e-02 6.22515857e-01 3.25025469e-01 2.84146518e-01 4.32505995e-01 1.03660142e+00 -2.92431086e-01 6.50343657e-01 1.58687420e-02 -6.82315648e-01 2.40259543e-01 -4.49226260e-01 -3.73863220e-01 -5.15298396e-02 2.74113059e-01 -5.58605909e-01 -5.17485619e-01 2.31584787e-01 4.99154255e-02 -1.04432680e-01 6.50322199e-01 1.51499748e-01 5.73091924e-01 3.55913676e-02 -6.30561635e-02 -3.01563352e-01 1.69843927e-01 2.27163762e-01 3.45708430e-01 -4.04014215e-02 1.12869299e-03
-3.52271497e-01 -5.96394062e-01 1.51237738e+00 1.25419810e-01 -9.03603315e-01 -1.81018010e-01 -1.13328969e+00 -9.92915630e-01 3.09515446e-01 8.15049648e-01 2.62259394e-02 -4.98263180e-01 -3.27217042e-01 8.82298887e-01 7.17697859e-01 -1.86048150e+00 6.71078861e-02 -2.72518492e+00 1.75679219e+00 7.61081636e-01 -5.22398233e-01 1.72910321e+00 -3.84719908e-01 1.80419594e-01 3.89151812e-01 -7.13623583e-01 -2.16769367e-01 3.92838001e-01 2.08682299e-01 7.99786747e-02 2.94923663e-01 1.37564600e-01
3.02894190e-02 -8.29830579e-03 5.45218848e-02 3.77700925e-02 4.07690048e-01 -1.12492843e-02 2.93742716e-02 1.27003221e-02 8.13681632e-02 3.74591816e-03 -1.21681555e-03 -7.48731345e-02 1.03691235e-01 4.62739496e-03 -1.32803330e-02 -8.24884847e-02 1.05539234e-02 -2.72019785e-02 -5.50635792e-02 8.17883834e-02 1.48725808e-01 3.49933878e-02 -1.99913178e-02 -4.96991444e-03 -1.31863281e-01 -1.41240284e-01 9.49937664e-03 3.46617222e-01 -1.31622422e-02 -6.11682795e-02 1.56612825e-02 -2.41454154e-01
-4.28169966e-01 1.56926349e-01 -6.18601628e-02 -1.63141176e-01 -3.48319858e-01 7.08699152e-02 -1.25872299e-01 7.31851637e-01 2.40327679e-02 9.88150388e-02 -2.67192334e-01 8.37283790e-01 5.68872869e-01 3.07549655e-01 1.65057018e-01 1.39396666e-02 -3.62955034e-02 8.62761121e-03 -1.67008147e-01 5.47111891e-02 -9.68412980e-02 -5.60661018e-01 -1.98888462e-02 -2.96919674e-01 -2.83469737e-01 -1.26189411e-01 -7.00224042e-01 3.82501066e-01 -1.72721073e-01 -3.44347060e-01 -3.33684951e-01 4.50127482e-01
-6.09042719e-02 -2.12506205e-01 6.56326175e-01 2.48856261e-01 -7.45219111e-01 2.59260744e-01 3.11712682e-01 -5.80316663e-01 5.85097194e-01 2.24016637e-01 -8.66661519e-02 3.97233427e-01 -8.22886825e-02 -1.84555743e-02 2.14133248e-01 -2.18359327e+00 9.72072631e-02 -1.16334784e+00 5.20962402e-02 1.70292929e-01 2.45258026e-02 2.15212092e-01 2.99658477e-01 1.22570060e-01 -1.71397075e-01 -5.15491486e-01 -8.98694918e-02 -2.98361212e-01 -3.24155688e-01 -4.92077291e-01 2.17712551e-01 -3.29543740e-01
-1.18032999e-01 1.20196179e-01 -9.87294391e-02 1.66188091e-01 -4.44123238e-01 -1.21765457e-01 3.62606168e-01 -2.99578071e-01 -4.16408092e-01 1.78357983e+00 -3.65626037e-01 -4.53646444e-02 -3.10586125e-01 1.45738256e+00 -3.39024812e-01 -2.15346515e-01 3.54735330e-02 -3.29898953e-01 7.67044649e-02 -3.09433609e-01 -7.20327869e-02 2.10611477e-01 -1.25148252e-01 -1.49955556e-01 -3.39125693e-01 -8.74924299e-05 4.49244946e-01 6.48527205e-01 4.76570912e-02 -4.56483513e-01 5.81282377e-01 9.64150131e-02
-1.73369423e-01 -2.38225654e-01 6.17877781e-01 4.65151548e-01 -8.95874277e-02 -3.27054262e-01 -1.11660480e+00 1.84836239e-01 1.52007475e-01 4.22720104e-01 5.75532913e-02 -3.27423215e-02 1.32478461e-01 1.97624877e-01 -2.02128068e-01 6.42111361e-01 -4.02779179e-03 2.11503729e-01 -2.95725793e-01 -3.25211704e-01 9.00223434e-01 4.28807795e-01 4.82297033e-01 -5.93848884e-01 1.10319979e-01 5.89778088e-02 -2.18788892e-01 2.17346370e-01 -8.11154917e-02 3.16975534e-01 -1.30429581e-01 -4.04809415e-01
9.32918251e-01 -1.84113786e-01 3.74039680e-01 8.10832381e-01 -1.68660939e-01 4.92477193e-02 -6.59072340e-01 -3.59882623e-01 2.70913839e-01 -1.23121810e+00 -4.56817210e-01 9.69540417e-01 -1.05995178e+00 -3.88596117e-01 3.64108622e-01 -4.91345897e-02 1.20482169e-01 3.67202431e-01 3.30364525e-01 9.26267147e-01 1.55629650e-01 -3.85664016e-01 -2.36096406e+00 -6.54843509e-01 6.49049461e-01 7.52696335e-01 -9.74895239e-01 -3.43405366e-01 2.06149861e-01 1.07621193e+00 -2.98561513e-01 -2.10984886e-01
-9.19465721e-03 1.84482872e-01 -2.97821332e-02 -5.48998713e-02 -1.59407303e-01 -3.49219777e-02 3.57540064e-02 -4.82209548e-02 -4.03004400e-02 -9.58706904e-03 5.30254729e-02 7.99230561e-02 8.89739320e-02 -3.73105370e-02 1.44655138e-01 -1.36738956e-01 9.99339595e-02 1.87285691e-01 -5.80857461e-03 -2.77658939e-01 1.44939288e-01 4.04360257e-02 -1.00099333e-02 -1.90550946e-02 -3.13561887e-01 -3.28297019e-02 1.27249286e-02 -7.65145496e-02 -5.54517517e-03 -1.13155162e-02 -2.22119526e-03 -2.12514654e-01
1.21744744e-01 3.18152487e-01 1.60375869e+00 4.49473232e-01 -1.15997136e+00 1.66950300e-01 -2.64330894e-01 -5.69646001e-01 8.42076421e-01 4.61600721e-01 1.63145676e-01 -3.48316044e-01 -8.97562861e-01 9.14848924e-01 2.97558930e-04 -3.30779171e+00 -2.12855354e-01 -4.45367718e+00 3.89848918e-01 1.35032773e-01 -1.25801635e+00 9.87301052e-01 3.64150137e-01 1.94749326e-01 2.46101841e-01 -1.60870597e-01 -5.18437684e-01 6.87325835e-01 -1.95956916e-01 -6.22978434e-03 -1.32833079e-01 -9.10140108e-03
-8.52041245e-01 5.83219081e-02 2.94336211e-03 -6.47959113e-01 1.20668650e-01 -6.77147135e-02 -3.50105762e-01 4.05737579e-01 1.18221708e-01 -1.99103102e-01 2.10804239e-01 -3.90911311e-01 3.39972168e-01 4.25375134e-01 -2.81899393e-01 -3.63582164e-01 1.00030340e-01 1.04901125e-03 -2.77107924e-01 4.64632921e-02 2.47164667e-01 5.97808838e-01 3.66449207e-01 -1.21576704e-01 1.24551125e-01 2.13107169e-01 -6.23337030e-01 -1.07541978e-01 1.91617981e-01 -4.63351607e-01 -4.56338763e-01 -9.80233788e-01

layers.2.bias:
-1.42950916e+00
-7.70165503e-01
7.29862094e-01
-6.77489340e-01
1.55165419e-01
-2.54075348e-01
2.35137492e-01
2.06651592e+00
6.96887374e-01
8.39049041e-01
-8.80158424e-01
-1.15942347e+00
-2.01131970e-01
9.00380135e-01
-4.31173027e-01
-7.51142621e-01
-7.84113258e-02
-7.50302434e-01
2.77798951e-01
-6.22964017e-02
-3.15145046e-01
7.66858399e-01
7.99872458e-01
4.26956937e-02
-3.50412995e-01
1.06974590e+00
-8.30306590e-01
-1.11085439e+00
4.62469101e-01
-1.11422157e+00
1.95734039e-01
-5.75355105e-02
7.42228985e-01
1.19789295e-01
-3.84267569e-01
-1.87724531e-02
-1.17382944e-01
1.38601255e+00
9.74739373e-01
-6.54745772e-02
9.82249737e-01
-2.20740944e-01
-5.75281858e-01
1.72144413e+00
2.65648156e-01
-1.13047421e+00
8.90282333e-01
-3.42175364e-01
7.65550733e-01
1.73721337e+00
1.90958500e-01
2.61535645e-01
1.24426991e-01
-6.27490997e-01
8.68232027e-02
-3.39543745e-02
7.67794192e-01
-1.72987565e-01
-4.76917215e-02
-6.46543026e-01
9.03385580e-01
5.14848232e-02
-2.31268376e-01
5.78487813e-01

layers.4.weight:
4.95269030e-01 3.96570656e-03 -5.73994890e-02 2.78602745e-02 -4.48022857e-02 7.32987523e-02 -1.01030106e-03 -6.85401261e-01 -8.72616321e-02 -4.02873129e-01 7.53674284e-02 7.08208144e-01 -1.67331052e+00 -8.62326622e-02 -8.86434317e-03 -1.25441802e+00 -6.67992106e-04 6.25792518e-02 3.31498537e-04 -9.07831327e-06 -5.48588869e-04 -2.59896554e-02 -3.37705873e-02 2.33713686e-01 -3.89188230e-02 -3.34237143e-02 -5.29957004e-04 7.64223695e-01 -3.63122642e-01 4.00816649e-01 -2.70772763e-02 -1.19492717e-01 -5.60547449e-02 -1.00943586e-03 1.18050031e-01 2.06296554e-05 6.64838124e-04 -1.67081729e-01 8.45844188e-05 1.38457045e-01 -3.76180150e-02 3.70512426e-01 6.88503534e-02 -1.53942883e-01 2.41800240e-04 1.88840896e-01 -1.40019520e-05 1.05693575e-03 -5.52725792e-02 -6.40925229e-01 -5.92340417e-02 -3.25360261e-02 -4.10494686e-05 1.96304335e-03 -9.76541817e-01 -2.48714583e-04 -1.24083646e-02 -2.52141714e-01 -1.05800658e-01 2.18373686e-02 6.27801120e-02 -2.28302146e-04 7.91579247e-01 -3.25983241e-02

layers.4.bias:
-1.06591141e+00

