layers.0.weight:
3.31696361e-01 -5.67613244e-01 7.97264636e-01
5.69172144e-01 -8.09445798e-01 -5.80563486e-01
-8.31293464e-02 -6.13938749e-01 -5.77727258e-01
-1.07055378e+00 1.15616508e-01 4.58123112e+00
2.67282110e-02 4.11940843e-01 1.16166264e-01
-5.79876065e-01 8.58121514e-01 -1.84879377e-01
-1.31842160e+00 4.86020595e-01 -9.88645032e-02
-6.01682402e-02 7.88846374e-01 -9.23566997e-01
6.03414774e-01 -9.26082134e-01 5.12713566e-02
-1.11527514e+00 5.86289167e-02 -1.64189592e-01
7.53551662e-01 -9.85680073e-02 1.41279221e+00
-7.16238439e-01 -1.31785080e-01 -1.29353356e+00
-4.30584475e-02 7.12955832e-01 -1.57757306e+00
-1.16726887e+00 2.10410804e-02 5.00053525e-01
-6.46977663e-01 1.09646142e+00 7.52028525e-01
-1.81771189e-01 9.48456824e-01 1.64468549e-02
5.46070874e-01 -6.33792400e-01 -1.45019031e+00
-1.15504665e-02 1.12846863e+00 1.84981868e-01
8.07071701e-02 -9.54183042e-01 5.35116851e-01
3.41117471e-01 -1.28724232e-01 -8.64976227e-01
2.23475501e-01 1.65966094e-01 -5.10879010e-02
-3.24195027e-01 -2.56797969e-01 -1.00232065e+00
-4.64660525e-01 1.65601885e+00 -4.46076952e-02
-1.56447518e+00 4.06930357e-01 1.75152493e+00
1.05132234e+00 3.79940838e-01 -7.78481364e-01
2.59609371e-01 6.71772659e-01 -1.17486012e+00
-1.16151750e-01 -2.13369340e-01 1.90187418e+00
-3.97779703e-01 -2.44972542e-01 1.92939892e-01
3.22416067e-01 7.57217348e-01 -1.46468067e+00
-1.04933763e-02 4.65525806e-01 1.70563948e+00
-2.89658904e+00 2.84448242e+00 -1.78299040e-01
-1.26738083e+00 -5.19488692e-01 1.02004325e+00

layers.0.bias:
8.77201200e-01
4.81547834e-03
-1.42384720e+00
-6.34384930e-01
7.07518518e-01
-2.04255387e-01
-3.54310095e-01
2.86240637e-01
-7.45998621e-01
-1.59115899e+00
1.64644122e-01
1.80825554e-02
2.46107668e-01
-1.21306002e+00
-2.90836543e-01
1.43946290e+00
9.34610724e-01
1.82654703e+00
-6.68276668e-01
5.78918040e-01
-1.44309163e-01
-1.35729384e+00
1.02535832e+00
-7.05530941e-02
1.36946186e-01
5.60703695e-01
8.80503118e-01
-1.57881156e-01
-4.88352716e-01
7.31267482e-02
8.91685039e-02
-6.70209900e-02

layers.2.weight:
-3.54099244e-01 2.04342887e-01 6.34017140e-02 -4.84043419e-01 -3.92975286e-02 1.95493028e-02 1.06646620e-01 -6.79034069e-02 -1.08615279e-01 2.79452753e+00 8.70604813e-02 6.70425892e-02 -2.24228963e-01 2.41792011e+00 -1.72075704e-01 4.21298891e-01 -7.29029551e-02 6.50866628e-01 1.45018101e-01 -2.73547769e-01 2.45023817e-01 -7.95822218e-02 -5.15248299e-01 6.10054314e-01 -1.24885939e-01 6.10881686e-01 -7.88767576e-01 -1.32092342e-01 -2.14240581e-01 -2.17172742e-01 -1.94578603e-01 2.85826057e-01
-8.13334510e-02 1.69173241e-01 -8.62177610e-01 6.12066686e-02 -4.17936742e-01 1.35442704e-01 -7.67250001e-01 -5.01325786e-01 6.00995779e-01 6.72504365e-01 3.54231983e-01 -2.84313798e-01 2.34380648e-01 -1.00916252e-02 -3.37507904e-01 8.05603489e-02 -3.57726544e-01 2.83750683e-01 -4.10363317e-01 -8.00005049e-02 6.35890305e-01 -1.39698148e-01 -4.25066113e-01 -4.36775535e-02 -2.45726225e-03 -8.89575332e-02 -3.16793948e-01 -5.27071238e-01 5.60120866e-02 -2.12109387e-01 -2.88648978e-02 1.92865402e-01
-1.74067989e-01 -6.69892952e-02 3.52129489e-01 -6.24478757e-01 -1.51907778e+00 9.09983739e-02 -2.87815809e-01 1.83497295e-01 3.17310035e-01 9.39717531e-01 -5.09909987e-01 -1.82120100e-01 3.19712758e-02 2.38835692e-01 -7.42505938e-02 -8.46467614e-01 -3.42055887e-01 -1.49343336e+00 8.64589661e-02 -1.42008930e-01 -7.55679727e-01 1.32610634e-01 4.19408917e-01 -1.15138185e+00 -1.18121374e+00 2.76144266e-01 -1.03982234e+00 8.77996504e-01 1.95851028e-01 -2.39147395e-01 2.08767191e-01 7.16935515e-01
2.80027419e-01 -3.65958028e-02 4.37430181e-02 1.37827849e+00 4.97995526e-01 3.50906909e-01 6.26949906e-01 -2.75159031e-01 -1.10533632e-01 -7.64167905e-02 1.92947537e-01 -9.52816755e-02 -6.09027743e-01 1.26634225e-01 5.88583112e-01 6.81985199e-01 -2.62741894e-01 6.44211531e-01 3.57597858e-01 -9.23602700e-01 -8.31291139e-01 -1.84565231e-01 3.34153295e-01 1.39438522e+00 -4.13958460e-01 -5.85268915e-01 5.30485392e-01 2.59701461e-01 -6.99310005e-01 -1.25404432e-01 -5.51132262e-02 4.79585230e-01
1.68809444e-01 -2.47703269e-01 2.44658589e-01 -4.83377635e-01 8.58343393e-02 -3.85185659e-01 -1.18742037e+00 1.90421015e-01 2.84881979e-01 -6.73402190e-01 3.94868284e-01 -7.11873293e-01 8.41175199e-01 -9.14838433e-01 -1.92270100e-01 -8.57984364e-01 -2.48533353e-01 -8.59752297e-01 -1.30364969e-01 -4.83352132e-02 8.12565982e-01 -5.43579340e-01 1.70094863e-01 -3.81490290e-01 -8.15553963e-01 6.80238962e-01 6.38906509e-02 -5.65079749e-01 -2.22126514e-01 5.77085018e-01 -3.46258521e-01 7.70079866e-02
-2.46962920e-01 1.79602250e-01 3.41520399e-01 1.55310422e-01 -9.91010904e-01 -3.34350169e-01 -1.45486936e-01 2.92188168e-01 2.68042535e-01 -5.31069785e-02 6.01067185e-01 3.63204658e-01 -6.83744028e-02 -2.67947875e-02 -2.67036229e-01 -1.06319666e+00 -4.02452290e-01 -1.39084113e+00 7.17615068e-01 -2.81425267e-01 -6.68143511e-01 -7.66834170e-02 -7.31589735e-01 -2.02369526e-01 2.40674857e-02 9.66279209e-02 1.38778254e-01 1.16282666e+00 -1.12883136e-01 -4.47453797e-01 -4.36601132e-01 3.60343516e-01
3.71364914e-02 -9.42605920e-03 -2.23563701e-01 -9.36548319e-03 -1.43589571e-01 1.61552370e-01 -6.42955303e-02 -4.34368432e-01 -8.56454074e-02 2.49950811e-01 2.89887220e-01 8.61365274e-02 2.85629809e-01 3.23564038e-02 -4.31373774e-04 -3.17819744e-01 1.66899543e-02 6.20505288e-02 7.23208953e-03 -3.12590539e-01 -3.94572347e-01 7.97193795e-02 4.86229956e-02 1.81406587e-02 1.78787217e-01 2.58646101e-01 -3.60773444e-01 -4.31128293e-01 -1.53212801e-01 7.11959526e-02 1.09936269e-02 1.27511457e-01
3.08072299e-01 1.23784445e-01 -3.93642426e-01 3.50223094e-01 2.64443189e-01 -6.56134844e-01 1.24871984e-01 5.04679799e-01 6.75659701e-02 -3.04074377e-01 -1.30427957e-01 9.61586535e-01 3.21170628e-01 -5.66077411e-01 -1.88123643e-01 1.79196835e-01 5.24758101e-01 1.70584261e-01 2.40354121e-01 5.05739033e-01 -1.43170714e+00 -8.94325376e-01 1.24421656e-01 2.87019223e-01 2.19761834e-01 7.57052898e-01 5.96401513e-01 5.00620902e-01 -5.69138646e-01 4.88475859e-01 1.57582626e-01 -2.80316144e-01
1.15891144e-01 3.09715360e-01 -6.33668423e-01 -2.33118698e-01 1.42866361e+00 -4.58397359e-01 -4.88014728e-01 -3.52384508e-01 -6.97269440e-01 2.16144338e-01 4.96723324e-01 2.09278241e-01 6.65518880e-01 -2.25348443e-01 2.72179693e-02 2.02574372e+00 3.52426082e-01 1.56630254e+00 -5.54659903e-01 -1.22882277e-01 1.08726710e-01 -3.38865191e-01 2.43192725e-02 2.55481333e-01 4.37164642e-02 3.70584190e-01 7.33386651e-02 -4.33496345e-04 -2.81083230e-02 1.80361599e-01 2.18531084e+00 -2.65714109e-01
-6.32635117e-01 1.07264273e-01 -9.35585499e-02 -5.37097752e-01 4.38404173e-01 3.19044776e-02 -5.75916953e-02 3.90348971e-01 3.97784978e-01 -1.57094374e-01 -1.04951917e-03 2.45912090e-01 1.98909506e-01 1.19024485e-01 -3.31599265e-01 -6.12671316e-01 3.84706885e-01 -3.87120217e-01 -4.34525520e-01 2.68419646e-03 -6.12194121e-01 -2.18780190e-01 1.28873736e-01 -8.06042328e-02 -2.01037496e-01 -7.59998485e-02 -1.88769221e-01 1.90491170e-01 2.80152410e-01 1.50396481e-01 1.45367622e-01 -1.33075221e-02
7.49581009e-02 -3.18824291e-01 -6.01259097e-02 -3.71661305e-01 -5.51381290e-01 -2.86254793e-01 -2.58003742e-01 1.46018609e-01 4.13647056e-01 3.32861334e-01 -5.39696515e-01 -1.04545049e-01 8.63961041e-01 -2.90205479e-01 -2.02858001e-01 -3.32004100e-01 -6.30286932e-01 -1.08027029e+00 1.54621629e-02 -3.12235951e-02 1.01972187e+00 -2.35318661e-01 -8.10434043e-01 1.74618110e-01 -2.00940058e-01 -5.87309301e-02 -4.41507220e-01 -4.79180604e-01 2.36231461e-01 -4.06771392e-01 -4.76837438e-03 4.70596582e-01
-8.50363672e-02 -7.32605308e-02 1.67515206e+00 -8.76086056e-01 -7.76107430e-01 1.14121579e-01 -1.79008041e-02 -4.00684625e-01 2.11816564e-01 1.83907032e+00 3.50281857e-02 -1.42594784e-01 2.94157714e-01 3.21715975e+00 3.38639840e-02 -7.33373642e-01 3.11923802e-01 -2.48207641e+00 5.89071333e-01 -3.20716709e-01 2.53001511e-01 5.98622680e-01 -2.93205053e-01 8.43516052e-01 -8.93533155e-02 -5.52982092e-01 2.92773604e-01 -9.77814272e-02 9.09528881e-02 3.23817655e-02 3.87549959e-02 -3.26082259e-01
-6.37710273e-01 -1.57592133e-01 9.18548107e-01 3.98705125e-01 -6.11290514e-01 6.24462426e-01 1.50264679e-02 -9.14153039e-01 3.40255886e-01 4.60922718e-01 2.34990269e-01 1.22273020e-01 -4.93478954e-01 -6.41891658e-02 4.27485138e-01 -4.19051790e+00 -9.52807069e-02 -5.95758247e+00 5.75568080e-01 -9.89782035e-01 -6.81764483e-01 4.33175087e-01 6.29279673e-01 -8.97351876e-02 -2.81856656e-01 -2.27397844e-01 -3.68281245e-01 6.27745688e-01 -6.11314237e-01 -3.38842064e-01 -1.02109003e+00 -2.47059017e-01
3.16698141e-02 -1.46159396e-01 -6.23240471e-01 -5.62099926e-02 -2.07243010e-01 -7.41298050e-02 2.46626332e-01 3.29855263e-01 3.81807446e-01 -2.19781667e-01 5.43656945e-01 -2.01878741e-01 3.23688090e-01 -8.08829367e-01 -3.84421259e-01 -8.93534049e-02 -2.57123798e-01 1.88508615e-01 -8.49590376e-02 1.12325870e-01 -2.16000751e-02 -1.44961253e-01 -1.18856812e-02 -2.15515897e-01 -1.39371127e-01 7.49750316e-01 1.27990416e-03 5.14731668e-02 -1.84655860e-01 2.67402917e-01 7.32702315e-02 3.70770156e-01
-1.00312889e+00 2.44313166e-01 -6.92665055e-02 2.93138653e-01 -2.93806363e-02 6.54958606e-01 -3.64558160e-01 -5.08310795e-02 4.20587659e-01 -1.60148427e-01 -8.03342819e-01 2.81907737e-01 2.02625856e-01 -3.51302803e-01 -3.09177995e-01 -6.41180336e-01 2.70034313e-01 -5.88774383e-01 -4.68865842e-01 3.61831456e-01 1.33435929e+00 9.81020451e-01 -1.81274842e-02 1.59767926e-01 -3.71375263e-01 1.55426279e-01 -6.39036953e-01 4.03844453e-02 8.56147408e-01 -2.91729748e-01 -9.95937064e-02 1.43038452e-01
-5.44294119e-01 -6.82538748e-02 5.64276241e-02 1.41811073e-01 -2.55547851e-01 2.70105690e-01 -9.35036123e-01 -9.99755114e-02 9.51808318e-02 5.22034740e+00 5.69920897e-01 4.20396477e-01 2.12120205e-01 2.67220521e+00 1.19246449e-03 -3.60119455e-02 -4.34348762e-01 -1.29040480e-01 6.42248914e-02 -2.09551826e-01 -6.99510336e-01 4.07395869e-01 1.91738456e-01 2.75025874e-01 -3.94965887e-01 -4.34678495e-01 -6.26051664e-01 3.37141365e-01 -1.30401909e-01 -6.54041171e-01 2.29197204e-01 -2.40682304e-01
-1.00935176e-02 1.48089737e-01 -7.09199682e-02 3.29663940e-02 1.31717054e-02 6.39850739e-03 3.66998352e-02 -5.68083972e-02 7.62808742e-03 -1.84009194e-01 7.09733441e-02 3.89180258e-02 4.88638990e-02 9.35947150e-02 1.11487925e-01 -6.05599629e-03 4.79679741e-02 8.07797723e-03 -8.65519792e-03 1.12266384e-01 2.61979878e-01 1.09909639e-01 -4.19669459e-03 2.94105690e-02 6.17593005e-02 2.29573008e-02 5.52877486e-02 2.66772270e-01 1.08938245e-02 -3.04431701e-03 1.65080540e-02 2.26364173e-02
1.76987022e-01 -1.35990754e-01 -6.32298768e-01 5.56034446e-02 2.56241500e-01 -1.94896579e-01 -1.88731626e-01 -3.27030003e-01 2.62806982e-01 -6.66831911e-01 6.78531453e-02 -2.37098951e-02 1.93943322e-01 7.52654672e-02 -6.49212226e-02 2.44953409e-01 -3.17075372e-01 5.51474273e-01 -1.27009183e-01 9.09021020e-01 2.55818695e-01 7.16870055e-02 -4.32980478e-01 -1.13488309e-01 -1.73554361e-01 -4.50430483e-01 8.51589024e-01 -4.72956240e-01 2.13265568e-01 3.18183213e-01 -3.02727185e-02 2.51331538e-01
-2.63018727e-01 -1.07198581e-01 -3.61792892e-01 -1.79962009e-01 5.44693828e-01 1.79412588e-02 8.81962553e-02 1.02572799e-01 4.04588014e-01 -4.59729224e-01 -1.31475314e-01 -9.54700947e-01 4.47585493e-01 -2.30487481e-01 -1.48810461e-01 2.76767612e-01 -1.56119615e-01 4.66001987e-01 1.43159226e-01 -9.62513611e-02 2.51623839e-02 -2.28133678e-01 5.19470453e-01 -3.04658502e-01 2.70492733e-01 1.74249858e-01 -1.50234163e-01 2.79954731e-01 3.64535637e-02 3.78809154e-01 4.42786366e-01 9.58218798e-02
6.92483708e-02 1.80388346e-01 8.13949329e-04 6.94910213e-02 -7.41299167e-02 9.83942673e-02 -3.24904844e-02 -7.92754963e-02 5.77991791e-02 7.52443746e-02 6.77873492e-02 1.17846377e-01 -6.67205527e-02 -7.58799687e-02 1.08831413e-01 4.63273048e-01 5.27703725e-02 -2.95098633e-01 4.26547416e-02 -1.02868214e-01 -1.14098161e-01 -1.29403964e-01 9.00077051e-04 -2.02999581e-02 3.70073877e-02 1.28531650e-01 5.27040148e-03 1.37079554e-02 1.14088759e-01 1.46670686e-02 4.99022193e-03 4.01715897e-02
4.40297157e-01 -2.16502249e-01 7.13277280e-01 5.46177268e-01 -3.56948793e-01 -1.55936286e-01 -6.47642434e-01 -1.21134415e-01 -3.39626133e-01 -7.54927814e-01 -8.70379880e-02 9.47946250e-01 4.77091312e-01 -3.43691677e-01 8.04109752e-01 4.98770803e-01 -1.30422577e-01 -3.42650682e-01 4.48894411e-01 4.12375897e-01 -4.34584200e-01 1.12911500e-01 5.97420752e-01 2.20158800e-01 8.07743445e-02 -3.88761431e-01 1.08188242e-01 3.36117268e-01 -1.04092814e-01 -6.13969378e-02 1.41195655e-01 4.32463259e-01
2.63998091e-01 -1.17945857e-01 1.94273330e-02 1.68024004e-01 1.07868858e-01 1.36115909e-01 9.23181057e-01 5.88458702e-02 4.40906852e-01 2.30834380e-01 3.52231026e-01 3.50719482e-01 -4.13719654e-01 -5.70715070e-01 1.00589827e-01 -8.88460815e-01 -7.28446990e-02 -6.03706479e-01 -7.24907741e-02 -4.56839323e-01 -5.30087829e-01 -2.46864315e-02 2.55691081e-01 -1.23377787e-02 8.37567598e-02 -4.35008854e-01 -6.87672377e-01 4.29362357e-01 -1.14859529e-01 -1.69188440e-01 2.33777791e-01 -7.89532959e-02
5.62487319e-02 -1.59115028e-02 -2.88381696e-01 4.19870496e-01 2.17956025e-02 3.72587174e-01 3.53363514e-01 -2.61299103e-01 -3.30189675e-01 3.35836738e-01 3.64876129e-02 6.79651424e-02 4.26390111e-01 4.97407377e-01 -1.64326146e-01 -5.38012743e-01 5.39499700e-01 -1.32927909e-01 2.43028216e-02 -2.55861431e-01 -3.56957644e-01 3.69372331e-02 -3.73138696e-01 2.03402460e-01 -3.45415890e-01 -1.16281986e-01 -4.38177958e-02 -5.08506835e-01 6.13995828e-02 -1.01840004e-01 -2.06499249e-02 -3.02980959e-01
7.76251972e-01 -5.13587110e-02 -2.72086084e-01 1.70890555e-01 1.79977119e-01 -4.78412300e-01 -3.16814482e-02 3.15310478e-01 2.62880623e-01 -2.59621882e+00 1.13256477e-01 1.64524198e-01 3.75426710e-01 -1.60587549e+00 1.42814621e-01 3.51857424e-01 1.27474234e-01 2.68531948e-01 -2.19314039e-01 -1.25015909e-02 4.81483161e-01 -2.16208845e-01 -2.84282178e-01 -3.38127874e-02 -3.76744449e-01 -2.00231045e-01 -5.29591627e-02 -1.50395706e-01 2.15409890e-01 1.11306958e-01 -1.23771608e-01 -1.69358805e-01
-9.13931847e-01 1.56452134e-01 4.00110483e-02 1.18534520e-01 -1.36860967e-01 -3.25248688e-01 1.14554155e+00 -5.86077757e-02 -1.07400203e+00 7.75470734e-01 -7.32033193e-01 4.16496471e-02 1.72966525e-01 8.55084136e-02 -7.12434709e-01 6.74650550e-01 6.06985152e-01 4.41771895e-01 -3.75511125e-02 1.64482575e-02 -2.71632969e-01 4.48344857e-01 5.39391100e-01 9.54245925e-01 -5.57028592e-01 5.13051331e-01 -6.21610641e-01 2.15171576e-01 8.27588677e-01 -4.56893563e-01 9.69035476e-02 1.61128312e-01
-5.66297948e-01 5.36967933e-01 -2.71999501e-02 -1.58439428e-01 5.61734557e-01 1.91654325e-01 3.46235000e-02 5.39702356e-01 -3.66288513e-01 5.15010178e-01 4.89782207e-02 -1.37642696e-01 2.37249821e-01 2.43791699e-01 -4.85200346e-01 -9.01519954e-02 -2.01619387e-01 -6.47423938e-02 3.61207008e-01 -4.30638999e-01 1.52824176e-02 -2.57381797e-01 5.57830185e-02 -4.46495533e-01 8.91347378e-02 -1.79864630e-01 -5.81832230e-01 -5.02218187e-01 1.91875532e-01 -3.80394638e-01 -1.96542963e-01 -2.76982427e-01
-1.25105292e-01 3.17379534e-01 5.35122156e-01 2.71400750e-01 -3.41848791e-01 -3.56509894e-01 -7.24419430e-02 5.76215349e-02 3.04791242e-01 -4.82664257e-01 -6.79717064e-01 3.02281957e-02 -1.85407385e-01 -3.51529866e-01 -2.36852337e-02 6.38745606e-01 6.05822308e-04 1.36306480e-01 2.62012362e-01 3.01110446e-01 -2.17871573e-02 -6.53652012e-01 8.37123021e-02 1.49162975e-03 2.66081303e-01 2.36701101e-01 -7.28582069e-02 -5.15959918e-01 -2.26508111e-01 -2.08215922e-01 -3.64366621e-02 -2.19712898e-01
-7.85798132e-01 4.50061083e-01 -6.42311752e-01 -9.88874316e-01 -1.95654452e-01 -2.20701858e-01 -3.61859530e-01 3.62921745e-01 1.14085712e-01 4.49015647e-01 -2.87489258e-02 1.63246766e-01 1.56663373e-01 2.88177252e-01 5.48997475e-03 1.05402923e+00 6.69110894e-01 1.18275499e+00 -6.42339587e-01 5.61763048e-02 5.70837915e-01 -7.89828539e-01 -6.28630698e-01 4.25119400e-01 -1.74072653e-01 -4.57843423e-01 2.99672693e-01 2.76992500e-01 5.27701020e-01 -7.93344736e-01 2.19823048e-01 -2.35064164e-01
1.42309442e-01 -5.46302915e-01 -6.29401281e-02 -1.03029899e-01 -5.93272746e-01 5.38022161e-01 1.03429087e-01 -4.65716958e-01 4.93009299e-01 9.11598265e-01 -2.05711767e-01 1.02304101e-01 5.40397048e-01 4.15482312e-01 2.18768194e-02 -1.01895964e+00 -4.63569194e-01 -1.00924301e+00 9.92038753e-03 2.00422570e-01 2.53981501e-01 3.36108178e-01 2.01472655e-01 1.57369986e-01 2.59736508e-01 9.47613865e-02 -3.99130642e-01 -2.74299443e-01 -2.57090092e-01 -3.26507956e-01 4.29108351e-01 3.23176235e-01
-6.69051632e-02 -9.91082907e-01 3.71508509e-01 1.57585299e+00 1.34359673e-01 1.07474439e-01 -9.95532870e-02 -2.53208339e-01 -2.37462148e-01 2.46454284e-01 1.07811940e+00 -9.78805780e-01 -1.09507108e+00 -3.39802414e-01 2.14068323e-01 -8.37742612e-02 -1.22134924e+00 5.89557111e-01 6.14874423e-01 -6.50941253e-01 9.10385311e-01 2.00549811e-01 3.07753962e-02 -1.55294895e-01 1.15743220e-01 -4.96156156e-01 1.96806192e-01 -5.07077090e-02 -8.71292353e-01 1.25576186e+00 -6.05033934e-01 -1.09394252e-01
-7.67333388e-01 -2.39087895e-01 3.91461641e-01 1.79761663e-01 -3.57968390e-01 2.81323612e-01 3.06382507e-01 -5.42844646e-02 -4.56672758e-01 -1.92895204e-01 -8.99736643e-01 2.06201509e-01 4.19483989e-01 1.16247721e-01 2.38862008e-01 -3.31354827e-01 2.94371992e-01 -3.76054615e-01 1.93114355e-01 -4.00176972e-01 -7.39724994e-01 2.76092649e-01 4.33203392e-02 -6.44094646e-01 1.93963408e-01 5.55509508e-01 -6.77503720e-02 8.25476944e-02 -4.70339119e-01 -1.75280049e-01 -1.41393512e-01 -2.74405647e-02
-2.72900373e-01 -3.29553992e-01 -1.79092973e-01 -1.39038682e-01 -2.25049436e-01 -7.77654350e-02 2.23763689e-01 2.46588215e-01 -5.98548889e-01 1.32101846e+00 -1.39909402e-01 -9.97942463e-02 -5.14898419e-01 4.90589142e-01 -1.73501685e-01 7.09111663e-03 2.59235092e-02 1.45336434e-01 1.18509289e-02 -1.89401180e-01 2.07937449e-01 1.27567679e-01 2.86642462e-01 4.55137454e-02 3.62832099e-02 -7.40222633e-02 -1.76277161e-01 2.02885330e-01 2.55480051e-01 3.20766181e-01 -7.06011429e-02 1.17983572e-01
-3.45301330e-02 -3.07442665e-01 -1.17322113e-02 -1.23149067e-01 -3.07398885e-01 4.05499905e-01 -2.52192646e-01 -4.12277877e-01 1.16028145e-01 -4.73973781e-01 9.87742748e-03 4.47142273e-01 2.23993570e-01 3.28160793e-01 2.70424366e-01 -4.97433692e-01 -4.13550884e-01 -1.18520343e+00 -5.66559881e-02 -2.86299497e-01 -1.32385895e-01 8.71593893e-01 3.87132287e-01 5.90153992e-01 -4.58128572e-01 1.61663949e-01 1.08520381e-01 -2.40520865e-01 -3.67430031e-01 -2.84271389e-01 -1.63793296e-01 -9.42272767e-02
2.84243692e-02 -5.38573004e-02 1.40902296e-01 -8.90078247e-02 2.24905267e-01 -1.05118223e-01 2.52134576e-02 -3.37385893e-01 -1.68157116e-01 3.53145927e-01 1.39432177e-01 1.83344528e-01 7.65519962e-02 -3.00735563e-01 -6.79593831e-02 -2.82261133e-01 5.86627759e-02 1.31974205e-01 -1.56967551e-01 -5.42874396e-01 1.38476625e-01 -1.53083771e-01 -1.25221029e-01 -4.49115224e-02 -1.24961799e-02 2.07370490e-01 -6.01312742e-02 2.94797942e-02 1.00715458e-01 7.28946328e-02 -3.43687250e-03 2.23860214e-03
9.58771184e-02 -5.47505677e-01 -2.05431893e-01 7.65537858e-01 -2.69423902e-01 -4.84204888e-01 1.60324827e-01 -1.45135298e-01 -1.51177034e-01 2.89133239e+00 -5.52052140e-01 9.54032063e-01 6.48722887e-01 8.50892186e-01 7.79976964e-01 1.04925506e-01 3.93547639e-02 9.26629081e-02 5.44601440e-01 3.65349650e-01 2.40248680e-01 1.65931538e-01 -1.77035287e-01 1.06204164e+00 -3.93599644e-02 1.32360354e-01 -3.04045677e-01 2.79688030e-01 5.26763275e-02 3.75700593e-02 9.34252203e-01 1.39442412e-02
-9.43581611e-02 1.76723793e-01 1.35126531e-01 7.33235702e-02 1.68104414e-02 -4.44552861e-02 -3.62639944e-03 1.12381056e-01 6.40063453e-03 -2.43550930e-02 1.69229329e-01 7.79429525e-02 9.16716605e-02 -1.51288072e-02 1.53172344e-01 1.80990517e-01 2.98946742e-02 -1.20571367e-01 -1.25433952e-02 8.77627283e-02 -1.69735610e-01 -5.14705107e-02 -1.37527650e-02 8.24850239e-03 -4.64635998e-01 -2.22313970e-01 4.64167856e-02 -1.24560006e-01 -5.29618263e-02 -5.64163737e-02 2.54125167e-02 -4.58620965e-01
5.36549231e-03 -7.75473788e-02 -4.32986543e-02 2.55115237e-02 -2.40834177e-01 2.47109942e-02 -3.34587507e-02 1.66202530e-01 6.80700392e-02 -3.65184247e-02 -5.51690254e-03 -2.51996927e-02 -6.56369179e-02 5.02452143e-02 -7.74297416e-02 2.10283920e-01 -1.15415543e-01 -1.03813440e-01 1.78911202e-02 3.30083966e-01 -2.49892667e-01 -9.97319967e-02 8.42346996e-03 -1.21442787e-02 1.13727590e-02 -9.08496529e-02 -6.30074888e-02 -6.82998374e-02 -4.58105057e-02 5.34077622e-02 1.96507685e-02 -4.31032712e-03
8.47292721e-01 -2.87818193e-01 3.22597206e-01 3.57241005e-01 -4.19711739e-01 1.36270560e-02 -6.26304686e-01 -8.30956548e-03 7.37224758e-01 5.05435206e-02 -1.70977026e-01 3.08532324e-02 4.06703129e-02 2.34292939e-01 7.61293054e-01 -8.70432436e-01 -4.73986715e-01 -8.16008151e-01 6.18759155e-01 -2.85943657e-01 -7.26179600e-01 2.13104606e-01 -1.24776557e-01 2.20431179e-01 8.37963820e-01 -4.01447937e-02 2.40185022e-01 -1.59395784e-01 -5.19089341e-01 2.43624285e-01 1.11081511e-01 6.40061200e-02
1.49253383e-01 -4.26261902e-01 -2.90424019e-01 4.31025058e-01 2.18680620e-01 -5.95048010e-01 8.37777629e-02 -2.26937644e-02 2.56764114e-01 -2.63518810e-01 -2.10641548e-01 4.28706199e-01 3.30361038e-01 -2.77694076e-01 2.67896414e-01 -5.73113024e-01 -3.58660698e-01 -7.27836311e-01 4.49036032e-01 -4.28633064e-01 -2.27865696e-01 -8.18791017e-02 3.69303226e-01 6.67305827e-01 -1.24608956e-01 -3.42522711e-01 4.63986456e-01 -7.39889219e-02 -1.12725176e-01 -3.97656977e-01 8.94100145e-02 2.25901276e-01
1.09277159e-01 -1.11009339e-02 7.03631580e-01 1.14195809e-01 -1.13020527e+00 -3.94667357e-01 1.89364091e-01 -1.69219047e-01 7.51241505e-01 5.53653002e-01 -1.24768987e-01 -3.74806792e-01 -2.97710038e-04 6.78898394e-01 -3.70150246e-02 -2.38799882e+00 -3.07991922e-01 -2.80084586e+00 2.28250131e-01 1.09159015e-02 -8.39882374e-01 6.19433165e-01 1.17066808e-01 1.53432250e-01 2.34476954e-01 1.07847027e-01 3.46368194e-01 2.00359270e-01 -1.79466009e-01 -7.67620265e-01 -7.60440588e-01 1.57543048e-01
-1.86523527e-01 -2.46701196e-01 -2.60023892e-01 -2.81320214e-01 -2.54721820e-01 5.52825809e-01 1.58179283e-01 -9.85669494e-02 -1.32918522e-01 3.57603550e-01 -1.94575548e-01 1.60944805e-01 5.95303699e-02 -2.86547273e-01 -1.28784239e-01 -4.60377872e-01 3.01618725e-01 -5.90236902e-01 -2.96584278e-01 2.60416437e-02 -3.35122198e-01 3.86546105e-01 -1.40734106e-01 3.59765410e-01 3.65267366e-01 -5.11632860e-01 4.82196927e-01 5.99733219e-02 7.54107013e-02 1.33092061e-01 -1.04301810e-01 3.51735540e-02
4.86056596e-01 6.91441238e-01 6.73236489e-01 -4.06046271e-01 1.92276612e-01 1.40473053e-01 1.53620899e-01 -1.13925144e-01 -7.94886172e-01 9.46835399e-01 -2.91529775e-01 -2.34771222e-01 -4.35334027e-01 1.11196399e+00 1.50818720e-01 1.34934813e-01 3.46908309e-02 -9.22190547e-01 3.02752644e-01 -2.73614734e-01 4.29541916e-02 6.95029855e-01 -1.47911906e-01 -4.01390851e-01 6.55256331e-01 -7.63617218e-01 4.88019675e-01 -6.44012541e-02 -3.08731675e-01 -6.05282605e-01 -3.29553559e-02 -4.70086664e-01
-5.14200777e-02 -3.74692053e-01 2.11471528e-01 -1.71691537e-01 -2.90080279e-01 1.52233541e-01 7.50105381e-02 -2.95444667e-01 -4.01623458e-01 -3.09134990e-01 -1.01892717e-01 2.34370120e-03 -1.03872567e-01 4.82607037e-01 5.12199759e-01 1.97657868e-01 2.65675634e-01 -5.69746315e-01 5.24467342e-02 1.46462843e-01 -2.41965488e-01 3.06964725e-01 -3.46622914e-01 1.79833993e-01 -3.51869054e-02 -2.69619346e-01 4.09289867e-01 7.30061173e-01 -3.99944425e-01 -4.56175923e-01 2.89918423e-01 3.09420854e-01
-1.26638842e+00 9.85784978e-02 1.49856985e-01 -1.32164848e+00 -1.17537066e-01 -5.95722869e-02 2.01263994e-01 5.55054128e-01 9.60060433e-02 3.87434572e-01 -9.94317293e-01 7.22380698e-01 1.10133624e+00 3.48367423e-01 -6.40498400e-01 3.09333503e-01 5.70817292e-01 -4.06181455e-01 -3.16206366e-01 1.03597271e+00 -5.41535318e-01 -2.92143881e-01 -3.26922894e-01 -4.73945476e-02 6.04011297e-01 1.00914240e+00 8.46095562e-01 6.14813864e-01 5.16716123e-01 -1.04102457e+00 1.73089832e-01 2.09754229e-01
-9.65346545e-02 8.84591937e-02 3.03707033e-01 -4.78877909e-02 3.39758962e-01 -1.04595780e-01 -2.04046350e-02 3.32908370e-02 -3.75439040e-02 1.99803337e-01 1.82677042e-02 2.64508277e-02 -1.06388908e-02 -1.20303527e-01 8.59601572e-02 -1.32227555e-01 8.42850134e-02 4.63907383e-02 5.70174912e-03 -4.23362643e-01 1.39294609e-01 -1.04897439e-01 6.76801568e-03 9.11151152e-03 1.46750703e-01 -1.72581300e-02 7.30746537e-02 1.47517681e-01 3.47648337e-02 -8.83469507e-02 4.81785694e-03 5.32696396e-02
-8.62533972e-02 2.85766602e-01 2.57195920e-01 -1.31693378e-01 2.76761413e-01 7.50611573e-02 6.70643449e-01 2.93434739e-01 1.26020581e-01 -1.21943915e+00 -3.57892841e-01 5.46224594e-01 6.67393923e-01 -3.44733894e-01 -5.11399984e-01 3.50280330e-02 5.96183658e-01 -1.79816619e-01 -1.34914054e-03 -4.02043045e-01 8.59394073e-01 -2.99889684e-01 -1.80213898e-02 -1.34543931e+00 -1.08539991e-01 5.23028433e-01 -1.00326586e+00 -8.73638272e-01 2.71552891e-01 -1.29532829e-01 -3.93582284e-02 -1.43584728e-01
6.02674544e-01 -3.42988074e-01 -3.30496907e-01 4.76341516e-01 -1.40655050e-02 -3.07478663e-02 -8.90792981e-02 -1.73905134e-01 4.93889332e-01 -1.02033824e-01 -7.61117563e-02 -8.67131129e-02 7.23186314e-01 -3.24822545e-01 3.88392717e-01 -3.55511248e-01 -6.36350513e-02 -4.60632503e-01 2.37768054e-01 -1.10214584e-01 -2.97698081e-01 7.68494830e-02 1.92999527e-01 1.85813561e-01 -1.99006591e-02 -2.46243924e-01 8.30861032e-01 4.44597870e-01 -3.68037403e-01 3.72767687e-01 1.84526458e-01 2.92987823e-01
-2.34835818e-01 3.33002597e-01 -1.71908081e-01 -4.90373485e-02 -5.72808444e-01 -2.03032419e-01 9.56175998e-02 4.69178081e-01 -9.63434130e-02 -5.66204607e-01 -1.82945743e-01 -1.52816866e-02 -3.37696970e-01 1.61307991e-01 2.54749358e-01 -1.65237695e-01 -9.48153287e-02 2.78335661e-01 1.10523021e-02 3.66263032e-01 -2.39264354e-01 -4.58125286e-02 -8.76352377e-03 -4.27510068e-02 -1.15227193e-01 -9.85295475e-02 2.68261790e-01 -2.69842505e-01 1.17587358e-01 4.33644280e-03 3.05585121e-03 1.65896058e-01
4.96154353e-02 -5.76573670e-01 -1.20859280e-01 -9.67740044e-02 -4.12614644e-03 -1.37411699e-01 -2.58854143e-02 -1.67496473e-01 -4.54370767e-01 4.62027520e-01 -1.51702098e-03 6.38829768e-02 3.47322434e-01 3.15343916e-01 -1.11941412e-01 -5.37481308e-01 -2.26549581e-01 -1.77481305e-02 -2.14814190e-02 4.41147834e-02 9.93462056e-02 -4.71564941e-02 5.96275389e-01 5.66412956e-02 -3.69147360e-01 2.26430044e-01 3.48015487e-01 7.51265585e-02 -6.62664622e-02 1.36125579e-01 -3.35186608e-02 -2.21347272e-01
1.01115000e+00 3.70581448e-02 -5.60124695e-01 1.61079049e-01 1.22883961e-01 1.05387747e-01 4.87092376e-01 1.71953127e-01 -2.75546998e-01 -9.20306802e-01 -8.69262218e-01 1.39512408e+00 1.19051047e-01 -9.18213308e-01 2.77892947e-01 4.74184632e-01 8.57076198e-02 3.77294153e-01 -1.29344478e-01 1.51737452e-01 -1.51275730e+00 -3.81833583e-01 -8.38647008e-01 -2.37256646e-01 -4.13976640e-01 2.79565901e-02 2.12438792e-01 5.82211554e-01 -1.33014508e-02 2.25802213e-02 -6.10118061e-02 4.59466577e-01
-9.65048224e-02 9.02504101e-02 -1.01933670e+00 -4.43925932e-02 3.89596045e-01 3.12352449e-01 1.01965696e-01 1.04644056e-02 -6.51506633e-02 4.44472700e-01 -3.96323234e-01 -1.17832065e+00 3.53134871e-01 2.35339418e-01 -3.51962447e-01 8.07510674e-01 -3.36333998e-02 1.54089034e+00 -4.30714399e-01 1.18460067e-01 2.48728067e-01 -1.68473274e-01 -2.01189686e-02 6.68579400e-01 -2.55295396e-01 7.54927337e-01 -6.90210685e-02 -2.43716538e-01 9.56877694e-02 1.42914400e-01 6.88007176e-01 -9.14963931e-02
2.60928483e-03 3.37409586e-01 -1.92887396e-01 -5.97461224e-01 -3.72485816e-02 7.22668827e-01 3.06327790e-01 7.78180897e-01 2.89466292e-01 2.91558206e-01 9.71688151e-01 -2.84171909e-01 6.69845790e-02 2.61403412e-01 4.19200249e-02 -6.64191008e-01 2.52753407e-01 -5.21491980e-04 -3.05662364e-01 -5.68351150e-01 -6.64477125e-02 -2.49447837e-01 2.51797497e-01 1.82475224e-01 -2.69574612e-01 1.55530035e-01 5.33399619e-02 1.75042972e-02 -5.73925674e-01 2.72251844e-01 -2.21170694e-01 1.48526460e-01
6.22220784e-02 2.28802897e-02 -1.34441197e-01 6.92893099e-03 -1.89385936e-02 5.71392030e-02 9.24397819e-03 8.07478353e-02 -1.74045395e-02 -5.39776757e-02 -5.88311702e-02 -3.88817966e-01 2.45832145e-01 2.14577317e-01 1.33280437e-02 1.22200422e-01 7.68285021e-02 -5.63104637e-02 9.50392857e-02 2.51004547e-01 1.25214249e-01 2.86223054e-01 8.77414923e-03 2.22356468e-01 -1.08011678e-01 -2.86099494e-01 -1.78676367e-01 -1.75411627e-01 -3.11896980e-01 -1.43109396e-01 4.94956458e-03 -2.67417312e-01
4.10700768e-01 5.21387383e-02 5.73864579e-01 3.88331532e-01 2.75218129e-01 4.32434916e-01 9.78949964e-01 -3.53435963e-01 7.69275248e-01 -4.62160818e-02 -6.21378124e-01 1.80615544e-01 -5.14912486e-01 -3.12572122e-01 -4.22805212e-02 1.45796403e-01 -5.80285609e-01 -5.64570725e-01 2.70638049e-01 -2.20383778e-02 -1.06808692e-01 5.89494705e-01 2.23010764e-01 6.53326333e-01 3.73345576e-02 -1.28312901e-01 -2.40134567e-01 1.86504886e-01 1.91443980e-01 4.07158375e-01 -7.85820410e-02 -6.95896568e-03
-2.68843293e-01 -5.36144555e-01 1.48783207e+00 1.01513013e-01 -8.71265590e-01 -1.75823539e-01 -1.16102183e+00 -1.01634836e+00 2.96688110e-01 1.08172452e+00 1.94334537e-02 -4.75893795e-01 -3.08410853e-01 1.08336210e+00 6.31286025e-01 -2.02745867e+00 1.50340989e-01 -2.70791030e+00 1.83945131e+00 8.15396488e-01 -5.78434765e-01 1.68932474e+00 -4.28408116e-01 2.65422314e-01 3.46158653e-01 -7.12666094e-01 -2.35587329e-01 3.93278599e-01 1.34978369e-01 5.04276641e-02 7.35517800e-01 1.53112784e-01
2.15500593e-02 -2.04131305e-02 5.43724597e-02 3.89549732e-02 4.16107565e-01 -5.49602276e-03 1.22912237e-02 2.03651357e-02 4.45450023e-02 -7.62739964e-03 -1.22511704e-02 -7.22017735e-02 1.05895974e-01 -9.41583794e-03 1.65419525e-03 -7.44401291e-02 8.80005211e-03 -4.67088968e-02 -7.18413219e-02 8.58304948e-02 1.48165479e-01 3.96802500e-02 -1.76866595e-02 5.81533043e-03 -1.35494038e-01 -1.40917584e-01 1.31878145e-02 3.43922526e-01 -4.07730527e-02 -6.13585450e-02 1.30661838e-02 -2.40531906e-01
-3.97342026e-01 3.61067615e-02 -1.29778758e-01 -7.27474019e-02 -2.41756067e-01 -1.49003202e-02 -1.16780005e-01 6.99745476e-01 -9.96476859e-02 -8.24589804e-02 -1.70386046e-01 6.76728189e-01 5.01320124e-01 2.85677463e-01 2.04904705e-01 1.22504242e-01 -1.46817207e-01 8.21865201e-02 -1.44436806e-01 -3.04547325e-02 -1.23034425e-01 -6.18108571e-01 -1.99567556e-01 -2.13871747e-01 -3.48124981e-01 -1.75578266e-01 -6.11354887e-01 4.11242276e-01 -2.52375513e-01 -2.51423419e-01 -2.80764818e-01 5.21303654e-01
-8.01876187e-03 -2.20344335e-01 5.79271913e-01 2.66962141e-01 -5.93669832e-01 2.92513132e-01 3.48450661e-01 -6.03177547e-01 5.05603313e-01 3.55419070e-01 -7.17334896e-02 4.03876305e-01 -1.00215524e-01 1.73039109e-01 2.03306600e-01 -2.07813215e+00 9.65274051e-02 -1.00680637e+00 7.31689855e-02 1.63707986e-01 -3.42076481e-03 1.59696385e-01 2.92734861e-01 1.85722381e-01 -1.65046036e-01 -5.38605154e-01 -6.97476342e-02 -2.88406670e-01 -3.90065074e-01 -4.77824181e-01 4.54436064e-01 -3.60740930e-01
-1.35675237e-01 5.04049808e-02 -1.92723274e-01 1.47664309e-01 -5.01703806e-02 -8.47766548e-02 2.52330393e-01 -2.01405659e-01 -5.50665259e-01 1.53933978e+00 -3.77367139e-01 -6.46516159e-02 -2.70878077e-01 1.22379267e+00 -2.53749877e-01 5.29125556e-02 3.12065799e-02 6.92110658e-02 -8.76844227e-02 -2.82527715e-01 2.00726055e-02 1.91052437e-01 -8.36247280e-02 -1.87204301e-01 -1.42688006e-01 7.14638308e-02 4.27740514e-01 4.51348573e-01 1.74193323e-01 -4.68294203e-01 1.60407737e-01 -8.70854855e-02
-1.25470772e-01 -2.16440782e-01 6.05850935e-01 4.85019922e-01 -9.55215767e-02 -3.55579585e-01 -1.07532513e+00 1.26434878e-01 2.39970788e-01 4.44701761e-01 9.43286940e-02 -6.19611107e-02 1.08883880e-01 2.05746114e-01 -2.27414221e-01 4.56423849e-01 3.88515019e-03 1.83427244e-01 -1.10878244e-01 -3.36129695e-01 9.02682483e-01 3.69881630e-01 3.85915637e-01 -5.90317726e-01 3.04394625e-02 1.99026596e-02 -1.98784739e-01 2.46048316e-01 -1.26809642e-01 3.36007029e-01 -1.53895363e-01 -2.94168770e-01
1.01669395e+00 -3.54628414e-01 5.58971703e-01 9.25035298e-01 -5.34625351e-01 2.45599821e-01 -6.68615699e-01 -5.44144809e-01 5.58325887e-01 -7.14698017e-01 -3.35269362e-01 7.89635897e-01 -1.18474424e+00 -2.42373243e-01 6.50145829e-01 -5.30169249e-01 -4.96737510e-02 -2.92201251e-01 6.41539633e-01 7.78463185e-01 2.66122997e-01 -3.96005392e-01 -2.09320402e+00 -5.60594082e-01 4.85370696e-01 6.03972137e-01 -8.63896191e-01 -2.90973485e-01 -3.67403105e-02 1.20173049e+00 -5.34914672e-01 -4.87174243e-02
-2.10269783e-02 1.70305550e-01 -6.11946248e-02 -4.88139838e-02 -1.43730000e-01 -2.78033558e-02 3.93165573e-02 -3.98491248e-02 -6.29804134e-02 -2.87894178e-02 3.71886715e-02 9.80932787e-02 8.61749798e-02 -6.03809692e-02 1.79673791e-01 -1.64630398e-01 1.08050525e-01 1.52740419e-01 -2.47846097e-02 -2.78053850e-01 1.37785032e-01 2.97776852e-02 -1.21562444e-02 -2.19123662e-02 -3.05363119e-01 -4.04689312e-02 2.06142478e-02 -7.42954537e-02 -2.61781588e-02 -8.36847071e-03 -8.07078276e-03 -2.18090549e-01
1.41831934e-01 3.05119276e-01 1.60358489e+00 4.36857283e-01 -1.13600707e+00 1.49833038e-01 -1.85226113e-01 -5.51688194e-01 8.23181093e-01 5.32965839e-01 1.78889483e-01 -3.27482760e-01 -8.84436905e-01 9.59463060e-01 2.49655591e-03 -3.26606774e+00 -2.47779354e-01 -4.40950203e+00 3.71795923e-01 1.17352635e-01 -1.23569477e+00 9.56278443e-01 3.43965143e-01 1.81245670e-01 2.18945056e-01 -1.43374309e-01 -5.34221292e-01 6.47816896e-01 -1.61243126e-01 -1.84355602e-02 5.20811230e-02 2.63155880e-03
-8.40498030e-01 1.25336766e-01 1.07637607e-01 -7.03921914e-01 2.37204041e-02 -1.16773285e-01 -2.42169634e-01 4.86460209e-01 -8.36049318e-02 1.84843969e-02 1.54453978e-01 -3.37616950e-01 4.04988945e-01 4.67337310e-01 -3.39590073e-01 -2.56513804e-01 1.56293035e-01 -1.38784736e-01 -3.63131762e-01 1.29104882e-01 1.38311759e-01 6.70349181e-01 2.75427938e-01 -2.04744056e-01 -4.51187156e-02 2.92983145e-01 -6.74566746e-01 1.97020043e-02 8.89211521e-02 -5.21950841e-01 -9.40844640e-02 -8.23191166e-01

layers.2.bias:
-1.39901316e+00
-8.13580632e-01
4.57985222e-01
-5.39463878e-01
2.30394527e-01
-3.16252381e-01
2.73291349e-01
2.15362620e+00
6.24798477e-01
8.18082392e-01
-9.30811465e-01
-1.34679568e+00
-3.34640473e-01
9.04939830e-01
-2.76969314e-01
-7.19044030e-01
-5.85891418e-02
-7.60221362e-01
3.25109631e-01
-8.31494853e-02
-2.60774404e-01
8.21831882e-01
8.25500190e-01
-1.28682405e-01
-3.97601962e-01
1.01960015e+00
-9.16752696e-01
-1.09090126e+00
4.98426050e-01
-1.15344846e+00
3.72820534e-02
-3.73953171e-02
8.31253409e-01
1.15665652e-01
-3.49132568e-01
-1.23051461e-02
-1.35811880e-01
1.38147116e+00
1.02268994e+00
-5.28103821e-02
9.82922912e-01
-1.87405124e-01
-5.55191040e-01
1.37169743e+00
2.59545386e-01
-9.19460475e-01
1.03465700e+00
-3.60321254e-01
8.02449703e-01
1.76919270e+00
2.50076979e-01
3.15703452e-01
1.06437065e-01
-6.38389945e-01
2.02959687e-01
-1.69920400e-02
8.08021724e-01
-1.24582656e-01
-4.37093675e-02
-6.48896873e-01
6.65574908e-01
7.24052042e-02
-2.26606458e-01
6.67553008e-01

layers.4.weight:
3.41187835e-01 3.41769494e-02 -5.44052608e-02 1.69557915e-03 4.25338075e-02 6.02440126e-02 -1.74229208e-04 -7.12813675e-01 1.22706205e-01 -3.76338363e-01 5.75928167e-02 9.13229108e-01 -1.60791719e+00 -1.12825230e-01 1.53803052e-02 -1.44295228e+00 -1.21357130e-04 6.46246448e-02 -1.97711624e-02 3.41432722e-04 -2.54262867e-03 -2.65403837e-02 -4.41960152e-03 2.25990653e-01 -5.81115410e-02 -3.13657634e-02 2.25830134e-02 7.56666064e-01 -3.62366170e-01 3.82497400e-01 -9.45500657e-03 -1.11947455e-01 2.22504768e-03 -8.59519860e-05 8.38935748e-02 3.39837902e-06 -2.23661173e-05 -1.87602878e-01 -1.32346107e-02 2.29472980e-01 -2.48232652e-02 2.93512583e-01 3.46379094e-02 -1.19444937e-01 -4.41561097e-05 1.34782076e-01 -1.37937898e-02 -2.33604078e-04 -1.12024128e-01 -6.68165028e-01 -8.15958455e-02 -1.84356887e-02 3.81843129e-04 2.35136263e-02 -1.08909154e+00 9.81151534e-05 -9.58932913e-04 -2.66874731e-01 -4.60102074e-02 1.51002109e-02 -2.21926402e-02 -2.83706322e-05 8.21218073e-01 -1.34501634e-02

layers.4.bias:
-1.09376955e+00

