layers.0.weight:
3.31696361e-01 -5.67613244e-01 7.97264636e-01
5.69172144e-01 -8.09445798e-01 -5.80563486e-01
-8.31293464e-02 -6.13938749e-01 -5.77727258e-01
-1.07055378e+00 1.15616508e-01 4.58123112e+00
2.67282110e-02 4.11940843e-01 1.16166264e-01
-5.79876065e-01 8.58121514e-01 -1.84879377e-01
-1.31842160e+00 4.86020595e-01 -9.88645032e-02
-6.01682402e-02 7.88846374e-01 -9.23566997e-01
6.03414774e-01 -9.26082134e-01 5.12713566e-02
-1.11527514e+00 5.86289167e-02 -1.64189592e-01
7.53551662e-01 -9.85680073e-02 1.41279221e+00
-7.16238439e-01 -1.31785080e-01 -1.29353356e+00
-4.30584475e-02 7.12955832e-01 -1.57757306e+00
-1.16726887e+00 2.10410804e-02 5.00053525e-01
-6.46977663e-01 1.09646142e+00 7.52028525e-01
-1.81771189e-01 9.48456824e-01 1.64468549e-02
5.46070874e-01 -6.33792400e-01 -1.45019031e+00
-1.15504665e-02 1.12846863e+00 1.84981868e-01
8.07071701e-02 -9.54183042e-01 5.35116851e-01
3.41117471e-01 -1.28724232e-01 -8.64976227e-01
2.23475501e-01 1.65966094e-01 -5.10879010e-02
-3.24195027e-01 -2.56797969e-01 -1.00232065e+00
-4.64660525e-01 1.65601885e+00 -4.46076952e-02
-1.56447518e+00 4.06930357e-01 1.75152493e+00
1.05132234e+00 3.79940838e-01 -7.78481364e-01
2.59609371e-01 6.71772659e-01 -1.17486012e+00
-1.16151750e-01 -2.13369340e-01 1.90187418e+00
-3.97779703e-01 -2.44972542e-01 1.92939892e-01
3.22416067e-01 7.57217348e-01 -1.46468067e+00
-1.04933763e-02 4.65525806e-01 1.70563948e+00
-2.89658904e+00 2.84448242e+00 -1.78299040e-01
-1.26738083e+00 -5.19488692e-01 1.02004325e+00

layers.0.bias:
8.77201200e-01
4.81547834e-03
-1.42384720e+00
-6.34384930e-01
7.07518518e-01
-2.04255387e-01
-3.54310095e-01
2.86240637e-01
-7.45998621e-01
-1.59115899e+00
1.64644122e-01
1.80825554e-02
2.46107668e-01
-1.21306002e+00
-2.90836543e-01
1.43946290e+00
9.34610724e-01
1.82654703e+00
-6.68276668e-01
5.78918040e-01
-1.44309163e-01
-1.35729384e+00
1.02535832e+00
-7.05530941e-02
1.36946186e-01
5.60703695e-01
8.80503118e-01
-1.57881156e-01
-4.88352716e-01
7.31267482e-02
8.91685039e-02
-6.70209900e-02

layers.2.weight:
-4.66146052e-01 2.56638348e-01 2.12596834e-01 -5.02041161e-01 -4.39685285e-01 1.27404844e-02 7.69356778e-03 -9.41121653e-02 1.19711034e-01 3.02979517e+00 9.43744779e-02 7.59818032e-02 -2.28649184e-01 2.55027151e+00 -2.71584064e-01 1.32359162e-01 -3.97108048e-02 2.83014089e-01 1.93115577e-01 -2.74007291e-01 2.87975460e-01 -7.86977634e-03 -6.09296799e-01 6.92625463e-01 -8.92345086e-02 5.91930509e-01 -8.10104251e-01 -1.48798779e-01 -1.24890596e-01 -2.41319790e-01 -3.27941388e-01 2.51180857e-01
-6.47605658e-02 1.70103341e-01 -9.07631695e-01 8.24913159e-02 -3.93670678e-01 1.66553006e-01 -7.46079206e-01 -5.00064611e-01 5.83926499e-01 6.99589431e-01 3.61838698e-01 -2.65304387e-01 2.18949094e-01 -4.01232019e-02 -3.60843837e-01 1.38416633e-01 -3.54187340e-01 3.07020187e-01 -4.20578986e-01 -8.37338567e-02 5.98685086e-01 -1.75717890e-01 -5.15394568e-01 -3.53199020e-02 -1.21959150e-02 -8.43584463e-02 -2.93251842e-01 -5.14716685e-01 2.62368321e-02 -1.91524982e-01 -2.00347453e-02 2.07177728e-01
1.06712773e-01 1.48457199e-01 3.44510138e-01 -6.11942947e-01 -1.33921504e+00 -1.66587263e-01 -5.31272173e-01 1.58096462e-01 6.37888193e-01 7.52820671e-01 -4.14359808e-01 -2.26441503e-01 1.81280449e-02 1.43913135e-01 -2.26391912e-01 -1.11662889e+00 -4.03527558e-01 -1.13089752e+00 9.93970782e-02 -3.28284204e-01 -2.83854693e-01 -2.08049774e-01 1.49632022e-01 -1.51796710e+00 -2.57334411e-01 2.67982543e-01 -1.02833581e+00 4.08240318e-01 2.17383757e-01 -2.19972074e-01 1.94533959e-01 2.24352866e-01
1.47573456e-01 -1.65666506e-01 2.65986621e-02 1.22971666e+00 6.78262353e-01 4.93069082e-01 7.73207545e-01 -1.25065297e-01 -2.82377332e-01 2.86374222e-02 4.52383459e-02 5.34122922e-02 -4.60369527e-01 1.84445634e-01 6.79192841e-01 1.21361732e+00 -2.09716693e-01 8.90783429e-01 1.93910003e-01 -4.91337329e-01 -9.15249646e-01 -8.21902901e-02 4.94337231e-01 1.60231853e+00 -5.94316721e-01 -4.27912563e-01 3.86612594e-01 7.61203393e-02 -5.58534920e-01 -2.78563917e-01 9.10442397e-02 5.73766649e-01
-1.49832498e-02 -4.46010619e-01 2.13689178e-01 -3.97237092e-01 1.41838163e-01 -1.33771777e-01 -1.09165978e+00 1.64950892e-01 -1.76363885e-02 -3.49507421e-01 5.06291926e-01 -8.51164699e-01 7.63163090e-01 -7.50492394e-01 2.59093405e-03 -9.08912003e-01 -4.03625637e-01 -7.73186982e-01 -1.79340154e-01 -1.68948427e-01 1.04339743e+00 -6.20612323e-01 3.51101488e-01 -2.82068551e-01 -7.89467216e-01 6.12681091e-01 1.41621709e-01 -7.33980179e-01 -2.24047005e-01 6.74186170e-01 -1.10128596e-01 4.57141250e-02
-4.30086672e-01 2.06583619e-01 5.74550331e-01 1.83611408e-01 -1.24065661e+00 -2.81501651e-01 -5.48387766e-01 2.01796934e-01 8.36746752e-01 6.95548728e-02 6.90577447e-01 1.50913522e-01 -1.07866615e-01 -2.26103321e-01 -1.95103124e-01 -1.66350174e+00 -3.92858058e-01 -2.11714196e+00 8.06138396e-01 -2.49862060e-01 -3.77697617e-01 1.10337241e-02 -5.58548748e-01 -3.81594568e-01 1.85939923e-01 3.96058448e-02 1.67165697e-01 8.80168855e-01 -3.06130022e-01 -4.03411299e-01 -1.29891419e+00 2.30058193e-01
4.97317351e-02 -2.87605394e-02 -2.72290528e-01 -8.29087477e-03 -6.03301153e-02 1.87783852e-01 -5.26498482e-02 -4.24635142e-01 -1.11851990e-01 2.73958176e-01 2.94166386e-01 8.39718878e-02 2.87957937e-01 2.77012046e-02 -7.89587153e-04 -3.29048336e-01 2.21888050e-02 7.82138035e-02 -5.10719605e-03 -3.00123543e-01 -3.58275175e-01 6.83791190e-02 1.90281868e-02 7.50990026e-03 2.03963116e-01 2.71476209e-01 -3.57331514e-01 -4.87557858e-01 -1.69099480e-01 7.16152862e-02 -2.26733331e-02 1.03240326e-01
2.45231912e-01 4.43799943e-02 -4.34799284e-01 3.91991526e-01 3.11487794e-01 -5.00218570e-01 4.46993858e-02 4.87756699e-01 8.98503959e-02 -3.65718484e-01 -8.83090124e-02 9.16454494e-01 2.81413227e-01 -4.84071523e-01 -1.13562047e-01 1.80447862e-01 4.71487790e-01 2.47436792e-01 1.74904972e-01 4.55012232e-01 -1.37145400e+00 -9.39560592e-01 2.95004725e-01 4.50645298e-01 2.92281330e-01 7.27000296e-01 6.37114286e-01 4.37081844e-01 -5.60693562e-01 5.32222748e-01 1.31545827e-01 -3.50482255e-01
1.89636230e-01 1.50082558e-01 -5.58478713e-01 -2.82575309e-01 1.29983294e+00 -4.79871780e-01 -3.08188170e-01 -3.23763222e-01 -9.55264509e-01 3.82742465e-01 4.10522759e-01 3.36119950e-01 7.13314474e-01 7.79181123e-02 2.21402198e-01 1.95755649e+00 2.56520301e-01 1.38458598e+00 -5.56620061e-01 -1.51604414e-01 1.23050034e-01 -2.95488775e-01 8.04300755e-02 2.44001061e-01 1.23409919e-01 4.11764801e-01 2.36772951e-02 1.57816987e-02 -3.58325280e-02 1.31968215e-01 2.27274084e+00 -3.63536000e-01
-6.46056950e-01 1.71615288e-01 -8.04353878e-02 -5.38813770e-01 3.69221061e-01 3.71777304e-02 -9.18037146e-02 4.01552945e-01 4.77244794e-01 -1.60137668e-01 -1.22113964e-02 2.37886459e-01 2.04760358e-01 1.88069969e-01 -4.08253014e-01 -8.61008167e-01 3.54806691e-01 -4.94856566e-01 -4.39521670e-01 -3.94773632e-02 -6.52650297e-01 -2.15270683e-01 1.22748055e-01 -2.44874507e-02 -2.50621229e-01 -8.50541219e-02 -1.90607607e-01 2.67253309e-01 2.79088885e-01 1.45102590e-01 7.87971467e-02 1.07943267e-02
3.74817431e-01 -2.36579746e-01 9.31809694e-02 -4.57592607e-01 -8.22269917e-01 -6.97205782e-01 -4.02932554e-01 1.51535362e-01 5.64423859e-01 8.66672397e-02 -6.21579826e-01 -2.26964429e-02 9.39309597e-01 -4.93180752e-01 -2.10838467e-01 -5.37228286e-01 -6.38371110e-01 -1.65731311e+00 1.29055426e-01 1.18495896e-02 1.09862590e+00 -2.13940859e-01 -1.22059917e+00 -9.97845307e-02 9.58714262e-02 2.42091925e-03 -5.30197084e-01 -6.56033754e-01 2.21818104e-01 -4.88972545e-01 -3.04163158e-01 1.90596744e-01
-2.88775712e-01 -1.42939240e-01 1.35099995e+00 -9.38087583e-01 2.07688659e-02 3.98570776e-01 1.83209002e-01 -2.77009130e-01 -2.71789432e-01 1.99970222e+00 -4.59773950e-02 -3.64697091e-02 3.63812387e-01 3.26679635e+00 1.61820203e-02 -2.60604322e-01 3.84587139e-01 -1.68677306e+00 3.35860819e-01 -2.51426518e-01 1.55919209e-01 6.01065338e-01 2.47166436e-02 8.43445718e-01 -1.58852085e-01 -4.62897658e-01 2.27476448e-01 -3.98840010e-02 3.45772475e-01 -3.37595828e-02 2.73824036e-01 -2.60633349e-01
-5.20374835e-01 -1.03953913e-01 8.93113792e-01 3.88053983e-01 -5.89161396e-01 5.41477740e-01 -4.42549959e-02 -9.60225224e-01 3.84313732e-01 4.87871110e-01 1.76907197e-01 2.23891735e-01 -4.90238816e-01 -6.38460368e-02 3.65573138e-01 -4.12272835e+00 -3.78511921e-02 -5.92359257e+00 6.67255700e-01 -9.37032223e-01 -8.07134569e-01 4.25279498e-01 5.29453158e-01 -9.61780846e-02 -2.70914733e-01 -2.30444342e-01 -3.71577829e-01 6.95409834e-01 -6.81608975e-01 -3.54278624e-01 -5.35656035e-01 -2.43802011e-01
-4.03027534e-02 -2.33216345e-01 -6.03557706e-01 -8.76396894e-02 -1.65583283e-01 8.91291723e-02 2.97672182e-01 3.86226267e-01 2.78320283e-01 -1.66235432e-01 5.08532882e-01 -1.95945144e-01 3.61448377e-01 -7.75723815e-01 -1.90071180e-01 -7.47429058e-02 -2.63210714e-01 1.92319736e-01 -1.82699725e-01 1.20806433e-01 1.95388328e-02 -1.08543240e-01 2.72874564e-01 -2.17988223e-01 -1.13595009e-01 7.89757192e-01 -3.33328173e-02 2.10462231e-02 -1.41772628e-01 2.39073068e-01 1.88630521e-01 3.44695240e-01
-1.08386195e+00 1.21428452e-01 -1.56101286e-01 4.28024590e-01 -1.31622657e-01 8.10908616e-01 -2.70072162e-01 -2.14476973e-01 3.65264416e-01 4.02861983e-02 -6.59131110e-01 1.43523276e-01 6.45666793e-02 -1.89450949e-01 -1.89664811e-01 -8.49257767e-01 1.38741478e-01 -7.53275633e-01 -2.29810864e-01 2.28347734e-01 1.46303618e+00 8.46022487e-01 9.38524604e-02 2.76490927e-01 -4.99396473e-01 1.50466254e-02 -5.02155423e-01 6.33399263e-02 6.86393917e-01 -1.57568634e-01 4.95238081e-02 2.61865318e-01
-4.71422017e-01 1.96537971e-02 3.19944650e-01 9.96109694e-02 -4.39533859e-01 1.13995954e-01 -1.06177795e+00 -2.63318252e-02 2.27797166e-01 4.64760637e+00 5.94355345e-01 3.22208762e-01 2.62817770e-01 2.26226330e+00 8.66648182e-02 -1.42574057e-01 -4.69469607e-01 -3.03701758e-01 2.40065902e-02 -2.06979692e-01 -5.85931242e-01 4.98210192e-01 -4.05657478e-02 -2.60011051e-02 -2.61533171e-01 -3.55784357e-01 -6.84573412e-01 2.13507384e-01 -6.43645450e-02 -6.75485134e-01 4.09733392e-02 -3.65722507e-01
-2.10910775e-02 1.74029976e-01 -2.14364063e-02 3.84095460e-02 -7.04483911e-02 -2.24141851e-02 2.36460697e-02 -7.12347031e-02 4.06930782e-02 -1.92879111e-01 6.96563572e-02 4.30770256e-02 3.97856720e-02 1.00096956e-01 1.01492412e-01 4.02163416e-02 3.89276482e-02 4.50450331e-02 1.61295831e-02 9.87751335e-02 2.34408319e-01 1.22931190e-01 1.19653167e-02 2.62564030e-02 7.21432492e-02 5.35000209e-03 5.85197657e-02 2.93857217e-01 3.16633545e-02 3.46401264e-03 5.21301106e-02 1.62924621e-02
2.68236876e-01 -9.35017243e-02 -6.75717771e-01 1.65221579e-02 3.42704326e-01 -2.47995973e-01 -2.02474460e-01 -2.55972654e-01 1.95011452e-01 -7.83059895e-01 1.71060190e-02 3.61447781e-02 2.41840795e-01 6.36557816e-03 -1.25986695e-01 3.73680651e-01 -2.70009577e-01 5.92310071e-01 -2.32732072e-01 9.58962440e-01 1.52690038e-01 7.87429586e-02 -4.53410059e-01 -1.48463979e-01 -9.79501978e-02 -3.78983915e-01 8.12693536e-01 -4.98470843e-01 2.74090052e-01 2.76597977e-01 -5.04901148e-02 1.67013407e-01
-1.98577598e-01 -7.89931640e-02 -3.49292755e-01 -1.80614904e-01 4.55381155e-01 -1.03155300e-01 2.01881811e-01 8.20480287e-02 3.98762196e-01 -4.79161888e-01 -1.45686015e-01 -9.28049445e-01 4.45289880e-01 -2.97468543e-01 -1.69189647e-01 2.12503016e-01 -1.53462306e-01 2.92418420e-01 2.06577897e-01 -9.46743861e-02 -2.14755647e-02 -2.24769041e-01 3.00335705e-01 -3.91237944e-01 2.38265529e-01 1.67877853e-01 -1.49264604e-01 3.24719697e-01 2.69046947e-02 3.75596106e-01 5.82024038e-01 1.30408213e-01
5.94227910e-02 1.56944856e-01 -5.50683104e-02 6.18419871e-02 1.51008479e-02 1.35262579e-01 -4.42340374e-02 -6.33650273e-02 2.86199749e-02 7.28349015e-02 6.38553426e-02 1.13775201e-01 -5.60519211e-02 -7.04574063e-02 1.17896907e-01 4.33568627e-01 7.25819618e-02 -3.50243837e-01 1.30456071e-02 -8.37800354e-02 -9.94434655e-02 -1.41258314e-01 -1.32638626e-02 1.91789179e-03 2.03663874e-02 1.45219430e-01 4.91543324e-04 -4.79236478e-03 9.22674909e-02 5.48701920e-03 -2.54348777e-02 4.73742448e-02
6.44454718e-01 -1.45470276e-01 5.27682543e-01 5.20257831e-01 -8.65694731e-02 -3.88563246e-01 -6.39153481e-01 -1.40892774e-01 -2.97193587e-01 -9.65619147e-01 -1.14492975e-01 9.96152520e-01 4.99911815e-01 -6.34728551e-01 7.17185676e-01 6.26534939e-01 -3.33655588e-02 -2.05964223e-01 5.28139114e-01 5.00263393e-01 -5.71775615e-01 5.52298799e-02 3.46991479e-01 1.05786502e-01 2.43839193e-02 -3.57400507e-01 8.87988433e-02 3.95914078e-01 -1.66309431e-01 -9.13087055e-02 -2.21252348e-02 5.04003406e-01
2.44283855e-01 -1.01793386e-01 1.01053596e-01 1.63519233e-01 -7.31525049e-02 1.17075861e-01 9.49981511e-01 5.28397597e-02 4.43005741e-01 3.07842225e-01 3.50073129e-01 3.43109816e-01 -4.12337989e-01 -5.43375611e-01 1.18110277e-01 -1.06834435e+00 -6.40997216e-02 -7.83966720e-01 -6.43373504e-02 -4.62258071e-01 -4.99169022e-01 4.18160902e-03 3.13910156e-01 2.50357185e-02 4.60439268e-03 -4.53253001e-01 -6.91501379e-01 4.78846222e-01 -1.34801745e-01 -1.73523918e-01 3.53501290e-01 -6.21414743e-03
6.48158276e-03 -5.35918809e-02 -2.63656020e-01 4.23296422e-01 -6.39601331e-03 4.07912284e-01 3.12284052e-01 -2.49652192e-01 -2.57346720e-01 3.37624848e-01 5.05399816e-02 4.35822606e-02 4.24171001e-01 4.63842452e-01 -9.52036977e-02 -6.68453932e-01 5.04328370e-01 -2.24378467e-01 1.00684287e-02 -2.77741432e-01 -2.03559488e-01 2.11300068e-02 -3.73607367e-01 1.70463502e-01 -2.22886086e-01 -1.11075647e-01 -4.41389494e-02 -6.73795521e-01 1.03969127e-01 -9.41682383e-02 -6.29030839e-02 -4.09844875e-01
7.70601630e-01 -7.64498785e-02 -3.00375193e-01 2.16195360e-01 1.28838569e-01 -4.64199007e-01 -3.96540202e-02 2.33616829e-01 3.12126398e-01 -2.66202998e+00 1.45990744e-01 1.60887331e-01 3.19056451e-01 -1.57695496e+00 1.33155614e-01 3.03863138e-01 1.00765124e-01 2.12735996e-01 -1.62070528e-01 -5.01357988e-02 4.80996579e-01 -2.68230677e-01 -2.50521362e-01 2.04193462e-02 -3.61097902e-01 -2.64835268e-01 -4.80445940e-03 -1.51305079e-01 2.15185806e-01 1.50459647e-01 -1.97249934e-01 -1.87747613e-01
-9.35815930e-01 1.50639564e-01 -5.39126247e-02 1.26122862e-01 -4.51516302e-04 -3.14285547e-01 1.07906640e+00 4.48652683e-03 -1.01037037e+00 7.87158191e-01 -6.94963992e-01 1.17325932e-02 1.79011345e-01 9.46322680e-02 -7.07479775e-01 4.48643327e-01 5.98179042e-01 5.34478545e-01 -5.86120002e-02 7.18827127e-03 -8.51382762e-02 3.20671260e-01 5.26162207e-01 9.61636662e-01 -4.53586876e-01 5.29541433e-01 -6.16931140e-01 -1.37798116e-01 8.94831836e-01 -4.48232025e-01 1.10103704e-01 4.91360873e-02
-6.35323703e-01 5.46977937e-01 4.95578125e-02 -2.20975786e-01 4.61949080e-01 2.51303703e-01 6.29981905e-02 6.08078480e-01 -3.66067767e-01 5.62236845e-01 -2.02276446e-02 -7.82566965e-02 3.03679466e-01 2.79646903e-01 -4.72924024e-01 -2.62074083e-01 -1.75038591e-01 -1.95547059e-01 3.01012158e-01 -4.00127620e-01 4.43376042e-02 -1.89770803e-01 1.14142530e-01 -5.26011944e-01 1.53604969e-01 -1.24773346e-01 -6.44890785e-01 -5.09591877e-01 2.54937798e-01 -4.41901088e-01 -2.04725236e-01 -3.41170967e-01
-1.17358103e-01 2.67847538e-01 4.66468453e-01 3.23598325e-01 -3.56054395e-01 -2.94843823e-01 2.16075733e-01 1.58515256e-02 1.11777596e-01 -3.47120732e-01 -6.62873626e-01 6.37619868e-02 -2.33190745e-01 -1.03877731e-01 -4.46954854e-02 7.21976638e-01 -4.65706550e-02 9.74555761e-02 3.06792974e-01 2.27339596e-01 -2.24212453e-01 -6.91801131e-01 7.39761516e-02 1.37780651e-01 1.73218064e-02 1.76970810e-01 -1.39748752e-02 -2.18406290e-01 -3.32273006e-01 -1.64491966e-01 1.44842431e-01 -4.06919309e-04
-8.01732421e-01 4.53742206e-01 -6.11190617e-01 -9.90148604e-01 -2.79089123e-01 -2.19952241e-01 -3.81884009e-01 3.41827452e-01 1.27270013e-01 4.59561139e-01 -4.31964397e-02 1.72563851e-01 1.51822984e-01 3.22259337e-01 -1.06647806e-02 1.02897215e+00 6.77209318e-01 1.14874434e+00 -5.49161851e-01 5.84444515e-02 5.28880715e-01 -7.49249816e-01 -6.36409819e-01 4.49581742e-01 -1.55872539e-01 -4.73037869e-01 2.98459798e-01 2.98366249e-01 5.47551334e-01 -7.95331895e-01 2.50445932e-01 -2.56893128e-01
1.34885550e-01 -5.48883080e-01 1.38797224e-01 -9.94282216e-02 -9.25466776e-01 5.54222584e-01 3.51892449e-02 -5.16526341e-01 6.03099704e-01 9.80616212e-01 -1.90046370e-01 6.61879033e-02 5.31304419e-01 5.03648758e-01 4.73383293e-02 -1.18802178e+00 -4.79394257e-01 -1.30977845e+00 1.47523701e-01 1.86926022e-01 2.93831497e-01 3.68361920e-01 1.84542745e-01 2.49084979e-01 2.37978771e-01 6.39250875e-02 -3.92925829e-01 -2.65671462e-01 -4.47721481e-01 -3.18991780e-01 2.85658985e-01 3.31232041e-01
-2.86333878e-02 -9.78729367e-01 3.43007952e-01 1.60558629e+00 1.29558966e-01 6.83009475e-02 -1.17612012e-01 -2.98120797e-01 -2.23342195e-01 2.27593079e-01 1.10587466e+00 -9.93701637e-01 -1.13040340e+00 -3.76347661e-01 1.96666792e-01 -1.00955538e-01 -1.21738780e+00 5.73555470e-01 6.61648512e-01 -6.91357553e-01 8.27335656e-01 1.70407683e-01 -5.45695005e-03 -2.42746808e-03 -4.35508043e-02 -5.34043550e-01 2.28184134e-01 6.44432157e-02 -9.01881754e-01 1.28596199e+00 -5.93332231e-01 1.29503151e-02
-6.89093292e-01 -1.83163270e-01 1.85606763e-01 7.46470019e-02 2.69085199e-01 3.48658025e-01 2.68917382e-01 4.56999093e-01 -3.88416529e-01 -1.24681465e-01 -1.08364666e+00 3.82817030e-01 6.21656775e-01 1.74888521e-01 1.67731553e-01 -1.31486520e-01 3.88372421e-01 1.36918770e-02 -3.89036983e-01 -3.33538443e-01 -8.24440539e-01 4.13295664e-02 7.34653622e-02 -6.68196082e-01 2.32063726e-01 7.12508440e-01 -1.70559779e-01 -2.21919306e-02 -3.47750485e-01 -2.78823376e-01 -1.83256745e-01 -7.56929964e-02
-2.22469345e-01 -3.62833560e-01 -1.11338288e-01 -3.75334136e-02 -4.69966412e-01 -1.43972501e-01 2.09593073e-01 1.07924715e-01 -5.39743066e-01 1.39615107e+00 -4.56148162e-02 -1.72851339e-01 -6.26125932e-01 8.32800090e-01 -1.23933189e-01 -1.13333136e-01 -9.22536105e-02 -5.90551011e-02 1.49512261e-01 -3.09910804e-01 2.07090065e-01 5.94324358e-02 2.88460255e-01 2.28787854e-01 2.49500200e-02 -2.10139602e-01 -7.27873296e-02 2.52812296e-01 1.31839901e-01 4.18935448e-01 -3.48718353e-02 1.16776079e-01
-1.46075830e-01 -4.18523163e-01 7.80898482e-02 -9.93672684e-02 -4.02520478e-01 5.94909430e-01 -1.78303897e-01 -4.21762496e-01 -3.50732580e-02 -2.94505179e-01 2.98027769e-02 4.25068617e-01 1.97980031e-01 5.68547189e-01 3.84934038e-01 -4.51760411e-01 -5.10122836e-01 -1.16557550e+00 -1.01594955e-01 -3.57492536e-01 -1.03722915e-01 9.01108205e-01 7.09820271e-01 7.07595825e-01 -4.85056460e-01 1.26356006e-01 1.28482550e-01 -2.06978902e-01 -3.73452097e-01 -2.54793018e-01 -6.57695755e-02 -6.39972091e-02
4.23760489e-02 -7.61840418e-02 7.10393563e-02 -8.70961174e-02 3.51193428e-01 -6.76410273e-02 8.17672461e-02 -3.28604102e-01 -2.01254934e-01 3.68369818e-01 1.45115569e-01 1.81832179e-01 7.86068588e-02 -3.22838902e-01 -5.36053814e-02 -3.01963210e-01 7.38766044e-02 1.18337229e-01 -1.79530621e-01 -5.23166895e-01 1.75514311e-01 -1.82948068e-01 -1.61811918e-01 -7.92148784e-02 6.12867670e-03 2.20549181e-01 -5.56104220e-02 -3.27699669e-02 8.38478431e-02 7.35904202e-02 -1.56450327e-02 -1.05002457e-02
1.68415815e-01 -5.04879057e-01 -3.21561098e-01 8.77787411e-01 -1.79429248e-01 -4.73069280e-01 3.04655917e-02 -2.58245587e-01 -4.28597629e-03 3.04196191e+00 -4.31240141e-01 8.32103491e-01 5.42641342e-01 8.82484019e-01 6.40929580e-01 1.39272839e-01 1.48792695e-02 2.57196903e-01 6.83172643e-01 3.09795856e-01 1.84620261e-01 5.55008203e-02 -4.11932051e-01 1.29759550e+00 -2.91506678e-01 2.11395342e-02 -1.77999049e-01 4.01035339e-01 -2.54519016e-01 1.43791646e-01 6.76933587e-01 2.46432304e-01
-1.12383477e-01 1.94213852e-01 1.46403044e-01 7.87515417e-02 -4.27559530e-03 -5.79561777e-02 2.87031978e-02 1.04026124e-01 1.81171782e-02 -5.46422862e-02 1.70924634e-01 8.14916119e-02 8.40747431e-02 -1.56848431e-02 1.47462234e-01 1.90526590e-01 3.37610133e-02 -9.68454406e-02 -2.10157991e-03 8.04843232e-02 -1.79426327e-01 -5.07790223e-02 1.14207799e-02 -1.07456290e-03 -4.48299527e-01 -2.32506007e-01 4.95450981e-02 -1.17340945e-01 -3.55110653e-02 -5.09169884e-02 2.47134250e-02 -4.62484509e-01
1.06348712e-02 -9.27923694e-02 -8.45232978e-02 2.36850660e-02 -1.75596923e-01 4.18269336e-02 -2.91881692e-02 1.65930033e-01 5.20589165e-02 -2.53549274e-02 -1.65333450e-02 -1.11966282e-02 -6.29300773e-02 2.90118158e-02 -5.43137267e-02 2.08008751e-01 -9.94139463e-02 -1.44316494e-01 1.14216469e-02 3.41978341e-01 -2.40779683e-01 -1.15255415e-01 1.02487644e-02 -6.16866723e-03 1.81135833e-02 -8.30211192e-02 -6.25427738e-02 -7.38779604e-02 -7.38521963e-02 5.06171770e-02 1.05721373e-02 -1.09606776e-02
8.67521048e-01 -2.85423815e-01 4.15876955e-01 3.62931937e-01 -6.84613466e-01 -3.33508328e-02 -6.19086683e-01 -9.39241350e-02 8.23083818e-01 2.15955786e-02 -1.79261461e-01 3.13469954e-02 2.30046902e-02 1.96695611e-01 7.63726056e-01 -1.30760646e+00 -4.81043190e-01 -1.13542557e+00 1.02830911e+00 -2.96907634e-01 -7.61329770e-01 2.54317254e-01 -1.60542741e-01 2.01368153e-01 7.59237945e-01 -7.66089559e-02 2.46233389e-01 -4.93901446e-02 -5.59893370e-01 2.49265924e-01 -5.07778162e-03 1.66079953e-01
-1.81517139e-01 -3.52275848e-01 -1.21964984e-01 3.47267896e-01 1.04373381e-01 -4.02958393e-01 1.35946479e-02 1.93972081e-01 2.53844112e-01 -1.34564057e-01 -2.72496134e-01 4.24084276e-01 4.26274657e-01 -3.99100900e-01 2.24216387e-01 -6.29593432e-01 -2.50428379e-01 -7.75857449e-01 -3.90777178e-02 -3.49133730e-01 -3.80973369e-02 7.74201155e-02 5.33779800e-01 5.86131096e-01 1.92415621e-02 -2.39061862e-01 3.70839566e-01 -3.39972377e-01 1.07283466e-01 -4.72472340e-01 1.10102415e-01 1.11750722e-01
8.21873546e-02 5.43477461e-02 6.58248723e-01 1.32428139e-01 -1.08413005e+00 -4.69637841e-01 2.20378876e-01 -1.73915431e-01 6.97993755e-01 5.37982881e-01 -1.13561518e-01 -3.83868814e-01 -1.69433020e-02 5.25368154e-01 -9.03274640e-02 -2.36407733e+00 -2.86381721e-01 -2.78481030e+00 2.20134869e-01 1.09280730e-02 -8.82411003e-01 5.90430319e-01 3.00555062e-02 7.25772604e-02 1.70157254e-01 8.80750790e-02 3.64791006e-01 2.45670557e-01 -2.21431956e-01 -7.53752112e-01 -3.81102711e-01 2.09653899e-01
-2.51267940e-01 -1.72609583e-01 -1.81716248e-01 -3.42536122e-01 -3.44336987e-01 5.81820607e-01 1.30518109e-01 -2.61858776e-02 -6.97739050e-02 3.26296180e-01 -2.40671158e-01 1.76289231e-01 1.22852422e-01 -3.39263082e-01 -1.48128673e-01 -5.44382513e-01 3.69030297e-01 -6.55838370e-01 -3.65880251e-01 8.06773901e-02 -2.83832550e-01 4.49780941e-01 -1.03668168e-01 2.82741874e-01 4.13222522e-01 -4.51563418e-01 4.16428655e-01 1.02536315e-02 1.58814684e-01 7.35113248e-02 -9.32181999e-02 -1.22442907e-02
3.98209840e-01 6.74384952e-01 6.19774580e-01 -4.17646140e-01 2.91215271e-01 2.20416129e-01 2.52913415e-01 -6.89444542e-02 -9.05462444e-01 1.12922382e+00 -3.05421203e-01 -2.04425380e-01 -4.19581890e-01 1.22509480e+00 1.35255083e-01 2.23759308e-01 5.09904101e-02 -8.30844343e-01 1.95601612e-01 -2.65056789e-01 1.91599075e-02 6.98479593e-01 -1.44489050e-01 -3.62844020e-01 5.90360880e-01 -7.45366454e-01 4.75037277e-01 -4.04630117e-02 -2.77843922e-01 -6.19378805e-01 -3.36802714e-02 -4.07508910e-01
-1.38576940e-01 -4.39142555e-01 1.38103068e-01 -1.50395110e-01 -1.72881067e-01 2.55919725e-01 1.73487678e-01 -3.13789457e-01 -5.27420402e-01 -1.17603861e-01 -8.49419683e-02 -1.15194852e-02 -1.23124041e-01 6.69678271e-01 5.55625916e-01 2.73631841e-01 2.55395949e-01 -4.75766122e-01 7.55317286e-02 1.26152813e-01 -2.67930329e-01 2.88052440e-01 -3.68607759e-01 2.60852665e-01 -1.59825832e-01 -3.00971359e-01 4.32580709e-01 8.06233764e-01 -4.74707603e-01 -4.35151935e-01 4.35304791e-01 4.05965000e-01
-9.86952245e-01 -2.41438851e-01 -5.35684526e-02 -1.18036819e+00 9.36145335e-02 5.71850464e-02 4.52096462e-01 5.26286662e-01 -3.43305826e-01 1.09268904e+00 -1.12819576e+00 1.05539668e+00 7.56926358e-01 6.70809448e-01 -1.46749225e-02 7.35151172e-01 3.32524955e-01 4.02297564e-02 -3.28200489e-01 8.41557980e-01 -9.42779481e-01 -4.65950996e-01 8.24806616e-02 9.37472284e-02 3.97491902e-01 5.11777699e-01 9.88082349e-01 1.05778229e+00 3.16651016e-01 -8.89778376e-01 9.96012032e-01 3.89275730e-01
-1.02742791e-01 7.02425390e-02 2.64995098e-01 -5.42138703e-02 4.00321662e-01 -6.70299008e-02 -3.07156611e-02 4.75778133e-02 -6.94147423e-02 1.89732730e-01 2.05707215e-02 1.67830139e-02 -1.00783014e-03 -1.17723800e-01 8.28088671e-02 -1.54814184e-01 8.99712369e-02 2.07835939e-02 -1.85711626e-02 -4.10291314e-01 1.53002292e-01 -1.08894609e-01 9.07082018e-03 2.24261675e-02 1.25211298e-01 3.40674043e-04 6.92430884e-02 1.38594642e-01 2.75714528e-02 -9.61388201e-02 -4.84331772e-02 6.27398342e-02
-1.19440541e-01 5.44073768e-02 4.97724116e-02 -1.31768763e-01 5.86275756e-01 -9.20765474e-02 6.11918449e-01 2.93646693e-01 2.66310632e-01 -1.57823420e+00 -3.56587082e-01 5.43591142e-01 6.67329013e-01 -1.02989960e+00 -2.40472689e-01 -1.28098890e-01 4.55648303e-01 -4.73984957e-01 1.14955688e-02 -5.20100832e-01 1.06251371e+00 -3.50736916e-01 -5.11405729e-02 -1.77978230e+00 1.20715335e-01 5.65530121e-01 -1.02043283e+00 -1.12472034e+00 6.34149432e-01 -1.20305143e-01 -2.27559224e-01 -4.08797264e-01
5.75772285e-01 -2.87433088e-01 -2.99121499e-01 3.94571513e-01 6.90308586e-02 -5.34119196e-02 -2.40947921e-02 -3.97733226e-02 4.23615485e-01 -1.29558191e-01 -1.61760986e-01 -6.70677330e-03 8.08554828e-01 -4.08448488e-01 3.28425705e-01 -1.47660583e-01 7.19023356e-03 -2.51366943e-01 -7.38514587e-02 -3.71754467e-02 -3.42481405e-01 1.54834703e-01 1.93015262e-01 1.19087502e-01 3.46395443e-03 -1.53779715e-01 7.46314406e-01 4.42035198e-01 -2.53215194e-01 2.92380720e-01 2.06027701e-01 2.70812958e-01
-2.55897909e-01 3.57014179e-01 -1.23186514e-01 -4.86159101e-02 -6.71277523e-01 -2.32585132e-01 8.22807997e-02 4.57230806e-01 -6.60767779e-02 -5.94636261e-01 -1.84055269e-01 -2.04643738e-02 -3.42667311e-01 1.53905734e-01 2.54826188e-01 -1.69971839e-01 -9.89168361e-02 2.55574405e-01 2.27948166e-02 3.52528095e-01 -2.66742527e-01 -3.11548878e-02 2.22908594e-02 -3.76084074e-02 -1.44319579e-01 -1.15771279e-01 2.66025901e-01 -2.14239597e-01 1.32076785e-01 5.17152715e-03 3.65104303e-02 1.92908898e-01
5.36905378e-02 -5.56701422e-01 -3.38886976e-02 -8.97242501e-02 -2.34827906e-01 -1.35274619e-01 -7.33529776e-02 -1.84650883e-01 -3.73167634e-01 4.36093956e-01 8.40799231e-03 5.35523854e-02 3.37325394e-01 2.92101473e-01 -1.10568993e-01 -6.60319328e-01 -2.38210171e-01 -1.91157609e-01 6.47077244e-03 2.80147307e-02 1.40482903e-01 -3.77226695e-02 6.57805562e-01 8.11058134e-02 -3.23401511e-01 2.13531733e-01 3.53681922e-01 4.18096855e-02 -5.63978329e-02 1.42722234e-01 -6.28420189e-02 -2.59325504e-01
8.19212735e-01 2.74093628e-01 -4.65674609e-01 3.72028835e-02 4.88227010e-02 8.94910842e-03 4.57659215e-01 2.44969755e-01 1.79408863e-02 -1.04799724e+00 -9.54742849e-01 1.29719436e+00 2.28473514e-01 -7.45915651e-01 -1.16713613e-01 2.76214927e-01 2.98271269e-01 3.02154422e-01 -2.25148275e-02 3.73215735e-01 -1.54800260e+00 -2.73013800e-01 -1.32827413e+00 -4.00344372e-01 -4.47323710e-01 -6.46489933e-02 8.90109092e-02 6.87975347e-01 5.08946702e-02 -1.11549087e-01 -1.36339143e-01 5.08003294e-01
-2.85762846e-01 1.62118837e-01 -8.51781547e-01 -1.84795663e-01 3.41298342e-01 4.55963880e-01 1.68779001e-01 1.88175306e-01 -2.56612986e-01 4.95075136e-01 -5.31144083e-01 -1.09574807e+00 4.98090655e-01 1.37353048e-01 -3.67385983e-01 8.90518665e-01 5.08499146e-02 1.49545228e+00 -6.75496697e-01 2.27166429e-01 2.64187366e-01 1.81133933e-02 1.25301778e-01 5.62426388e-01 -2.90343553e-01 9.02110398e-01 -2.12479040e-01 -2.45974526e-01 2.44538218e-01 9.88926180e-03 7.30340421e-01 -2.83741560e-02
-5.05263731e-02 3.07909340e-01 -1.22707658e-01 -6.06690645e-01 -4.08621170e-02 8.72909069e-01 3.57220441e-01 8.08386266e-01 1.56849772e-01 3.50021601e-01 9.67860401e-01 -2.90196538e-01 7.93135688e-02 3.66864890e-01 9.89244878e-02 -5.43190300e-01 2.62363493e-01 4.71035577e-02 -3.88929516e-01 -5.63302040e-01 -8.52780864e-02 -2.13632211e-01 5.18782616e-01 2.97680765e-01 -3.15438181e-01 1.64704576e-01 4.33677249e-02 4.56601270e-02 -5.67741811e-01 2.65550762e-01 -6.07295036e-02 1.90583825e-01
8.58192965e-02 1.42566301e-02 -1.77079007e-01 1.74907725e-02 -2.29209126e-03 7.16278329e-02 4.75132056e-02 7.96952993e-02 -2.65898630e-02 1.71795208e-03 -5.87979145e-02 -3.65248799e-01 2.37955853e-01 2.13935167e-01 4.67761932e-03 7.32304826e-02 8.15936849e-02 -6.39106631e-02 9.35783163e-02 2.50765562e-01 1.26651928e-01 2.68829048e-01 -6.07151305e-05 2.04680309e-01 -7.95910805e-02 -2.82037586e-01 -1.66563258e-01 -1.87368110e-01 -3.21565300e-01 -1.35691315e-01 -1.92443635e-02 -2.85648286e-01
3.60525221e-01 -3.82432202e-03 5.87429643e-01 3.57857883e-01 3.04134011e-01 4.83506173e-01 1.01876986e+00 -3.52867752e-01 5.82911372e-01 8.72013420e-02 -6.68125749e-01 2.24458069e-01 -4.93052095e-01 -4.97007295e-02 -5.65900356e-02 3.64514947e-01 -5.88860512e-01 -3.40893477e-01 2.73850262e-01 -2.99142580e-03 -1.89181209e-01 6.33084536e-01 5.01660764e-01 8.00442934e-01 -6.75747171e-02 -1.41557530e-01 -2.66499281e-01 3.15324306e-01 1.77347779e-01 3.76706481e-01 -1.00184523e-01 8.45864713e-02
-3.64583284e-01 -5.86310506e-01 1.52405071e+00 1.14133194e-01 -9.20990050e-01 -1.61496654e-01 -1.12312925e+00 -9.89084482e-01 3.56311858e-01 8.40021968e-01 2.97675990e-02 -5.02295136e-01 -3.16924065e-01 9.34744895e-01 6.89132214e-01 -1.93696499e+00 7.26999268e-02 -2.76428223e+00 1.75737870e+00 7.66745687e-01 -5.25921285e-01 1.72116745e+00 -3.85950059e-01 1.79193974e-01 3.62219304e-01 -7.06256568e-01 -2.27689803e-01 3.77898902e-01 2.15282544e-01 6.80089816e-02 3.53529871e-01 1.67061463e-01
1.09703764e-02 3.88117158e-03 9.27110687e-02 4.74375226e-02 3.53021175e-01 -2.67549623e-02 1.98898166e-02 6.60856208e-03 6.92124218e-02 -1.13369925e-02 -9.19897296e-03 -7.21847937e-02 9.48604941e-02 -2.16209353e-03 -2.04445571e-02 -4.35020998e-02 3.92782176e-03 -3.47700319e-03 -4.64362204e-02 7.47346207e-02 1.29108891e-01 5.10011204e-02 -3.85919400e-03 -8.73832777e-03 -1.17357813e-01 -1.56697169e-01 1.94563977e-02 3.53925705e-01 -1.67744961e-02 -5.21028899e-02 3.55040394e-02 -2.49276191e-01
-4.69696313e-01 -6.85202628e-02 -2.06004664e-01 9.50661749e-02 -1.60218120e-01 2.03118101e-01 -4.58579570e-01 6.60022855e-01 8.67905989e-02 -6.93707317e-02 4.83164862e-02 3.24407488e-01 3.58972281e-01 1.27863288e-01 4.53825057e-01 -3.63879412e-01 -2.25871995e-01 -1.51641376e-03 -2.17821032e-01 -1.59780875e-01 2.32681662e-01 -7.41462588e-01 2.92579439e-02 -1.49615064e-01 -1.98600456e-01 -2.65024930e-01 -4.54698771e-01 9.91051421e-02 -3.01255435e-01 -7.27082938e-02 -1.82559654e-01 3.97704512e-01
-1.14098780e-01 -2.38880351e-01 5.87081552e-01 2.85293669e-01 -6.03897929e-01 3.30403686e-01 2.65350282e-01 -5.94194829e-01 5.99627852e-01 1.97245762e-01 -4.61120643e-02 3.52206022e-01 -1.16074026e-01 -4.79199778e-04 2.34862149e-01 -2.13233232e+00 7.72509798e-02 -1.01177156e+00 -1.59445091e-03 1.44702166e-01 6.07055649e-02 1.63500801e-01 3.60911280e-01 1.64140821e-01 -1.21064596e-01 -5.41355908e-01 -5.46501763e-02 -3.37881178e-01 -2.96557277e-01 -4.55936462e-01 2.44320020e-01 -3.83710682e-01
-2.14523003e-01 1.72574401e-01 5.99686615e-03 1.16432935e-01 -5.58410347e-01 -1.46096334e-01 9.35181007e-02 -2.22287312e-01 -2.16074675e-01 1.66042292e+00 -3.87383252e-01 -5.74711449e-02 -2.55724967e-01 1.21313798e+00 -3.82209361e-01 -2.48012245e-01 8.71234760e-02 -2.85144478e-01 3.58693786e-02 -2.61015594e-01 5.24949133e-02 2.68144280e-01 -2.49008134e-01 -2.30390996e-01 -1.20573670e-01 7.36465827e-02 3.90813082e-01 4.45471793e-01 2.56156385e-01 -5.02740204e-01 2.86413401e-01 -1.05657682e-01
-5.65912127e-02 -1.69582292e-01 7.87456572e-01 3.86492014e-01 -3.72408599e-01 -4.36746091e-01 -1.16312540e+00 1.74182639e-01 3.62921387e-01 3.90810996e-01 -6.58298703e-03 4.16681208e-02 2.01646194e-01 1.60791889e-01 -2.71046340e-01 3.98961127e-01 5.84693961e-02 -1.35312021e-01 -6.40822724e-02 -2.63348758e-01 7.76105702e-01 5.03261745e-01 2.60936618e-01 -6.46931887e-01 3.04615442e-02 1.06826141e-01 -2.94147432e-01 3.51055086e-01 -1.18135087e-01 2.38451719e-01 -2.61494190e-01 -2.84425318e-01
9.37870681e-01 -2.70293057e-01 6.59440696e-01 8.42425346e-01 -7.45422781e-01 9.48585048e-02 -6.22377098e-01 -4.56093073e-01 7.05255628e-01 -7.90478110e-01 -4.49873477e-01 9.67100739e-01 -1.10237694e+00 -4.03386801e-01 5.80588281e-01 -6.33356988e-01 9.08927433e-03 -3.59438211e-01 5.35281777e-01 8.35000336e-01 2.47074693e-01 -3.20165157e-01 -2.38152504e+00 -7.26205945e-01 6.94090545e-01 6.98240340e-01 -9.48382914e-01 -3.55475754e-01 1.49321556e-01 1.11511600e+00 -3.42496455e-01 -2.31033012e-01
-2.86452994e-02 1.95304900e-01 -1.52815587e-03 -4.86555770e-02 -2.29015008e-01 -5.34128584e-02 3.18914279e-02 -5.00546396e-02 -2.93933824e-02 -3.51874828e-02 4.83181328e-02 8.67376700e-02 8.26030746e-02 -4.06804979e-02 1.47019923e-01 -1.22628175e-01 9.10648406e-02 2.11891711e-01 -1.39529305e-03 -2.90877610e-01 1.27807885e-01 4.61741984e-02 3.50329350e-03 -1.48604214e-02 -3.08307409e-01 -4.83246036e-02 1.81712378e-02 -6.06182031e-02 1.08038848e-02 -6.52318308e-03 6.38805330e-03 -2.14965656e-01
8.15556869e-02 3.34013492e-01 1.61795592e+00 4.56693441e-01 -1.21535957e+00 1.88323602e-01 -2.95993030e-01 -5.59985638e-01 8.21231127e-01 5.11373878e-01 1.50929883e-01 -3.35836470e-01 -9.03492272e-01 8.56319785e-01 4.38455259e-03 -3.38249350e+00 -1.86414272e-01 -4.53085804e+00 3.57465982e-01 1.43566161e-01 -1.28078604e+00 1.01222527e+00 3.67680073e-01 1.84324428e-01 2.70454317e-01 -1.70636505e-01 -5.11478722e-01 7.25093544e-01 -2.11550862e-01 5.43276838e-04 2.11015460e-03 -4.99216393e-02
-1.23337770e+00 -1.37872279e-01 -2.59070218e-01 -5.22441924e-01 5.51814675e-01 3.91495585e-01 -4.44971353e-01 4.06347901e-01 -9.02035981e-02 -1.31102294e-01 3.37961525e-01 -5.18191636e-01 2.31179863e-01 6.52649641e-01 -1.35130554e-01 -1.38406187e-01 -1.60051603e-02 5.56329727e-01 -6.26805305e-01 -5.86878248e-02 3.39458346e-01 4.64434296e-01 9.12726164e-01 1.01550885e-01 1.90707847e-01 1.50170490e-01 -4.98242348e-01 -2.05128744e-01 3.15754980e-01 -3.41068983e-01 -4.75871474e-01 -1.05715585e+00

layers.2.bias:
-1.49997175e+00
-7.93989241e-01
4.63894218e-01
-5.04537880e-01
4.29714024e-02
-5.65450847e-01
2.77117729e-01
2.10066295e+00
5.99976897e-01
8.11111093e-01
-9.45520163e-01
-1.20181298e+00
-2.04571337e-01
8.59123170e-01
-4.09603477e-01
-8.13864052e-01
-7.25114271e-02
-6.13645077e-01
3.55076611e-01
-6.83999285e-02
-6.07591942e-02
7.55213916e-01
7.24203765e-01
-1.35887846e-01
-4.25789803e-01
9.52147186e-01
-8.30513835e-01
-1.09565639e+00
4.34954613e-01
-1.12085783e+00
3.05751950e-01
-9.35164839e-02
7.38974214e-01
1.28007248e-01
-2.98820734e-01
-1.94098018e-02
-1.22029580e-01
1.34268117e+00
8.90674412e-01
-1.30530428e-02
9.30770934e-01
-1.64419308e-01
-5.48682749e-01
1.59051585e+00
2.59381115e-01
-1.05179393e+00
1.09255588e+00
-3.78316462e-01
7.40809202e-01
1.62836576e+00
2.08155274e-01
3.13951790e-01
1.19790077e-01
-6.07881963e-01
1.15019545e-01
-2.72113979e-02
5.93851447e-01
-1.90172404e-01
-1.19630165e-01
-6.02363646e-01
6.78477347e-01
5.14217205e-02
-2.35016838e-01
5.15907586e-01

layers.4.weight:
5.70177138e-01 1.94123574e-02 -7.81044662e-02 1.62050352e-02 2.25772336e-02 -1.42091662e-01 -4.27986990e-04 -6.62147403e-01 -1.31640300e-01 -3.97928894e-01 1.24738552e-01 6.20999217e-01 -1.64527917e+00 -4.90880273e-02 3.36043013e-04 -1.19769764e+00 5.82434295e-04 6.43471777e-02 1.43219968e-02 1.41069120e-06 3.74315456e-02 -8.72000903e-02 2.76226248e-03 2.24896073e-01 -6.85122684e-02 -3.77796590e-02 2.46132462e-04 7.70516813e-01 -4.06493515e-01 3.92964810e-01 -1.92223676e-02 -1.66200951e-01 -1.42071441e-01 -2.01856499e-04 1.73686281e-01 4.29273205e-04 -7.69806211e-05 -1.72978655e-01 -1.24537240e-04 1.40792370e-01 -3.87014449e-02 2.90102303e-01 9.44619253e-02 -1.35542288e-01 -1.78896065e-04 2.93263972e-01 7.47636950e-05 3.82413942e-04 -8.38550553e-02 -6.17321789e-01 -4.62074392e-02 -8.42968002e-02 -1.15342648e-03 -4.01994660e-02 -1.00344968e+00 2.99031410e-04 -7.26013022e-05 -2.88761884e-01 -6.04618490e-02 -3.30229625e-02 -7.13615566e-02 4.26578219e-04 8.15055013e-01 -7.21604154e-02

layers.4.bias:
-1.04277492e+00

