layers.0.weight:
3.31696361e-01 -5.67613244e-01 7.97264636e-01
5.69172144e-01 -8.09445798e-01 -5.80563486e-01
-8.31293464e-02 -6.13938749e-01 -5.77727258e-01
-1.07055378e+00 1.15616508e-01 4.58123112e+00
2.67282110e-02 4.11940843e-01 1.16166264e-01
-5.79876065e-01 8.58121514e-01 -1.84879377e-01
-1.31842160e+00 4.86020595e-01 -9.88645032e-02
-6.01682402e-02 7.88846374e-01 -9.23566997e-01
6.03414774e-01 -9.26082134e-01 5.12713566e-02
-1.11527514e+00 5.86289167e-02 -1.64189592e-01
7.53551662e-01 -9.85680073e-02 1.41279221e+00
-7.16238439e-01 -1.31785080e-01 -1.29353356e+00
-4.30584475e-02 7.12955832e-01 -1.57757306e+00
-1.16726887e+00 2.10410804e-02 5.00053525e-01
-6.46977663e-01 1.09646142e+00 7.52028525e-01
-1.81771189e-01 9.48456824e-01 1.64468549e-02
5.46070874e-01 -6.33792400e-01 -1.45019031e+00
-1.15504665e-02 1.12846863e+00 1.84981868e-01
8.07071701e-02 -9.54183042e-01 5.35116851e-01
3.41117471e-01 -1.28724232e-01 -8.64976227e-01
2.23475501e-01 1.65966094e-01 -5.10879010e-02
-3.24195027e-01 -2.56797969e-01 -1.00232065e+00
-4.64660525e-01 1.65601885e+00 -4.46076952e-02
-1.56447518e+00 4.06930357e-01 1.75152493e+00
1.05132234e+00 3.79940838e-01 -7.78481364e-01
2.59609371e-01 6.71772659e-01 -1.17486012e+00
-1.16151750e-01 -2.13369340e-01 1.90187418e+00
-3.97779703e-01 -2.44972542e-01 1.92939892e-01
3.22416067e-01 7.57217348e-01 -1.46468067e+00
-1.04933763e-02 4.65525806e-01 1.70563948e+00
-2.89658904e+00 2.84448242e+00 -1.78299040e-01
-1.26738083e+00 -5.19488692e-01 1.02004325e+00

layers.0.bias:
8.77201200e-01
4.81547834e-03
-1.42384720e+00
-6.34384930e-01
7.07518518e-01
-2.04255387e-01
-3.54310095e-01
2.86240637e-01
-7.45998621e-01
-1.59115899e+00
1.64644122e-01
1.80825554e-02
2.46107668e-01
-1.21306002e+00
-2.90836543e-01
1.43946290e+00
9.34610724e-01
1.82654703e+00
-6.68276668e-01
5.78918040e-01
-1.44309163e-01
-1.35729384e+00
1.02535832e+00
-7.05530941e-02
1.36946186e-01
5.60703695e-01
8.80503118e-01
-1.57881156e-01
-4.88352716e-01
7.31267482e-02
8.91685039e-02
-6.70209900e-02

layers.2.weight:
-3.82633328e-01 1.70239195e-01 1.74883768e-01 -4.54283178e-01 -2.71287054e-01 2.47833841e-02 3.85042205e-02 -8.07764009e-02 -1.64080430e-02 3.12877297e+00 9.37824398e-02 1.17299035e-01 -2.63317674e-01 2.46093965e+00 -1.83215693e-01 2.75855601e-01 -1.38628259e-01 4.47194517e-01 1.37695104e-01 -3.42620492e-01 2.68976122e-01 -5.54794297e-02 -5.87753356e-01 6.35874331e-01 -5.60824722e-02 5.79985797e-01 -7.68517137e-01 -1.53478891e-01 -1.38485506e-01 -1.82627916e-01 -6.52510598e-02 2.26228803e-01
-5.16698286e-02 1.64474949e-01 -8.93756986e-01 2.02845093e-02 -3.64091933e-01 9.16877314e-02 -6.49187505e-01 -4.79674339e-01 4.32422608e-01 6.33853912e-01 2.67275542e-01 -1.36783153e-01 2.73049384e-01 2.90772822e-02 -3.99170727e-01 3.12675178e-01 -3.36034596e-01 3.96307707e-01 -4.06408101e-01 -5.09125590e-02 5.12991309e-01 -1.33410394e-01 -5.05932093e-01 -5.78604601e-02 -2.62601431e-02 -5.59246652e-02 -3.53680372e-01 -4.34336632e-01 6.76035956e-02 -2.55280733e-01 2.26399638e-02 2.04190493e-01
9.27753001e-02 2.28780612e-01 1.41210139e-01 -6.42582119e-01 -8.67275894e-01 -1.49910003e-01 -5.89987218e-01 2.10514754e-01 5.74260473e-01 6.09286666e-01 -4.36261058e-01 -2.01743171e-01 5.16453385e-02 -1.91399306e-02 -3.64421785e-01 -8.14841688e-01 -1.38514295e-01 -6.72001123e-01 1.10617587e-02 2.77574897e-01 -3.96670759e-01 -2.79621243e-01 2.94013679e-01 -1.56595302e+00 -4.54002976e-01 3.19155186e-01 -1.05676591e+00 1.91738889e-01 2.86334634e-01 -2.74681479e-01 3.45475366e-03 3.32599580e-01
2.02323154e-01 -1.39702544e-01 8.30038935e-02 1.31584191e+00 3.39252681e-01 4.34855640e-01 6.91543043e-01 -2.05708921e-01 -1.92247853e-01 -1.94094367e-02 1.30181164e-01 -3.00784167e-02 -5.45636058e-01 1.79573968e-01 6.98525846e-01 2.81893432e-01 -2.95596212e-01 3.03933680e-01 2.82748073e-01 -1.04250801e+00 -1.06903529e+00 -1.44794777e-01 4.61787969e-01 1.64478159e+00 -1.45190763e+00 -5.31361520e-01 4.66915786e-01 6.95793748e-01 -6.19714737e-01 -1.98802680e-01 8.17950815e-03 1.14491987e+00
1.80989012e-01 -2.29722440e-01 2.98466712e-01 -5.29893517e-01 -1.53453387e-02 -4.62001890e-01 -1.04775703e+00 1.78166881e-01 1.36761874e-01 -7.68144071e-01 3.39262635e-01 -6.16515577e-01 8.65363955e-01 -9.25392807e-01 -1.95942551e-01 -9.56328332e-01 -1.94799080e-01 -1.09859896e+00 -1.14484839e-01 -3.83554189e-03 7.40942836e-01 -5.11427045e-01 1.77236572e-01 -4.63851541e-01 -6.66272402e-01 6.99663341e-01 1.44290039e-02 -5.54623961e-01 -1.45239666e-01 5.22261024e-01 -5.64784288e-01 -9.98408794e-02
-4.58870471e-01 3.13515306e-01 4.65349793e-01 2.08229706e-01 -1.01496160e+00 -2.57639706e-01 -6.55953705e-01 2.08196342e-01 9.43931639e-01 2.09661514e-01 7.23345757e-01 1.00273870e-01 -1.28355995e-01 -4.21980441e-01 -3.59368414e-01 -1.52160871e+00 -3.20855290e-01 -1.83893156e+00 7.14672625e-01 -2.24309891e-01 -3.68124008e-01 -3.52142267e-02 -4.97333795e-01 -1.90287158e-01 8.58821049e-02 1.74149275e-02 1.96471781e-01 8.46979439e-01 -2.83277214e-01 -3.86195153e-01 -9.72750008e-01 3.73146951e-01
7.84473270e-02 -1.71977505e-02 -3.04897726e-01 -1.08882727e-03 -9.16191190e-02 1.97010800e-01 -6.85060918e-02 -4.22100723e-01 -9.46569294e-02 2.68656194e-01 2.72132337e-01 1.28194585e-01 2.87411392e-01 1.49703072e-02 -5.02614211e-03 -3.59896511e-01 1.54142324e-02 7.94772729e-02 -1.95121877e-02 -3.07396382e-01 -3.88296187e-01 1.22949947e-02 3.96285318e-02 1.04575623e-02 2.26610318e-01 2.79222757e-01 -3.47447693e-01 -4.50681657e-01 -1.42433092e-01 7.54911080e-02 3.90748084e-02 6.75240308e-02
2.66185164e-01 9.91027206e-02 -3.46728832e-01 3.55428159e-01 1.68429986e-01 -5.94577134e-01 1.33860633e-01 4.90028679e-01 5.85963316e-02 -2.38279015e-01 -1.27747715e-01 9.56043303e-01 3.14406961e-01 -4.39814210e-01 -1.59095660e-01 1.67627409e-01 5.13843417e-01 9.65116769e-02 2.37979174e-01 4.96056199e-01 -1.44095802e+00 -8.86793673e-01 1.37368634e-01 3.93069744e-01 1.96191519e-01 7.40425467e-01 6.03646398e-01 5.26829958e-01 -6.64685130e-01 4.94582057e-01 1.98171794e-01 -2.65949070e-01
2.11695239e-01 2.65599966e-01 -5.60405493e-01 -2.25445315e-01 1.19404447e+00 -5.36613524e-01 -2.43209004e-01 -4.11622673e-01 -7.29230642e-01 6.92789316e-01 3.87091398e-01 4.75669086e-01 6.49565518e-01 -2.54705936e-01 9.80634317e-02 1.75302649e+00 3.27128738e-01 1.11733365e+00 -4.81228709e-01 -1.26704797e-01 1.03878923e-01 -3.11548293e-01 2.69593801e-02 2.01156244e-01 1.06880426e-01 3.56930912e-01 8.66085738e-02 -3.94539610e-02 -1.05044723e-01 1.78742364e-01 2.35424924e+00 -2.71491677e-01
-6.41719460e-01 2.39304945e-01 -5.39010577e-02 -5.42304099e-01 2.61113048e-01 1.31339459e-02 -1.24965027e-01 3.94976497e-01 5.66948950e-01 -1.90218970e-01 6.36065193e-03 2.37940237e-01 2.04525977e-01 2.83797026e-01 -4.91615176e-01 -1.11670506e+00 3.52516681e-01 -6.83352590e-01 -4.28653866e-01 -7.33605251e-02 -6.81504786e-01 -2.07794383e-01 1.07126653e-01 -8.67629983e-03 -2.54941076e-01 -7.93212280e-02 -1.93798676e-01 3.18349987e-01 2.81769782e-01 1.35704741e-01 -9.55840349e-02 -2.77105859e-03
3.84446323e-01 -2.47992232e-01 3.28591815e-03 -3.91985387e-01 -6.35336518e-01 -6.88613355e-01 -3.63168120e-01 1.12285003e-01 6.02240026e-01 1.27180666e-01 -5.54331839e-01 -9.52074379e-02 8.77890885e-01 -6.37442410e-01 -2.12075591e-01 -4.52747405e-01 -6.25141203e-01 -1.27310765e+00 1.21387661e-01 -1.46333613e-02 1.06451619e+00 -2.59604096e-01 -1.23727918e+00 5.61016276e-02 -1.06960781e-01 -4.71918508e-02 -4.62934196e-01 -5.76576889e-01 1.96172461e-01 -4.24902022e-01 -5.89947030e-02 3.92002821e-01
-9.77826416e-02 -5.77418916e-02 1.65263402e+00 -8.64624023e-01 -8.56167316e-01 5.61302863e-02 4.58384641e-02 -3.78325373e-01 9.33747143e-02 1.94645357e+00 1.21018859e-02 -3.85314077e-02 2.88013160e-01 3.14961529e+00 -6.23901859e-02 -7.50935435e-01 2.98869848e-01 -2.60384750e+00 5.55429280e-01 -3.35195810e-01 2.59864718e-01 5.78785658e-01 -4.11498219e-01 7.76218832e-01 -3.58047076e-02 -5.38003623e-01 3.00574303e-01 -1.24924682e-01 1.74708813e-01 3.51203978e-02 3.26710910e-01 -3.71029317e-01
-4.81314272e-01 -1.68630496e-01 9.13636446e-01 3.85569930e-01 -6.01410449e-01 5.16426146e-01 -9.06633437e-02 -1.00753558e+00 3.52398902e-01 5.58540225e-01 1.51860714e-01 2.89253712e-01 -4.95882452e-01 -1.66521654e-01 4.47378904e-01 -4.05198240e+00 -8.19754004e-02 -5.92449379e+00 7.29322016e-01 -9.44603026e-01 -7.76842177e-01 4.26158220e-01 5.04623711e-01 -1.21705927e-01 -2.61185944e-01 -2.49757886e-01 -3.71100247e-01 6.55773163e-01 -7.12886870e-01 -3.53435576e-01 -4.54400331e-01 -2.41528898e-01
-2.64851823e-02 -9.61088613e-02 -5.82591593e-01 -1.23181790e-01 -1.86463356e-01 -6.77189454e-02 2.40463376e-01 3.86669278e-01 3.02725583e-01 -5.53174853e-01 5.28416455e-01 -3.52713287e-01 3.89749438e-01 -8.39625716e-01 -3.65033269e-01 -4.04461958e-02 -1.66682318e-01 2.27217287e-01 -1.30330980e-01 2.04957291e-01 9.24677309e-03 -8.15547481e-02 6.89538121e-02 -2.45097190e-01 -1.48002028e-01 8.07742000e-01 -6.22560643e-02 2.29945574e-02 -1.57602012e-01 2.02247798e-01 1.84920594e-01 3.83118063e-01
-9.90466774e-01 2.44722351e-01 -1.33891404e-02 2.76916444e-01 -2.12517843e-01 6.33722782e-01 -2.82911092e-01 -4.72765267e-02 3.72472495e-01 -9.10525993e-02 -8.28874052e-01 3.04973781e-01 2.17148557e-01 -3.55511010e-01 -3.12221199e-01 -6.29515111e-01 2.90594429e-01 -6.50571942e-01 -4.44110930e-01 3.78997505e-01 1.29871869e+00 1.00815547e+00 -5.30519597e-02 1.52785122e-01 -4.06370938e-01 1.62532404e-01 -6.52590394e-01 1.02297790e-01 8.08392644e-01 -3.08149338e-01 -7.10674897e-02 1.73304528e-01
-5.11428833e-01 -6.30328879e-02 2.06880108e-01 1.82066977e-01 -3.23757172e-01 2.05849335e-01 -1.08251655e+00 -7.44113177e-02 2.30242535e-01 4.80042410e+00 7.00762749e-01 2.13407308e-01 1.88504815e-01 2.42608929e+00 9.62018222e-02 -1.39324874e-01 -5.01108646e-01 -2.44599536e-01 4.61407043e-02 -2.66588032e-01 -5.80150783e-01 4.26067501e-01 2.56890148e-01 1.61026120e-01 -3.04759234e-01 -4.29151028e-01 -6.00410342e-01 2.22285047e-01 -1.04473047e-01 -5.98623931e-01 -1.42726645e-01 -3.28723401e-01
-6.52025193e-02 1.65538117e-01 3.24762873e-02 2.79427581e-02 -8.28475356e-02 -2.50138231e-02 2.10848618e-02 -5.87224215e-02 1.46594793e-02 -2.16598630e-01 9.25153941e-02 -1.20842811e-02 4.55960557e-02 1.12484969e-01 1.03476852e-01 5.05132899e-02 3.91366333e-02 2.58340896e-03 9.30300541e-03 9.72742960e-02 2.44663805e-01 1.95881352e-01 1.18685123e-02 3.95558476e-02 9.06392932e-03 3.55983316e-03 4.41238023e-02 3.10315430e-01 1.16834445e-02 -3.76088358e-03 -5.52949831e-02 8.20381939e-02
1.96183220e-01 -2.15755478e-01 -8.03611338e-01 1.34076163e-01 3.69383574e-01 -1.79147944e-01 -2.05621615e-01 -3.90394390e-01 -2.63744616e-03 -7.07782567e-01 9.52690542e-02 4.78058588e-03 1.17323682e-01 1.32980794e-01 -1.87178459e-02 3.91739309e-01 -3.86778206e-01 6.32996798e-01 -1.12116992e-01 8.46450686e-01 1.70830756e-01 -5.26378453e-02 -3.21523249e-01 -3.35640535e-02 -1.87647417e-01 -5.17739117e-01 9.32116747e-01 -3.78914058e-01 1.36250392e-01 3.94137114e-01 1.07748538e-01 2.44951919e-01
-1.88324854e-01 -1.59121424e-01 -3.92003268e-01 -1.36405185e-01 5.40404975e-01 -3.49690728e-02 2.34442145e-01 5.07924259e-02 3.20690900e-01 -3.90044242e-01 -1.08301811e-01 -9.43647683e-01 4.02956665e-01 -2.11606637e-01 -1.10246614e-01 2.73746043e-01 -2.15342879e-01 4.25363064e-01 2.34799951e-01 -1.47908852e-01 -4.50688228e-02 -2.66173899e-01 3.87180924e-01 -3.15335065e-01 1.64743811e-01 1.31905019e-01 -1.07342772e-01 3.81359458e-01 -4.41593565e-02 4.22989756e-01 8.03255022e-01 2.08037525e-01
8.63884762e-02 1.69469640e-01 -1.15886614e-01 8.35611373e-02 2.80830637e-02 1.50893778e-01 -1.94037557e-02 -6.78552389e-02 4.00077142e-02 1.03960477e-01 3.76336873e-02 1.71397984e-01 -7.11115673e-02 -1.27413124e-01 1.23599835e-01 4.01449084e-01 7.92712569e-02 -3.25787991e-01 2.89617130e-03 -9.04159099e-02 -1.20388754e-01 -2.08562180e-01 -1.18903555e-02 -2.99362652e-02 8.13352987e-02 1.36924699e-01 2.50027385e-02 4.60667862e-03 1.04766965e-01 2.34397836e-02 5.12268431e-02 -1.35816792e-02
6.45188868e-01 -1.81345835e-01 4.82195139e-01 5.82292438e-01 -4.29348536e-02 -3.42626125e-01 -6.56619430e-01 -1.52332112e-01 -3.92628729e-01 -9.96864617e-01 -4.82805222e-02 9.36292589e-01 4.48821247e-01 -5.87307096e-01 7.59750545e-01 6.83423340e-01 -1.17171690e-01 -6.94065318e-02 4.86190587e-01 4.25589830e-01 -5.14909923e-01 -2.28079185e-02 4.74915087e-01 1.34482160e-01 2.92369761e-02 -3.93446147e-01 1.49211496e-01 3.82329494e-01 -1.99735031e-01 -2.76621282e-02 1.16157234e-01 5.00940025e-01
1.60921201e-01 -2.13326037e-01 1.51779488e-01 1.97489068e-01 -1.35582626e-01 2.74030745e-01 9.91798401e-01 2.19409242e-02 4.14841533e-01 4.45974350e-01 3.72038841e-01 3.46091419e-01 -4.49069768e-01 -1.78225502e-01 2.19860852e-01 -1.07958603e+00 -1.41498059e-01 -8.94275248e-01 -6.46268949e-02 -5.23968518e-01 -4.62113261e-01 -1.89726602e-03 4.83636022e-01 4.77840602e-02 1.40440196e-01 -4.87907469e-01 -6.58386230e-01 4.25184250e-01 -1.21480927e-01 -1.41647279e-01 4.07662064e-01 -1.41987160e-01
-2.18149163e-02 -6.22703172e-02 -1.03770256e-01 3.76576215e-01 -1.68195814e-01 3.80604923e-01 4.74882573e-01 -2.20015883e-01 -3.10860217e-01 3.95050555e-01 8.78875796e-03 1.06700957e-01 4.70574588e-01 5.55069983e-01 -6.50905222e-02 -6.88092053e-01 5.21938980e-01 -3.64603460e-01 2.04422288e-02 -2.45830879e-01 -2.45586991e-01 9.22206938e-02 -4.14195538e-01 1.17864802e-01 -2.79986024e-01 -6.83518946e-02 -9.09147188e-02 -5.96668422e-01 1.31426990e-01 -1.42886788e-01 -6.92912489e-02 -3.42091441e-01
7.36859500e-01 6.09833859e-02 -3.18066895e-01 1.09926730e-01 3.10682714e-01 -4.58070695e-01 4.01130430e-02 3.83772731e-01 1.70941785e-01 -2.75984311e+00 4.83836271e-02 2.28806868e-01 4.44393843e-01 -1.65878987e+00 3.20393518e-02 4.86374676e-01 2.38703668e-01 3.91813636e-01 -3.05214614e-01 8.27045217e-02 4.28541660e-01 -1.96421579e-01 -2.48780847e-01 -6.31714761e-02 -4.31280643e-01 -1.28941908e-01 -1.05575278e-01 -1.30669400e-01 2.80702144e-01 4.21901569e-02 1.73767321e-02 -1.07224293e-01
-1.00938034e+00 1.63796052e-01 3.72850522e-02 1.02371886e-01 -9.96764153e-02 -3.12464118e-01 1.09436345e+00 4.63898554e-02 -9.50951993e-01 8.14382195e-01 -6.80743098e-01 -2.42083594e-02 2.01584890e-01 8.28943774e-02 -7.10927010e-01 3.94403726e-01 6.12891316e-01 4.38685924e-01 -1.67926863e-01 2.00554654e-02 9.05828550e-02 3.71052504e-01 5.34663618e-01 9.39436555e-01 -5.27529836e-01 5.44709563e-01 -6.44330740e-01 -2.97319233e-01 9.12462473e-01 -4.68739033e-01 9.75672975e-02 1.71396717e-01
-5.69316387e-01 5.95604539e-01 -1.54850660e-02 -1.70051768e-01 5.32717168e-01 1.82869717e-01 -2.10544411e-02 5.47892749e-01 -3.10005814e-01 5.04582763e-01 4.44189869e-02 -1.53872609e-01 2.48891428e-01 2.10359901e-01 -5.25430143e-01 -2.88034648e-01 -1.07992962e-01 -1.39485270e-01 3.56956571e-01 -3.15882027e-01 2.58279555e-02 -2.47603267e-01 5.93838431e-02 -5.75680256e-01 1.34392053e-01 -1.75619140e-01 -5.91683388e-01 -5.32852829e-01 1.86665937e-01 -3.94276142e-01 -2.60384411e-01 -2.98465669e-01
-1.24806136e-01 2.72530258e-01 4.67586070e-01 3.26186299e-01 -3.62705946e-01 -3.25882912e-01 2.17126250e-01 -2.26915465e-03 6.38631433e-02 -3.26393694e-01 -6.67772412e-01 1.12320587e-01 -2.40544751e-01 -1.02503695e-01 -8.81395862e-02 6.53146863e-01 -5.15672937e-02 1.45511657e-01 3.21599871e-01 2.24907562e-01 -1.80453822e-01 -6.93858624e-01 5.25397435e-02 1.62021369e-01 3.40773817e-03 1.60944954e-01 -1.11843105e-02 -2.63279647e-01 -3.32209349e-01 -1.62888229e-01 1.35759026e-01 1.43586388e-02
-7.77224541e-01 4.46129620e-01 -6.28678381e-01 -1.00829470e+00 -2.28092313e-01 -2.56507456e-01 -3.89521122e-01 4.17396069e-01 1.48311049e-01 3.74305159e-01 -7.28800520e-02 2.08074465e-01 1.78481400e-01 2.03553677e-01 8.77795648e-03 1.04313087e+00 6.65985048e-01 1.21202326e+00 -8.09740663e-01 5.89214265e-02 5.64544082e-01 -7.59011149e-01 -6.31166637e-01 3.90218437e-01 -7.58542493e-02 -4.12363082e-01 2.75440723e-01 2.34705731e-01 7.43478119e-01 -8.13549221e-01 1.50247902e-01 -3.20379436e-01
-6.74795657e-02 -5.61742544e-01 8.17335322e-02 -8.24394971e-02 -7.05482662e-01 6.68920934e-01 -2.38524061e-02 -4.70784396e-01 5.90663195e-01 9.45395529e-01 -1.45079195e-01 9.00643878e-03 5.20387769e-01 4.40888256e-01 6.95318952e-02 -1.14395976e+00 -4.97368753e-01 -1.10443664e+00 -2.45268680e-02 1.65927932e-01 4.08597887e-01 3.49684507e-01 2.97239900e-01 1.97290838e-01 3.78046572e-01 7.17946142e-02 -3.82661819e-01 -4.46032941e-01 -2.05673322e-01 -3.01025778e-01 3.69225651e-01 2.01083198e-01
-3.52375619e-02 -1.06650662e+00 3.42943966e-01 1.60357940e+00 1.58504963e-01 8.04837793e-02 -2.16114335e-02 -2.87992954e-01 -2.99528837e-01 2.70581931e-01 1.09682846e+00 -9.74108696e-01 -1.12551856e+00 -2.84780353e-01 2.55934238e-01 1.42245442e-02 -1.32801187e+00 6.54798925e-01 6.51860595e-01 -7.95573175e-01 8.20392489e-01 1.73958063e-01 -1.27237162e-03 1.44760787e-01 -7.89118856e-02 -5.30906022e-01 2.25329176e-01 9.06284973e-02 -8.99559259e-01 1.28600621e+00 -4.84707981e-01 4.05285731e-02
-7.59779274e-01 -3.05855900e-01 7.55112469e-01 1.83824688e-01 -6.81611478e-01 3.12300146e-01 3.90716225e-01 -7.71666598e-03 -2.65171617e-01 -6.19359910e-02 -1.19725132e+00 3.55130613e-01 4.41159934e-01 2.19244182e-01 3.25692147e-01 -5.49626708e-01 2.87144721e-01 -7.02730894e-01 1.96484640e-01 -4.17703271e-01 -1.17988372e+00 7.40907788e-01 -7.71419927e-02 -6.04269564e-01 1.79427251e-01 5.41414499e-01 -5.79616986e-02 1.95349425e-01 -5.05386233e-01 -1.68429464e-01 -2.57575005e-01 -2.28786189e-02
-2.55199045e-01 -4.02360320e-01 -1.82383075e-01 -1.03613451e-01 -1.26713887e-01 -7.24787265e-02 2.75918663e-01 2.14372218e-01 -7.53867924e-01 1.36598647e+00 -1.07053004e-01 -1.27365142e-01 -5.54935992e-01 6.29731476e-01 -1.12758368e-01 1.63423896e-01 -1.07909283e-02 2.88346559e-01 1.74704771e-02 -2.18759343e-01 1.51510566e-01 9.98169631e-02 4.38052088e-01 1.53804436e-01 -5.83526306e-02 -1.25402555e-01 -1.38460785e-01 2.74349570e-01 1.97137833e-01 3.56821150e-01 3.55714262e-02 2.06838533e-01
-2.27266625e-01 -2.21103787e-01 1.56132907e-01 -1.72484845e-01 -5.80650628e-01 4.94005114e-01 -3.17319542e-01 -3.47516298e-01 2.26369396e-01 -4.91391510e-01 4.99815308e-02 3.47371489e-01 2.69637287e-01 4.03459311e-01 1.84677586e-01 -7.13853478e-01 -3.68965983e-01 -1.42177129e+00 -1.06751084e-01 -2.70105928e-01 -4.61002365e-02 9.91232812e-01 4.63347614e-01 5.75667977e-01 -4.70098794e-01 1.96068689e-01 4.95532006e-02 -2.71222383e-01 -2.95432895e-01 -3.30176264e-01 -3.98663938e-01 -7.58690462e-02
6.46713153e-02 -6.90998882e-02 2.30267886e-02 -7.46641159e-02 3.41196060e-01 -4.07666862e-02 5.41620515e-02 -3.22154582e-01 -1.78454444e-01 3.95861000e-01 1.20733716e-01 2.35259056e-01 7.30511546e-02 -3.47879231e-01 -5.40865548e-02 -3.36931080e-01 6.52816892e-02 1.47489429e-01 -2.00069815e-01 -5.38853943e-01 1.55975446e-01 -2.45788068e-01 -1.17809765e-01 -7.98146427e-02 6.16725907e-02 2.26618513e-01 -4.31703255e-02 -2.16413364e-02 1.20133325e-01 8.36660638e-02 1.01179242e-01 -7.70847127e-02
1.53307170e-01 -5.96303880e-01 -2.79944420e-01 8.67164969e-01 -3.61020714e-01 -4.76989955e-01 1.77199349e-01 -2.48677984e-01 5.99526241e-02 3.01010323e+00 -4.69885617e-01 9.16790247e-01 5.51554382e-01 1.04739380e+00 7.90748239e-01 -6.16636015e-02 -4.90852632e-02 -1.15158573e-01 6.84637904e-01 2.62870610e-01 2.57960320e-01 5.08211404e-02 -2.92704225e-01 1.16113782e+00 -2.21556518e-02 3.65650989e-02 -1.98431239e-01 2.93443263e-01 -7.48519972e-02 1.31212905e-01 6.50029540e-01 -1.45271383e-02
-1.67459324e-01 2.04036146e-01 2.28606954e-01 7.05511793e-02 -5.33980913e-02 -6.47320449e-02 -6.63936697e-03 1.13365725e-01 1.08056292e-02 -6.06693439e-02 1.93706825e-01 1.81363299e-02 8.73446167e-02 -3.27772982e-02 1.51588321e-01 2.20417246e-01 3.49168181e-02 -1.50165245e-01 -7.13602314e-03 7.84800723e-02 -1.66072443e-01 2.95378342e-02 -1.75099960e-03 2.02595722e-02 -5.33294201e-01 -2.44214162e-01 3.79415862e-02 -9.12680924e-02 -6.50477856e-02 -5.49586788e-02 -4.83949929e-02 -3.78799379e-01
6.80683786e-03 -8.87071490e-02 -1.28685161e-01 3.11483108e-02 -1.67123020e-01 7.16580525e-02 -2.59602759e-02 1.79670423e-01 3.75654474e-02 -1.44501803e-02 -3.13854627e-02 7.58499512e-03 -6.18455634e-02 2.15823650e-02 -5.50170653e-02 1.78074092e-01 -9.56718847e-02 -1.68573573e-01 -2.17780303e-02 3.41263026e-01 -2.47237980e-01 -1.51716307e-01 -2.63191527e-03 -4.48361365e-03 1.60316359e-02 -7.75276944e-02 -5.25709875e-02 -5.66210598e-02 -7.59813711e-02 5.66698499e-02 -4.02661460e-03 -1.79470703e-02
6.64037704e-01 -2.26043761e-01 5.00106692e-01 3.49876076e-01 -8.29884350e-01 -1.82757415e-02 -6.76802874e-01 -4.40398306e-02 9.48377430e-01 1.17306292e-01 -1.45099223e-01 -2.24563275e-02 3.76479700e-02 2.52437532e-01 6.75174356e-01 -1.34445226e+00 -4.32168216e-01 -1.24749124e+00 7.89992929e-01 -2.71509826e-01 -6.44345284e-01 2.87734568e-01 -2.90448487e-01 2.44737282e-01 7.47912765e-01 -7.56679997e-02 2.32811511e-01 -2.25290060e-01 -5.87697089e-01 2.35951513e-01 -1.52144954e-02 1.70322746e-01
1.51414238e-02 -5.12319386e-01 -3.69627208e-01 4.66314793e-01 3.49978924e-01 -4.73597944e-01 8.05172920e-02 -1.01654101e-02 2.18766123e-01 -2.06741527e-01 -1.91696599e-01 3.98977578e-01 2.99841225e-01 -2.17767224e-01 3.52311164e-01 -5.27505040e-01 -4.12220359e-01 -6.35902286e-01 3.45685899e-01 -4.81834859e-01 -1.78518549e-01 -1.10251166e-01 4.78262305e-01 7.30379343e-01 -5.55574447e-02 -3.62814456e-01 4.95310128e-01 -1.09345190e-01 -5.80899343e-02 -3.59666407e-01 1.26655385e-01 1.44716710e-01
-1.57935917e-02 -3.07999924e-02 7.85556674e-01 5.72838597e-02 -1.10473204e+00 -3.28483433e-01 1.45615727e-01 -6.45242259e-02 7.71005273e-01 6.39810860e-01 -1.66384041e-01 -3.47521514e-01 6.18706383e-02 4.39540476e-01 3.94798778e-02 -2.35601902e+00 -3.12531620e-01 -2.81961346e+00 5.26430644e-02 4.02236581e-02 -6.74944341e-01 6.57705247e-01 2.08522752e-01 -8.71238559e-02 4.48249698e-01 1.96327761e-01 2.79504031e-01 -8.36381987e-02 4.54352908e-02 -8.15352678e-01 -1.80039093e-01 -4.73081842e-02
-2.61169255e-01 -1.51451841e-01 -9.06464830e-02 -3.77254695e-01 -4.94297564e-01 5.92888713e-01 1.19707577e-01 -1.78970564e-02 7.41344839e-02 3.62658203e-01 -2.48298764e-01 1.08964868e-01 1.53176904e-01 -3.06761652e-01 -1.52030572e-01 -7.50281274e-01 3.90141606e-01 -8.58463109e-01 -3.50726694e-01 1.05523959e-01 -2.42789820e-01 5.19744635e-01 -1.65903524e-01 2.22606570e-01 4.46145862e-01 -4.27616984e-01 3.85515958e-01 -1.96361002e-02 1.53278470e-01 3.67218629e-02 -2.39446566e-01 -3.75367329e-02
5.36121011e-01 6.67401254e-01 6.56179786e-01 -3.95003200e-01 1.54197291e-01 1.38679728e-01 1.99389338e-01 -1.58294648e-01 -7.63233662e-01 1.18964243e+00 -3.35240752e-01 -1.48624003e-01 -4.51092094e-01 1.19101167e+00 1.74456656e-01 7.29287937e-02 6.97286427e-03 -1.03027856e+00 3.42580497e-01 -2.96735913e-01 1.28932279e-02 6.68504238e-01 -2.36071795e-01 -3.84077191e-01 6.41565382e-01 -7.91875601e-01 5.02555192e-01 -3.89233492e-02 -3.59101027e-01 -5.96756816e-01 6.36499841e-03 -4.58221674e-01
-4.06282879e-02 -4.15534973e-01 1.31455377e-01 -1.55584112e-01 -1.47415057e-01 1.64015740e-01 9.67886746e-02 -2.91368872e-01 -4.69881207e-01 -3.20455968e-01 -8.85643736e-02 -1.05025871e-02 -1.15045123e-01 4.56485212e-01 5.57307601e-01 2.73692369e-01 2.37413347e-01 -4.08102661e-01 4.98525649e-02 1.30319312e-01 -1.98877752e-01 2.76713938e-01 -3.77549320e-01 1.55201316e-01 1.99924167e-02 -2.70926505e-01 4.24130440e-01 6.69897139e-01 -3.94704729e-01 -4.38352585e-01 2.74452150e-01 2.52001345e-01
-1.22006726e+00 3.10156643e-02 8.03137645e-02 -1.27194428e+00 -1.43547868e-03 1.15712114e-01 2.43170083e-01 7.22120702e-01 2.11233869e-02 1.13248035e-01 -8.73445749e-01 5.46845913e-01 1.08313155e+00 3.66901696e-01 -5.47245562e-01 4.24913615e-01 5.03815293e-01 -2.86603540e-01 -4.99760598e-01 9.84304249e-01 -4.40617383e-01 -3.47100526e-01 -1.46082178e-01 -9.12130624e-03 5.53079605e-01 1.15671456e+00 8.94428790e-01 4.59719956e-01 4.73513275e-01 -9.83465135e-01 2.13283688e-01 2.70939142e-01
-6.18066639e-02 8.81017223e-02 2.03461498e-01 -3.22070047e-02 4.24452573e-01 -6.07288070e-02 -9.21884645e-03 3.96604165e-02 -4.39940505e-02 2.38449782e-01 2.03104992e-03 6.81120977e-02 -1.67901460e-02 -1.64348826e-01 8.31401646e-02 -1.82871342e-01 1.04633845e-01 6.41162544e-02 -1.97609663e-02 -4.07531083e-01 1.47683963e-01 -1.81758523e-01 1.47606165e-03 -2.28872225e-02 1.98232457e-01 -5.98463463e-03 9.35160294e-02 1.14135787e-01 3.29392031e-02 -7.67959431e-02 8.21330175e-02 -1.93648110e-03
-1.84374481e-01 3.56464870e-02 2.36151978e-01 -1.36384256e-02 2.64697224e-01 6.50566891e-02 5.24749994e-01 2.25982159e-01 2.80624241e-01 -1.42714965e+00 -2.39367291e-01 4.26148027e-01 5.55617690e-01 -5.98673940e-01 -2.23388717e-01 -1.50915936e-01 3.43220770e-01 -5.26396513e-01 2.27535013e-02 -6.40120506e-01 1.10025918e+00 -4.44143742e-01 -5.63787892e-02 -1.30302870e+00 1.25927389e-01 4.46215868e-01 -9.04090762e-01 -1.14171290e+00 5.17747641e-01 6.64086966e-03 -2.53135800e-01 -4.28829551e-01
5.09623826e-01 -3.89472514e-01 -4.10537153e-01 5.11296332e-01 1.65895462e-01 2.41284668e-02 -1.73551917e-01 -1.73780113e-01 5.02702892e-01 -1.67149991e-01 -6.65706992e-02 -1.12239696e-01 6.91554010e-01 -3.71915996e-01 4.38961327e-01 -2.91625798e-01 -1.02286197e-01 -2.92012691e-01 1.25259712e-01 -1.45352006e-01 -2.61288971e-01 5.24241254e-02 2.44171798e-01 1.93652645e-01 1.23662837e-01 -2.64150321e-01 8.63447905e-01 3.94718885e-01 -3.23681056e-01 4.08535868e-01 2.25192592e-01 1.31586358e-01
-2.57094830e-01 3.25610816e-01 -1.21401913e-01 -2.85284016e-02 -5.94346941e-01 -2.69489259e-01 4.49045226e-02 4.25160587e-01 -4.54861075e-02 -6.37910187e-01 -1.28979102e-01 -1.05683990e-01 -3.69300336e-01 1.52130932e-01 2.81362027e-01 -1.29058376e-01 -1.09016135e-01 3.05410683e-01 6.88146874e-02 3.42786342e-01 -2.24057123e-01 -6.16447674e-03 -1.79712586e-02 -2.20053010e-02 -1.54609650e-01 -1.48253798e-01 2.83349782e-01 -2.75047868e-01 8.28569084e-02 3.01037189e-02 -6.88391924e-02 2.20941618e-01
1.93469226e-02 -5.91754198e-01 -1.17850304e-02 -8.61911029e-02 -1.89247593e-01 -7.18835816e-02 -8.33360665e-03 -2.02387795e-01 -4.45585907e-01 5.33875644e-01 8.95083882e-03 5.52375577e-02 3.31714749e-01 4.74823296e-01 -6.58583492e-02 -6.24450088e-01 -2.33052507e-01 -2.32519060e-01 3.62538523e-03 3.15135159e-02 1.02313809e-01 -2.17927340e-02 7.44823098e-01 1.22768946e-01 -3.82457435e-01 1.96271718e-01 3.61527056e-01 8.64362270e-02 -1.18057474e-01 1.44961014e-01 -1.18138082e-02 -2.04376146e-01
1.02479160e+00 -1.70072690e-02 -5.31909347e-01 2.73443639e-01 7.38677382e-02 9.48684067e-02 5.41620433e-01 4.78567183e-02 -2.61057973e-01 -8.35813642e-01 -8.12578142e-01 1.31166506e+00 3.52000701e-03 -8.25442255e-01 3.28911334e-01 4.33562815e-01 -1.99190918e-02 3.64199579e-01 -2.44644452e-02 2.64988150e-02 -1.85232115e+00 -3.12700063e-01 -8.46110046e-01 -1.50666609e-01 -5.08739293e-01 -9.47956964e-02 3.26153368e-01 7.49859631e-01 -1.45743534e-01 1.34444967e-01 -7.52111301e-02 6.00692689e-01
-1.03204653e-01 9.53042880e-02 -1.10545123e+00 8.56698900e-02 3.56402367e-01 3.70410711e-01 8.94759968e-02 -7.87157491e-02 6.38005361e-02 5.11833549e-01 -2.51417458e-01 -1.31091738e+00 2.27426603e-01 5.10912478e-01 -4.38735157e-01 5.79754591e-01 -6.55751526e-02 1.49930882e+00 -3.61383051e-01 1.24548096e-02 1.77509293e-01 -2.59629726e-01 1.29622035e-02 8.66590858e-01 -4.69005823e-01 6.33553684e-01 5.85747659e-02 -9.17694792e-02 -1.87675245e-02 2.68932879e-01 6.19268239e-01 1.12852983e-01
-2.19218545e-02 3.06946397e-01 -1.21818021e-01 -6.20856762e-01 -2.35528257e-02 7.64905810e-01 3.63992184e-01 7.96893060e-01 1.29669756e-01 2.92980760e-01 9.97111619e-01 -3.44291270e-01 9.12788883e-02 3.81101578e-01 1.18503213e-01 -5.08025765e-01 2.52788633e-01 7.66722783e-02 -3.35636765e-01 -5.48846126e-01 -8.78653377e-02 -1.74940422e-01 4.39142108e-01 1.96882993e-01 -3.11083764e-01 1.71415523e-01 2.84173135e-02 3.89709361e-02 -5.98146439e-01 2.54510909e-01 -4.92457263e-02 1.97944149e-01
1.09149352e-01 -2.46108219e-04 -1.59535855e-01 1.19382213e-03 -1.02023212e-02 4.63079885e-02 -9.21077654e-03 7.95209184e-02 -4.79016751e-02 -1.67874191e-02 -7.64742345e-02 -3.54129732e-01 2.55762845e-01 2.34243646e-01 3.96529362e-02 1.22352012e-01 6.81400672e-02 -5.76709807e-02 9.71154198e-02 2.67921805e-01 1.43707141e-01 2.48295650e-01 -6.71309372e-03 2.61170536e-01 -1.02735311e-01 -2.64851481e-01 -1.77200913e-01 -2.01374173e-01 -3.23043644e-01 -1.51390165e-01 -1.51760820e-02 -2.81367242e-01
4.62134540e-01 2.26570845e-01 5.39481223e-01 3.24425578e-01 4.22940582e-01 3.17300916e-01 8.05015743e-01 -3.26006144e-01 8.61618161e-01 -2.40866810e-01 -6.73753500e-01 2.31972888e-01 -4.57137614e-01 -4.86484766e-01 -2.59580463e-01 3.38655204e-01 -4.07688946e-01 -3.42117786e-01 2.69963503e-01 1.33501217e-01 -1.58706442e-01 6.08171701e-01 1.82707667e-01 5.84675789e-01 4.60216589e-02 -7.87438974e-02 -2.97625661e-01 1.59377381e-01 2.03911960e-01 3.39325547e-01 -2.12488174e-01 3.42537975e-03
-6.27984107e-01 -5.30887127e-01 1.61388505e+00 7.43229091e-02 -9.37577426e-01 3.94494981e-02 -1.26337874e+00 -8.53393316e-01 3.44472229e-01 8.75077188e-01 5.94394244e-02 -6.19018853e-01 -2.66693860e-01 8.66636097e-01 6.70191169e-01 -2.03747344e+00 1.61245048e-01 -2.75079751e+00 1.49073505e+00 8.23118865e-01 -3.98908883e-01 1.81967247e+00 -2.26443112e-01 1.64109111e-01 3.52929264e-01 -6.58423901e-01 -2.74019599e-01 2.75445729e-01 2.40490481e-01 3.59253697e-02 4.49257791e-01 1.81313619e-01
-7.73861818e-03 -6.71587512e-03 1.50595278e-01 3.60355899e-02 3.39667797e-01 -4.16387878e-02 -1.87974907e-02 1.48187140e-02 6.34013414e-02 -4.56861109e-02 6.06351253e-03 -1.09522179e-01 1.01003058e-01 5.95966028e-03 -9.07646306e-03 6.02168497e-03 -8.94944649e-03 -1.61463022e-02 -4.92765009e-02 6.75986782e-02 1.27611160e-01 1.15845457e-01 2.64253700e-03 9.47562512e-03 -1.55997977e-01 -1.57953814e-01 3.94265680e-03 3.75425935e-01 -3.10007520e-02 -5.99132404e-02 -4.27426957e-03 -2.17187032e-01
-4.35674250e-01 1.37717836e-02 -8.59705731e-02 -9.00241956e-02 -3.33863229e-01 2.42604718e-01 2.08533369e-02 7.61648953e-01 -1.82113409e-01 5.64715803e-01 -3.04641068e-01 9.99155104e-01 5.29430270e-01 3.56344938e-01 1.98002338e-01 2.74502560e-02 -1.48817986e-01 -1.31685421e-01 -2.88007021e-01 -5.07506803e-02 -1.76814616e-01 -5.69258690e-01 -1.70354787e-02 -2.24448264e-01 -3.41345340e-01 -1.44344032e-01 -6.26649082e-01 4.70070243e-01 -2.55026519e-01 -2.75210828e-01 -9.46068242e-02 5.05688787e-01
-2.83413172e-01 -1.98874801e-01 7.28227437e-01 2.17890024e-01 -7.63027847e-01 4.50773567e-01 3.10626477e-01 -5.04981697e-01 5.31193554e-01 4.33759481e-01 -8.08200017e-02 3.66215646e-01 -4.75828163e-02 1.54259264e-01 1.98050186e-01 -2.16840601e+00 1.36975437e-01 -1.14217365e+00 -1.55358925e-01 1.97953314e-01 5.71381822e-02 2.53654242e-01 4.05108362e-01 1.89715311e-01 -1.76409066e-01 -4.93367702e-01 -1.22670740e-01 -3.33367586e-01 -3.03092182e-01 -5.20215750e-01 3.58364433e-01 -3.53887528e-01
-2.55141467e-01 -2.64035463e-02 4.69894595e-02 2.09830552e-01 -4.77351278e-01 -1.60313619e-03 1.77497149e-01 -2.76701748e-01 -4.97778803e-01 2.00639725e+00 -3.16387504e-01 -1.24908678e-01 -3.48984897e-01 1.42726254e+00 -1.37346953e-01 -1.37936234e-01 -7.96819329e-02 -1.82431370e-01 -3.61732095e-02 -3.87742817e-01 1.24982297e-01 2.20030308e-01 -7.38834664e-02 -1.32972613e-01 -1.11576781e-01 -2.51954719e-02 4.84829366e-01 4.20538455e-01 1.74903125e-01 -4.02172536e-01 5.46475470e-01 -1.22169986e-01
4.75372327e-03 -6.41206652e-02 8.58267367e-01 2.91606098e-01 -3.11345875e-01 -6.12435699e-01 -1.10742927e+00 3.15200627e-01 3.35231811e-01 1.20691665e-01 -9.96073931e-02 1.31387889e-01 3.02475482e-01 -1.79724693e-01 -3.50334167e-01 5.46408772e-01 1.06181480e-01 4.35522273e-02 -2.73091763e-01 -1.90468088e-01 7.78731465e-01 5.89337051e-01 1.66003153e-01 -8.58997226e-01 1.65736452e-01 2.45912239e-01 -3.97925168e-01 2.45143995e-01 2.07341790e-01 1.44010946e-01 -5.01251519e-01 -4.15161520e-01
9.59058404e-01 -4.83321026e-02 4.42351341e-01 9.05050933e-01 -3.04479897e-01 -2.29672432e-01 -9.22543347e-01 -5.27544320e-01 1.06757402e+00 -2.81977844e+00 -1.32993639e-01 3.80472302e-01 -1.16743231e+00 -3.76117736e-01 1.10127538e-01 -6.78217828e-01 1.19059339e-01 -2.05154091e-01 5.24513960e-01 8.97241592e-01 3.51560652e-01 -4.64786142e-01 -2.11967993e+00 -5.67178249e-01 5.89183033e-01 6.19765103e-01 -8.78649890e-01 -4.83806431e-01 -7.19773537e-03 1.17005551e+00 -1.03975022e+00 -1.35555863e-01
-3.57378460e-02 1.86953276e-01 2.78897975e-02 -5.43949902e-02 -2.15121984e-01 -6.88710436e-02 2.48081163e-02 -4.56769727e-02 -3.25848013e-02 -5.66275232e-02 6.78057000e-02 5.55466712e-02 8.36375281e-02 -4.72142734e-02 1.59294114e-01 -1.07168667e-01 8.80461708e-02 2.01753020e-01 4.42020100e-04 -2.95833290e-01 1.34219155e-01 8.81966054e-02 2.71355570e-03 -1.78767871e-02 -3.24461699e-01 -5.11782244e-02 7.58899190e-03 -7.13878945e-02 3.53347464e-03 -9.62474477e-03 -5.79246298e-05 -1.93502188e-01
5.36484681e-02 3.26669872e-01 1.65095448e+00 4.42262471e-01 -1.20990241e+00 2.36805320e-01 -3.02531630e-01 -5.42017102e-01 8.25990200e-01 6.15999818e-01 1.27460361e-01 -3.21641803e-01 -8.88553739e-01 6.88040555e-01 5.75381331e-02 -3.37794304e+00 -1.84769958e-01 -4.51399851e+00 3.50565583e-01 1.43130407e-01 -1.22488356e+00 1.02741623e+00 4.20205504e-01 1.93964377e-01 2.62304664e-01 -1.38190702e-01 -5.30831516e-01 6.55406952e-01 -1.48518339e-01 -9.98594146e-03 1.31004393e-01 -3.26289423e-02
-7.76354611e-01 2.31054619e-01 1.35259092e-01 -6.93842053e-01 -8.00094977e-02 -1.94579482e-01 -2.40488186e-01 4.14283365e-01 3.83026749e-02 -2.36813128e-02 1.60623565e-01 -3.28955889e-01 3.82749408e-01 5.48071384e-01 -4.55752611e-01 -4.39652592e-01 2.27358475e-01 -2.93310940e-01 -2.22187549e-01 1.42375425e-01 2.01816335e-02 6.62616670e-01 1.65120274e-01 -2.83596158e-01 -1.64755553e-01 2.19683230e-01 -6.60466075e-01 1.97198272e-01 1.31190671e-02 -5.22067785e-01 -1.80986285e-01 -7.08713353e-01

layers.2.bias:
-1.46395719e+00
-7.11943507e-01
6.32893443e-01
-5.78895330e-01
2.85276294e-01
-5.40816307e-01
2.90461868e-01
2.14993763e+00
6.66407883e-01
8.07139993e-01
-9.28164840e-01
-1.35544121e+00
-2.05149457e-01
8.93545449e-01
-2.57514328e-01
-8.16495955e-01
-9.67192799e-02
-6.71872497e-01
3.59428823e-01
-5.00870645e-02
-1.21513203e-01
6.96163535e-01
7.29944289e-01
-3.28956693e-02
-4.86882478e-01
1.03090894e+00
-8.59930873e-01
-1.09234512e+00
3.60491365e-01
-1.12427700e+00
5.37161529e-02
1.69569552e-02
6.99167907e-01
1.42162234e-01
-3.96175027e-01
-5.83110340e-02
-1.19430169e-01
1.27673006e+00
9.71425295e-01
-1.49303660e-01
8.65348041e-01
-1.72382876e-01
-5.81725538e-01
1.42142999e+00
2.85190880e-01
-1.13907576e+00
9.97347832e-01
-3.87703359e-01
7.75227964e-01
1.70528400e+00
2.59699106e-01
3.27654958e-01
1.16355844e-01
-4.89412367e-01
4.73970734e-03
-4.00755405e-02
8.05205524e-01
-1.98819116e-01
-2.35531211e-01
-5.71279228e-01
7.61764884e-01
5.15340865e-02
-2.84549266e-01
7.24680245e-01

layers.4.weight:
4.92243230e-01 5.15954755e-03 -8.62740576e-02 2.86119673e-02 -7.54488558e-02 -1.20731622e-01 1.18766795e-03 -6.92854106e-01 -1.08622715e-01 -4.18432117e-01 6.93394616e-02 7.26216197e-01 -1.79413128e+00 -1.34580463e-01 -9.15807020e-03 -1.24681830e+00 -1.48984094e-04 6.79839104e-02 6.26892745e-02 4.06508771e-04 4.16775271e-02 -8.22997987e-02 -1.98297109e-03 2.41456047e-01 -1.04750097e-01 -4.38006148e-02 -5.71259734e-05 7.60519266e-01 -4.56622303e-01 4.01333034e-01 -3.95327024e-02 -1.49461418e-01 -1.72126442e-01 2.96740383e-02 7.93123767e-02 -1.12538750e-03 -5.29810612e-04 -1.63537472e-01 1.11715375e-02 1.26645520e-01 -5.57217598e-02 3.54607612e-01 3.83687159e-03 -1.38499096e-01 5.30815276e-04 2.74217874e-01 1.49554163e-02 -4.85029966e-02 -1.19418837e-01 -6.48614466e-01 -3.56664769e-02 -3.05626895e-02 -3.72604816e-04 1.01420761e-03 -1.10221660e+00 -3.90330242e-04 9.19128284e-02 -3.47491622e-01 -1.27395526e-01 4.68382314e-02 6.46836981e-02 -1.75253750e-04 7.48959482e-01 -3.24713849e-02

layers.4.bias:
-1.07396162e+00

