layers.0.weight:
3.31696361e-01 -5.67613244e-01 7.97264636e-01
5.69172144e-01 -8.09445798e-01 -5.80563486e-01
-8.31293464e-02 -6.13938749e-01 -5.77727258e-01
-1.07055378e+00 1.15616508e-01 4.58123112e+00
2.67282110e-02 4.11940843e-01 1.16166264e-01
-5.79876065e-01 8.58121514e-01 -1.84879377e-01
-1.31842160e+00 4.86020595e-01 -9.88645032e-02
-6.01682402e-02 7.88846374e-01 -9.23566997e-01
6.03414774e-01 -9.26082134e-01 5.12713566e-02
-1.11527514e+00 5.86289167e-02 -1.64189592e-01
7.53551662e-01 -9.85680073e-02 1.41279221e+00
-7.16238439e-01 -1.31785080e-01 -1.29353356e+00
-4.30584475e-02 7.12955832e-01 -1.57757306e+00
-1.16726887e+00 2.10410804e-02 5.00053525e-01
-6.46977663e-01 1.09646142e+00 7.52028525e-01
-1.81771189e-01 9.48456824e-01 1.64468549e-02
5.46070874e-01 -6.33792400e-01 -1.45019031e+00
-1.15504665e-02 1.12846863e+00 1.84981868e-01
8.07071701e-02 -9.54183042e-01 5.35116851e-01
3.41117471e-01 -1.28724232e-01 -8.64976227e-01
2.23475501e-01 1.65966094e-01 -5.10879010e-02
-3.24195027e-01 -2.56797969e-01 -1.00232065e+00
-4.64660525e-01 1.65601885e+00 -4.46076952e-02
-1.56447518e+00 4.06930357e-01 1.75152493e+00
1.05132234e+00 3.79940838e-01 -7.78481364e-01
2.59609371e-01 6.71772659e-01 -1.17486012e+00
-1.16151750e-01 -2.13369340e-01 1.90187418e+00
-3.97779703e-01 -2.44972542e-01 1.92939892e-01
3.22416067e-01 7.57217348e-01 -1.46468067e+00
-1.04933763e-02 4.65525806e-01 1.70563948e+00
-2.89658904e+00 2.84448242e+00 -1.78299040e-01
-1.26738083e+00 -5.19488692e-01 1.02004325e+00

layers.0.bias:
8.77201200e-01
4.81547834e-03
-1.42384720e+00
-6.34384930e-01
7.07518518e-01
-2.04255387e-01
-3.54310095e-01
2.86240637e-01
-7.45998621e-01
-1.59115899e+00
1.64644122e-01
1.80825554e-02
2.46107668e-01
-1.21306002e+00
-2.90836543e-01
1.43946290e+00
9.34610724e-01
1.82654703e+00
-6.68276668e-01
5.78918040e-01
-1.44309163e-01
-1.35729384e+00
1.02535832e+00
-7.05530941e-02
1.36946186e-01
5.60703695e-01
8.80503118e-01
-1.57881156e-01
-4.88352716e-01
7.31267482e-02
8.91685039e-02
-6.70209900e-02

layers.2.weight:
-3.73597592e-01 2.10190341e-01 5.98773472e-02 -4.88754332e-01 -3.30578424e-02 2.14466769e-02 1.10557839e-01 -6.63925409e-02 -1.09068386e-01 2.80607438e+00 8.12114850e-02 7.46754333e-02 -2.19646066e-01 2.41304612e+00 -1.79307908e-01 4.17642385e-01 -6.52163103e-02 6.39006555e-01 1.44341886e-01 -2.67438680e-01 2.45848045e-01 -7.91754797e-02 -5.11294901e-01 6.07673228e-01 -1.13743030e-01 6.14353657e-01 -7.93104053e-01 -1.41148210e-01 -2.23622173e-01 -2.22358689e-01 -2.48650745e-01 2.71894842e-01
-2.86004823e-02 1.63052022e-01 -8.77331018e-01 8.62780139e-02 -3.87321830e-01 1.03400022e-01 -8.04987848e-01 -5.38077354e-01 6.52629912e-01 6.37004495e-01 3.96451801e-01 -3.21661681e-01 2.07844019e-01 -5.20489141e-02 -3.37829292e-01 5.91759235e-02 -3.65394890e-01 2.80429602e-01 -3.68181735e-01 -9.12831798e-02 6.43826842e-01 -1.77593410e-01 -4.47700411e-01 -2.08328068e-02 -2.30913907e-02 -1.12128459e-01 -2.91512102e-01 -5.36392629e-01 2.96321083e-02 -1.85879275e-01 -8.43770728e-02 2.15929702e-01
4.53452989e-02 -9.89136919e-02 2.89775699e-01 -6.30962133e-01 -9.43956912e-01 1.65263209e-02 -5.80353081e-01 1.65168270e-01 9.07602906e-01 1.11820066e+00 -4.28699821e-01 -2.14062691e-01 3.64761129e-02 4.51304108e-01 -9.26321149e-02 -1.27347565e+00 -3.97394538e-01 -1.05001557e+00 1.58776239e-01 8.07273388e-02 -3.70386362e-01 -7.96015039e-02 1.29023969e-01 -9.88632441e-01 -6.53476179e-01 2.91537404e-01 -1.05078363e+00 2.55763531e-01 2.89650321e-01 -2.55208015e-01 2.68528998e-01 6.95125699e-01
1.68246344e-01 -1.41406506e-01 1.59207463e-01 1.26573384e+00 3.81594658e-01 4.61859524e-01 7.38506794e-01 -1.63812175e-01 -2.18282640e-01 3.60546894e-02 8.07196647e-02 1.66928601e-02 -4.96822000e-01 2.38512307e-01 6.97434187e-01 6.95778191e-01 -3.61385554e-01 5.00895917e-01 2.48500183e-01 -9.86472607e-01 -7.76017010e-01 -7.13782385e-02 4.44362730e-01 1.48361838e+00 -5.45636892e-01 -4.74870384e-01 4.18134779e-01 3.61467272e-01 -5.87339699e-01 -2.38091275e-01 5.69050312e-02 4.10779506e-01
8.24123397e-02 -3.62416506e-01 2.49815866e-01 -4.67036843e-01 1.87359244e-01 -2.90827334e-01 -1.30916631e+00 2.15315253e-01 9.79601778e-03 -5.54666519e-01 4.14857119e-01 -7.46110857e-01 8.29567134e-01 -8.54726791e-01 -6.57107830e-02 -6.49442673e-01 -3.29804212e-01 -6.49548769e-01 -2.20005617e-01 -9.03941318e-02 9.14529502e-01 -5.52755654e-01 2.47901112e-01 -3.59457821e-01 -6.74788356e-01 6.80073619e-01 7.50153810e-02 -6.97740734e-01 -1.56352311e-01 6.01285398e-01 -2.23402515e-01 -9.17400867e-02
-3.08158010e-01 2.07844436e-01 3.28624249e-01 1.85471177e-01 -8.04287195e-01 -2.74144441e-01 -3.76685023e-01 2.63006866e-01 3.93533111e-01 -7.55348355e-02 6.77349210e-01 2.42186517e-01 -9.83631015e-02 -2.70889252e-01 -2.96456635e-01 -1.01785803e+00 -3.83228332e-01 -1.27970505e+00 7.03449130e-01 -2.60815173e-01 -5.44098914e-01 -9.52747017e-02 -5.81698477e-01 -1.99010655e-01 -5.55422530e-03 7.84762427e-02 1.69489458e-01 1.00616884e+00 -1.77294478e-01 -4.12347913e-01 -6.91544890e-01 4.25053239e-01
5.87668382e-02 -1.97610650e-02 -2.40288883e-01 -1.11046424e-02 -8.95009115e-02 1.75856337e-01 -4.69527729e-02 -4.26161170e-01 -1.01390205e-01 2.51570642e-01 2.87932932e-01 8.76211748e-02 2.88784355e-01 1.40039986e-02 1.59486569e-02 -3.05551976e-01 1.89752150e-02 8.59439969e-02 -1.29363444e-02 -3.06149513e-01 -3.80317926e-01 7.31304511e-02 6.17815852e-02 2.51307357e-02 1.83763131e-01 2.63389587e-01 -3.61597776e-01 -4.59864676e-01 -1.58295453e-01 6.98388740e-02 -2.89260633e-02 1.23926483e-01
2.04605162e-01 1.73446417e-01 -3.42719525e-01 3.44921052e-01 1.20732449e-01 -6.70319080e-01 1.03131369e-01 5.10749400e-01 1.99713066e-01 -2.71470457e-01 -1.31975651e-01 9.63598073e-01 3.25665712e-01 -5.25842547e-01 -2.60844558e-01 5.95558397e-02 5.36303103e-01 5.23144305e-02 2.79023647e-01 5.03893852e-01 -1.42014241e+00 -8.72835219e-01 2.19934583e-02 2.76046753e-01 2.41514042e-01 7.58641005e-01 5.89278638e-01 4.98559445e-01 -5.04087985e-01 4.81881618e-01 1.19738564e-01 -3.00754726e-01
1.05035178e-01 3.30152184e-01 -6.71831548e-01 -2.29323283e-01 1.48594272e+00 -4.60434616e-01 -5.13703108e-01 -3.36907566e-01 -6.45580351e-01 1.20795839e-01 5.18943727e-01 1.89386204e-01 6.64182186e-01 -2.08917752e-01 5.43408003e-03 1.97304630e+00 3.71337205e-01 1.66030025e+00 -5.84964097e-01 -1.21173695e-01 1.33444950e-01 -3.58681202e-01 1.88337602e-02 2.41128087e-01 6.34452477e-02 3.75591993e-01 7.52210319e-02 -1.40281683e-02 1.07573280e-02 1.81746393e-01 2.16622853e+00 -2.85565615e-01
-6.62701130e-01 1.17752530e-01 -6.19599782e-02 -5.66916168e-01 4.01262969e-01 5.48182949e-02 -7.84380063e-02 4.17410225e-01 4.06751692e-01 -1.30233571e-01 -3.13315429e-02 2.75589615e-01 2.28221670e-01 1.08641259e-01 -3.23690563e-01 -6.40938878e-01 3.88888091e-01 -4.10769790e-01 -4.57490802e-01 2.52118409e-02 -5.90065837e-01 -1.86754599e-01 1.47643849e-01 -9.48334932e-02 -1.86395973e-01 -4.82990295e-02 -2.18516424e-01 1.72615230e-01 3.08910042e-01 1.20478243e-01 1.74514100e-01 -2.82371435e-02
2.76331753e-01 -2.76181877e-01 -3.13665830e-02 -4.02067304e-01 -6.30697548e-01 -4.31884319e-01 -3.76697630e-01 1.72252119e-01 5.30535579e-01 1.63906053e-01 -5.68965137e-01 -7.38872439e-02 8.93947542e-01 -3.77363771e-01 -2.28664547e-01 -3.34093213e-01 -6.06986463e-01 -1.06652820e+00 -8.09615292e-03 -6.44718413e-04 1.02897179e+00 -2.28519827e-01 -9.46493864e-01 1.15440339e-01 -1.42973615e-02 -2.45630797e-02 -4.73769546e-01 -5.63460112e-01 3.10897171e-01 -4.36932176e-01 -2.49947771e-01 2.85089940e-01
-6.56483620e-02 -8.42322409e-02 1.67295253e+00 -8.77829552e-01 -7.65198350e-01 1.00159943e-01 -2.35375836e-02 -4.08465892e-01 2.69652545e-01 1.78499353e+00 3.23001817e-02 -1.43323317e-01 2.95686752e-01 3.18575716e+00 5.81309125e-02 -7.72465587e-01 3.00482392e-01 -2.48021030e+00 6.06834471e-01 -3.21846902e-01 2.67068624e-01 5.98627090e-01 -3.00472826e-01 8.13391507e-01 -7.14859143e-02 -5.50259113e-01 2.90200949e-01 -1.12009510e-01 8.42005089e-02 3.19462344e-02 1.81210712e-02 -3.42888087e-01
-6.39550030e-01 -1.54959872e-01 9.39047337e-01 3.95593345e-01 -6.83558881e-01 6.25422597e-01 -6.64119376e-03 -9.29259419e-01 3.45579237e-01 4.82955277e-01 2.29027525e-01 1.34294778e-01 -4.93172497e-01 -1.94603987e-02 4.29030210e-01 -4.31852913e+00 -8.81692395e-02 -6.06270218e+00 5.94588697e-01 -9.85217929e-01 -6.97796643e-01 4.44998771e-01 6.26493037e-01 -8.59935582e-02 -2.75011688e-01 -2.33953461e-01 -3.69665265e-01 6.47486269e-01 -6.37141943e-01 -3.42808336e-01 -9.78846610e-01 -2.62381017e-01
8.62385239e-03 -1.67948365e-01 -6.10179722e-01 -6.22196160e-02 -2.11937577e-01 -5.69011196e-02 2.58500636e-01 3.41718435e-01 3.65786761e-01 -2.02768385e-01 5.41474104e-01 -2.07460910e-01 3.30551058e-01 -8.03541839e-01 -3.35640520e-01 -7.49754384e-02 -2.62436658e-01 1.92318961e-01 -9.12650824e-02 1.11576535e-01 -1.09189432e-02 -1.29543766e-01 -3.82308615e-03 -2.20499456e-01 -1.36316687e-01 7.60110199e-01 -7.44155422e-03 4.40161191e-02 -1.72065645e-01 2.63327926e-01 1.22347370e-01 3.69097710e-01
-9.50060129e-01 2.19726473e-01 -6.23431988e-02 2.85857648e-01 -1.77305520e-01 6.27544284e-01 -3.47338617e-01 -5.90871014e-02 4.25713211e-01 -1.50998563e-01 -8.07815254e-01 2.89533168e-01 2.08327606e-01 -3.87636334e-01 -2.84075439e-01 -6.71776712e-01 2.75902659e-01 -6.77485824e-01 -4.19672132e-01 3.69070351e-01 1.33352768e+00 9.83060479e-01 -4.86207418e-02 1.55328602e-01 -3.21154237e-01 1.61110282e-01 -6.45659864e-01 1.24242548e-02 8.37358177e-01 -2.98736483e-01 -9.76461992e-02 9.21040848e-02
-5.78046858e-01 -5.95617816e-02 6.75517321e-02 1.45125374e-01 -3.23633999e-01 2.73395002e-01 -9.46256876e-01 -9.71333012e-02 1.02856070e-01 5.21890497e+00 5.74400008e-01 4.15436774e-01 2.09404722e-01 2.67001605e+00 -1.19963074e-02 -4.32267040e-02 -4.37450439e-01 -1.37224406e-01 5.73558398e-02 -2.13311180e-01 -6.89446986e-01 4.07932729e-01 1.83380753e-01 2.73258924e-01 -3.85190010e-01 -4.35207039e-01 -6.23013854e-01 3.27637523e-01 -1.01347774e-01 -6.50681973e-01 2.63115525e-01 -2.48215526e-01
-2.50073951e-02 1.55329183e-01 -5.46524413e-02 3.33350860e-02 -2.58579068e-02 -1.07175428e-02 2.98738386e-02 -6.24431744e-02 1.48357321e-02 -1.87505707e-01 7.70384818e-02 3.63065526e-02 4.73954529e-02 1.10990763e-01 9.72307622e-02 2.84656268e-02 3.78611088e-02 2.64319908e-02 9.02350992e-03 1.06468759e-01 2.59007245e-01 1.13904610e-01 -1.15282806e-02 1.92011502e-02 6.37263656e-02 2.20914856e-02 5.46068735e-02 2.66033262e-01 2.49448605e-02 -2.28019594e-03 2.77460497e-02 2.11965963e-02
2.31191695e-01 -1.45773783e-01 -6.46924973e-01 6.79411069e-02 2.34299257e-01 -2.04525590e-01 -1.81154743e-01 -3.51468951e-01 2.79066682e-01 -6.75943613e-01 9.25662667e-02 -3.61268222e-02 1.81194156e-01 8.60241950e-02 -5.58388792e-02 1.40416473e-01 -3.28403085e-01 5.35039544e-01 -6.49988502e-02 9.00183499e-01 2.71955639e-01 3.85160893e-02 -4.48706716e-01 -1.00216217e-01 -1.76968232e-01 -4.59440708e-01 8.64587605e-01 -4.87490982e-01 1.95012301e-01 3.29935133e-01 -1.56788994e-02 2.48373479e-01
-2.89486885e-01 -1.06722280e-01 -3.52323264e-01 -1.80175379e-01 5.26539564e-01 3.65113206e-02 8.53376240e-02 1.07108444e-01 3.79484862e-01 -4.50503707e-01 -1.37919709e-01 -9.50739682e-01 4.47853208e-01 -2.17333511e-01 -1.53195456e-01 3.33400935e-01 -1.54633597e-01 4.68907177e-01 1.24017701e-01 -9.72713232e-02 6.74971938e-03 -2.18852147e-01 5.19160450e-01 -2.98766643e-01 2.64235139e-01 1.73965693e-01 -1.50379598e-01 2.92330027e-01 4.85476740e-02 3.78750026e-01 4.86971438e-01 1.02786519e-01
7.34613314e-02 1.75373271e-01 -1.41799711e-02 6.62091672e-02 -4.65068370e-02 1.05040990e-01 -2.78529711e-02 -7.62234852e-02 5.26437014e-02 7.99942836e-02 6.74161538e-02 1.19043171e-01 -6.34248108e-02 -7.82603621e-02 1.18500136e-01 4.62587863e-01 6.01096377e-02 -2.95360178e-01 4.38161530e-02 -9.67257321e-02 -1.04948297e-01 -1.34295538e-01 -3.14099831e-03 -1.09309852e-02 3.72778475e-02 1.30923644e-01 2.66005401e-03 1.01164076e-03 1.13352284e-01 1.11148134e-02 -4.67215804e-03 3.98374647e-02
6.83003008e-01 -1.17169864e-01 6.44099236e-01 5.39802432e-01 -2.69818544e-01 -3.84854138e-01 -7.34960079e-01 -1.67678028e-01 -1.84314087e-01 -9.85356569e-01 -8.37574154e-02 9.63435650e-01 4.77769494e-01 -5.07104516e-01 6.99033320e-01 5.22511840e-01 -5.99700511e-02 -2.78404713e-01 5.71402788e-01 4.68933642e-01 -5.20495653e-01 5.09150773e-02 3.91173184e-01 1.66868120e-01 8.85724723e-02 -3.87909710e-01 1.06357999e-01 3.56675327e-01 -1.67540178e-01 -7.26041198e-02 -6.70484826e-02 4.35011446e-01
2.51977503e-01 -1.31685987e-01 4.40056473e-02 1.78920761e-01 2.68310085e-02 1.40654683e-01 9.50769901e-01 3.92702594e-02 4.37395364e-01 2.48484537e-01 3.62521917e-01 3.42268437e-01 -4.25986946e-01 -5.23791194e-01 1.16815381e-01 -9.15677488e-01 -8.55750591e-02 -6.67802453e-01 -3.49243954e-02 -4.74321336e-01 -5.29719114e-01 -1.81448683e-02 2.41401836e-01 -6.43387716e-03 5.01481518e-02 -4.51027542e-01 -6.76331997e-01 4.81259167e-01 -1.29113555e-01 -1.59077570e-01 2.43753985e-01 -4.77888770e-02
3.81678867e-04 -3.35194208e-02 -2.55681217e-01 4.12328064e-01 -4.35318425e-02 4.03905421e-01 3.38007599e-01 -2.48260513e-01 -3.12222481e-01 3.60262871e-01 2.76899915e-02 6.99865520e-02 4.34203327e-01 5.12903631e-01 -1.35038346e-01 -6.14179730e-01 5.29118180e-01 -2.13417783e-01 1.46428579e-02 -2.60127753e-01 -2.93312401e-01 5.28243110e-02 -3.48379195e-01 1.89329565e-01 -3.10245156e-01 -1.08383708e-01 -5.27479574e-02 -5.46923757e-01 8.39552805e-02 -1.08248800e-01 -1.58407036e-02 -3.36737931e-01
7.91117191e-01 -4.17874940e-02 -2.86522418e-01 1.51133597e-01 1.93200648e-01 -4.84500825e-01 -9.49331559e-03 3.29003036e-01 2.52689153e-01 -2.55253029e+00 9.04669315e-02 1.88205451e-01 3.94711345e-01 -1.59161162e+00 1.32722035e-01 3.60982746e-01 1.47438347e-01 2.62310416e-01 -2.26975605e-01 8.22027400e-03 4.62029845e-01 -2.06357390e-01 -2.92906910e-01 -3.95040363e-02 -3.92519087e-01 -1.83909699e-01 -7.14082345e-02 -1.34786338e-01 1.82032138e-01 9.16419551e-02 -1.73511118e-01 -1.53197229e-01
-9.03140366e-01 1.59685448e-01 3.40836123e-02 1.16906703e-01 -1.66456684e-01 -3.35399956e-01 1.11805809e+00 -5.75755946e-02 -1.03333199e+00 7.77274430e-01 -7.30840981e-01 4.06885743e-02 1.74635366e-01 8.59465152e-02 -7.14166343e-01 5.71128905e-01 6.08303189e-01 4.56499964e-01 1.00989103e-01 1.81885380e-02 -2.36832857e-01 4.32288587e-01 5.32484651e-01 9.52637613e-01 -5.33617795e-01 5.14906943e-01 -6.23928726e-01 -2.02810299e-02 8.48420858e-01 -4.58224207e-01 9.44244340e-02 1.55918151e-01
-6.01409554e-01 5.37535787e-01 8.62691924e-03 -1.93743408e-01 5.23506045e-01 2.20906585e-01 2.09943969e-02 5.75621903e-01 -3.53750974e-01 5.42932570e-01 2.08016392e-02 -1.16893977e-01 2.72996604e-01 2.56584257e-01 -4.75770593e-01 -1.19063631e-01 -1.89604044e-01 -9.48914364e-02 3.29085797e-01 -4.23486084e-01 3.64107676e-02 -2.20302165e-01 7.45652765e-02 -4.79156315e-01 1.13153651e-01 -1.42229438e-01 -6.17898762e-01 -5.14200568e-01 2.28970274e-01 -4.10395026e-01 -1.56733900e-01 -2.96094805e-01
-1.24095626e-01 2.29418144e-01 4.43482041e-01 3.50605011e-01 -2.07125440e-01 -2.94130087e-01 -1.19098745e-01 7.54555920e-04 2.82331020e-01 -4.50264484e-01 -5.92046261e-01 -5.84978536e-02 -2.61836946e-01 -2.95290887e-01 6.29262701e-02 6.63839698e-01 -7.80065879e-02 2.46777251e-01 2.68203676e-01 2.19834715e-01 7.97007382e-02 -7.45637596e-01 1.91044301e-01 9.59578529e-02 2.99307793e-01 1.69442892e-01 3.69602442e-03 -5.97693741e-01 -2.59870082e-01 -1.26989827e-01 7.04092234e-02 -2.75156230e-01
-7.71894991e-01 4.66009110e-01 -6.12079859e-01 -1.00616980e+00 -2.32464626e-01 -2.37134621e-01 -3.53548288e-01 3.80629659e-01 1.28395274e-01 4.56711829e-01 -6.06881566e-02 1.86522305e-01 1.74270213e-01 2.76728392e-01 -1.05701443e-02 1.05747461e+00 6.86329305e-01 1.15059459e+00 -6.51013851e-01 7.29107857e-02 5.37540078e-01 -7.56190896e-01 -6.43112540e-01 4.08046603e-01 -1.71127290e-01 -4.46593076e-01 2.83130467e-01 2.93992996e-01 5.22494316e-01 -8.10558558e-01 1.79198429e-01 -2.45333627e-01
1.37801737e-01 -5.39712965e-01 -4.54964042e-02 -1.01424433e-01 -6.21254563e-01 5.35297513e-01 9.27573889e-02 -4.76405680e-01 4.97433305e-01 9.28841114e-01 -2.05137476e-01 1.02004856e-01 5.37764847e-01 4.34554785e-01 1.58793498e-02 -1.04325843e+00 -4.63493347e-01 -1.03971756e+00 4.78219241e-02 1.99435636e-01 2.46587768e-01 3.41334671e-01 1.93123013e-01 1.58632010e-01 2.40998074e-01 9.12167802e-02 -3.96916568e-01 -2.53819436e-01 -2.77935684e-01 -3.25436950e-01 4.42937672e-01 3.41410965e-01
-2.94206757e-02 -9.43590224e-01 3.35630774e-01 1.61283934e+00 1.55656964e-01 6.89033493e-02 -1.51037380e-01 -2.90374458e-01 -1.89404309e-01 2.01273099e-01 1.11777067e+00 -1.02304173e+00 -1.13222325e+00 -3.90078187e-01 1.67331591e-01 -9.51007903e-02 -1.19158709e+00 5.94859779e-01 6.52421892e-01 -6.59259379e-01 8.72745097e-01 1.62789360e-01 -8.73224251e-03 -7.47190490e-02 4.09122072e-02 -5.35119116e-01 2.34259546e-01 -1.86358802e-02 -9.08624232e-01 1.29186785e+00 -6.54377401e-01 -4.70332094e-02
-8.60073149e-01 -2.53865331e-01 4.81248766e-01 1.92849249e-01 -5.34466922e-01 3.33871543e-01 3.26420307e-01 -6.21941611e-02 -5.33658445e-01 -1.52079359e-01 -9.43511128e-01 2.17025682e-01 4.05098289e-01 1.51423648e-01 2.49205142e-01 -2.55726159e-01 2.86531389e-01 -5.32121062e-01 1.45939171e-01 -4.11637604e-01 -1.01858103e+00 5.08590519e-01 1.15225330e-01 -6.36305749e-01 1.63764626e-01 5.33820450e-01 -5.26614077e-02 1.90435231e-01 -5.12912333e-01 -1.62305295e-01 -1.03920795e-01 1.29846725e-04
-2.79889047e-01 -3.37172329e-01 -1.80570304e-01 -1.34172499e-01 -2.30758101e-01 -7.99837932e-02 2.36584827e-01 2.41972923e-01 -6.29856944e-01 1.30372226e+00 -1.35543689e-01 -1.02897257e-01 -5.19644916e-01 5.10194123e-01 -1.68708190e-01 3.57178599e-02 1.96758956e-02 1.75416052e-01 1.43027958e-02 -1.93916053e-01 2.00996205e-01 1.21495642e-01 3.02560329e-01 5.07767424e-02 2.75653098e-02 -7.84210861e-02 -1.71293467e-01 2.12840676e-01 2.76914448e-01 3.25471610e-01 7.36168772e-03 1.25910357e-01
-7.15441853e-02 -3.20514381e-01 1.55499205e-02 -1.16128087e-01 -3.66921961e-01 4.31801170e-01 -2.62036532e-01 -4.18345720e-01 1.26575530e-01 -4.33869928e-01 2.40987614e-02 4.31477398e-01 2.16400012e-01 3.56081069e-01 2.83625871e-01 -5.09812772e-01 -4.27984446e-01 -1.20796800e+00 -4.65238653e-02 -2.99642444e-01 -1.09804355e-01 8.78889143e-01 3.98416221e-01 5.84198236e-01 -4.53216970e-01 1.53410584e-01 1.13802642e-01 -2.56362855e-01 -3.50780487e-01 -2.75952667e-01 -1.41943216e-01 -8.89141485e-02
3.53387296e-02 -5.90222143e-02 1.24345683e-01 -8.96099433e-02 2.60097176e-01 -8.25064480e-02 1.88051686e-02 -3.33406270e-01 -1.77112609e-01 3.53047222e-01 1.32380232e-01 1.85694069e-01 7.79765546e-02 -3.15757632e-01 -5.00151031e-02 -2.86239475e-01 6.61565438e-02 1.22399092e-01 -1.78024516e-01 -5.36312163e-01 1.33872524e-01 -1.54874265e-01 -1.05948918e-01 -3.25515382e-02 -1.57080200e-02 2.08242983e-01 -5.94386831e-02 3.74366120e-02 9.39925835e-02 7.20639899e-02 -3.80332582e-02 2.97534908e-03
8.32651556e-02 -5.53899467e-01 -2.38860354e-01 7.65103042e-01 -1.83950320e-01 -4.56687748e-01 2.30208397e-01 -1.37026340e-01 -2.83508837e-01 2.95954227e+00 -5.58823645e-01 9.68359649e-01 6.50145888e-01 8.91640723e-01 7.75411665e-01 1.90506160e-01 4.23311330e-02 2.06617266e-01 5.21349132e-01 3.66578370e-01 2.20553920e-01 1.60944030e-01 -1.58718184e-01 1.07484472e+00 -6.44836724e-02 1.32173866e-01 -3.02542865e-01 3.02103102e-01 3.10509559e-02 3.62092257e-02 1.05725789e+00 3.55866887e-02
-1.07241340e-01 1.79443657e-01 1.32620856e-01 7.23622069e-02 1.22551201e-02 -5.96539006e-02 2.16829944e-02 1.04037039e-01 3.61964543e-04 -4.58120964e-02 1.75144151e-01 7.80310035e-02 9.09618288e-02 -1.07907252e-02 1.61002576e-01 1.92275569e-01 2.68843658e-02 -1.27859905e-01 8.16825428e-04 8.74052197e-02 -1.59522206e-01 -6.02783374e-02 -1.57971587e-02 -8.49790033e-03 -4.60531265e-01 -2.22145155e-01 4.46646102e-02 -1.32878155e-01 -4.47882414e-02 -5.72148152e-02 2.25354973e-02 -4.56149518e-01
-2.13077152e-03 -6.64701760e-02 -3.78781892e-02 2.51450595e-02 -2.70058811e-01 6.30868645e-03 -5.79140000e-02 1.60576656e-01 5.57462350e-02 -2.91126687e-02 -6.12507062e-03 -2.15815045e-02 -6.64603338e-02 6.73355162e-02 -1.00278184e-01 2.31666833e-01 -1.22431159e-01 -8.61877725e-02 4.80050780e-02 3.23536187e-01 -2.41575971e-01 -8.81395414e-02 -7.09386123e-03 -1.69517491e-02 1.46315377e-02 -9.51723307e-02 -6.29190579e-02 -5.65774217e-02 -4.60307822e-02 5.19390851e-02 4.42025028e-02 -1.56244664e-02
8.13531995e-01 -2.86232084e-01 3.25750977e-01 3.53468955e-01 -4.41201478e-01 2.10851878e-02 -6.11123443e-01 9.40953009e-03 7.25977540e-01 5.12938201e-02 -1.83526501e-01 3.80336232e-02 4.52932455e-02 2.39504382e-01 7.60719419e-01 -7.69116759e-01 -4.72441465e-01 -8.41545224e-01 4.87216145e-01 -2.85112411e-01 -7.19318628e-01 2.23054364e-01 -1.19507678e-01 2.16795266e-01 8.38153362e-01 -3.49116661e-02 2.35553294e-01 -1.80306628e-01 -5.02815843e-01 2.40051553e-01 1.16008110e-01 7.01665804e-02
1.34079173e-01 -4.00418997e-01 -2.53886551e-01 3.92170995e-01 2.07823291e-01 -5.99219799e-01 1.01920605e-01 2.99106780e-02 2.43850976e-01 -2.67450184e-01 -2.54943579e-01 4.69549656e-01 3.70153338e-01 -2.78160095e-01 2.41957337e-01 -5.18151343e-01 -3.29227448e-01 -7.34471202e-01 3.48313659e-01 -3.98146123e-01 -2.62750357e-01 -3.55632752e-02 3.55509371e-01 6.44013464e-01 -1.25102505e-01 -3.05140585e-01 4.24739748e-01 -4.17484529e-02 -8.75139534e-02 -4.35881883e-01 6.56059682e-02 2.24988759e-01
1.07839592e-01 -2.56579556e-02 7.16676116e-01 1.09766565e-01 -1.17621481e+00 -4.05195147e-01 2.11949661e-01 -1.57907978e-01 7.23089576e-01 5.32649457e-01 -1.25327185e-01 -3.77912879e-01 4.76064906e-03 6.74890101e-01 -1.47594009e-02 -2.43384147e+00 -3.26264590e-01 -2.88688779e+00 2.11473867e-01 1.65497256e-03 -8.21346700e-01 6.30280256e-01 1.18408822e-01 1.37223482e-01 2.39252537e-01 1.11743800e-01 3.40963900e-01 2.01913670e-01 -1.79674193e-01 -7.71514475e-01 -8.42569709e-01 1.48667052e-01
-2.39128292e-01 -2.45471686e-01 -2.18633920e-01 -3.00577939e-01 -3.05286795e-01 5.79737961e-01 1.44928426e-01 -7.02883080e-02 -1.27453268e-01 3.82824123e-01 -2.17144117e-01 1.70816347e-01 7.93944374e-02 -2.94520289e-01 -1.21153131e-01 -4.78386283e-01 3.14297348e-01 -6.28289819e-01 -3.29499006e-01 3.73707935e-02 -3.16851348e-01 4.21821564e-01 -1.18890136e-01 3.37660849e-01 3.77571315e-01 -4.92662638e-01 4.61229712e-01 5.00170477e-02 1.05523840e-01 1.15120232e-01 -8.69526044e-02 2.66911108e-02
5.26801169e-01 6.99974954e-01 6.83335721e-01 -4.11317855e-01 1.74676329e-01 1.25158831e-01 1.72376812e-01 -1.09454021e-01 -8.01254749e-01 9.40001726e-01 -2.97622532e-01 -2.29137123e-01 -4.29746896e-01 1.09828186e+00 1.43473908e-01 1.35333568e-01 4.04271781e-02 -9.46908236e-01 3.06855172e-01 -2.67885715e-01 3.47278118e-02 7.02579260e-01 -1.65751800e-01 -4.12838429e-01 6.38129950e-01 -7.58032680e-01 4.82474208e-01 -4.23158407e-02 -3.13374072e-01 -6.10641599e-01 -4.65077870e-02 -4.54360723e-01
-2.14435905e-02 -3.97425115e-01 1.79482281e-01 -1.69251397e-01 -1.77914232e-01 1.23055510e-01 1.00976460e-01 -3.08106124e-01 -4.82410043e-01 -3.36207032e-01 -1.01695083e-01 4.74245241e-03 -1.07182503e-01 4.61778313e-01 5.35840154e-01 3.03242236e-01 2.53935009e-01 -4.83993888e-01 4.65148725e-02 1.51654527e-01 -2.39291161e-01 2.93188125e-01 -3.51127893e-01 1.81482539e-01 -3.40575501e-02 -2.72742659e-01 4.13221121e-01 7.12113798e-01 -4.24021930e-01 -4.52696800e-01 2.60341763e-01 3.13893884e-01
-1.28147519e+00 1.01170830e-01 1.63024098e-01 -1.33441234e+00 -1.27632618e-01 -4.24246825e-02 1.90863892e-01 5.68532646e-01 9.65643749e-02 4.05387610e-01 -1.00785065e+00 7.37590611e-01 1.11416423e+00 3.50820720e-01 -6.20463729e-01 3.12323987e-01 5.64724445e-01 -4.08519775e-01 -3.30651671e-01 1.03865910e+00 -5.29149175e-01 -2.78200716e-01 -3.06507617e-01 -4.98188920e-02 6.11724377e-01 1.02234471e+00 8.32589388e-01 6.07867360e-01 5.30786216e-01 -1.05315804e+00 2.05222383e-01 2.00528488e-01
-8.97625312e-02 8.34030956e-02 2.86403567e-01 -4.90993299e-02 3.70811492e-01 -8.09629187e-02 -1.74944028e-02 3.89871001e-02 -4.31080572e-02 2.02901587e-01 1.36809219e-02 2.79663578e-02 -8.32916144e-03 -1.32397160e-01 9.95714813e-02 -1.47691190e-01 9.34581161e-02 3.73600163e-02 -1.43509107e-02 -4.16352928e-01 1.38199463e-01 -1.08763978e-01 2.05808003e-02 2.29329560e-02 1.39391020e-01 -1.50381615e-02 7.29750767e-02 1.47271916e-01 2.97782030e-02 -9.00992006e-02 -3.23600695e-02 5.89864813e-02
-7.81753436e-02 2.66173393e-01 2.76009977e-01 -1.25627622e-01 2.02681735e-01 7.16442689e-02 6.65619671e-01 2.93556094e-01 1.27516821e-01 -1.22937703e+00 -3.51803213e-01 5.39819121e-01 6.62217975e-01 -3.40579748e-01 -4.87449944e-01 -2.65377555e-02 5.60024261e-01 -2.91163325e-01 -2.87409290e-03 -4.55102593e-01 9.20040071e-01 -2.98968196e-01 -8.83537624e-03 -1.32324731e+00 -9.31107104e-02 5.20217836e-01 -9.98901248e-01 -8.81437898e-01 2.73669124e-01 -1.23163633e-01 -5.24956807e-02 -2.50007331e-01
5.95229030e-01 -3.30356747e-01 -3.14644128e-01 4.63155895e-01 -3.33838351e-02 -3.58625278e-02 -9.13246870e-02 -1.62232816e-01 4.96165335e-01 -1.08322695e-01 -9.25403237e-02 -7.17976242e-02 7.35895872e-01 -3.28620076e-01 3.75612170e-01 -3.45578015e-01 -5.05850874e-02 -4.79269594e-01 2.31288657e-01 -9.72289592e-02 -3.13731819e-01 9.35936868e-02 1.83323190e-01 1.75726578e-01 -2.25500874e-02 -2.33483553e-01 8.17593396e-01 4.61089253e-01 -3.76612335e-01 3.59806299e-01 1.65062428e-01 2.98694372e-01
-2.70912141e-01 3.50263000e-01 -1.56574160e-01 -4.42868732e-02 -6.23392463e-01 -2.10508794e-01 6.34792820e-02 4.64793772e-01 -8.37099999e-02 -5.68713486e-01 -1.79523811e-01 -2.53260862e-02 -3.43075961e-01 1.64866447e-01 2.31613845e-01 -1.64267361e-01 -9.17976126e-02 2.75425047e-01 2.26338860e-02 3.60718518e-01 -2.49986574e-01 -3.30385268e-02 -1.63433235e-02 -5.25235757e-02 -1.24813288e-01 -1.05851971e-01 2.72070438e-01 -2.40667671e-01 1.21840604e-01 8.70755035e-03 4.44347560e-02 1.74524561e-01
2.01076046e-02 -5.59370697e-01 -1.11184798e-01 -9.89342183e-02 -5.50757870e-02 -1.16402201e-01 -2.96636075e-02 -1.64032474e-01 -4.32434410e-01 4.77912039e-01 -3.73722054e-03 6.61831573e-02 3.49433601e-01 3.38741988e-01 -1.26689076e-01 -5.78294218e-01 -2.17335016e-01 -6.74899220e-02 -1.72065161e-02 4.43342887e-02 1.03413649e-01 -4.53910269e-02 6.03007972e-01 5.28923087e-02 -3.61439645e-01 2.27866590e-01 3.45186234e-01 7.57552236e-02 -4.70891297e-02 1.33336499e-01 -1.31990341e-02 -2.28687689e-01
9.89673615e-01 -2.15537716e-02 -5.99104941e-01 1.60800934e-01 2.80580759e-01 1.32273868e-01 5.03790081e-01 2.01002702e-01 -3.37489516e-01 -9.06133413e-01 -8.69433403e-01 1.38909781e+00 1.23439535e-01 -9.11969304e-01 3.31907660e-01 7.48282909e-01 2.78473385e-02 5.76368570e-01 -2.01234758e-01 1.47889942e-01 -1.43687642e+00 -3.91324431e-01 -7.59848893e-01 -1.83775425e-01 -3.71745527e-01 5.32514863e-02 2.12278500e-01 4.98052597e-01 -6.80784229e-03 2.61591394e-02 -3.98612432e-02 4.15218115e-01
-1.18976600e-01 1.47449583e-01 -9.99962389e-01 -2.62583550e-02 3.23332340e-01 3.28527719e-01 1.94152463e-02 -1.41460290e-02 7.88595602e-02 4.71791685e-01 -3.68581712e-01 -1.22047102e+00 3.32743555e-01 1.63366318e-01 -3.79576713e-01 5.94511986e-01 3.99411190e-03 1.41309726e+00 -4.16262090e-01 1.31934136e-01 2.91794986e-01 -1.77679658e-01 -5.62333949e-02 6.59158587e-01 -2.58535862e-01 7.33952880e-01 -4.96518910e-02 -2.83641994e-01 9.02143642e-02 1.61154434e-01 6.87455356e-01 -7.37490803e-02
1.62518432e-03 3.57157856e-01 -1.73663169e-01 -5.80790758e-01 -7.81617314e-02 7.17093825e-01 3.05004895e-01 7.62018621e-01 3.24485362e-01 2.95263678e-01 9.90885377e-01 -3.01174670e-01 4.98304069e-02 3.12835813e-01 2.99942922e-02 -7.02775180e-01 2.53644079e-01 -3.38158980e-02 -2.89780945e-01 -5.82305253e-01 -7.27708116e-02 -2.53649145e-01 2.19509125e-01 1.77252054e-01 -2.56430298e-01 1.38291150e-01 6.89935833e-02 2.88572814e-02 -5.75132608e-01 2.88829833e-01 -2.01779038e-01 1.35646418e-01
9.04626399e-02 9.63945128e-03 -1.46597341e-01 2.18034536e-03 2.52548233e-02 7.19601810e-02 3.27741690e-02 8.64536911e-02 -1.79342907e-02 -4.98132035e-02 -6.35163411e-02 -3.84329081e-01 2.51259893e-01 2.00655162e-01 3.28323953e-02 8.33017603e-02 8.06554779e-02 -7.28464946e-02 8.07027295e-02 2.56834000e-01 1.35906696e-01 2.77382731e-01 1.02379713e-02 2.41883963e-01 -1.13097750e-01 -2.80675709e-01 -1.82238042e-01 -1.95655018e-01 -3.22633177e-01 -1.47656560e-01 -6.28261734e-03 -2.58112907e-01
4.32679772e-01 3.29308994e-02 5.45508206e-01 4.01410282e-01 3.54606748e-01 4.14603978e-01 9.74433541e-01 -3.65839928e-01 7.14883387e-01 -7.60255679e-02 -6.13232672e-01 1.74633965e-01 -5.30375540e-01 -3.64147961e-01 -3.37690711e-02 2.67501831e-01 -5.97121298e-01 -4.88311738e-01 2.70243675e-01 -1.97795909e-02 -1.11852542e-01 5.68330944e-01 2.37404615e-01 6.73682749e-01 2.20240951e-02 -1.41115338e-01 -2.22334653e-01 1.79407880e-01 1.70426562e-01 4.18594509e-01 -1.35760665e-01 1.50159746e-02
-3.11528504e-01 -5.51939249e-01 1.51749575e+00 9.06778201e-02 -9.04435635e-01 -1.57197610e-01 -1.15740299e+00 -1.00953746e+00 2.90701628e-01 1.07996368e+00 6.05458347e-03 -4.64491695e-01 -2.98227698e-01 1.08447647e+00 6.48109674e-01 -2.01740956e+00 1.34508908e-01 -2.74772477e+00 1.81306624e+00 8.11973572e-01 -5.68077922e-01 1.71280384e+00 -4.13086176e-01 2.64576703e-01 3.56145412e-01 -7.04374135e-01 -2.46584326e-01 3.91282171e-01 1.46318540e-01 4.14049700e-02 7.17580974e-01 1.41313016e-01
2.11442299e-02 -1.52607048e-02 6.34863079e-02 3.82529795e-02 3.91565651e-01 -1.83669906e-02 2.61855517e-02 1.36764105e-02 5.49601503e-02 -9.85773653e-03 -3.63348960e-03 -7.58687928e-02 1.05330735e-01 2.18475866e-03 -6.10818667e-03 -6.45688400e-02 3.98774492e-03 -3.57752368e-02 -5.83211556e-02 8.45911950e-02 1.50219128e-01 3.31929661e-02 -1.64299812e-02 -4.19850228e-03 -1.34688020e-01 -1.39631256e-01 1.13946367e-02 3.29497516e-01 -2.32665092e-02 -6.15626872e-02 2.14616042e-02 -2.37805620e-01
-4.57963556e-01 -1.63927555e-01 -1.73607096e-01 6.23161606e-02 -2.20668182e-01 1.20317347e-01 -3.95700097e-01 6.31392479e-01 1.11620426e-01 -7.52898073e-03 -3.31009924e-03 4.35043007e-01 3.75164747e-01 3.11935455e-01 3.99669856e-01 -2.85557717e-01 -3.04180235e-01 2.51960359e-03 -1.44049928e-01 -1.95785239e-01 1.62948385e-01 -7.19559729e-01 -3.01454645e-02 -1.28193691e-01 -2.09241316e-01 -2.80901313e-01 -4.88219649e-01 1.52936891e-01 -2.72538036e-01 -1.05451249e-01 -1.86770573e-01 3.88350815e-01
-4.09113467e-02 -2.26988897e-01 5.85545838e-01 2.64574945e-01 -5.95538914e-01 2.96061009e-01 3.46910447e-01 -6.01782084e-01 5.04853129e-01 3.73574734e-01 -7.06108287e-02 4.05768067e-01 -9.79718491e-02 1.82766035e-01 2.09636286e-01 -2.09160948e+00 8.96372199e-02 -1.00262940e+00 7.25756139e-02 1.60303444e-01 6.03046780e-03 1.57148376e-01 2.97237128e-01 1.92050874e-01 -1.51702538e-01 -5.34554780e-01 -7.25970790e-02 -3.13649416e-01 -3.79427791e-01 -4.79409277e-01 4.46692050e-01 -3.74552965e-01
-1.28599018e-01 5.81922457e-02 -1.39435053e-01 1.40894890e-01 -1.29014760e-01 -9.44655910e-02 2.77758271e-01 -2.04608023e-01 -6.04056358e-01 1.61483490e+00 -3.79975826e-01 -6.78620487e-02 -2.64656633e-01 1.27114964e+00 -2.55237669e-01 5.32313511e-02 3.08811311e-02 1.52953034e-02 -4.11039367e-02 -2.81005263e-01 1.66346841e-02 2.15787962e-01 -9.32704955e-02 -2.00881809e-01 -1.79168031e-01 7.17828497e-02 4.21008915e-01 4.73270595e-01 1.46009728e-01 -4.74418342e-01 2.54513025e-01 -5.40664233e-02
-4.85825203e-02 -1.62025392e-01 5.65483630e-01 4.74170774e-01 -2.85699554e-02 -4.24023449e-01 -1.10825539e+00 1.25846118e-01 2.69863158e-01 3.82132798e-01 8.84815007e-02 -4.90692481e-02 1.18594356e-01 1.51540086e-01 -2.91081369e-01 6.15574718e-01 5.07546514e-02 3.33835542e-01 -8.63235071e-02 -2.96183199e-01 8.08485031e-01 3.58939499e-01 3.12483668e-01 -6.12604916e-01 1.29659688e-02 3.19448300e-02 -2.07104802e-01 3.18589270e-01 -1.28456712e-01 3.22267145e-01 -2.14223340e-01 -2.75269300e-01
9.38809335e-01 -3.28623116e-01 5.23790419e-01 8.96870077e-01 -4.28144097e-01 2.95422524e-01 -7.12748051e-01 -4.63099480e-01 4.83376861e-01 -8.25433493e-01 -3.54713589e-01 8.06785822e-01 -1.15106165e+00 -3.04326236e-01 6.15372360e-01 -4.12935644e-01 -2.04098132e-02 -5.87853529e-02 4.51973081e-01 8.03551912e-01 3.11490715e-01 -3.92278671e-01 -2.03229713e+00 -5.92944801e-01 5.86717010e-01 6.52223229e-01 -8.95798147e-01 -3.83892119e-01 1.33885279e-01 1.17365158e+00 -4.35092539e-01 -1.50246710e-01
-2.65244748e-02 1.77060857e-01 -3.22867893e-02 -4.79333997e-02 -1.90543935e-01 -4.51704562e-02 3.08250897e-02 -4.93131056e-02 -5.51607832e-02 -2.45873313e-02 4.35274653e-02 9.20041353e-02 8.37729275e-02 -4.83477600e-02 1.59680367e-01 -1.31906629e-01 9.14910361e-02 1.82252616e-01 -3.89994727e-03 -2.84406990e-01 1.36918768e-01 4.25449051e-02 -8.17711838e-03 -3.27355564e-02 -3.04776251e-01 -4.04025912e-02 2.05435734e-02 -6.99555725e-02 -1.24901226e-02 -6.15521893e-03 -6.12706179e-03 -2.17234492e-01
1.31785899e-01 2.91193932e-01 1.62738597e+00 4.35576737e-01 -1.19178522e+00 1.56454936e-01 -1.81979671e-01 -5.54273367e-01 8.18969607e-01 5.57217777e-01 1.70490906e-01 -3.25172275e-01 -8.83955538e-01 9.53620374e-01 2.70151831e-02 -3.36941338e+00 -2.52514750e-01 -4.48376036e+00 3.84489745e-01 1.16404466e-01 -1.23116148e+00 9.76602435e-01 3.50559205e-01 1.68199271e-01 2.24027157e-01 -1.43331185e-01 -5.35600424e-01 6.56936169e-01 -1.61278397e-01 -1.84358079e-02 6.51868805e-02 -1.56937458e-03
-8.54162455e-01 9.65653434e-02 7.01871514e-02 -6.70808971e-01 6.22559600e-02 -8.28588381e-02 -3.03116173e-01 4.55837578e-01 -5.92286699e-02 5.65872388e-03 1.85283527e-01 -3.69027704e-01 3.72370452e-01 5.03016114e-01 -3.13138306e-01 -2.78762966e-01 1.24122582e-01 -1.10591017e-01 -3.42872024e-01 8.89192820e-02 1.70082942e-01 6.37472570e-01 3.22630197e-01 -1.68335676e-01 2.39758543e-03 2.62734950e-01 -6.41602397e-01 -8.59335996e-03 6.23383485e-02 -4.89058077e-01 -7.24395365e-02 -8.73383105e-01

layers.2.bias:
-1.39391375e+00
-7.96289682e-01
3.71839970e-01
-6.52728617e-01
1.51697114e-01
-3.58428359e-01
2.81229228e-01
2.11535048e+00
6.09208643e-01
7.87282288e-01
-9.09079492e-01
-1.35873330e+00
-3.38730544e-01
8.90273571e-01
-2.69600630e-01
-7.31132507e-01
-6.99599758e-02
-7.41076767e-01
3.30652952e-01
-8.24519545e-02
-1.28334135e-01
7.88947761e-01
7.72842348e-01
-1.06496923e-01
-4.02217925e-01
9.87887740e-01
-9.69751298e-01
-1.07286906e+00
4.97876227e-01
-1.11563158e+00
1.55139314e-02
-3.29041556e-02
8.01846921e-01
1.19299881e-01
-3.31832319e-01
-2.10787933e-02
-1.55599788e-01
1.36936021e+00
1.04717410e+00
-7.59240165e-02
9.52833772e-01
-1.83819413e-01
-5.40329754e-01
1.35492313e+00
2.62118578e-01
-9.50475037e-01
1.04713249e+00
-3.77508372e-01
7.91978002e-01
1.75879169e+00
2.06582278e-01
3.09904367e-01
1.19573526e-01
-6.12103283e-01
1.84273213e-01
-1.95173509e-02
5.99873543e-01
-1.29218489e-01
-5.37163429e-02
-5.72692633e-01
6.56074762e-01
5.73312789e-02
-2.45083287e-01
6.47324085e-01

layers.4.weight:
3.42712820e-01 2.89951675e-02 -5.85487634e-02 -3.46495741e-04 -2.55645011e-02 5.45645095e-02 1.75024616e-04 -6.92549229e-01 1.48485258e-01 -3.84703815e-01 5.95079735e-02 8.89165401e-01 -1.65554821e+00 -9.02720243e-02 1.54805407e-02 -1.46232224e+00 -4.66828904e-04 6.71039522e-02 -1.74643528e-02 6.52547096e-05 2.49248166e-02 -4.20988649e-02 -1.28792645e-03 2.18504980e-01 -6.61771446e-02 -3.12617756e-02 2.42264438e-02 7.61404455e-01 -3.76060694e-01 3.80833030e-01 -2.04457417e-02 -1.34423032e-01 1.50951953e-03 8.77784551e-05 9.30103362e-02 -5.35131476e-05 3.01909022e-04 -1.78883463e-01 -5.04470372e-04 1.84968174e-01 -2.63651721e-02 2.57400542e-01 2.63639800e-02 -1.17895581e-01 1.63631179e-04 1.36425987e-01 -8.02694634e-03 -1.50999782e-04 -8.97376835e-02 -6.47895396e-01 -8.36053044e-02 -1.34976702e-02 4.06092266e-04 9.94768552e-03 -1.11024868e+00 -2.60391360e-04 -4.43408098e-05 -3.02984357e-01 -6.43832684e-02 2.88501079e-03 -2.47147419e-02 -3.07980605e-04 8.28887343e-01 -1.19333863e-02

layers.4.bias:
-1.07336926e+00

