layers.0.weight:
3.31696361e-01 -5.67613244e-01 7.97264636e-01
5.69172144e-01 -8.09445798e-01 -5.80563486e-01
-8.31293464e-02 -6.13938749e-01 -5.77727258e-01
-1.07055378e+00 1.15616508e-01 4.58123112e+00
2.67282110e-02 4.11940843e-01 1.16166264e-01
-5.79876065e-01 8.58121514e-01 -1.84879377e-01
-1.31842160e+00 4.86020595e-01 -9.88645032e-02
-6.01682402e-02 7.88846374e-01 -9.23566997e-01
6.03414774e-01 -9.26082134e-01 5.12713566e-02
-1.11527514e+00 5.86289167e-02 -1.64189592e-01
7.53551662e-01 -9.85680073e-02 1.41279221e+00
-7.16238439e-01 -1.31785080e-01 -1.29353356e+00
-4.30584475e-02 7.12955832e-01 -1.57757306e+00
-1.16726887e+00 2.10410804e-02 5.00053525e-01
-6.46977663e-01 1.09646142e+00 7.52028525e-01
-1.81771189e-01 9.48456824e-01 1.64468549e-02
5.46070874e-01 -6.33792400e-01 -1.45019031e+00
-1.15504665e-02 1.12846863e+00 1.84981868e-01
8.07071701e-02 -9.54183042e-01 5.35116851e-01
3.41117471e-01 -1.28724232e-01 -8.64976227e-01
2.23475501e-01 1.65966094e-01 -5.10879010e-02
-3.24195027e-01 -2.56797969e-01 -1.00232065e+00
-4.64660525e-01 1.65601885e+00 -4.46076952e-02
-1.56447518e+00 4.06930357e-01 1.75152493e+00
1.05132234e+00 3.79940838e-01 -7.78481364e-01
2.59609371e-01 6.71772659e-01 -1.17486012e+00
-1.16151750e-01 -2.13369340e-01 1.90187418e+00
-3.97779703e-01 -2.44972542e-01 1.92939892e-01
3.22416067e-01 7.57217348e-01 -1.46468067e+00
-1.04933763e-02 4.65525806e-01 1.70563948e+00
-2.89658904e+00 2.84448242e+00 -1.78299040e-01
-1.26738083e+00 -5.19488692e-01 1.02004325e+00

layers.0.bias:
8.77201200e-01
4.81547834e-03
-1.42384720e+00
-6.34384930e-01
7.07518518e-01
-2.04255387e-01
-3.54310095e-01
2.86240637e-01
-7.45998621e-01
-1.59115899e+00
1.64644122e-01
1.80825554e-02
2.46107668e-01
-1.21306002e+00
-2.90836543e-01
1.43946290e+00
9.34610724e-01
1.82654703e+00
-6.68276668e-01
5.78918040e-01
-1.44309163e-01
-1.35729384e+00
1.02535832e+00
-7.05530941e-02
1.36946186e-01
5.60703695e-01
8.80503118e-01
-1.57881156e-01
-4.88352716e-01
7.31267482e-02
8.91685039e-02
-6.70209900e-02

layers.2.weight:
-3.37317467e-01 3.11813921e-01 1.32589787e-01 -5.58868408e-01 -1.35607302e-01 -5.96389100e-02 7.88356289e-02 -2.55628047e-03 -4.73356619e-02 2.62233043e+00 8.49749334e-03 1.46145016e-01 -1.50875986e-01 2.30387259e+00 -2.84566492e-01 4.22566205e-01 2.14679502e-02 6.11068368e-01 1.06052041e-01 -1.83592588e-01 2.03883976e-01 -4.97608772e-03 -5.51137626e-01 5.15597880e-01 -1.22323915e-01 6.86045229e-01 -8.62713814e-01 -1.16891839e-01 -1.35697380e-01 -2.98246801e-01 -3.32489789e-01 2.97387570e-01
-7.04344958e-02 1.46234065e-01 -8.74878883e-01 5.04737161e-02 -3.61014545e-01 1.36376545e-01 -7.61325300e-01 -4.82123971e-01 5.36141455e-01 6.50362015e-01 3.54693443e-01 -2.77236015e-01 2.53465146e-01 -6.10601865e-02 -3.10934305e-01 2.94281572e-01 -3.60383093e-01 4.14924771e-01 -4.28497523e-01 -5.85889183e-02 6.35343075e-01 -1.40365601e-01 -4.27773535e-01 -4.06571329e-02 8.43644422e-03 -6.46594167e-02 -3.26860428e-01 -5.44100165e-01 7.31860325e-02 -2.19012126e-01 -5.31457663e-02 1.82473376e-01
-8.24217275e-02 -6.11915402e-02 3.26405801e-02 -7.88592994e-01 -5.82116365e-01 1.96118131e-02 -4.45262492e-01 3.66381854e-01 4.21539903e-01 7.56671131e-01 -5.82605064e-01 -5.50065264e-02 1.99454904e-01 5.04749231e-02 -3.78728844e-02 -5.77692151e-01 -1.28843039e-01 -4.47383493e-01 -1.46873742e-01 4.18561071e-01 -3.22973013e-01 -2.24211082e-01 4.40721393e-01 -1.18013954e+00 -1.52452201e-01 4.71468806e-01 -1.20727694e+00 -1.31848976e-01 4.63509172e-01 -4.11054492e-01 1.26160309e-01 9.06303078e-02
2.63743967e-01 -5.29289506e-02 6.67176992e-02 1.36182868e+00 4.53192383e-01 3.67134482e-01 6.42960489e-01 -2.58834958e-01 -1.27320439e-01 -5.93180992e-02 1.76676214e-01 -7.89722353e-02 -5.92713714e-01 1.44544050e-01 6.05501175e-01 6.63339913e-01 -2.79429764e-01 5.59244215e-01 3.40685934e-01 -9.37430978e-01 -8.32562864e-01 -1.66997239e-01 3.52537125e-01 1.40938675e+00 -5.35891831e-01 -5.69276512e-01 5.14165461e-01 3.19683105e-01 -6.82974458e-01 -1.43566132e-01 -3.89269106e-02 4.98557955e-01
7.70570189e-02 -4.01064187e-01 3.13506871e-01 -4.29652005e-01 4.37894836e-02 -2.45531842e-01 -1.08933759e+00 1.44976065e-01 4.94895019e-02 -4.18362707e-01 4.58858699e-01 -7.98556864e-01 7.87248731e-01 -7.80579746e-01 -9.69497953e-03 -9.07953441e-01 -3.66513997e-01 -9.24248636e-01 -1.06157281e-01 -1.33056432e-01 9.22368169e-01 -5.39741695e-01 2.87492394e-01 -3.17603320e-01 -8.42147350e-01 6.22822642e-01 1.14598401e-01 -6.16525948e-01 -2.64245540e-01 6.39452457e-01 -1.29990369e-01 9.96139720e-02
-3.85723203e-01 3.26391757e-01 2.50054747e-01 1.79435566e-01 -6.45741105e-01 -2.89412230e-01 -5.32428741e-01 3.06151569e-01 3.50674063e-01 -2.15106219e-01 6.33937776e-01 2.54115969e-01 -8.81711766e-02 -3.55074137e-01 -4.26369727e-01 -8.96885097e-01 -2.89307594e-01 -1.03920305e+00 6.33478403e-01 -2.11135104e-01 -6.35856688e-01 -6.50184527e-02 -6.36177957e-01 -2.42756978e-01 1.24068245e-01 8.94281641e-02 1.63042247e-01 1.09093297e+00 -1.30511582e-01 -4.19558078e-01 -6.22525990e-01 2.49556363e-01
-2.73014493e-02 1.11026010e-02 -2.28621632e-01 -1.74324692e-03 -1.48512438e-01 1.85388908e-01 -9.02635008e-02 -4.03793365e-01 -1.24751590e-01 2.47424603e-01 2.92463571e-01 5.25005274e-02 2.90202320e-01 -2.86409017e-02 -2.50207633e-02 -2.44376510e-01 2.26752274e-02 1.36686116e-01 -3.94357815e-02 -3.10353845e-01 -3.62909496e-01 1.09224521e-01 6.60114661e-02 2.44708955e-02 1.47137225e-01 2.59051949e-01 -3.51990461e-01 -4.16396052e-01 -1.61337763e-01 8.03250670e-02 -5.81856295e-02 1.63826779e-01
2.57304907e-01 9.42465663e-02 -3.99830997e-01 3.63750696e-01 3.16025168e-01 -6.13058805e-01 9.84454229e-02 4.96388853e-01 6.87561855e-02 -2.81274408e-01 -1.28312588e-01 9.49732959e-01 3.06316257e-01 -5.34452379e-01 -1.45744577e-01 1.59558803e-01 5.09437084e-01 1.62104443e-01 2.10489422e-01 4.87448931e-01 -1.42656946e+00 -8.90109777e-01 1.63122818e-01 3.09804291e-01 2.53772289e-01 7.37748861e-01 6.08590603e-01 4.97428775e-01 -5.60626149e-01 5.03602087e-01 2.22428232e-01 -3.15660000e-01
1.57524180e-02 2.43074268e-01 -5.31354606e-01 -2.24405348e-01 1.21758211e+00 -3.66134226e-01 -5.76601088e-01 -3.53332072e-01 -6.59761846e-01 3.18489850e-01 4.59319681e-01 2.27542952e-01 6.56587601e-01 -1.98916689e-01 1.24327004e-01 1.69417715e+00 2.94003755e-01 1.27913427e+00 -5.60784936e-01 -1.82568133e-01 1.46161243e-01 -2.66808391e-01 9.80383977e-02 3.10898602e-01 1.31883174e-01 3.60572278e-01 7.82767981e-02 3.74125354e-02 -1.32643022e-02 1.92731813e-01 2.28701019e+00 -4.02019113e-01
-6.10871494e-01 1.07061148e-01 -1.10925011e-01 -5.16148567e-01 4.31696266e-01 8.77114106e-03 -5.80965281e-02 3.65973890e-01 4.17048931e-01 -1.70661852e-01 1.68018844e-02 2.35225320e-01 1.77083105e-01 1.92439035e-01 -3.60864550e-01 -6.42438710e-01 3.21433336e-01 -4.04831022e-01 -4.06479746e-01 -3.53099182e-02 -6.52640224e-01 -2.39281565e-01 9.70031545e-02 -7.22653195e-02 -2.25365132e-01 -1.01092324e-01 -1.67865604e-01 2.43872568e-01 2.58132935e-01 1.69631138e-01 1.53508246e-01 1.34701165e-03
1.44661397e-01 -2.92445332e-01 -6.16137870e-02 -4.00386214e-01 -4.39557344e-01 -3.26086462e-01 -3.54350269e-01 1.94005430e-01 4.82007980e-01 2.28420869e-01 -5.69270730e-01 -7.50296414e-02 8.94821048e-01 -3.52860630e-01 -2.29175061e-01 -2.61921585e-01 -6.03092313e-01 -7.72693396e-01 -8.64084661e-02 -2.32793437e-03 1.01187778e+00 -2.18345180e-01 -8.48849118e-01 1.38823524e-01 -8.38453025e-02 -1.95310339e-02 -4.72027779e-01 -5.27765810e-01 3.52812201e-01 -4.35317397e-01 -6.29732609e-02 3.69613349e-01
-8.18629041e-02 -1.67568326e-02 1.66189432e+00 -8.70293140e-01 -7.45967567e-01 1.24358118e-01 -3.11658494e-02 -4.01559293e-01 2.59848118e-01 1.83413017e+00 4.19522561e-02 -1.59501866e-01 2.89754450e-01 3.23102212e+00 1.78710872e-03 -6.36910081e-01 3.18033665e-01 -2.43995571e+00 5.90139210e-01 -3.21789324e-01 2.56086081e-01 5.91476262e-01 -2.86329746e-01 8.58799338e-01 -9.07893255e-02 -5.56375146e-01 2.98451215e-01 -9.75584537e-02 8.44848081e-02 3.76669057e-02 2.08027251e-02 -3.26179683e-01
-6.47685826e-01 -2.14375377e-01 9.25030708e-01 4.11213160e-01 -6.17983103e-01 6.10875666e-01 2.83610169e-02 -8.95903945e-01 3.46633881e-01 3.57773006e-01 1.97268203e-01 1.46268681e-01 -4.98542219e-01 -1.01254217e-01 4.94743347e-01 -4.08020878e+00 -1.60419926e-01 -5.93900633e+00 5.38494051e-01 -1.03172326e+00 -6.87943518e-01 4.62209642e-01 6.48281455e-01 -1.06414177e-01 -2.37110361e-01 -2.27129310e-01 -3.61177891e-01 6.66371226e-01 -5.88864446e-01 -3.23429286e-01 -1.32069540e+00 -2.81312257e-01
1.80775076e-02 -1.80482760e-01 -6.16386056e-01 -7.36919269e-02 -1.82627633e-01 -1.84694435e-02 2.57368803e-01 3.46640617e-01 3.66313279e-01 -1.72940344e-01 5.20273507e-01 -1.86077684e-01 3.40941697e-01 -8.08545589e-01 -2.96394765e-01 -1.08704470e-01 -2.52171397e-01 1.64767817e-01 -1.15087166e-01 1.20591797e-01 -6.19856641e-03 -1.37373552e-01 6.62552267e-02 -2.29575202e-01 -1.16341479e-01 7.67690837e-01 -1.64764766e-02 2.55216081e-02 -1.66399926e-01 2.51169324e-01 2.18572915e-01 3.48617911e-01
-9.39033866e-01 2.01608732e-01 -1.51797393e-02 3.84648979e-01 -2.87694067e-01 6.44429922e-01 -3.28818530e-01 -1.63185120e-01 4.14368093e-01 -1.33193016e-01 -7.14111567e-01 1.94644302e-01 1.08817399e-01 -2.72973210e-01 -2.71723777e-01 -7.63292730e-01 1.81445181e-01 -7.74579227e-01 -3.17669213e-01 2.70848244e-01 1.38205993e+00 9.39899206e-01 -2.88510267e-02 2.15926051e-01 -4.34425801e-01 5.70288673e-02 -5.44734418e-01 1.26617134e-01 7.11312175e-01 -2.02252671e-01 -6.68679699e-02 2.04092711e-01
-4.61718053e-01 -8.53363704e-03 1.16355784e-01 6.19067661e-02 -2.19313279e-01 1.93283021e-01 -8.52700591e-01 -3.58264223e-02 1.79453660e-02 5.31424475e+00 4.85572249e-01 5.06155491e-01 2.90387332e-01 2.61354136e+00 -2.40109153e-02 3.05948127e-02 -3.61825913e-01 -1.16147511e-01 2.64798980e-02 -1.30235076e-01 -7.69516528e-01 4.77669895e-01 1.22745544e-01 2.09949881e-01 -4.66901362e-01 -3.61551076e-01 -7.04529822e-01 4.07180756e-01 -1.34180501e-01 -7.32584953e-01 2.89544910e-01 -1.70031846e-01
-5.78718679e-03 1.40701696e-01 -6.56821653e-02 2.94807665e-02 1.62905436e-02 2.99893855e-03 3.19130421e-02 -6.45481199e-02 1.88123770e-02 -1.76755458e-01 6.66345656e-02 5.04789650e-02 4.20710593e-02 9.94212329e-02 1.18069172e-01 2.08032168e-02 3.61786261e-02 1.35123590e-02 -7.17518898e-03 1.06727779e-01 2.69536138e-01 1.11289702e-01 -1.14511335e-02 2.38621496e-02 6.87767118e-02 1.62571073e-02 4.98106964e-02 2.49830008e-01 1.22877015e-02 -3.92386597e-03 -2.86654290e-03 2.37714332e-02
1.80428177e-01 -1.10445425e-01 -5.63389421e-01 3.00760102e-02 8.76560956e-02 -2.12848470e-01 -2.84454674e-01 -2.75104225e-01 3.03619593e-01 -7.09442437e-01 4.63739708e-02 -6.67924806e-03 2.22428232e-01 2.78496984e-02 -8.89539048e-02 1.59508750e-01 -2.92779386e-01 4.44255769e-01 -1.61358565e-01 9.35219646e-01 2.70094454e-01 1.27806038e-01 -4.66269076e-01 -1.41204491e-01 -9.34889391e-02 -4.10150230e-01 8.24898958e-01 -5.20515740e-01 2.56022453e-01 2.93016642e-01 -5.17437942e-02 1.62488222e-01
-2.71501929e-01 -9.26905796e-02 -2.41361529e-01 -2.28783771e-01 2.85454541e-01 1.58407185e-02 2.19385207e-01 1.25937507e-01 4.06125903e-01 -3.72550011e-01 -1.91958949e-01 -8.86265635e-01 4.94102120e-01 -1.31037757e-01 -1.73832059e-01 -2.38607568e-03 -1.49998173e-01 1.46666542e-01 1.77266553e-01 -8.82438198e-02 -6.17336258e-02 -1.44029289e-01 4.35805678e-01 -3.03807735e-01 1.90450445e-01 2.08531022e-01 -2.00736493e-01 4.16364133e-01 4.24454920e-02 3.28987241e-01 4.93942201e-01 1.69017911e-01
6.41626641e-02 1.85095161e-01 -5.16744563e-03 6.78708106e-02 -6.94726780e-02 9.83492956e-02 -1.90300066e-02 -8.23018625e-02 3.92637029e-02 6.93450198e-02 7.07105473e-02 1.10998042e-01 -7.21625462e-02 -7.84843192e-02 1.12637691e-01 4.47191387e-01 5.96135221e-02 -3.03683996e-01 4.06678133e-02 -1.04123734e-01 -1.18374154e-01 -1.31098032e-01 9.89781320e-03 -2.17003804e-02 3.80247906e-02 1.21396333e-01 1.90854154e-03 8.66127294e-03 1.20132260e-01 1.29105169e-02 -1.46906367e-02 3.58709730e-02
5.93055487e-01 -1.26801744e-01 6.56296432e-01 5.25298715e-01 -2.69530952e-01 -3.07138920e-01 -7.07048535e-01 -1.44820392e-01 -2.68381298e-01 -9.13255692e-01 -9.63553339e-02 9.76316750e-01 4.93077487e-01 -4.81401622e-01 6.96311414e-01 5.74567974e-01 -6.17660582e-02 -2.19948158e-01 5.28890669e-01 4.71270412e-01 -5.31855464e-01 6.69967830e-02 4.73822325e-01 1.78431675e-01 6.59468472e-02 -3.71115476e-01 9.15148780e-02 3.73757005e-01 -1.22907005e-01 -8.60166997e-02 2.35843146e-03 4.59797829e-01
2.46400073e-01 -1.19299643e-01 4.66235280e-02 1.47741899e-01 5.57495207e-02 1.44836783e-01 9.09440279e-01 5.86594418e-02 4.78376359e-01 2.51009166e-01 3.23547155e-01 3.70591760e-01 -3.95765662e-01 -5.65182269e-01 1.23332106e-01 -9.91834462e-01 -5.22729568e-02 -7.23729968e-01 -6.47893324e-02 -4.46449250e-01 -5.05873621e-01 -5.92241529e-03 2.46332794e-01 -4.02096249e-02 1.08711943e-01 -4.35311019e-01 -7.07733572e-01 4.22376990e-01 -1.00905299e-01 -1.89295784e-01 2.39753097e-01 -1.04355201e-01
6.58570454e-02 -1.55238146e-02 -2.71979541e-01 4.17960256e-01 1.07576167e-02 3.63592654e-01 3.82995188e-01 -2.73120075e-01 -3.14243734e-01 3.47896695e-01 2.58944333e-02 7.77752995e-02 4.24605161e-01 5.21244586e-01 -1.57701284e-01 -5.74035823e-01 5.43112874e-01 -2.05817550e-01 5.25364168e-02 -2.53226787e-01 -3.69512230e-01 5.81968613e-02 -3.82128090e-01 1.95200026e-01 -3.77045542e-01 -1.23280168e-01 -4.46925834e-02 -4.47406024e-01 4.49589640e-02 -1.05045222e-01 -3.93128917e-02 -2.71988750e-01
7.24552929e-01 -6.67537674e-02 -2.65597522e-01 2.01910943e-01 1.13116078e-01 -4.46588099e-01 -8.34927261e-02 3.01206976e-01 3.26573581e-01 -2.72898102e+00 1.51096329e-01 1.28170669e-01 3.45658839e-01 -1.65527737e+00 1.17738754e-01 3.06063026e-01 1.05973840e-01 2.34120131e-01 -2.29638204e-01 -4.13781479e-02 5.18960416e-01 -2.39650548e-01 -2.38523066e-01 -2.65429318e-02 -3.26260775e-01 -2.21708938e-01 -2.43290775e-02 -1.97195083e-01 2.76330858e-01 1.41527489e-01 -2.65817046e-01 -2.16677919e-01
-8.36227000e-01 1.47372454e-01 -1.25535298e-03 1.33258596e-01 -9.07428190e-02 -3.45668703e-01 1.02498627e+00 -1.09109722e-01 -9.67730880e-01 7.35655069e-01 -7.03521907e-01 2.22163741e-02 1.55155376e-01 8.16159025e-02 -6.98888421e-01 3.04886341e-01 5.92608511e-01 3.99594575e-01 2.96695650e-01 6.35047816e-03 -1.50238886e-01 3.36102992e-01 5.30546308e-01 9.66971695e-01 -4.10405904e-01 5.10161996e-01 -6.08889401e-01 -5.61962910e-02 8.70708346e-01 -4.42140251e-01 1.10719137e-01 -5.94215328e-03
-5.51796675e-01 6.03197813e-01 -3.53936367e-02 -1.48734331e-01 5.34439802e-01 1.68281227e-01 3.03646806e-03 5.20519733e-01 -3.11783910e-01 4.99972820e-01 6.02258481e-02 -1.51510477e-01 2.24142089e-01 2.14520454e-01 -5.34677684e-01 -3.52253228e-01 -1.07181489e-01 -1.23455942e-01 3.85957658e-01 -3.44716400e-01 3.61257675e-03 -2.68927455e-01 2.69715190e-02 -5.56750059e-01 1.13103241e-01 -1.97743654e-01 -5.71512461e-01 -5.03298104e-01 1.76347196e-01 -3.73773694e-01 -1.92687303e-01 -2.86535710e-01
-1.35651916e-01 2.17558607e-01 4.57103878e-01 3.64279121e-01 -2.65100121e-01 -2.88939893e-01 -1.49844721e-01 -3.25479021e-04 2.95032918e-01 -4.51416552e-01 -5.76307535e-01 -7.29465187e-02 -2.63853967e-01 -2.91469961e-01 7.24250823e-02 6.24134421e-01 -9.78158787e-02 2.23356798e-01 2.80218571e-01 2.10584104e-01 9.09951180e-02 -7.47411132e-01 1.75410524e-01 1.11059487e-01 2.96176821e-01 1.69046879e-01 1.79496314e-02 -5.87327540e-01 -2.63256371e-01 -1.12351164e-01 9.02018026e-02 -2.67628431e-01
-7.84785926e-01 4.86109644e-01 -5.66793323e-01 -1.02910697e+00 -2.96735764e-01 -2.44254544e-01 -3.31914812e-01 3.99218440e-01 9.40575451e-02 4.81612742e-01 -7.70093203e-02 2.06529066e-01 1.96783945e-01 2.86862403e-01 -3.40140164e-02 1.05178595e+00 7.09795713e-01 1.08863926e+00 -6.09794021e-01 9.45876390e-02 4.83810842e-01 -7.11016357e-01 -6.68907642e-01 3.92095089e-01 -2.26094693e-01 -4.33134526e-01 2.61999756e-01 3.73358428e-01 4.90268022e-01 -8.33553910e-01 1.98307201e-01 -1.89520642e-01
1.47484541e-01 -5.61058164e-01 -7.05432966e-02 -1.00080103e-01 -5.60025990e-01 5.30927122e-01 9.27016363e-02 -4.84079927e-01 5.10514081e-01 9.17701662e-01 -2.14961380e-01 1.07378036e-01 5.35998642e-01 4.29850578e-01 4.28007022e-02 -1.07017779e+00 -4.67285454e-01 -1.02613306e+00 9.50031728e-02 1.98575974e-01 2.53661692e-01 3.28795344e-01 1.73786774e-01 1.75720587e-01 2.81941831e-01 9.13163871e-02 -3.96039844e-01 -2.79890597e-01 -2.71006227e-01 -3.22887212e-01 4.35761601e-01 3.01332355e-01
-1.79643914e-01 -1.13222730e+00 4.78817910e-01 1.46337938e+00 7.50179514e-02 2.22362891e-01 6.36744127e-03 -1.37843519e-01 -3.68419707e-01 3.56075823e-01 9.65524197e-01 -8.65505755e-01 -9.81530249e-01 -2.12615013e-01 3.36041063e-01 1.66582376e-01 -1.39570510e+00 5.76235831e-01 4.93897527e-01 -7.12961197e-01 1.01779795e+00 3.12854528e-01 1.50156707e-01 -2.57274419e-01 2.47053519e-01 -3.80139679e-01 8.44677240e-02 -1.47636950e-01 -7.58146942e-01 1.14570737e+00 -4.98798966e-01 -2.32791975e-01
-8.00003886e-01 -2.00668097e-01 3.05002898e-01 1.31193504e-01 -7.41413906e-02 2.85813212e-01 3.17055732e-01 5.93808182e-02 -4.70781654e-01 -1.95059374e-01 -9.82248485e-01 2.62406409e-01 4.67725784e-01 1.10275522e-01 2.01036364e-01 -7.06383586e-02 3.43261063e-01 -1.17941462e-01 -2.14713275e-01 -3.67830515e-01 -8.04770231e-01 2.95407951e-01 5.37186526e-02 -6.86149955e-01 1.88450381e-01 5.72976887e-01 -1.18054040e-01 5.76866306e-02 -4.15057242e-01 -2.23197788e-01 -1.31937757e-01 -1.79599058e-02
-2.94926733e-01 -3.28482628e-01 -1.24408834e-01 -1.71905786e-01 -2.67188191e-01 -6.90876991e-02 2.15713978e-01 2.66085207e-01 -6.08481705e-01 1.43617177e+00 -1.73118562e-01 -7.46166259e-02 -4.83938575e-01 5.13032377e-01 -1.40355736e-01 -8.40476435e-03 3.84881273e-02 9.49935243e-02 -3.31043708e-03 -1.77089959e-01 2.24644020e-01 1.68269172e-01 3.01962316e-01 1.41135473e-02 4.53596450e-02 -5.58743551e-02 -2.10149616e-01 2.02397257e-01 2.66344279e-01 2.90024430e-01 6.94742426e-02 1.05304122e-01
-8.79335999e-02 -3.57327640e-01 -4.23037651e-04 -1.25293970e-01 -3.15029025e-01 4.77627844e-01 -1.53181389e-01 -4.04059529e-01 6.15680888e-02 -3.75951618e-01 4.64887684e-03 4.55932468e-01 2.27374554e-01 4.28631485e-01 3.21341574e-01 -5.15692115e-01 -4.41262066e-01 -1.20417273e+00 -6.93096071e-02 -3.06975693e-01 -1.02652512e-01 8.80338073e-01 4.46726710e-01 5.92596352e-01 -4.67472434e-01 1.57023981e-01 1.04903705e-01 -2.45095700e-01 -3.50617915e-01 -2.84643710e-01 -6.08205460e-02 -7.57131279e-02
2.69139744e-02 -4.74254154e-02 1.44989699e-01 -9.35977474e-02 2.24812150e-01 -1.04680181e-01 1.62744261e-02 -3.37377012e-01 -1.88297346e-01 3.46224278e-01 1.37159348e-01 1.66809961e-01 8.10540095e-02 -3.08598340e-01 -6.78769052e-02 -2.79547691e-01 5.75810559e-02 1.48824424e-01 -1.56110987e-01 -5.43361664e-01 1.24678098e-01 -1.39449403e-01 -1.04074985e-01 -4.13182713e-02 -1.76108945e-02 2.08313942e-01 -6.44980147e-02 4.28122766e-02 9.71371531e-02 7.00858980e-02 -1.21625187e-02 4.37643053e-03
2.11886749e-01 -6.29904389e-01 -2.96708703e-01 7.37242281e-01 -1.22309409e-01 -5.48950732e-01 2.88315147e-01 -1.58982933e-01 -3.53996426e-01 2.67869782e+00 -5.92023790e-01 1.00950086e+00 6.73412502e-01 7.35399306e-01 9.37199533e-01 2.64385104e-01 4.67824265e-02 2.46199742e-01 6.13008320e-01 4.14652377e-01 1.65675640e-01 1.53145939e-01 -4.25088033e-02 1.02666473e+00 -8.99380594e-02 1.57384381e-01 -3.27243239e-01 3.36810648e-01 2.13116687e-02 7.37976097e-03 8.52044165e-01 6.58638254e-02
-8.76101702e-02 1.75808847e-01 1.34904802e-01 6.75256178e-02 4.09224965e-02 -4.75740470e-02 1.77311059e-02 1.00639768e-01 4.23022127e-03 -1.96346454e-02 1.69995099e-01 9.01800916e-02 8.56192932e-02 -1.53738186e-02 1.64476499e-01 1.94402546e-01 2.61276364e-02 -1.37667611e-01 -1.02770198e-02 8.79306644e-02 -1.50759906e-01 -5.70225306e-02 -2.77668443e-02 -4.27443441e-03 -4.58906651e-01 -2.28377119e-01 3.93004119e-02 -1.50887370e-01 -6.44754395e-02 -6.02737218e-02 3.66816460e-03 -4.52897996e-01
5.01663890e-03 -7.97518417e-02 -4.99250852e-02 2.32833028e-02 -2.16521427e-01 2.48126928e-02 -2.37344895e-02 1.61786869e-01 5.60221635e-02 -5.51058017e-02 -5.03257755e-03 -1.72938164e-02 -6.85676932e-02 3.66914347e-02 -6.32491484e-02 2.10652024e-01 -1.07652433e-01 -1.30463675e-01 1.64860953e-02 3.34674180e-01 -2.40879729e-01 -1.07579432e-01 6.72111707e-03 -6.29160833e-03 6.43055886e-03 -9.33931842e-02 -6.51538372e-02 -8.01962987e-02 -4.55251858e-02 4.89999987e-02 2.27662530e-02 -2.06623212e-04
7.92004287e-01 -2.66724080e-01 3.08920085e-01 3.26533049e-01 -3.35382223e-01 2.58594844e-02 -4.70557958e-01 7.08016828e-02 6.20584548e-01 9.24484357e-02 -2.00109676e-01 5.91216125e-02 7.53958225e-02 2.38013089e-01 7.38018155e-01 -4.89633948e-01 -4.46138501e-01 -6.22090459e-01 2.74141937e-01 -2.59655178e-01 -7.45424807e-01 2.38985375e-01 -1.22964270e-01 1.94190845e-01 7.48436093e-01 -8.63251463e-03 2.08598837e-01 -1.22851379e-01 -4.79798406e-01 2.13266775e-01 1.04114085e-01 1.61266610e-01
1.30060598e-01 -4.13458914e-01 -2.80497760e-01 4.04581577e-01 2.34321520e-01 -5.90764523e-01 1.14093818e-01 6.43067574e-03 2.46615618e-01 -2.47721449e-01 -2.48067304e-01 4.59989041e-01 3.56464714e-01 -2.75667638e-01 2.55118906e-01 -5.57282329e-01 -3.28689337e-01 -7.27047563e-01 4.12002027e-01 -4.00906473e-01 -2.57569671e-01 -5.22141084e-02 3.55991453e-01 6.53509021e-01 -1.36184141e-01 -3.17621261e-01 4.37253296e-01 -4.68706712e-02 -9.45252478e-02 -4.23453629e-01 1.06478058e-01 2.40940705e-01
6.58057705e-02 -5.38977385e-02 6.84885085e-01 1.07238285e-01 -1.03162777e+00 -3.31584871e-01 2.44589373e-01 -1.24854758e-01 6.53791189e-01 5.96147478e-01 -1.16896093e-01 -3.59044313e-01 1.09157199e-02 7.29056776e-01 4.68178303e-04 -2.24195099e+00 -3.26214135e-01 -2.57536554e+00 1.55683801e-01 5.42710628e-03 -8.11755359e-01 6.14758611e-01 1.87040508e-01 1.39731079e-01 3.00100625e-01 1.31358817e-01 3.36983949e-01 1.74025893e-01 -1.08928442e-01 -7.74075687e-01 -5.29244602e-01 7.86119550e-02
-1.84182256e-01 -2.49544993e-01 -2.46144548e-01 -2.82127202e-01 -2.83814877e-01 5.53368866e-01 1.78760752e-01 -1.17209226e-01 -1.07387669e-01 3.82708400e-01 -2.03404501e-01 1.64623380e-01 4.93107811e-02 -2.48915076e-01 -1.21709004e-01 -5.40169775e-01 3.00675839e-01 -6.63992167e-01 -2.74759263e-01 1.26674268e-02 -3.43306988e-01 3.91983569e-01 -1.46865562e-01 3.54079306e-01 3.47307563e-01 -5.29634356e-01 4.80668962e-01 8.71582925e-02 6.46346062e-02 1.31626874e-01 -6.62331879e-02 5.16796745e-02
4.07670408e-01 6.78206503e-01 6.64100885e-01 -3.98952395e-01 2.07295477e-01 1.77782848e-01 1.66886345e-01 -1.06626526e-01 -8.30123246e-01 9.64536846e-01 -2.80060798e-01 -2.49394044e-01 -4.40701187e-01 1.11097002e+00 1.62381381e-01 1.60022035e-01 2.46890746e-02 -8.83982837e-01 2.64674515e-01 -2.84047455e-01 6.39350042e-02 6.97538614e-01 -1.01315379e-01 -3.98061395e-01 6.42748892e-01 -7.67232597e-01 4.93588805e-01 -4.26879488e-02 -2.83026844e-01 -5.97662389e-01 -4.84756455e-02 -4.60663408e-01
-3.98221053e-03 -3.17440659e-01 1.98109448e-01 -2.13434786e-01 -1.73011288e-01 9.55293924e-02 1.17582552e-01 -2.44778499e-01 -5.25107384e-01 -3.75520587e-01 -1.44285500e-01 4.15430032e-02 -5.64791635e-02 3.38923842e-01 4.55958068e-01 4.30262893e-01 3.38519126e-01 -3.55224222e-01 7.27146026e-03 2.30914444e-01 -2.89085299e-01 3.34092826e-01 -3.70943397e-01 1.33189037e-01 -6.43315688e-02 -2.10354686e-01 3.69625986e-01 7.31097758e-01 -3.86291027e-01 -4.96278346e-01 2.28003368e-01 3.48651707e-01
-1.24158096e+00 1.24812625e-01 1.25796795e-01 -1.29606652e+00 -1.03250943e-01 -8.83250087e-02 1.86747789e-01 5.26213169e-01 1.25479907e-01 3.61818224e-01 -9.68693793e-01 6.95780575e-01 1.07505429e+00 3.56084019e-01 -6.72173679e-01 3.07894856e-01 5.84185541e-01 -3.92436057e-01 -2.84262002e-01 1.03246176e+00 -5.59659541e-01 -3.16860527e-01 -3.57718647e-01 -5.91399409e-02 5.88940561e-01 9.79999244e-01 8.71068954e-01 6.32806778e-01 4.90649402e-01 -1.01636887e+00 1.72094017e-01 2.27755964e-01
-1.05315223e-01 9.43317711e-02 3.04567158e-01 -4.93295453e-02 3.26014608e-01 -9.98977423e-02 -1.34156151e-02 3.83461714e-02 -5.24351113e-02 1.94416180e-01 2.26713251e-02 1.14841005e-02 -3.63010517e-03 -1.29037887e-01 7.68636242e-02 -1.44913629e-01 7.70779997e-02 6.07499331e-02 5.15657105e-03 -4.24367607e-01 1.42232925e-01 -1.03068151e-01 1.61186866e-02 1.52512910e-02 1.40277073e-01 -1.07626766e-02 7.23467097e-02 1.51174203e-01 3.58135141e-02 -8.90482739e-02 -1.74282398e-02 5.77058122e-02
-1.11290678e-01 2.47747988e-01 3.45391810e-01 -1.48209363e-01 1.18834086e-01 1.03350759e-01 6.88654840e-01 3.13390493e-01 1.02233902e-01 -1.17289770e+00 -3.74480277e-01 5.62451065e-01 6.84518099e-01 -2.73728937e-01 -4.73533958e-01 -2.30275840e-02 4.88803744e-01 -3.55424136e-01 -2.55775861e-02 -5.22678077e-01 9.21391189e-01 -2.54494548e-01 1.81568172e-02 -1.27950382e+00 -2.54125386e-01 5.40059686e-01 -1.02061093e+00 -7.63626277e-01 2.92973459e-01 -1.46117017e-01 -2.39399653e-02 -1.25816092e-01
6.06581807e-01 -3.04820746e-01 -2.89858967e-01 4.34048623e-01 -4.97600660e-02 -5.49339764e-02 -7.09129423e-02 -1.30831435e-01 4.93762285e-01 -9.59232077e-02 -1.27391100e-01 -4.01578322e-02 7.64948666e-01 -3.44025880e-01 3.50267529e-01 -3.48913968e-01 -2.19503790e-02 -4.79943067e-01 2.16000319e-01 -6.86203912e-02 -3.39494675e-01 1.20788351e-01 1.54339120e-01 1.51010975e-01 -1.92927253e-02 -2.03665033e-01 7.88224995e-01 4.46967304e-01 -3.41085643e-01 3.30879360e-01 1.91727683e-01 2.94955641e-01
-1.75659925e-01 2.92370319e-01 -1.36473373e-01 -6.22425191e-02 -5.60808182e-01 -2.28633702e-01 8.75186473e-02 4.31083739e-01 -4.38661836e-02 -5.58828592e-01 -1.96919024e-01 1.72803495e-02 -3.38245988e-01 2.03809679e-01 2.98111320e-01 -1.85763285e-01 -1.28958806e-01 2.20553815e-01 6.65915906e-02 3.59448254e-01 -2.62162089e-01 -4.30202521e-02 -3.41095105e-02 -3.47710066e-02 -8.72563496e-02 -9.77137089e-02 2.54961878e-01 -2.84524947e-01 1.06685758e-01 -6.47086417e-03 3.91188413e-02 1.35629088e-01
3.38167474e-02 -5.23924828e-01 -6.87901527e-02 -1.14519857e-01 -1.13551147e-01 -1.38345256e-01 -2.15955041e-02 -1.53155372e-01 -3.90047342e-01 4.82844025e-01 -2.15402879e-02 8.29831883e-02 3.64394277e-01 3.32220048e-01 -1.47558704e-01 -6.86271191e-01 -1.94152594e-01 -1.88235372e-01 -2.18664818e-02 5.69142699e-02 9.87037495e-02 -2.23184992e-02 5.80951989e-01 3.08422856e-02 -3.58869612e-01 2.41271362e-01 3.29181999e-01 8.13548565e-02 -5.17796129e-02 1.17097877e-01 -1.88175347e-02 -2.28319392e-01
9.99520481e-01 -3.15797399e-04 -6.11148417e-01 2.28395745e-01 2.17240646e-01 1.10104211e-01 5.12039542e-01 8.92289504e-02 -3.10486913e-01 -9.05975819e-01 -8.38112891e-01 1.34662008e+00 4.27804925e-02 -8.96900773e-01 3.05913836e-01 6.13296211e-01 3.98208536e-02 4.51558411e-01 -8.63230601e-02 7.87638128e-02 -1.63235092e+00 -4.01887685e-01 -7.88214564e-01 -2.07684591e-01 -4.19542253e-01 -3.94459739e-02 2.80822814e-01 6.13191962e-01 -1.02299213e-01 9.15656984e-02 -5.84927797e-02 4.73460376e-01
-1.52107924e-01 1.07926123e-01 -8.99029791e-01 -8.91168863e-02 1.77946746e-01 3.57990831e-01 1.00099549e-01 3.37636285e-02 7.53388405e-02 5.55099368e-01 -4.20650572e-01 -1.17057133e+00 3.94211978e-01 3.02530736e-01 -3.62456143e-01 5.12617767e-01 -5.06464243e-02 1.24492991e+00 -4.22079563e-01 1.27647504e-01 3.08371067e-01 -1.01986796e-01 -5.39206825e-02 6.75641596e-01 -2.92794853e-01 7.85469890e-01 -1.13833703e-01 -2.63986856e-01 9.55467597e-02 1.00533508e-01 7.17938244e-01 -4.79224995e-02
-1.77499037e-02 3.56675953e-01 -1.74384341e-01 -6.14786863e-01 -6.74273595e-02 7.33932376e-01 2.98101693e-01 7.84298122e-01 3.27206075e-01 3.21033180e-01 9.50976729e-01 -2.62210399e-01 8.04055259e-02 2.95498997e-01 4.89112511e-02 -7.46890783e-01 2.93219775e-01 -7.31739551e-02 -3.09466124e-01 -5.47248900e-01 -5.85293956e-02 -2.35263571e-01 2.47407213e-01 1.46171853e-01 -2.37421781e-01 1.61098555e-01 3.53104696e-02 8.48744158e-03 -5.56807518e-01 2.53337234e-01 -1.69528559e-01 1.16490290e-01
5.51216528e-02 3.96847464e-02 -1.50724024e-01 2.04378273e-02 -5.29305004e-02 5.75530753e-02 6.84492365e-02 9.04361382e-02 -2.48563997e-02 -3.14661190e-02 -4.62977923e-02 -3.84765714e-01 2.42474318e-01 2.34615043e-01 -1.29921567e-02 9.43748429e-02 9.64946300e-02 -6.08439222e-02 8.91556814e-02 2.56614596e-01 1.26365736e-01 2.67028362e-01 -8.95849057e-03 1.92944169e-01 -9.76726040e-02 -2.87444890e-01 -1.64018616e-01 -1.76146239e-01 -3.09564680e-01 -1.33947045e-01 6.56722579e-04 -2.68840909e-01
4.31308270e-01 -1.79839856e-03 5.36006927e-01 4.18889433e-01 3.60160679e-01 4.16764885e-01 9.55138803e-01 -3.71618956e-01 7.30281472e-01 -7.51582906e-02 -5.86233914e-01 1.36530742e-01 -5.41751266e-01 -3.58808458e-01 -1.38560925e-02 2.80955702e-01 -6.36455297e-01 -4.51940387e-01 2.84256727e-01 -5.03185205e-02 -9.92637724e-02 5.59373379e-01 2.21921295e-01 6.85126185e-01 2.22712643e-02 -1.48333296e-01 -2.09709108e-01 1.70079008e-01 1.66219652e-01 4.41533625e-01 -1.41291201e-01 1.31993005e-02
-2.71420181e-01 -4.88041461e-01 1.44677806e+00 7.25644901e-02 -6.76863909e-01 -1.86294302e-01 -1.16561580e+00 -9.34230566e-01 2.53093630e-01 1.03706193e+00 -6.95883902e-03 -4.58469540e-01 -2.72090137e-01 1.01271403e+00 5.77436507e-01 -1.72566879e+00 2.01982930e-01 -2.42106724e+00 1.73021567e+00 8.57971847e-01 -5.78121245e-01 1.69197905e+00 -4.32775289e-01 2.45122910e-01 3.48885685e-01 -6.64486229e-01 -2.66264915e-01 3.34359080e-01 2.16310412e-01 2.14951411e-02 8.76023829e-01 1.65114000e-01
2.04429384e-02 -2.59666294e-02 4.88851666e-02 3.97253036e-02 4.07063365e-01 -9.31000221e-04 2.67247576e-02 2.16260478e-02 4.99588475e-02 -4.82582860e-03 -1.16314022e-02 -6.90893978e-02 1.09941445e-01 -1.30078821e-02 5.53494203e-04 -6.67608678e-02 1.33101858e-04 -5.12174442e-02 -6.88335970e-02 8.37458372e-02 1.54936537e-01 2.72551011e-02 -2.99199857e-02 6.79193763e-03 -1.26534417e-01 -1.33919552e-01 1.43124005e-02 3.23362052e-01 -3.96404490e-02 -5.95347546e-02 3.26180272e-03 -2.41702393e-01
-4.35079008e-01 1.27649517e-04 -1.69541910e-01 4.84631173e-02 -2.35907242e-01 7.62368739e-02 -2.32163683e-01 5.39314151e-01 6.65088519e-02 1.36043634e-02 -1.74932629e-02 4.96458888e-01 3.60130757e-01 5.02074301e-01 3.27272862e-01 -2.39539430e-01 -1.71123832e-01 1.71027221e-02 -5.52792549e-02 -1.29928604e-01 2.37412244e-01 -7.26453841e-01 -1.00314505e-01 -1.85652584e-01 -2.76359111e-01 -3.60882759e-01 -4.98548388e-01 1.00141183e-01 -3.01102608e-01 -1.27218291e-01 -1.04154497e-01 4.81597900e-01
1.24729825e-02 -1.65812597e-01 5.94006121e-01 2.31932580e-01 -5.77425420e-01 2.32669532e-01 3.88394326e-01 -5.54509401e-01 4.67124254e-01 3.43444556e-01 -1.32906407e-01 4.54477906e-01 -6.41995147e-02 1.36814460e-01 1.42472923e-01 -1.96140087e+00 1.46866724e-01 -9.27001655e-01 2.87929606e-02 2.06954047e-01 -9.12576541e-02 2.12388888e-01 2.33569846e-01 1.52084231e-01 -2.35483319e-01 -5.05796850e-01 -1.02843381e-01 -2.07198545e-01 -3.99934083e-01 -5.14154136e-01 5.04484415e-01 -2.81914651e-01
-2.22291008e-01 1.47999348e-02 -1.44250140e-01 1.31915793e-01 -1.07792608e-01 -7.39448052e-03 2.11060360e-01 -1.61561981e-01 -5.21313965e-01 1.67799389e+00 -3.87103021e-01 -7.37022907e-02 -2.52698600e-01 1.27571285e+00 -1.86800227e-01 -1.20063936e-02 1.61299855e-02 -2.45188139e-02 -1.45364508e-01 -2.95126438e-01 7.47291297e-02 2.20359281e-01 -2.53552776e-02 -1.89689130e-01 -9.76263210e-02 9.32380110e-02 4.07424480e-01 4.06855732e-01 2.27123767e-01 -4.80248749e-01 3.52729231e-01 -1.37801737e-01
-1.29367873e-01 -2.11771324e-01 6.20462298e-01 4.61901844e-01 -1.40815645e-01 -3.56041402e-01 -1.08527517e+00 1.59553304e-01 2.18976006e-01 4.29370254e-01 7.54624307e-02 -3.92490402e-02 1.33849278e-01 1.89574897e-01 -2.32637525e-01 5.65023482e-01 1.48139605e-02 2.09419653e-01 -1.54596373e-01 -3.16379189e-01 8.68575871e-01 3.84067267e-01 3.70152712e-01 -6.02662623e-01 4.21077125e-02 4.61768843e-02 -2.21719489e-01 2.65373468e-01 -9.61482525e-02 3.13316405e-01 -1.50429875e-01 -3.14506650e-01
7.53593206e-01 -4.80415076e-01 4.63064045e-01 1.04403532e+00 -3.72095168e-01 4.63417470e-01 -7.78105140e-01 -6.21643722e-01 5.17981648e-01 -7.08446920e-01 -2.05391020e-01 6.54505670e-01 -1.30420518e+00 -5.89143112e-02 7.75819838e-01 -5.09798706e-01 -1.78061843e-01 -2.77193706e-03 5.93984544e-01 6.29277825e-01 5.13137341e-01 -4.97017741e-01 -1.97114778e+00 -4.38853353e-01 7.02086091e-01 4.78425920e-01 -7.52470911e-01 -4.83994663e-01 3.67099270e-02 1.32182419e+00 -3.68075997e-01 -2.85170138e-01
-1.57510955e-02 1.68380007e-01 -3.01125199e-02 -5.43477573e-02 -1.56665564e-01 -3.99239250e-02 2.57146563e-02 -5.67592084e-02 -4.10190858e-02 -7.51597714e-03 3.58636864e-02 9.50320065e-02 8.08065981e-02 -4.70312648e-02 1.66091666e-01 -1.29485995e-01 8.51395503e-02 1.83265835e-01 -5.17732278e-03 -2.86354274e-01 1.39634311e-01 5.48076555e-02 -1.92802791e-02 -2.73318011e-02 -3.01570892e-01 -4.51168716e-02 1.25764189e-02 -7.73154348e-02 -2.95520741e-02 -1.00277709e-02 -1.59826018e-02 -2.20269993e-01
1.26184940e-01 2.85546571e-01 1.62703252e+00 4.53310281e-01 -1.19411993e+00 1.34477943e-01 -2.28886738e-01 -5.70533991e-01 8.30110431e-01 5.18970907e-01 1.55733973e-01 -3.28162372e-01 -9.04624403e-01 9.35337245e-01 3.48526016e-02 -3.25471902e+00 -2.71719098e-01 -4.47971630e+00 3.87785584e-01 1.00937761e-01 -1.25794232e+00 1.00096703e+00 3.29280108e-01 1.79230273e-01 2.49484897e-01 -1.75914571e-01 -5.15034497e-01 7.05761552e-01 -2.13705271e-01 -1.24827027e-04 -1.22526444e-01 -4.81377989e-02
-8.11421394e-01 1.97174713e-01 1.17693059e-01 -7.35640049e-01 2.17237379e-02 -1.74405858e-01 -2.01444060e-01 4.83657390e-01 -6.30214512e-02 -4.48408350e-03 1.19132116e-01 -3.03278238e-01 4.34233606e-01 4.29253191e-01 -4.08018947e-01 -2.64136046e-01 2.32058078e-01 -1.51857033e-01 -3.47702384e-01 1.84837714e-01 7.07801282e-02 6.94978893e-01 2.09800810e-01 -2.72545755e-01 -1.06465340e-01 2.95732588e-01 -7.04314709e-01 7.70838782e-02 7.88805336e-02 -5.56193113e-01 -1.19939990e-01 -7.46534050e-01

layers.2.bias:
-1.34966385e+00
-7.88454413e-01
6.65021420e-01
-5.58003306e-01
1.03467271e-01
-3.22072744e-01
2.42228284e-01
2.13693094e+00
4.97944295e-01
8.39916110e-01
-9.04303253e-01
-1.34812152e+00
-3.80732626e-01
9.01923895e-01
-3.70174110e-01
-6.43669724e-01
-6.93839490e-02
-7.55368292e-01
3.29505593e-01
-8.53132904e-02
-1.34501308e-01
7.85193264e-01
8.19336534e-01
-1.61893532e-01
-4.02785689e-01
1.03677654e+00
-9.89880264e-01
-1.04743087e+00
5.03957748e-01
-1.26553810e+00
6.68294057e-02
-5.60884289e-02
7.89853990e-01
1.15569249e-01
-2.46334448e-01
-2.12513134e-02
-1.36814803e-01
1.40272856e+00
1.05100524e+00
-6.98572099e-02
9.72147048e-01
-2.17585832e-01
-4.74433720e-01
1.39607155e+00
2.55364120e-01
-1.01101983e+00
1.07542539e+00
-3.49482238e-01
7.87645102e-01
1.76148498e+00
1.66092932e-01
2.99078107e-01
1.10360906e-01
-6.21818125e-01
2.53798902e-01
-1.24280034e-02
6.54084265e-01
-5.80843873e-02
-1.03220217e-01
-6.31374419e-01
4.48599011e-01
5.51315658e-02
-2.51620680e-01
7.25231230e-01

layers.4.weight:
2.86667585e-01 2.36993711e-02 -4.77070287e-02 7.37696094e-03 -1.95905250e-02 4.21587601e-02 -5.35393599e-04 -7.04826713e-01 -8.50891396e-02 -3.96754175e-01 3.37114781e-02 9.07527447e-01 -1.71551073e+00 -1.02153346e-01 4.37394530e-03 -1.50991154e+00 4.37455223e-04 7.31864423e-02 2.18719451e-05 -5.93584264e-04 2.03931890e-02 -1.30097568e-01 -2.52385736e-02 3.04417372e-01 -2.49693021e-02 -3.92961763e-02 2.78784744e-02 7.54560292e-01 -4.13700551e-01 3.88109118e-01 -1.43621303e-02 -1.61696345e-01 -4.34396267e-02 2.39233108e-04 -9.46818292e-03 -4.67789214e-05 3.95999232e-04 -1.45035014e-01 -1.56639572e-02 1.55795693e-01 -6.17222898e-02 2.61350840e-01 1.00811047e-03 -1.25102311e-01 -7.10078690e-04 1.29188299e-01 -7.57797947e-03 -1.31452025e-03 -1.19886950e-01 -6.60189629e-01 -5.31756394e-02 -1.61705296e-02 7.89119280e-04 9.47739929e-03 -1.05008960e+00 9.36648808e-04 -1.15856565e-04 -3.00932109e-01 -9.54300463e-02 1.24733364e-02 -1.61739159e-02 -6.47468085e-04 8.98781717e-01 -1.89238060e-02

layers.4.bias:
-1.08563459e+00

