layers.0.weight:
3.31696361e-01 -5.67613244e-01 7.97264636e-01
5.69172144e-01 -8.09445798e-01 -5.80563486e-01
-8.31293464e-02 -6.13938749e-01 -5.77727258e-01
-1.07055378e+00 1.15616508e-01 4.58123112e+00
2.67282110e-02 4.11940843e-01 1.16166264e-01
-5.79876065e-01 8.58121514e-01 -1.84879377e-01
-1.31842160e+00 4.86020595e-01 -9.88645032e-02
-6.01682402e-02 7.88846374e-01 -9.23566997e-01
6.03414774e-01 -9.26082134e-01 5.12713566e-02
-1.11527514e+00 5.86289167e-02 -1.64189592e-01
7.53551662e-01 -9.85680073e-02 1.41279221e+00
-7.16238439e-01 -1.31785080e-01 -1.29353356e+00
-4.30584475e-02 7.12955832e-01 -1.57757306e+00
-1.16726887e+00 2.10410804e-02 5.00053525e-01
-6.46977663e-01 1.09646142e+00 7.52028525e-01
-1.81771189e-01 9.48456824e-01 1.64468549e-02
5.46070874e-01 -6.33792400e-01 -1.45019031e+00
-1.15504665e-02 1.12846863e+00 1.84981868e-01
8.07071701e-02 -9.54183042e-01 5.35116851e-01
3.41117471e-01 -1.28724232e-01 -8.64976227e-01
2.23475501e-01 1.65966094e-01 -5.10879010e-02
-3.24195027e-01 -2.56797969e-01 -1.00232065e+00
-4.64660525e-01 1.65601885e+00 -4.46076952e-02
-1.56447518e+00 4.06930357e-01 1.75152493e+00
1.05132234e+00 3.79940838e-01 -7.78481364e-01
2.59609371e-01 6.71772659e-01 -1.17486012e+00
-1.16151750e-01 -2.13369340e-01 1.90187418e+00
-3.97779703e-01 -2.44972542e-01 1.92939892e-01
3.22416067e-01 7.57217348e-01 -1.46468067e+00
-1.04933763e-02 4.65525806e-01 1.70563948e+00
-2.89658904e+00 2.84448242e+00 -1.78299040e-01
-1.26738083e+00 -5.19488692e-01 1.02004325e+00

layers.0.bias:
8.77201200e-01
4.81547834e-03
-1.42384720e+00
-6.34384930e-01
7.07518518e-01
-2.04255387e-01
-3.54310095e-01
2.86240637e-01
-7.45998621e-01
-1.59115899e+00
1.64644122e-01
1.80825554e-02
2.46107668e-01
-1.21306002e+00
-2.90836543e-01
1.43946290e+00
9.34610724e-01
1.82654703e+00
-6.68276668e-01
5.78918040e-01
-1.44309163e-01
-1.35729384e+00
1.02535832e+00
-7.05530941e-02
1.36946186e-01
5.60703695e-01
8.80503118e-01
-1.57881156e-01
-4.88352716e-01
7.31267482e-02
8.91685039e-02
-6.70209900e-02

layers.2.weight:
-3.42715889e-01 3.08234423e-01 1.45041645e-01 -5.60780704e-01 -1.63294435e-01 -5.41050583e-02 6.40680715e-02 2.28142337e-04 5.03849797e-03 2.64371586e+00 1.22528868e-02 1.39599219e-01 -1.48538157e-01 2.30482173e+00 -2.74774492e-01 3.84167731e-01 1.50997797e-02 5.76332629e-01 1.04111783e-01 -1.89963222e-01 2.15397105e-01 2.86879513e-04 -5.47432542e-01 5.12831032e-01 -1.14081345e-01 6.88642561e-01 -8.65122497e-01 -1.24812342e-01 -1.31615341e-01 -2.96336859e-01 -3.31841916e-01 2.89383173e-01
-8.57890099e-02 1.40586823e-01 -8.60599935e-01 4.96563576e-02 -3.76844764e-01 1.46126404e-01 -7.47804165e-01 -4.87554818e-01 5.44876635e-01 6.72015667e-01 3.47393274e-01 -2.74260789e-01 2.49048620e-01 -3.69301997e-02 -3.05790871e-01 2.73045421e-01 -3.67787302e-01 3.81418496e-01 -4.22149688e-01 -6.80300742e-02 6.42349005e-01 -1.29042372e-01 -4.26668465e-01 -3.97380963e-02 4.38742246e-03 -7.25101605e-02 -3.27762038e-01 -5.39451122e-01 6.92841560e-02 -2.20601007e-01 -3.53601724e-02 1.87979698e-01
-8.70734006e-02 -6.72224239e-02 3.46881561e-02 -7.90204525e-01 -5.75859308e-01 2.50011608e-02 -4.40877050e-01 3.69411826e-01 4.15089905e-01 7.61892438e-01 -5.84460258e-01 -5.29108606e-02 2.01368839e-01 5.56642935e-02 -3.28965038e-02 -5.58601201e-01 -1.35729074e-01 -4.23896670e-01 -1.51124761e-01 4.05841827e-01 -3.20614785e-01 -2.20664307e-01 4.46967125e-01 -1.16918743e+00 -1.68365002e-01 4.74134684e-01 -1.20903575e+00 -1.24017388e-01 4.66527671e-01 -4.11598802e-01 1.35050535e-01 8.49484503e-02
2.45814323e-01 -7.14837685e-02 8.51646960e-02 1.34381628e+00 4.35910583e-01 3.84994268e-01 6.60782278e-01 -2.40758076e-01 -1.45694464e-01 -4.14282009e-02 1.58826932e-01 -6.11226484e-02 -5.74732482e-01 1.62383035e-01 6.23632014e-01 6.88232183e-01 -2.98155516e-01 5.40494740e-01 3.22151572e-01 -9.53776419e-01 -8.13375533e-01 -1.49143696e-01 3.70416939e-01 1.42624378e+00 -5.27043700e-01 -5.50922334e-01 4.96222824e-01 3.31245810e-01 -6.64990306e-01 -1.61682799e-01 -2.10129395e-02 4.75047201e-01
6.87509924e-02 -4.10898805e-01 3.05763513e-01 -4.40611839e-01 7.82567933e-02 -2.44523555e-01 -1.07577109e+00 1.61905095e-01 -1.81488227e-02 -4.23066735e-01 4.41379666e-01 -7.77170599e-01 7.99291551e-01 -7.78476834e-01 -1.53327791e-03 -8.15404117e-01 -3.69746536e-01 -8.74049008e-01 -1.41611457e-01 -1.25466093e-01 9.12858546e-01 -5.31687438e-01 3.07733238e-01 -3.25277090e-01 -8.19986403e-01 6.36841118e-01 1.03898756e-01 -6.23232484e-01 -2.52979040e-01 6.28652036e-01 -1.56997964e-01 7.32523724e-02
-3.63998502e-01 3.12217206e-01 2.46701047e-01 1.77273199e-01 -6.64528012e-01 -3.02774578e-01 -4.60876703e-01 3.05696666e-01 3.69605362e-01 -2.23661363e-01 6.35444164e-01 2.70564646e-01 -8.66192952e-02 -2.94537365e-01 -4.05186683e-01 -9.15848672e-01 -3.03781986e-01 -1.05440223e+00 6.45163536e-01 -2.19033673e-01 -6.27647400e-01 -8.89276639e-02 -6.68433368e-01 -2.37153858e-01 1.34015426e-01 8.85953978e-02 1.60755157e-01 1.09449542e+00 -1.22802645e-01 -4.22729582e-01 -6.64237380e-01 2.31372684e-01
-3.02579403e-02 1.29457377e-02 -2.18982339e-01 -1.32564048e-03 -1.59045324e-01 1.82249382e-01 -1.10574186e-01 -4.01429474e-01 -1.22750007e-01 2.45169118e-01 2.86098510e-01 4.71151993e-02 2.86263257e-01 -2.06990372e-02 -1.97237544e-02 -2.32793257e-01 2.37146243e-02 1.28364280e-01 -3.97160947e-02 -3.19313079e-01 -3.81641507e-01 1.20578885e-01 6.27918392e-02 2.85722110e-02 1.46645367e-01 2.54076362e-01 -3.53447437e-01 -3.90207708e-01 -1.60198256e-01 8.15666020e-02 -6.90023676e-02 1.58143535e-01
2.80940533e-01 1.04737617e-01 -4.09824669e-01 3.59716654e-01 3.23689312e-01 -6.33309782e-01 7.48143867e-02 4.89022791e-01 8.82002488e-02 -3.04546267e-01 -1.23514421e-01 9.52471435e-01 3.09772313e-01 -5.51353931e-01 -1.61256760e-01 1.50508508e-01 5.17969310e-01 1.67729199e-01 2.22309068e-01 4.97110277e-01 -1.43077302e+00 -9.07266259e-01 1.47841603e-01 3.08367044e-01 2.46752203e-01 7.45522201e-01 6.05638981e-01 4.85106319e-01 -5.71051657e-01 5.00379682e-01 2.05336124e-01 -3.09157401e-01
2.99113262e-02 2.40537673e-01 -5.45302629e-01 -2.34880596e-01 1.25085962e+00 -3.73235255e-01 -5.57135224e-01 -3.43771368e-01 -6.67555928e-01 3.10771376e-01 4.63247091e-01 2.27288157e-01 6.66960955e-01 -1.88280836e-01 1.30495518e-01 1.73258317e+00 2.98922390e-01 1.31673729e+00 -5.75553715e-01 -1.71139196e-01 1.58625320e-01 -2.80678213e-01 1.05188541e-01 3.03644031e-01 1.39570624e-01 3.70853186e-01 6.82471171e-02 4.54407744e-03 -5.87421097e-03 1.82310522e-01 2.28099513e+00 -4.04793918e-01
-6.09304011e-01 1.08481422e-01 -1.11919627e-01 -5.14669836e-01 4.29001480e-01 8.98138806e-03 -5.62682264e-02 3.65346342e-01 4.17301446e-01 -1.71188906e-01 1.82004012e-02 2.34639674e-01 1.75911531e-01 1.90451846e-01 -3.60462368e-01 -6.64529443e-01 3.21337074e-01 -4.10361230e-01 -4.06109095e-01 -3.72812822e-02 -6.55366004e-01 -2.40800843e-01 9.78215039e-02 -7.02471584e-02 -2.27334067e-01 -1.01816840e-01 -1.66424468e-01 2.47035012e-01 2.56831288e-01 1.70803681e-01 1.54947147e-01 2.74767447e-03
1.50452465e-01 -3.01469326e-01 -8.55990574e-02 -3.87295842e-01 -4.20525938e-01 -3.24072808e-01 -4.25621569e-01 1.82839155e-01 5.07678270e-01 2.23633200e-01 -5.55076182e-01 -8.85555744e-02 8.81752789e-01 -3.46183807e-01 -2.18716815e-01 -2.69974083e-01 -6.15219176e-01 -7.66645730e-01 -8.22424814e-02 -1.43203186e-02 1.03095460e+00 -2.36540809e-01 -8.31811309e-01 1.51153132e-01 -3.09844557e-02 -3.10869478e-02 -4.59230632e-01 -5.75139642e-01 3.49999607e-01 -4.22362655e-01 -6.29445612e-02 3.08688939e-01
-7.98724294e-02 -6.89310953e-02 1.65812409e+00 -8.67059767e-01 -7.35603869e-01 1.25683621e-01 -4.90920991e-03 -4.04061675e-01 1.06345080e-01 1.85679424e+00 4.20844369e-02 -1.50267899e-01 2.86707520e-01 3.24122024e+00 3.14001441e-02 -6.04434550e-01 3.03228319e-01 -2.41899204e+00 5.91960311e-01 -3.28748226e-01 2.53028899e-01 5.88725746e-01 -2.85936326e-01 8.61784577e-01 -9.27634835e-02 -5.59249759e-01 3.01440150e-01 -9.40923989e-02 8.20961595e-02 4.12361957e-02 3.28443125e-02 -3.24366659e-01
-6.45893872e-01 -2.11717069e-01 9.21889544e-01 4.07560289e-01 -6.23670340e-01 6.07878685e-01 1.34774977e-02 -9.02060151e-01 3.41635704e-01 3.51683468e-01 2.00129732e-01 1.52341694e-01 -4.99550223e-01 -1.08510703e-01 4.94607210e-01 -4.08021688e+00 -1.55696735e-01 -5.95104885e+00 5.43794453e-01 -1.02926373e+00 -7.00643361e-01 4.60436851e-01 6.45356417e-01 -1.12054050e-01 -2.39504710e-01 -2.29028463e-01 -3.60960633e-01 6.90197170e-01 -5.96982181e-01 -3.28554839e-01 -1.31216145e+00 -2.84125447e-01
2.70206556e-02 -1.79129988e-01 -6.25558734e-01 -6.43178076e-02 -1.78803653e-01 -2.87617035e-02 2.60196596e-01 3.38325381e-01 3.66375566e-01 -1.79324150e-01 5.29944658e-01 -1.83276445e-01 3.31775993e-01 -8.02342117e-01 -3.04861307e-01 -1.02268942e-01 -2.55861908e-01 1.68775573e-01 -1.06521502e-01 1.16478831e-01 -1.84259806e-02 -1.46025136e-01 5.24701551e-02 -2.19078526e-01 -1.25429273e-01 7.58978367e-01 -7.10994657e-03 3.75593342e-02 -1.75865233e-01 2.60136783e-01 2.05906853e-01 3.56886804e-01
-8.99265170e-01 2.47507930e-01 3.33336066e-03 3.42882693e-01 -2.62616009e-01 5.96416175e-01 -3.89523476e-01 -1.21139504e-01 4.54043120e-01 -1.75407365e-01 -7.54488707e-01 2.35196516e-01 1.50665537e-01 -3.12953323e-01 -3.11899543e-01 -7.26262569e-01 2.21115321e-01 -7.41233289e-01 -3.57880831e-01 3.11806589e-01 1.35961044e+00 9.69157040e-01 -7.50106871e-02 1.76158503e-01 -3.85899723e-01 9.86480713e-02 -5.86526096e-01 7.08086416e-02 7.52386034e-01 -2.43962884e-01 -1.14268340e-01 1.55583963e-01
-4.64202851e-01 -1.46953035e-02 1.15308397e-01 6.05194457e-02 -2.12908491e-01 1.99527204e-01 -8.53246808e-01 -3.37298699e-02 6.77308114e-03 5.31229210e+00 4.84394103e-01 5.04366994e-01 2.91831374e-01 2.61131120e+00 2.80300225e-03 3.82085554e-02 -3.62383038e-01 -1.07516088e-01 2.27568634e-02 -1.28981888e-01 -7.66843319e-01 4.78583634e-01 1.28733397e-01 2.08462700e-01 -4.64851022e-01 -3.59861165e-01 -7.05890894e-01 4.04502511e-01 -1.32065922e-01 -7.33516693e-01 3.12558860e-01 -1.72156811e-01
-4.78355493e-03 1.39115617e-01 -6.69945702e-02 3.14106196e-02 2.57492773e-02 3.64164123e-03 4.38996367e-02 -6.38144091e-02 2.18923483e-02 -1.71738490e-01 7.17462152e-02 5.32290973e-02 4.53044027e-02 9.94198322e-02 1.14300102e-01 3.35551947e-02 3.42048146e-02 2.53790915e-02 -6.25464832e-03 1.09042250e-01 2.77454525e-01 1.08051375e-01 -1.73299834e-02 2.57073678e-02 7.21148923e-02 2.07256861e-02 5.32525256e-02 2.32980922e-01 1.35582685e-02 -2.70780292e-03 1.12861756e-03 2.28795353e-02
1.71327323e-01 -1.16120070e-01 -5.66242218e-01 3.52869257e-02 9.77956504e-02 -2.06559017e-01 -2.61057764e-01 -2.88712382e-01 2.97483087e-01 -6.96320534e-01 4.86934781e-02 -1.08185988e-02 2.16391623e-01 4.06707339e-02 -8.28409493e-02 1.79112434e-01 -2.98808753e-01 4.54655141e-01 -1.60497859e-01 9.27732408e-01 2.69510984e-01 1.26563042e-01 -4.62332547e-01 -1.35794371e-01 -1.11641876e-01 -4.21097219e-01 8.30011189e-01 -5.09013653e-01 2.49174580e-01 2.98240483e-01 -5.03766388e-02 1.82421401e-01
-2.60274470e-01 -9.78523269e-02 -2.43301868e-01 -2.33147204e-01 2.61588573e-01 3.49392369e-03 2.34571978e-01 1.24371320e-01 4.10710841e-01 -3.71776938e-01 -1.96604669e-01 -8.67332816e-01 4.96715635e-01 -1.00861378e-01 -1.75841302e-01 -6.21900558e-02 -1.60744756e-01 1.13225386e-01 1.82499945e-01 -9.33254585e-02 -8.57891291e-02 -1.51980907e-01 4.15168941e-01 -2.88716584e-01 1.81899980e-01 2.08814189e-01 -2.01711103e-01 4.39365238e-01 4.41877581e-02 3.23953331e-01 4.71687257e-01 1.69764876e-01
6.63784817e-02 1.82080299e-01 -5.52482018e-03 6.92793801e-02 -7.36065656e-02 1.01433858e-01 -1.74289197e-02 -8.41112509e-02 3.56794558e-02 6.33466989e-02 7.17486069e-02 1.15238689e-01 -6.98557496e-02 -8.03549960e-02 1.14588909e-01 4.25201148e-01 5.82567453e-02 -3.12919825e-01 4.34482954e-02 -1.00672379e-01 -1.20207146e-01 -1.31084740e-01 1.59041993e-02 -2.35420950e-02 4.12813835e-02 1.22896157e-01 5.33090997e-03 1.38026588e-02 1.15260512e-01 1.35200834e-02 -1.74308103e-02 3.39984484e-02
5.83324134e-01 -1.30608678e-01 6.56368196e-01 5.28245330e-01 -2.68362284e-01 -3.04227144e-01 -7.14997888e-01 -1.44819066e-01 -2.65501827e-01 -9.06292498e-01 -9.21407714e-02 9.70590055e-01 4.88319159e-01 -4.75420922e-01 7.04671443e-01 5.80839872e-01 -7.02023730e-02 -2.14487106e-01 5.20340264e-01 4.64164495e-01 -5.09821832e-01 6.63906932e-02 4.77975398e-01 1.84890002e-01 6.89033642e-02 -3.76271576e-01 9.59820002e-02 3.64082396e-01 -1.25016123e-01 -8.26316476e-02 3.16543225e-03 4.56407338e-01
2.43047476e-01 -1.22556463e-01 4.87715974e-02 1.53638303e-01 4.84017543e-02 1.51392207e-01 9.10495520e-01 6.19277358e-02 4.78593171e-01 2.55010337e-01 3.35312665e-01 3.59821826e-01 -4.03412044e-01 -5.68701446e-01 1.26708776e-01 -1.01784194e+00 -5.33598140e-02 -7.36129344e-01 -6.82798326e-02 -4.47202384e-01 -4.98051226e-01 -6.73851650e-03 2.51590610e-01 -3.26380692e-02 9.81290787e-02 -4.31574017e-01 -7.03377187e-01 4.18943167e-01 -1.01605073e-01 -1.83347180e-01 2.46875197e-01 -9.62023884e-02
6.97372928e-02 -2.21838132e-02 -2.76829123e-01 4.15457278e-01 1.35115860e-02 3.65430743e-01 3.81249249e-01 -2.72002041e-01 -3.22293282e-01 3.42599392e-01 2.63999272e-02 7.79995695e-02 4.29520279e-01 5.18092752e-01 -1.52088702e-01 -5.76415360e-01 5.40205359e-01 -2.05146104e-01 5.09378128e-02 -2.51807123e-01 -3.68992507e-01 4.81813066e-02 -3.74869049e-01 1.96749821e-01 -3.80485177e-01 -1.19262181e-01 -4.90174703e-02 -4.45328236e-01 4.59437817e-02 -1.07247211e-01 -3.62391770e-02 -2.72831500e-01
7.20408499e-01 -5.89522719e-02 -2.53706723e-01 1.98023140e-01 1.02480389e-01 -4.40970629e-01 -9.09146294e-02 3.05331826e-01 3.30441624e-01 -2.71522880e+00 1.47580966e-01 1.29076257e-01 3.49552095e-01 -1.65786612e+00 1.23796113e-01 2.97710419e-01 1.06300585e-01 2.22310528e-01 -2.34843865e-01 -3.95659618e-02 5.27676165e-01 -2.32781455e-01 -2.27000147e-01 -3.20978686e-02 -3.21199536e-01 -2.17767879e-01 -2.82705557e-02 -2.03526303e-01 2.79767931e-01 1.37955174e-01 -2.61462241e-01 -2.20889881e-01
-8.66568267e-01 1.44721806e-01 1.85456723e-02 1.33755729e-01 -1.24207638e-01 -3.31800878e-01 1.05658865e+00 -1.06616333e-01 -1.01940596e+00 7.44247675e-01 -7.11664021e-01 2.70337798e-02 1.54866338e-01 8.46890286e-02 -6.98135793e-01 4.30760086e-01 5.92063963e-01 4.01168257e-01 2.74355531e-01 4.79084672e-03 -2.04158843e-01 3.80562246e-01 5.43319285e-01 9.67613399e-01 -4.38779950e-01 5.07293463e-01 -6.07510388e-01 5.12164012e-02 8.55851531e-01 -4.41585869e-01 1.11064695e-01 1.93024240e-02
-5.51268280e-01 5.98596275e-01 -3.61374877e-02 -1.47749647e-01 5.35248280e-01 1.70876160e-01 6.27831696e-03 5.22939920e-01 -3.16617459e-01 4.99743462e-01 6.09773062e-02 -1.51681021e-01 2.24662125e-01 2.16275409e-01 -5.30231357e-01 -3.79855275e-01 -1.10782258e-01 -1.30558133e-01 3.82267714e-01 -3.40241075e-01 5.26015647e-03 -2.69859314e-01 2.99633536e-02 -5.77307045e-01 1.20237842e-01 -1.94924310e-01 -5.70480406e-01 -5.08550346e-01 1.76323593e-01 -3.72917533e-01 -1.91695839e-01 -2.92678207e-01
-1.41738653e-01 2.20412746e-01 4.57031488e-01 3.59892935e-01 -2.60893255e-01 -2.88317114e-01 -1.38001114e-01 -2.73165712e-03 2.97354162e-01 -4.44806844e-01 -5.83588541e-01 -6.95609301e-02 -2.68056363e-01 -2.85548508e-01 6.89833462e-02 6.42508686e-01 -9.68805626e-02 2.30970964e-01 2.81924844e-01 2.05401748e-01 9.21937227e-02 -7.45329201e-01 1.71028599e-01 1.06432654e-01 2.91365445e-01 1.63573101e-01 1.28040202e-02 -5.86855948e-01 -2.61539996e-01 -1.16380714e-01 8.83551240e-02 -2.59954125e-01
-7.85742640e-01 4.83072281e-01 -5.79098225e-01 -1.02427685e+00 -2.74765342e-01 -2.42199153e-01 -3.29669476e-01 3.99016440e-01 9.42821279e-02 4.83134061e-01 -7.91004524e-02 2.04765975e-01 1.92579806e-01 2.89329171e-01 -3.16407494e-02 1.08148825e+00 7.06248403e-01 1.11514890e+00 -6.38241053e-01 9.08904076e-02 4.88765538e-01 -7.18248129e-01 -6.66096747e-01 3.96646589e-01 -2.24359423e-01 -4.36888784e-01 2.66543061e-01 3.59177262e-01 4.91074294e-01 -8.28802705e-01 1.99517697e-01 -1.87644005e-01
1.47347406e-01 -5.61099350e-01 -7.51269832e-02 -1.02723934e-01 -5.55755675e-01 5.32282054e-01 9.57942605e-02 -4.84438926e-01 5.05847096e-01 9.16140854e-01 -2.08514616e-01 1.06051594e-01 5.38205922e-01 4.27829146e-01 4.20353115e-02 -1.07941508e+00 -4.64450896e-01 -1.02776515e+00 1.07789263e-01 2.01187029e-01 2.56934702e-01 3.23220551e-01 1.75680414e-01 1.73860312e-01 2.80388743e-01 9.38621238e-02 -3.98715317e-01 -2.80397505e-01 -2.67622322e-01 -3.25495034e-01 4.37449813e-01 3.00083756e-01
-1.93596423e-01 -1.15470552e+00 4.92948979e-01 1.44958067e+00 6.47787154e-02 2.36460328e-01 2.34615840e-02 -1.24045655e-01 -3.87658626e-01 3.71080995e-01 9.50805366e-01 -8.49263668e-01 -9.67451990e-01 -1.87259451e-01 3.52730185e-01 2.16408432e-01 -1.43002152e+00 5.71666598e-01 4.79278237e-01 -7.62092829e-01 1.02827573e+00 3.27069491e-01 1.64931446e-01 -2.25610107e-01 2.69848406e-01 -3.66393298e-01 7.04632998e-02 -1.49803087e-01 -7.44359970e-01 1.13160658e+00 -4.85710502e-01 -2.56773263e-01
-7.44263291e-01 -1.70207530e-01 3.41240674e-01 1.06828406e-01 -8.96878168e-02 2.43763939e-01 2.81192511e-01 5.04118539e-02 -4.20123845e-01 -2.29586601e-01 -9.81591642e-01 2.78580010e-01 4.89724427e-01 7.68185556e-02 1.70737222e-01 -1.79676443e-01 3.71958137e-01 -1.81196749e-01 -1.32367998e-01 -3.36971670e-01 -7.35223413e-01 2.51659960e-01 9.62998904e-03 -7.13749349e-01 2.20774904e-01 6.04086697e-01 -1.42199501e-01 1.28513435e-02 -3.90688300e-01 -2.47918129e-01 -1.65531397e-01 -4.90792990e-02
-2.93967575e-01 -3.16870600e-01 -1.24412857e-01 -1.76005274e-01 -2.68085122e-01 -6.86506033e-02 2.24453881e-01 2.72710890e-01 -6.10799551e-01 1.43388438e+00 -1.78539291e-01 -6.54692575e-02 -4.81610954e-01 5.04231513e-01 -1.50313959e-01 -5.98507933e-03 4.42199893e-02 9.62932929e-02 -7.82254525e-03 -1.69739261e-01 2.18307257e-01 1.71147302e-01 2.94219255e-01 1.03478283e-02 4.25218977e-02 -4.84598465e-02 -2.14160353e-01 2.02570587e-01 2.67759591e-01 2.85294235e-01 9.92777124e-02 1.08550690e-01
-7.98992440e-02 -3.54874700e-01 -6.11141929e-03 -1.21708624e-01 -3.09208572e-01 4.68161047e-01 -1.74061790e-01 -4.12578911e-01 6.84117377e-02 -3.86029989e-01 1.04442099e-02 4.51028168e-01 2.23278582e-01 4.12069112e-01 3.16584378e-01 -5.12187898e-01 -4.40638423e-01 -1.19805014e+00 -6.41670898e-02 -3.04638535e-01 -1.08970828e-01 8.75164509e-01 4.41643417e-01 5.95808566e-01 -4.69735116e-01 1.51466459e-01 1.08633086e-01 -2.44855210e-01 -3.56246382e-01 -2.81083286e-01 -6.60443604e-02 -7.40751103e-02
2.53560040e-02 -4.73924726e-02 1.53322801e-01 -9.19335261e-02 2.15005368e-01 -1.03549987e-01 -1.12278508e-02 -3.34097862e-01 -1.85531497e-01 3.33234429e-01 1.34764045e-01 1.66735470e-01 8.15289319e-02 -3.08097005e-01 -6.19123168e-02 -2.82016963e-01 5.69307096e-02 1.35502413e-01 -1.58856273e-01 -5.45286655e-01 1.15527757e-01 -1.32886618e-01 -9.94653106e-02 -3.33258696e-02 -2.15137526e-02 2.10083827e-01 -6.27921075e-02 6.40650615e-02 9.44252685e-02 7.11041912e-02 -9.92940832e-03 4.54995455e-03
3.51596355e-01 -2.57441193e-01 -2.93399125e-01 6.38750553e-01 -1.49556234e-01 -7.87128568e-01 2.00919714e-02 -1.23349689e-01 1.64060071e-01 2.41855502e+00 -6.84996605e-01 1.15574372e+00 7.63844252e-01 5.82047462e-01 4.23897386e-01 2.18922004e-01 2.66363859e-01 2.41674900e-01 6.80192113e-01 5.69347143e-01 7.43726417e-02 1.57106072e-01 -4.37689811e-01 9.28682089e-01 -1.48216235e-02 2.46268407e-01 -4.20515358e-01 3.17376345e-01 8.78037885e-02 -1.04524478e-01 3.02071452e-01 -1.03149721e-02
-8.82155001e-02 1.70721337e-01 1.31725699e-01 6.93732500e-02 5.27262315e-02 -4.74912636e-02 2.81645823e-02 1.01611294e-01 5.79098798e-03 -1.93605758e-02 1.72578096e-01 9.11556259e-02 8.92873928e-02 -1.55038591e-02 1.64311945e-01 2.01978058e-01 2.26406083e-02 -1.26804739e-01 -1.04847234e-02 9.19252485e-02 -1.44529149e-01 -6.05641156e-02 -2.83285230e-02 -5.46265440e-03 -4.56139177e-01 -2.24247560e-01 4.28773127e-02 -1.66074738e-01 -6.45228475e-02 -5.90070635e-02 6.94501260e-03 -4.52691078e-01
4.83962940e-03 -8.46553817e-02 -6.01444542e-02 2.16194000e-02 -2.07080349e-01 2.68144719e-02 -1.53695410e-02 1.62252322e-01 5.75468019e-02 -5.59032671e-02 -4.99441009e-03 -1.64091308e-02 -6.46625161e-02 3.23887058e-02 -6.43911809e-02 2.12920472e-01 -1.13575235e-01 -1.22670412e-01 1.59747601e-02 3.34713459e-01 -2.33235329e-01 -1.17789172e-01 7.07254326e-03 -2.99783656e-03 9.93276946e-03 -8.94066766e-02 -6.63944706e-02 -9.19342488e-02 -4.39614914e-02 4.83848490e-02 2.77597941e-02 -4.00642306e-03
8.02783370e-01 -2.69010603e-01 3.25148612e-01 3.28010291e-01 -3.78723532e-01 2.40503438e-02 -4.85365748e-01 5.98959439e-02 6.29696906e-01 8.75133127e-02 -1.98931828e-01 5.87064698e-02 7.32893869e-02 2.36836419e-01 7.40843952e-01 -5.72197676e-01 -4.48687494e-01 -6.92935228e-01 3.17668557e-01 -2.60973513e-01 -7.50510931e-01 2.42479056e-01 -1.23939224e-01 1.95632488e-01 7.51998305e-01 -9.88829229e-03 2.10456207e-01 -1.10126406e-01 -4.89511997e-01 2.14745373e-01 1.05875202e-01 1.56275213e-01
1.31719634e-01 -4.15011495e-01 -2.84787148e-01 4.04847264e-01 2.31581315e-01 -5.89090884e-01 1.10894814e-01 3.20814108e-03 2.43498191e-01 -2.49045178e-01 -2.41262734e-01 4.56694186e-01 3.55960160e-01 -2.76740402e-01 2.56432056e-01 -5.75443268e-01 -3.29210371e-01 -7.35811532e-01 4.21456933e-01 -4.00663584e-01 -2.51652360e-01 -5.92721403e-02 3.58938396e-01 6.53575957e-01 -1.34727225e-01 -3.16954374e-01 4.37550277e-01 -5.22185750e-02 -9.59885344e-02 -4.23020363e-01 1.12039633e-01 2.37334609e-01
7.79781789e-02 -4.97462302e-02 6.68603361e-01 1.11329101e-01 -1.00331795e+00 -3.39232028e-01 2.37480029e-01 -1.38347447e-01 6.69382334e-01 5.90340078e-01 -1.05394192e-01 -3.68156701e-01 6.11436367e-03 7.28791833e-01 -3.79710505e-03 -2.26563454e+00 -3.23884726e-01 -2.53070879e+00 1.63827643e-01 6.08430430e-03 -7.98525453e-01 5.89711428e-01 1.81394681e-01 1.38059080e-01 3.02713275e-01 1.27570525e-01 3.40847909e-01 1.47331417e-01 -1.13038354e-01 -7.70193160e-01 -5.38225889e-01 8.32472444e-02
-1.80026665e-01 -2.48882502e-01 -2.49796629e-01 -2.78866053e-01 -2.81947970e-01 5.52052379e-01 1.73173368e-01 -1.12687118e-01 -1.09089479e-01 3.77318710e-01 -1.96333468e-01 1.65137216e-01 5.26567288e-02 -2.54633635e-01 -1.23299919e-01 -5.45115829e-01 3.02527726e-01 -6.61525249e-01 -2.78854877e-01 1.78005975e-02 -3.42878819e-01 3.88166040e-01 -1.45382151e-01 3.56524646e-01 3.51063162e-01 -5.23495674e-01 4.84101832e-01 8.14619511e-02 6.51123002e-02 1.34084165e-01 -6.64765984e-02 4.68298532e-02
3.98789585e-01 6.73549712e-01 6.65256023e-01 -3.96827877e-01 2.12045684e-01 1.85554788e-01 1.67261198e-01 -1.01708822e-01 -8.31044197e-01 9.71320629e-01 -2.80230820e-01 -2.51925379e-01 -4.41964775e-01 1.11279750e+00 1.68911308e-01 1.57838583e-01 2.06331760e-02 -8.83324087e-01 2.46818885e-01 -2.87384570e-01 7.79137611e-02 6.96368158e-01 -9.41247642e-02 -3.96319211e-01 6.56852543e-01 -7.67492056e-01 4.95114654e-01 -7.09948540e-02 -2.74475724e-01 -5.95207393e-01 -5.18698357e-02 -4.71810400e-01
-1.52422283e-02 -3.22453916e-01 2.08713368e-01 -2.15893477e-01 -1.92166641e-01 1.02570370e-01 1.22390427e-01 -2.46088088e-01 -5.13715565e-01 -3.58020455e-01 -1.47613466e-01 4.80762236e-02 -5.48780710e-02 3.74947041e-01 4.57291633e-01 4.00837570e-01 3.28208953e-01 -3.77090126e-01 1.27424924e-02 2.17122585e-01 -2.77694613e-01 3.39727730e-01 -3.81658912e-01 1.29386872e-01 -5.78325056e-02 -2.14248002e-01 3.66883576e-01 7.32384384e-01 -3.81155282e-01 -4.99675781e-01 2.35686809e-01 3.40372324e-01
-1.23998070e+00 1.19151995e-01 1.23862147e-01 -1.29442310e+00 -1.00241214e-01 -8.70747417e-02 1.88332528e-01 5.26282549e-01 1.20138042e-01 3.61011446e-01 -9.67457354e-01 6.94512725e-01 1.07371569e+00 3.55996490e-01 -6.67276800e-01 3.10016751e-01 5.78101695e-01 -3.89805406e-01 -2.86055952e-01 1.02864826e+00 -5.62259495e-01 -3.18666458e-01 -3.54915619e-01 -5.75578548e-02 5.86254895e-01 9.79355216e-01 8.72457922e-01 6.34081304e-01 4.88907576e-01 -1.01458895e+00 1.77075535e-01 2.29783863e-01
-1.05774112e-01 9.71218795e-02 3.07872802e-01 -4.91250008e-02 3.22565705e-01 -1.01524778e-01 -2.68891975e-02 3.67716029e-02 -5.37181385e-02 1.90153345e-01 2.13948097e-02 1.13200862e-02 -6.61637727e-03 -1.25509799e-01 7.74683282e-02 -1.52178720e-01 8.10323656e-02 5.59511147e-02 5.41396160e-03 -4.26194578e-01 1.33873492e-01 -9.55957025e-02 2.34972090e-02 1.44241108e-02 1.38998568e-01 -1.36933206e-02 7.18210712e-02 1.63845718e-01 3.62995714e-02 -8.96027312e-02 -1.85283758e-02 5.67176938e-02
-1.18225954e-01 2.42071852e-01 3.52560848e-01 -1.54812798e-01 1.10303141e-01 1.09804988e-01 6.95433319e-01 3.19483131e-01 9.68777612e-02 -1.16556382e+00 -3.81011784e-01 5.68937182e-01 6.90919936e-01 -2.66625404e-01 -4.67382371e-01 -2.20746174e-02 4.83921260e-01 -3.63102406e-01 -3.07968706e-02 -5.23817539e-01 9.29204106e-01 -2.47728139e-01 2.22302489e-02 -1.27815163e+00 -2.32208490e-01 5.45837641e-01 -1.02712154e+00 -7.61783183e-01 2.99636990e-01 -1.52907878e-01 -1.75233539e-02 -1.37562707e-01
6.02456987e-01 -3.11506361e-01 -2.93375313e-01 4.40608472e-01 -5.31731024e-02 -4.87435013e-02 -6.67219087e-02 -1.43175945e-01 4.88344252e-01 -8.95991772e-02 -1.14597112e-01 -4.95105386e-02 7.57728636e-01 -3.37696701e-01 3.56982261e-01 -3.81918103e-01 -2.84614433e-02 -4.92203504e-01 2.67952561e-01 -7.50626400e-02 -3.31403166e-01 1.11514732e-01 1.60463020e-01 1.57491520e-01 -2.90434081e-02 -2.10795119e-01 7.94819951e-01 4.59079683e-01 -3.51429701e-01 3.37464988e-01 2.00969726e-01 3.02843779e-01
-1.70693263e-01 2.82076299e-01 -1.33605793e-01 -6.47272021e-02 -5.52457690e-01 -2.26912305e-01 1.02792047e-01 4.23937321e-01 -3.75433750e-02 -5.45616746e-01 -1.99171409e-01 3.18883322e-02 -3.34322214e-01 1.98124915e-01 3.00825030e-01 -1.64146274e-01 -1.45068973e-01 2.28281185e-01 7.53541812e-02 3.64642411e-01 -2.42298633e-01 -4.31204624e-02 -4.08860743e-02 -4.01672013e-02 -8.36348236e-02 -9.45737883e-02 2.54638731e-01 -3.08169842e-01 9.42061990e-02 -7.88884889e-03 3.35190967e-02 1.41116276e-01
3.97836603e-02 -5.29858947e-01 -8.26520771e-02 -1.15361057e-01 -9.70620215e-02 -1.40398249e-01 -2.09363773e-02 -1.54084146e-01 -4.00507689e-01 4.72475499e-01 -2.02764813e-02 8.43615383e-02 3.64902020e-01 3.20220381e-01 -1.44001201e-01 -6.69788003e-01 -1.93522498e-01 -1.71646744e-01 -2.21518744e-02 6.12006076e-02 9.24631581e-02 -3.03842556e-02 5.85903049e-01 3.18499394e-02 -3.63288581e-01 2.42325559e-01 3.28846842e-01 8.26866776e-02 -5.32849953e-02 1.15870908e-01 -2.15776451e-02 -2.24919006e-01
1.05756569e+00 5.57512604e-02 -6.37581587e-01 2.01264262e-01 2.73562640e-01 5.53467982e-02 4.41034645e-01 1.22415699e-01 -2.60899663e-01 -9.69013751e-01 -8.26483548e-01 1.35477471e+00 7.09456354e-02 -9.67331350e-01 2.57959902e-01 5.74054182e-01 1.08306795e-01 5.21803737e-01 -1.14337005e-01 1.84936091e-01 -1.53733575e+00 -4.41205680e-01 -8.35623622e-01 -2.83911973e-01 -3.55460435e-01 -1.03653669e-02 2.54446328e-01 5.19064188e-01 -6.47023693e-02 6.20394237e-02 -1.15044989e-01 4.26118612e-01
-1.50999784e-01 1.19023494e-01 -9.05223250e-01 -8.26654583e-02 1.84230462e-01 3.57031256e-01 1.21922091e-01 2.68702433e-02 2.41845585e-02 5.50417960e-01 -4.20889258e-01 -1.17115951e+00 3.87701631e-01 2.92274296e-01 -3.75661671e-01 5.31390488e-01 -4.25349474e-02 1.25371027e+00 -4.15984243e-01 1.29518524e-01 2.72529900e-01 -9.91419181e-02 -4.79125381e-02 6.81973636e-01 -3.17604840e-01 7.79201984e-01 -1.06427141e-01 -2.22341165e-01 8.31107050e-02 1.06760837e-01 7.15342402e-01 -2.62642689e-02
-1.44005651e-02 3.53653640e-01 -1.77037731e-01 -6.14111602e-01 -6.62906915e-02 7.35973239e-01 3.01438212e-01 7.88143098e-01 3.19903404e-01 3.17080081e-01 9.51938212e-01 -2.62041897e-01 8.14005956e-02 2.85546869e-01 5.22817448e-02 -7.45587945e-01 2.90784210e-01 -7.25704283e-02 -3.13975424e-01 -5.48568189e-01 -5.99672087e-02 -2.37585813e-01 2.54290968e-01 1.48959786e-01 -2.36438215e-01 1.66327313e-01 3.60979214e-02 5.67514170e-03 -5.57462335e-01 2.53983647e-01 -1.68114930e-01 1.14929102e-01
6.32733554e-02 5.08209728e-02 -1.47863150e-01 1.64955221e-02 -4.56098542e-02 4.56813686e-02 7.32306167e-02 8.32942128e-02 -2.02319361e-02 -1.88912507e-02 -4.74232286e-02 -3.80339950e-01 2.36262962e-01 2.47289717e-01 -2.14071423e-02 9.26766172e-02 1.00819290e-01 -3.23526300e-02 8.74847844e-02 2.52816647e-01 1.31557271e-01 2.71432757e-01 -1.48798488e-02 1.97584286e-01 -1.00379825e-01 -2.98553556e-01 -1.69571847e-01 -1.88821450e-01 -2.99708664e-01 -1.37799278e-01 1.21947499e-02 -2.68094391e-01
4.24604833e-01 1.00914352e-02 5.44438958e-01 4.11397010e-01 3.46776903e-01 4.17866886e-01 9.56207275e-01 -3.68302226e-01 7.38635957e-01 -6.83336258e-02 -5.93520463e-01 1.44432977e-01 -5.35461485e-01 -3.54401678e-01 -2.17218734e-02 2.59123594e-01 -6.16586924e-01 -4.67584461e-01 2.83852756e-01 -3.88898179e-02 -9.39299241e-02 5.66672921e-01 2.13815078e-01 6.72383130e-01 3.31742913e-02 -1.44182697e-01 -2.17099234e-01 1.64680481e-01 1.73360988e-01 4.33390558e-01 -1.38773292e-01 3.86968325e-03
-2.65358597e-01 -4.85945314e-01 1.44507921e+00 7.14731067e-02 -6.84799850e-01 -1.91245198e-01 -1.17659593e+00 -9.42418873e-01 2.58293599e-01 1.02928054e+00 -2.41585914e-03 -4.57541406e-01 -2.72443175e-01 1.01145685e+00 5.74177265e-01 -1.72008252e+00 2.02301234e-01 -2.42561913e+00 1.73832154e+00 8.58855486e-01 -5.78557491e-01 1.68628240e+00 -4.36656058e-01 2.47514009e-01 3.45855713e-01 -6.65173471e-01 -2.66653299e-01 3.40048075e-01 2.09996060e-01 1.99351944e-02 8.71128678e-01 1.62519500e-01
2.34274566e-02 -2.33111512e-02 4.84330393e-02 3.87284532e-02 4.19003397e-01 -4.60878760e-03 3.05730924e-02 1.82589628e-02 5.31089269e-02 9.05400026e-04 -5.94299147e-03 -6.67907447e-02 1.07812554e-01 -9.02252458e-03 -4.71504033e-03 -5.71979620e-02 1.40436983e-03 -3.88689078e-02 -6.66127354e-02 8.42850655e-02 1.63394883e-01 2.37445310e-02 -3.02689765e-02 5.49802464e-03 -1.26138434e-01 -1.33585200e-01 1.25128794e-02 3.07218283e-01 -3.48684825e-02 -6.05514236e-02 1.25439661e-02 -2.38649502e-01
-3.83903354e-01 -6.25135086e-04 -1.51750222e-01 -4.09831889e-02 -2.20495999e-01 -4.27534198e-03 -9.69080478e-02 6.68637633e-01 -1.27755761e-01 -5.87994233e-02 -1.46751821e-01 6.56255484e-01 4.68925744e-01 3.33683252e-01 2.47290105e-01 1.35672599e-01 -1.79708421e-01 8.44727010e-02 -1.24879211e-01 -7.22398907e-02 -1.48815140e-01 -6.41054749e-01 -1.65788874e-01 -1.80209816e-01 -3.81582111e-01 -2.11730525e-01 -5.79833865e-01 4.50185806e-01 -2.82776058e-01 -2.19493657e-01 -1.63035944e-01 5.53123236e-01
1.32169873e-02 -1.68101504e-01 5.93295455e-01 2.33991787e-01 -5.80819070e-01 2.33652920e-01 3.81006837e-01 -5.69152117e-01 4.67402160e-01 3.41814429e-01 -1.20296828e-01 4.47856545e-01 -6.72317073e-02 1.37744457e-01 1.45055160e-01 -1.97808111e+00 1.44355863e-01 -9.33697104e-01 4.04781699e-02 2.04860091e-01 -8.12447816e-02 2.02096760e-01 2.35433877e-01 1.54353216e-01 -2.31743053e-01 -5.07952332e-01 -1.00743189e-01 -2.11754054e-01 -4.03641462e-01 -5.11909723e-01 5.07830024e-01 -2.90936470e-01
-2.06090614e-01 1.62818581e-02 -1.56582057e-01 1.37119114e-01 -8.90613794e-02 -2.31015403e-02 2.38565698e-01 -1.68812409e-01 -5.54535806e-01 1.65202081e+00 -3.84341538e-01 -6.33655787e-02 -2.58114666e-01 1.27376914e+00 -1.95455715e-01 1.34357689e-02 2.16381699e-02 -5.97712398e-03 -1.40888140e-01 -2.90267766e-01 5.24673834e-02 2.12906733e-01 -2.88175307e-02 -1.83113649e-01 -1.14551045e-01 8.77010822e-02 4.13340479e-01 4.24624979e-01 2.16311857e-01 -4.75665748e-01 4.09634769e-01 -1.20286264e-01
-1.32748634e-01 -2.09309235e-01 6.21168077e-01 4.65378881e-01 -1.32006735e-01 -3.57285827e-01 -1.07664001e+00 1.60855114e-01 2.19606504e-01 4.34643716e-01 7.42703900e-02 -4.09796387e-02 1.30559951e-01 1.93690613e-01 -2.35648572e-01 5.95220685e-01 1.47753051e-02 2.25994870e-01 -1.61198109e-01 -3.19588184e-01 8.62620354e-01 3.94081414e-01 3.67630601e-01 -5.99224865e-01 3.65598425e-02 4.31410410e-02 -2.18140289e-01 2.68584341e-01 -9.90971625e-02 3.16695392e-01 -1.55092716e-01 -3.08352351e-01
9.38128412e-01 -3.43536764e-01 4.04688805e-01 9.33888197e-01 -2.76953131e-01 2.08653629e-01 -7.53365993e-01 -5.01888216e-01 4.53014135e-01 -9.38276052e-01 -3.29281658e-01 8.00022066e-01 -1.18689167e+00 -2.62486398e-01 6.11030340e-01 -3.08110207e-01 -4.10681255e-02 1.48434177e-01 4.95770097e-01 7.85035849e-01 2.30461583e-01 -4.67836231e-01 -2.07208800e+00 -5.46418548e-01 6.77484453e-01 6.16801918e-01 -8.55560780e-01 -3.70415509e-01 8.25363994e-02 1.20803130e+00 -5.05059779e-01 -2.41475403e-01
-1.40884742e-02 1.66934967e-01 -3.10169514e-02 -4.87830117e-02 -1.59880966e-01 -3.81567702e-02 2.84104645e-02 -5.56814708e-02 -3.71776409e-02 -4.20488557e-03 3.89077216e-02 9.96238813e-02 8.10907781e-02 -4.82321531e-02 1.68249741e-01 -1.47159502e-01 8.65583792e-02 1.75301850e-01 -5.12358267e-03 -2.82634348e-01 1.47130698e-01 5.15224077e-02 -2.29606889e-02 -3.20254117e-02 -2.93066651e-01 -4.53085937e-02 2.04836149e-02 -8.46290961e-02 -3.08354311e-02 -5.55647258e-03 -2.08097063e-02 -2.23895594e-01
1.25919282e-01 2.90275604e-01 1.62314355e+00 4.51076269e-01 -1.17779136e+00 1.33264437e-01 -2.37345308e-01 -5.69237828e-01 8.31850767e-01 5.08643329e-01 1.61954299e-01 -3.34324002e-01 -9.01357591e-01 9.28362846e-01 2.96664033e-02 -3.24128771e+00 -2.67659247e-01 -4.45674181e+00 3.86846572e-01 1.05443530e-01 -1.25516665e+00 9.98361707e-01 3.29081953e-01 1.79789767e-01 2.46618226e-01 -1.71615526e-01 -5.15831530e-01 7.02893019e-01 -2.12417558e-01 -1.97305926e-03 -1.33318007e-01 -4.56277318e-02
-8.08495641e-01 1.93284392e-01 1.16572753e-01 -7.34189272e-01 1.90065671e-02 -1.73517466e-01 -2.03931779e-01 4.85282958e-01 -6.58391193e-02 -6.44443603e-03 1.21990010e-01 -3.04984093e-01 4.32336003e-01 4.28392172e-01 -4.04335350e-01 -2.76017010e-01 2.28139296e-01 -1.57763407e-01 -3.50008696e-01 1.82453632e-01 7.40088746e-02 6.92472160e-01 2.13622436e-01 -2.70514518e-01 -1.06349118e-01 2.98821270e-01 -7.02862501e-01 8.19876343e-02 7.73536414e-02 -5.54872215e-01 -1.18880145e-01 -7.49119937e-01

layers.2.bias:
-1.36544347e+00
-8.10682118e-01
6.60611272e-01
-5.75839579e-01
1.13172874e-01
-3.23428363e-01
2.28748038e-01
2.15814304e+00
5.10919333e-01
8.41605663e-01
-9.16734219e-01
-1.34653544e+00
-3.76300097e-01
9.11929488e-01
-3.30457509e-01
-6.45098329e-01
-6.56241700e-02
-7.65211403e-01
3.36827040e-01
-8.22354257e-02
-1.47293761e-01
7.82662272e-01
8.24784458e-01
-1.72830224e-01
-4.03231740e-01
1.03788602e+00
-9.94629264e-01
-1.04993486e+00
5.07320523e-01
-1.27945828e+00
1.01088330e-01
-5.12305163e-02
7.98726618e-01
1.09268524e-01
-8.15484226e-02
-1.62933338e-02
-1.29329979e-01
1.40323865e+00
1.05195248e+00
-6.50020242e-02
9.78125215e-01
-2.26916328e-01
-4.92829591e-01
1.39796960e+00
2.50176162e-01
-1.01805902e+00
1.06920683e+00
-3.41821700e-01
8.00340533e-01
1.82295251e+00
1.80574104e-01
3.04787725e-01
1.06166102e-01
-6.28928304e-01
2.57388055e-01
-1.41159408e-02
8.16643476e-01
-6.03099167e-02
-7.88610354e-02
-6.35525167e-01
7.29573071e-01
5.41260839e-02
-2.50334263e-01
7.27110863e-01

layers.4.weight:
2.92605877e-01 3.15155871e-02 -4.65936027e-02 6.74105389e-03 -1.47768231e-02 4.54426855e-02 9.04150875e-06 -7.11202443e-01 -9.05031413e-02 -3.99395168e-01 3.74125205e-02 9.13792789e-01 -1.71385348e+00 -1.07857510e-01 9.90145560e-03 -1.50298834e+00 -3.75901349e-04 7.19024613e-02 6.00294288e-06 2.27116601e-04 1.38936611e-02 -1.36802673e-01 -2.25778241e-02 2.97342569e-01 -3.13749053e-02 -4.12996560e-02 2.95037720e-02 7.63915479e-01 -4.08738494e-01 3.86951923e-01 -1.28401592e-02 -1.55143082e-01 -3.78259383e-02 8.23976879e-05 -2.28418983e-04 9.08836955e-05 2.21009032e-05 -1.55772001e-01 -1.94115490e-02 1.58506915e-01 -5.92304580e-02 2.66649812e-01 2.33353814e-03 -1.23925373e-01 3.55824333e-04 1.30189270e-01 -1.28845032e-02 -3.68707842e-04 -1.22424550e-01 -6.66557848e-01 -5.28316498e-02 -1.33608431e-02 -5.70574019e-04 9.90547054e-03 -1.04671741e+00 1.30969260e-04 -9.76147421e-04 -2.97094285e-01 -9.07241106e-02 1.40587222e-02 -5.42844040e-03 -2.06494587e-04 8.97398651e-01 -1.79438349e-02

layers.4.bias:
-1.09195089e+00

