layers.0.weight:
3.31696361e-01 -5.67613244e-01 7.97264636e-01
5.69172144e-01 -8.09445798e-01 -5.80563486e-01
-8.31293464e-02 -6.13938749e-01 -5.77727258e-01
-1.07055378e+00 1.15616508e-01 4.58123112e+00
2.67282110e-02 4.11940843e-01 1.16166264e-01
-5.79876065e-01 8.58121514e-01 -1.84879377e-01
-1.31842160e+00 4.86020595e-01 -9.88645032e-02
-6.01682402e-02 7.88846374e-01 -9.23566997e-01
6.03414774e-01 -9.26082134e-01 5.12713566e-02
-1.11527514e+00 5.86289167e-02 -1.64189592e-01
7.53551662e-01 -9.85680073e-02 1.41279221e+00
-7.16238439e-01 -1.31785080e-01 -1.29353356e+00
-4.30584475e-02 7.12955832e-01 -1.57757306e+00
-1.16726887e+00 2.10410804e-02 5.00053525e-01
-6.46977663e-01 1.09646142e+00 7.52028525e-01
-1.81771189e-01 9.48456824e-01 1.64468549e-02
5.46070874e-01 -6.33792400e-01 -1.45019031e+00
-1.15504665e-02 1.12846863e+00 1.84981868e-01
8.07071701e-02 -9.54183042e-01 5.35116851e-01
3.41117471e-01 -1.28724232e-01 -8.64976227e-01
2.23475501e-01 1.65966094e-01 -5.10879010e-02
-3.24195027e-01 -2.56797969e-01 -1.00232065e+00
-4.64660525e-01 1.65601885e+00 -4.46076952e-02
-1.56447518e+00 4.06930357e-01 1.75152493e+00
1.05132234e+00 3.79940838e-01 -7.78481364e-01
2.59609371e-01 6.71772659e-01 -1.17486012e+00
-1.16151750e-01 -2.13369340e-01 1.90187418e+00
-3.97779703e-01 -2.44972542e-01 1.92939892e-01
3.22416067e-01 7.57217348e-01 -1.46468067e+00
-1.04933763e-02 4.65525806e-01 1.70563948e+00
-2.89658904e+00 2.84448242e+00 -1.78299040e-01
-1.26738083e+00 -5.19488692e-01 1.02004325e+00

layers.0.bias:
8.77201200e-01
4.81547834e-03
-1.42384720e+00
-6.34384930e-01
7.07518518e-01
-2.04255387e-01
-3.54310095e-01
2.86240637e-01
-7.45998621e-01
-1.59115899e+00
1.64644122e-01
1.80825554e-02
2.46107668e-01
-1.21306002e+00
-2.90836543e-01
1.43946290e+00
9.34610724e-01
1.82654703e+00
-6.68276668e-01
5.78918040e-01
-1.44309163e-01
-1.35729384e+00
1.02535832e+00
-7.05530941e-02
1.36946186e-01
5.60703695e-01
8.80503118e-01
-1.57881156e-01
-4.88352716e-01
7.31267482e-02
8.91685039e-02
-6.70209900e-02

layers.2.weight:
-3.42830539e-01 2.18736440e-01 6.53867647e-02 -4.79428381e-01 -7.22409114e-02 7.10834004e-03 9.67318714e-02 -5.24482653e-02 -9.91185009e-02 2.75794220e+00 9.32868496e-02 6.43820763e-02 -2.25712210e-01 2.41481018e+00 -2.04831973e-01 4.37804699e-01 -7.22486451e-02 6.79760218e-01 1.32565737e-01 -2.78355002e-01 2.33674020e-01 -7.61773884e-02 -5.59155285e-01 6.03888631e-01 -1.27524853e-01 6.17182553e-01 -7.85468638e-01 -1.20553635e-01 -1.73763305e-01 -2.14365035e-01 -1.45382375e-01 2.98348963e-01
-1.33893207e-01 1.51961863e-01 -8.15281093e-01 3.75965796e-02 -5.05477905e-01 1.77555174e-01 -7.29276299e-01 -4.66858208e-01 5.69761515e-01 7.17377603e-01 3.09414178e-01 -2.51215905e-01 2.59710968e-01 2.42766049e-02 -3.01997453e-01 8.83070454e-02 -3.58585656e-01 2.39692479e-01 -4.35578525e-01 -8.51327032e-02 6.38669252e-01 -8.42336863e-02 -4.19753104e-01 -5.85802868e-02 1.99133996e-02 -6.92528412e-02 -3.41287494e-01 -5.07806122e-01 8.98331031e-02 -2.35537171e-01 6.12583663e-03 1.60174713e-01
-5.55392839e-02 -2.69933231e-02 5.99178066e-03 -7.62572348e-01 -5.76769352e-01 -7.30668241e-03 -4.77401406e-01 3.41972113e-01 4.46370542e-01 7.26249278e-01 -5.55613220e-01 -8.18378180e-02 1.73687503e-01 1.80241335e-02 -6.98535591e-02 -6.25044346e-01 -8.72622281e-02 -4.73987639e-01 -1.22672498e-01 4.67043817e-01 -3.50705773e-01 -2.52530128e-01 4.17033017e-01 -1.24788117e+00 -1.85157955e-01 4.46279287e-01 -1.18118393e+00 -1.42652214e-01 4.39304024e-01 -3.87090921e-01 1.00921430e-01 1.01029135e-01
2.23453924e-01 -1.11706175e-01 9.55202207e-02 1.32203615e+00 5.05814970e-01 4.08674359e-01 6.83472991e-01 -2.15446532e-01 -1.80424541e-01 -1.95519384e-02 1.36722252e-01 -3.93159129e-02 -5.52045166e-01 1.84082732e-01 6.53543532e-01 9.78622377e-01 -3.54573518e-01 6.85358822e-01 2.86927402e-01 -1.02709138e+00 -7.15039492e-01 -1.27616644e-01 3.99894536e-01 1.47963202e+00 -2.42937222e-01 -5.20201445e-01 4.74157155e-01 2.13274166e-01 -6.42440498e-01 -1.77636057e-01 1.08697976e-03 2.98633635e-01
1.51679695e-01 -3.08084399e-01 2.61322796e-01 -5.01695395e-01 1.67454079e-01 -3.45360875e-01 -1.39360666e+00 1.92576244e-01 2.19084531e-01 -6.09692454e-01 3.81225944e-01 -7.14455247e-01 8.58947337e-01 -9.45589185e-01 -1.01475686e-01 -7.63124883e-01 -2.75652617e-01 -7.76023149e-01 -1.33542046e-01 -4.03699353e-02 8.63552392e-01 -5.37185967e-01 2.10693672e-01 -4.01391655e-01 -7.68426955e-01 7.02570260e-01 4.52905633e-02 -6.24945581e-01 -2.14379504e-01 5.64463258e-01 -2.89328337e-01 2.85139401e-02
-3.29750508e-01 1.98832095e-01 3.85403246e-01 1.58734635e-01 -1.05690980e+00 -2.91740716e-01 1.23871211e-02 2.88915604e-01 3.20764422e-01 -4.68119644e-02 5.81394970e-01 3.67700905e-01 -7.28409663e-02 4.49819490e-03 -2.82090098e-01 -1.21887374e+00 -3.85375112e-01 -1.45761824e+00 7.31559157e-01 -2.79394031e-01 -7.51345932e-01 -2.82018930e-02 -7.49334455e-01 -2.75656044e-01 9.06021222e-02 8.59401822e-02 1.43275291e-01 1.33168209e+00 -1.53714538e-01 -4.43758905e-01 -5.79312623e-01 2.69127458e-01
9.73201469e-02 3.00809741e-02 -2.24631354e-01 -2.01401226e-02 -1.30320176e-01 1.03697464e-01 -8.86083841e-02 -4.57676262e-01 -9.31325108e-02 1.92683637e-01 2.83543378e-01 1.04852937e-01 2.91330069e-01 -3.97815323e-03 -5.65771796e-02 -2.62558490e-01 3.94078046e-02 1.35475293e-01 5.01373336e-02 -2.77424157e-01 -4.66060579e-01 8.80080536e-02 3.83318141e-02 -2.90716067e-03 1.59467921e-01 2.63364643e-01 -3.68352979e-01 -3.81481588e-01 -1.70712769e-01 5.80998734e-02 -3.11240703e-02 1.45855337e-01
3.78591537e-01 1.51673943e-01 -3.94105703e-01 3.42073023e-01 2.85921633e-01 -7.02966452e-01 1.37773901e-01 4.91853446e-01 8.88445154e-02 -3.29019576e-01 -1.41452149e-01 9.77821946e-01 3.26896727e-01 -5.95799923e-01 -2.12609172e-01 1.73948079e-01 5.37452698e-01 1.44861758e-01 2.71075279e-01 5.17594099e-01 -1.47770381e+00 -8.96257579e-01 1.09893553e-01 2.83545703e-01 2.01608524e-01 7.58906424e-01 5.89698613e-01 5.34976959e-01 -6.15177453e-01 4.80379909e-01 1.54241741e-01 -2.61664480e-01
1.95202976e-01 4.34267789e-01 -6.27994180e-01 -2.60833979e-01 1.40595186e+00 -5.51637828e-01 -3.69400650e-01 -4.20414805e-01 -7.12736547e-01 2.31741562e-01 4.51666534e-01 2.57992029e-01 6.79188490e-01 -2.79445171e-01 -8.28271434e-02 2.04891706e+00 5.02588570e-01 1.54107463e+00 -4.14698899e-01 4.26563574e-03 -1.20248742e-01 -3.04295182e-01 -1.00073129e-01 1.95960671e-01 -2.16456801e-01 3.47691923e-01 6.09561168e-02 2.91203052e-01 -1.96711868e-01 1.45606279e-01 2.07906246e+00 6.26389077e-03
-5.76043189e-01 8.55497569e-02 -1.46480009e-01 -4.87838864e-01 5.13812363e-01 -1.41945453e-02 -5.04967868e-02 3.40632468e-01 3.97240281e-01 -2.01805130e-01 4.52454686e-02 2.10712343e-01 1.49685621e-01 1.81486741e-01 -3.56078029e-01 -4.60473627e-01 2.67073989e-01 -3.19770545e-01 -3.92849714e-01 -6.05952144e-02 -6.70325160e-01 -2.70862907e-01 1.02294825e-01 -5.13425544e-02 -2.33045921e-01 -1.23466618e-01 -1.39111593e-01 2.42026612e-01 2.27278113e-01 1.99933320e-01 1.19880274e-01 2.18470972e-02
1.04542121e-01 -3.24639291e-01 -6.72058091e-02 -3.62085640e-01 -4.91321534e-01 -2.93713301e-01 -2.68330365e-01 1.60254017e-01 4.03890669e-01 2.57614940e-01 -5.31770110e-01 -1.12981521e-01 8.57284427e-01 -3.28128904e-01 -1.97100550e-01 -2.84601897e-01 -6.37139857e-01 -8.89501274e-01 -5.17181791e-02 -3.81881818e-02 1.02617049e+00 -2.38749519e-01 -8.08922529e-01 1.76801980e-01 -1.81525797e-01 -5.50269894e-02 -4.33326244e-01 -4.82428402e-01 3.13862920e-01 -3.97357285e-01 -4.02665064e-02 4.53053355e-01
-1.52611673e-01 -1.80798382e-01 1.61884582e+00 -8.09695542e-01 -6.37690306e-01 2.31157660e-01 -1.06504954e-01 -3.98284584e-01 1.37687251e-01 1.88031161e+00 1.15667664e-01 -2.55523443e-01 2.37273157e-01 3.25532293e+00 1.27084583e-01 -6.18777752e-01 2.07821935e-01 -2.31438637e+00 5.27031660e-01 -4.12090212e-01 3.56612355e-01 5.43777466e-01 -1.71186596e-01 9.08824921e-01 5.41803055e-03 -5.87672651e-01 3.51098061e-01 -1.89564079e-01 1.41009077e-01 1.06381312e-01 1.86767325e-01 -4.26603228e-01
-7.00161099e-01 -2.06790730e-01 1.07006073e+00 4.08151925e-01 -1.04435992e+00 6.77100122e-01 -1.66183040e-02 -9.85226572e-01 4.27793145e-01 5.00531971e-01 2.30411708e-01 1.11901514e-01 -5.14080942e-01 -5.50417230e-02 5.12872756e-01 -4.89740038e+00 -1.38303921e-01 -6.60101509e+00 6.71608269e-01 -1.02499449e+00 -6.36447012e-01 5.20392179e-01 6.87450409e-01 -1.07474133e-01 -3.10556650e-01 -2.64671713e-01 -3.58389825e-01 6.88729227e-01 -6.97295129e-01 -3.27348411e-01 -1.12520599e+00 -2.11863413e-01
8.74527767e-02 -1.25263557e-01 -6.45555735e-01 -6.76678494e-02 -1.38063759e-01 -9.34931785e-02 2.70524621e-01 3.10547113e-01 3.76434207e-01 -2.54017740e-01 5.23435652e-01 -1.61380634e-01 3.30471247e-01 -8.23940277e-01 -3.76552045e-01 -1.49487332e-02 -2.17565656e-01 2.09612355e-01 -6.33857176e-02 1.47541150e-01 -1.02961019e-01 -1.55760035e-01 -9.51774535e-04 -2.20866710e-01 -1.77245602e-01 7.52081156e-01 -5.91842271e-03 1.08812906e-01 -2.19924375e-01 2.53790110e-01 1.16425939e-01 4.08227623e-01
-1.05186760e+00 9.93633121e-02 -1.57642588e-01 4.73181725e-01 -1.05567288e-03 7.48830497e-01 -3.85487467e-01 -2.29042158e-01 3.56969595e-01 -8.31357762e-02 -6.27761126e-01 1.00356974e-01 2.25572791e-02 -1.86984479e-01 -1.62414178e-01 -7.20212579e-01 9.75925550e-02 -6.21075392e-01 -3.39020193e-01 1.84370503e-01 1.47294986e+00 8.32373023e-01 8.73573199e-02 3.14619899e-01 -4.14947152e-01 -3.01561709e-02 -4.56577957e-01 8.15333333e-03 6.46120250e-01 -1.11773051e-01 -2.71876678e-02 1.76811352e-01
-4.60273921e-01 -6.44196048e-02 7.50033185e-02 1.16444588e-01 -2.07029551e-01 2.52663821e-01 -9.01039958e-01 -9.91093293e-02 7.42923915e-02 5.24685812e+00 5.42302191e-01 4.47204977e-01 2.34434381e-01 2.65593958e+00 3.43552348e-03 -2.11046468e-02 -4.15190518e-01 -1.52143344e-01 9.50533152e-02 -1.84612021e-01 -7.25211561e-01 4.24548686e-01 2.03923777e-01 2.61452228e-01 -4.21005905e-01 -4.19575214e-01 -6.50136054e-01 3.60378355e-01 -1.99502796e-01 -6.77627206e-01 1.53892785e-01 -2.16400445e-01
-1.55303860e-03 1.60695434e-01 -8.34778473e-02 3.15661840e-02 6.28467053e-02 -1.05170463e-03 -8.46883748e-03 -6.35565892e-02 -6.23075245e-03 -2.37397820e-01 6.02031089e-02 4.56854664e-02 4.86168787e-02 5.54268397e-02 1.01613455e-01 4.64257225e-02 6.37083352e-02 5.69083504e-02 -9.42571089e-03 1.30035982e-01 2.17895493e-01 1.20360367e-01 2.25145258e-02 1.86414942e-02 5.73026836e-02 2.21219100e-02 5.50498180e-02 3.09888929e-01 -5.01938583e-03 -4.71330853e-03 -1.43304514e-02 2.28504706e-02
1.08097136e-01 -1.54143885e-01 -5.95515728e-01 6.95348382e-02 1.35633707e-01 -1.67178273e-01 -2.23937690e-01 -3.06807637e-01 2.86800355e-01 -6.35896862e-01 7.16103613e-02 -4.37608771e-02 1.83467507e-01 8.76161084e-02 -4.17653546e-02 1.36373848e-01 -3.36188138e-01 4.40027118e-01 -1.99571401e-01 8.88177037e-01 3.51595312e-01 9.87312049e-02 -4.39300328e-01 -1.01237006e-01 -1.28645286e-01 -4.57426995e-01 8.63033354e-01 -5.28600812e-01 2.42067665e-01 3.33239406e-01 -2.35637762e-02 2.04258755e-01
-2.35845685e-01 -7.24681988e-02 -3.24207723e-01 -1.97793171e-01 4.42598611e-01 -6.50178129e-03 5.29839471e-02 8.90533328e-02 4.78270024e-01 -4.54806268e-01 -1.43247157e-01 -9.34607446e-01 4.60805833e-01 -2.21817970e-01 -1.86207756e-01 9.28892270e-02 -1.25825748e-01 2.99204439e-01 1.90368310e-01 -6.57638013e-02 3.41369701e-03 -2.15025991e-01 4.68505085e-01 -3.29440713e-01 2.77226597e-01 1.84621677e-01 -1.66631058e-01 2.90407777e-01 2.53867824e-02 3.59467506e-01 4.54150110e-01 8.76313150e-02
1.28541579e-02 1.70146987e-01 3.60167073e-03 8.12644064e-02 -1.18251577e-01 1.39165595e-01 1.89517662e-02 -6.29361719e-02 4.59143706e-02 1.25983551e-01 7.43544400e-02 1.01663165e-01 -7.43032247e-02 -6.25367910e-02 1.38444543e-01 4.07584876e-01 5.08592911e-02 -3.69380206e-01 1.44744013e-02 -1.28205210e-01 -7.37893954e-02 -1.28607377e-01 -3.06253089e-03 -6.64136419e-03 3.08280140e-02 1.18681230e-01 1.54102342e-02 -5.01127029e-03 1.19324565e-01 2.66697761e-02 1.04096420e-02 4.91886549e-02
5.92794359e-01 -1.07848562e-01 6.54412746e-01 5.13719261e-01 -2.79000998e-01 -3.11760843e-01 -6.54038191e-01 -1.32101059e-01 -2.93431342e-01 -9.04927075e-01 -1.11639455e-01 9.97797847e-01 5.04313290e-01 -4.54190791e-01 6.65672600e-01 6.18178546e-01 -4.97247092e-02 -1.84497610e-01 5.10072231e-01 4.73165423e-01 -5.89078903e-01 9.07734036e-02 4.94592011e-01 1.89075842e-01 -1.24707250e-02 -3.65224183e-01 8.11627880e-02 4.56886083e-01 -1.18234195e-01 -1.01338290e-01 3.11513655e-02 5.30915439e-01
2.60479271e-01 -8.76481086e-02 2.91927122e-02 1.43344477e-01 8.21553543e-02 1.36317194e-01 9.03225183e-01 7.36060366e-02 4.77564514e-01 2.27801010e-01 3.28298807e-01 3.81612509e-01 -3.91023487e-01 -5.96095979e-01 9.10096467e-02 -9.99867260e-01 -1.03765987e-02 -7.03178644e-01 -8.42964426e-02 -3.98500949e-01 -5.22535801e-01 -1.14296973e-02 2.53790408e-01 -7.67062157e-02 1.31203666e-01 -4.11054820e-01 -7.10977018e-01 4.08776313e-01 -1.02417670e-01 -1.95966408e-01 2.52072215e-01 -1.20325364e-01
1.75326720e-01 5.23107871e-02 -3.50020915e-01 3.79905790e-01 1.82788685e-01 2.76240528e-01 2.83059329e-01 -2.88006753e-01 -2.95177102e-01 2.32856855e-01 1.88164634e-03 1.17374018e-01 4.59242374e-01 3.99784654e-01 -2.37737477e-01 -3.71073693e-01 6.11154854e-01 -2.01682281e-02 9.82197598e-02 -1.77911505e-01 -4.71305102e-01 1.83729604e-02 -4.28895265e-01 1.44336447e-01 -3.81037593e-01 -8.50452408e-02 -7.71461725e-02 -4.20280010e-01 1.60947274e-02 -1.48836240e-01 -1.02624021e-01 -2.51850933e-01
7.06154346e-01 -4.36786115e-02 -2.51135498e-01 1.79170698e-01 1.00368060e-01 -4.49729174e-01 -7.53100365e-02 3.38720262e-01 3.00993443e-01 -2.63212490e+00 1.27290934e-01 1.48981512e-01 3.70982498e-01 -1.64500415e+00 1.33041486e-01 3.19898456e-01 1.21507205e-01 2.44170099e-01 -2.59354353e-01 -2.44783424e-02 5.22188127e-01 -2.13984638e-01 -2.93720037e-01 -4.46075164e-02 -3.25511813e-01 -1.92752913e-01 -4.80095036e-02 -1.96299642e-01 3.02072227e-01 1.18512496e-01 -1.02362603e-01 -2.16607004e-01
-8.81652236e-01 1.71119779e-01 1.14110284e-01 1.03777908e-01 -3.00196260e-01 -3.41242492e-01 1.10788691e+00 -1.06328532e-01 -1.07179952e+00 7.42581308e-01 -7.45858073e-01 5.98313585e-02 1.81472272e-01 6.45911321e-02 -7.27595866e-01 5.00220299e-01 6.22250557e-01 2.60469526e-01 3.50731134e-01 3.21860015e-02 -3.91593575e-01 5.14679730e-01 5.29334009e-01 9.38611269e-01 -5.41523576e-01 5.18927276e-01 -6.33982241e-01 3.06328565e-01 7.91761100e-01 -4.71893102e-01 8.21555406e-02 1.21880077e-01
-5.08800089e-01 6.31006718e-01 -7.16554746e-02 -1.20341606e-01 6.01106286e-01 1.30936310e-01 -2.67918687e-02 4.92284060e-01 -2.89482266e-01 4.55583423e-01 8.81744921e-02 -1.76965609e-01 1.97530136e-01 1.71892241e-01 -5.60762227e-01 -2.55244344e-01 -7.74172768e-02 -4.88526151e-02 4.13401306e-01 -3.63226622e-01 -2.25852132e-02 -3.01247656e-01 -1.49086013e-03 -5.32186866e-01 1.06167883e-01 -2.19605088e-01 -5.42368233e-01 -5.14470100e-01 1.41501993e-01 -3.44072342e-01 -2.49217957e-01 -2.63011754e-01
-2.05141634e-01 1.77674487e-01 4.87952024e-01 3.78899843e-01 -3.58406782e-01 -2.31997684e-01 -7.79607520e-02 8.69915448e-03 2.96791106e-01 -3.70287716e-01 -5.75519502e-01 -9.06915814e-02 -2.85570413e-01 -1.96589410e-01 1.17613867e-01 4.89197820e-01 -1.41603425e-01 1.35571361e-01 2.59979129e-01 1.43856928e-01 1.53016075e-01 -7.32281208e-01 1.94968924e-01 1.43881798e-01 2.88994759e-01 1.41839042e-01 2.72291042e-02 -5.94441473e-01 -2.38982618e-01 -9.57514793e-02 1.43038541e-01 -2.70722896e-01
-8.00973952e-01 4.68997747e-01 -6.52809083e-01 -1.00798416e+00 -1.32572964e-01 -2.29186952e-01 -3.51509959e-01 4.25750732e-01 9.32954550e-02 4.48467046e-01 -4.85759303e-02 1.82364330e-01 1.80518538e-01 2.75479615e-01 -1.55457286e-02 1.19512630e+00 6.90040052e-01 1.28077495e+00 -9.36507463e-01 7.51965791e-02 5.84617674e-01 -7.92888820e-01 -6.43720806e-01 4.05292213e-01 -1.27974615e-01 -4.31895018e-01 2.79636502e-01 1.98038951e-01 5.90062737e-01 -8.12469065e-01 2.04481393e-01 -2.83348739e-01
1.48577347e-01 -5.29976904e-01 -4.50943634e-02 -1.39048144e-01 -5.90075016e-01 5.23339570e-01 1.04766876e-01 -4.46619362e-01 4.95181829e-01 9.02988434e-01 -2.50682324e-01 1.43920138e-01 5.74115694e-01 3.97224188e-01 5.95027348e-03 -1.05176651e+00 -4.28602487e-01 -1.04464662e+00 7.05361962e-02 2.36298382e-01 1.99006096e-01 3.79450023e-01 1.83296859e-01 1.37845844e-01 2.47675911e-01 1.24855720e-01 -4.34373498e-01 -2.01866001e-01 -2.61491865e-01 -3.61903161e-01 4.58975494e-01 3.34000766e-01
-7.59626776e-02 -9.68913734e-01 3.85512859e-01 1.56512487e+00 9.02726427e-02 1.09025903e-01 -1.30990177e-01 -2.45949879e-01 -2.21073419e-01 2.42630512e-01 1.07257700e+00 -9.81188238e-01 -1.08542788e+00 -3.94956082e-01 2.03981623e-01 -1.71237618e-01 -1.18421900e+00 4.99193728e-01 6.11557961e-01 -5.97146213e-01 9.17974651e-01 2.10567787e-01 3.10180243e-02 -1.02758460e-01 7.65044913e-02 -4.88696873e-01 1.86194047e-01 -6.27339259e-02 -8.60787570e-01 1.24262249e+00 -6.08308673e-01 -6.96584880e-02
-6.26461685e-01 -7.57152066e-02 3.63893390e-01 7.34935002e-03 -8.13758820e-02 1.31610096e-01 1.60976276e-01 1.50746956e-01 -3.17025512e-01 -3.44406724e-01 -1.02770269e+00 3.62688780e-01 5.93004048e-01 -3.14549692e-02 7.82436803e-02 -3.05697799e-01 4.69179511e-01 -1.99358165e-01 -1.52290449e-01 -2.18945935e-01 -6.82681024e-01 2.15755388e-01 -7.41879717e-02 -8.10103297e-01 3.29788685e-01 7.32766688e-01 -2.39873782e-01 -1.07359715e-01 -2.84939110e-01 -3.51235300e-01 -2.82600880e-01 -1.66852981e-01
-2.42804050e-01 -3.15917611e-01 -1.88383281e-01 -1.25192821e-01 -2.20844522e-01 -9.55720916e-02 2.05280274e-01 2.28852585e-01 -5.33137023e-01 1.33151889e+00 -1.27745777e-01 -1.07241340e-01 -5.29192030e-01 5.18994272e-01 -1.90330580e-01 -4.02454026e-02 2.53075827e-02 1.21619679e-01 2.79226266e-02 -2.00369716e-01 2.05294967e-01 1.12731084e-01 2.96346545e-01 6.14234731e-02 3.92362736e-02 -8.98044854e-02 -1.61907569e-01 2.07831234e-01 2.23220691e-01 3.33190084e-01 -3.90953943e-02 1.12294108e-01
-2.94440258e-02 -3.18596393e-01 -1.28150836e-03 -1.07854597e-01 -3.38159502e-01 4.27405000e-01 -2.92468995e-01 -4.48555350e-01 1.60354793e-01 -4.35907811e-01 3.08972243e-02 4.31028277e-01 2.04675153e-01 3.25781316e-01 2.85783976e-01 -6.50368154e-01 -4.34293538e-01 -1.28091538e+00 -2.16126312e-02 -3.02908272e-01 -1.26049832e-01 8.60133886e-01 4.15893644e-01 6.02041543e-01 -4.48077887e-01 1.42697737e-01 1.23855032e-01 -2.61141151e-01 -3.96561235e-01 -2.67380327e-01 -1.16925344e-01 -9.17846784e-02
2.38050381e-03 -3.68059501e-02 1.48540750e-01 -7.71059319e-02 1.72499791e-01 -8.82001072e-02 6.62629902e-02 -3.32550287e-01 -1.51827738e-01 4.12145138e-01 1.60091177e-01 1.61328942e-01 6.72635064e-02 -2.82204866e-01 -7.69207552e-02 -3.14528763e-01 6.86769411e-02 9.99518558e-02 -1.60956785e-01 -5.50507605e-01 1.76515192e-01 -1.63313180e-01 -1.46344632e-01 -4.28285822e-02 -1.97193306e-02 1.98939115e-01 -4.95737270e-02 -4.88752080e-03 1.13276407e-01 8.47207159e-02 2.97651496e-02 1.68475900e-02
4.85389493e-02 -5.43680429e-01 -2.80819207e-01 7.57611215e-01 -1.71958491e-01 -4.18541014e-01 2.16770887e-01 -1.13454059e-01 -2.78101325e-01 2.91370511e+00 -5.65561891e-01 9.84594762e-01 6.61023438e-01 8.35224271e-01 7.42172599e-01 2.57380754e-01 5.95524721e-02 2.74026304e-01 5.25305271e-01 3.76202971e-01 2.30707914e-01 1.53367236e-01 -1.53999060e-01 1.06105137e+00 -2.78872717e-02 1.58820510e-01 -3.13498765e-01 2.81903446e-01 1.24401584e-01 2.63177250e-02 1.04547739e+00 4.84900968e-03
-1.28770337e-01 1.89197063e-01 1.15433037e-01 7.72778392e-02 2.34874599e-02 -3.41462418e-02 1.31147914e-03 1.32752478e-01 1.08816614e-02 -2.91163307e-02 1.65538624e-01 7.39915669e-02 9.15793777e-02 -2.75288485e-02 1.59405574e-01 1.85821235e-01 4.63698320e-02 -1.65665627e-01 -4.26457301e-02 7.66030252e-02 -1.57461494e-01 -5.88977486e-02 -4.50616218e-02 2.21690256e-02 -4.77951169e-01 -2.24803910e-01 4.93180789e-02 -1.20104849e-01 -5.22933342e-02 -5.29787056e-02 4.01270716e-03 -4.43150401e-01
-4.97363210e-02 -1.04155019e-01 -4.88164797e-02 3.16689759e-02 -2.52877206e-01 5.75631335e-02 1.27693415e-02 1.91018522e-01 4.40383144e-02 -1.50680877e-02 -9.72693413e-03 -2.99082939e-02 -6.70904070e-02 7.24938363e-02 -3.59226801e-02 1.98159680e-01 -1.35394812e-01 -1.70512766e-01 -2.33046524e-02 2.97837824e-01 -2.11016715e-01 -1.00726157e-01 -6.56922953e-03 9.24749672e-03 1.58699676e-02 -9.44531709e-02 -5.87667562e-02 -7.88351968e-02 -3.77883986e-02 6.02497682e-02 1.54806476e-03 -1.04361726e-02
8.38615835e-01 -2.85208493e-01 3.08495373e-01 3.50446701e-01 -3.63173783e-01 2.79675778e-02 -5.48848927e-01 -6.62669260e-03 6.64504468e-01 9.61375609e-02 -1.61613971e-01 2.97345892e-02 4.63408493e-02 2.56059140e-01 7.55780637e-01 -8.14855278e-01 -4.66908485e-01 -7.46978939e-01 5.91682196e-01 -2.78813273e-01 -7.36314595e-01 2.02768281e-01 -1.07026085e-01 2.19993353e-01 7.57983148e-01 -4.14323770e-02 2.34460577e-01 -1.62934303e-01 -5.55501401e-01 2.36855879e-01 1.10790141e-01 1.33359730e-01
1.54108256e-01 -4.11052853e-01 -2.86043376e-01 4.04904842e-01 2.09264696e-01 -5.97398102e-01 6.06342070e-02 -1.70621928e-02 2.75318891e-01 -2.62912899e-01 -2.32875288e-01 4.52479571e-01 3.53759497e-01 -2.84605831e-01 2.52896160e-01 -6.76854312e-01 -3.28523457e-01 -7.91608870e-01 5.32876790e-01 -3.99765253e-01 -2.46653542e-01 -6.85893521e-02 3.65119308e-01 6.49740756e-01 -1.20995417e-01 -3.21453750e-01 4.38052833e-01 -7.10656270e-02 -1.16144590e-01 -4.23583984e-01 9.75066721e-02 2.11177200e-01
7.72268623e-02 -4.02545780e-02 7.69877076e-01 9.75487158e-02 -1.23720527e+00 -3.35719794e-01 2.10064381e-01 -1.50225282e-01 7.79460073e-01 6.36946440e-01 -1.57524154e-01 -3.61778200e-01 1.72685720e-02 6.82272553e-01 7.97489844e-03 -2.41828823e+00 -3.05313915e-01 -3.03539205e+00 2.61126518e-01 2.20994372e-02 -7.90850759e-01 6.80327237e-01 1.70335904e-01 1.26411557e-01 2.30727941e-01 1.25738159e-01 3.28635693e-01 1.29615963e-01 -1.72708794e-01 -7.79983521e-01 -5.61777651e-01 2.00293288e-01
-1.38533652e-01 -2.16097206e-01 -2.83909529e-01 -2.91922539e-01 -1.98840097e-01 5.18273354e-01 1.46740556e-01 -1.10386051e-01 -1.22784317e-01 3.21886331e-01 -2.00617135e-01 1.83824703e-01 6.67701215e-02 -3.09937477e-01 -1.61181420e-01 -4.26586449e-01 3.41952533e-01 -5.70497394e-01 -2.82772034e-01 7.11281523e-02 -3.79375905e-01 3.69037479e-01 -1.47403240e-01 3.26603979e-01 3.61812741e-01 -5.03419161e-01 4.74429220e-01 7.57885203e-02 5.88987246e-02 1.19859174e-01 -9.79273915e-02 4.51447628e-02
3.61869872e-01 6.75605655e-01 6.86374128e-01 -4.08382356e-01 1.75166175e-01 1.95461124e-01 2.33600333e-01 -7.56256208e-02 -8.78450453e-01 1.04971099e+00 -2.90903986e-01 -2.42914557e-01 -4.28033650e-01 1.15778708e+00 1.61603153e-01 1.96114689e-01 2.62896270e-02 -8.91399682e-01 2.24456146e-01 -2.84143031e-01 6.37359247e-02 7.11361170e-01 -1.29113376e-01 -3.85424495e-01 6.04362071e-01 -7.60906935e-01 4.84661967e-01 -6.72341958e-02 -2.98840672e-01 -6.06314480e-01 4.06813575e-03 -4.11666274e-01
-6.20675981e-02 -4.06821042e-01 2.25702003e-01 -1.75358891e-01 -2.50963122e-01 1.62735939e-01 8.25117156e-02 -2.72301048e-01 -4.75847721e-01 -3.01116556e-01 -1.01822212e-01 -1.18998410e-02 -9.71445739e-02 4.47257310e-01 5.49617946e-01 2.80707389e-01 2.59171784e-01 -4.47240084e-01 2.67926920e-02 1.47970319e-01 -2.07548410e-01 3.25627059e-01 -3.42238426e-01 1.72995135e-01 -5.60515821e-02 -2.62083143e-01 4.03948843e-01 7.05590427e-01 -3.87337983e-01 -4.56960559e-01 3.16308856e-01 3.30008626e-01
-1.21028519e+00 -1.25508130e-01 9.55541804e-03 -1.20044291e+00 2.01292738e-01 3.63414101e-02 3.62927377e-01 5.74866414e-01 -1.33387715e-01 4.49263990e-01 -9.46431816e-01 6.51099324e-01 1.03184211e+00 5.08034289e-01 -4.40960050e-01 6.33639336e-01 3.84729356e-01 -1.59499988e-01 -3.97290170e-01 8.77232909e-01 -6.22354329e-01 -4.17351663e-01 -2.15077981e-01 6.00279011e-02 4.86382425e-01 9.48485792e-01 9.67116952e-01 6.96413755e-01 3.99440050e-01 -9.12218750e-01 3.01949054e-01 3.29185039e-01
-9.58452672e-02 9.32043940e-02 3.20888519e-01 -4.79897447e-02 3.13789636e-01 -1.06007211e-01 -2.41521262e-02 2.54864581e-02 -4.56473790e-02 1.93048239e-01 2.19166428e-02 2.09879093e-02 -1.21543650e-02 -1.29674211e-01 8.24786052e-02 -1.18539564e-01 7.76902661e-02 6.69248477e-02 1.32358968e-02 -4.19860512e-01 1.36863828e-01 -9.27606001e-02 2.59243213e-02 1.44822849e-02 1.44621104e-01 -1.80322863e-02 7.33072236e-02 1.58514425e-01 3.79752256e-02 -8.82778615e-02 -1.72509197e-02 4.73713949e-02
-1.33687511e-01 2.24700198e-01 3.41830999e-01 -1.59752741e-01 1.59667999e-01 1.26492009e-01 7.10297048e-01 3.33327323e-01 7.36514628e-02 -1.15643191e+00 -3.86215001e-01 5.74255288e-01 6.97551131e-01 -2.61296034e-01 -4.54493970e-01 7.73422420e-02 4.78370070e-01 -2.91785359e-01 -5.32285273e-02 -5.21993995e-01 9.31011021e-01 -2.46153012e-01 4.18202803e-02 -1.25303197e+00 -2.02337742e-01 5.56971908e-01 -1.03307962e+00 -7.99954236e-01 3.13832611e-01 -1.56383693e-01 1.74657088e-02 -1.54865757e-01
6.45889342e-01 -3.13476592e-01 -2.65319198e-01 4.47680950e-01 -1.68212295e-01 -6.65706396e-02 -1.43948346e-01 -2.08283901e-01 5.60920537e-01 -1.04300164e-01 -9.93274152e-02 -6.06084839e-02 7.44807184e-01 -3.40438128e-01 3.62767249e-01 -6.47018909e-01 -3.50875147e-02 -6.80854082e-01 5.94653487e-01 -8.04838315e-02 -3.19043785e-01 9.97692719e-02 1.51882797e-01 1.59796730e-01 -1.37290563e-02 -2.27584407e-01 8.03070426e-01 4.58164722e-01 -4.04140174e-01 3.44320536e-01 1.72813699e-01 2.75845021e-01
-3.08719903e-01 2.85138220e-01 -1.73515216e-01 -2.90906597e-02 -5.86720943e-01 -1.32577494e-01 1.16827592e-01 4.88616168e-01 -9.29843336e-02 -4.99271512e-01 -1.64804757e-01 -4.90216538e-02 -3.51926744e-01 1.99722424e-01 3.20833623e-01 -2.32706442e-01 -1.27263680e-01 2.04280376e-01 -3.38441618e-02 3.20913672e-01 -1.48905918e-01 -5.76156154e-02 1.35597810e-02 -2.05529761e-02 -9.85518992e-02 -1.11550093e-01 2.84590125e-01 -3.30208182e-01 1.30390182e-01 2.69457698e-02 4.73423861e-02 1.51983932e-01
1.04502812e-01 -4.77763534e-01 -1.03232868e-01 -1.41373992e-01 -3.43370773e-02 -2.06209987e-01 -1.02612630e-01 -1.60016268e-01 -3.68208617e-01 3.90438437e-01 -4.14617993e-02 1.13889784e-01 3.86806637e-01 2.29488000e-01 -2.05883190e-01 -5.82844317e-01 -1.39035687e-01 -1.06253512e-01 5.05659683e-03 1.18903987e-01 3.47798243e-02 -2.88979150e-02 5.42847693e-01 -2.23057298e-03 -3.48729432e-01 2.66595423e-01 3.05720985e-01 9.05620903e-02 -6.09973222e-02 8.89983997e-02 -9.03208777e-02 -2.33497381e-01
1.09128463e+00 6.67227060e-02 -6.34942114e-01 1.97474912e-01 2.61801273e-01 3.61017771e-02 4.28264260e-01 1.23972841e-01 -2.44643182e-01 -9.95790243e-01 -8.25247347e-01 1.36234510e+00 8.14856142e-02 -9.76749122e-01 2.40460232e-01 5.86892843e-01 1.08216904e-01 4.97325748e-01 -9.56861749e-02 1.82926372e-01 -1.56475651e+00 -4.51482326e-01 -8.59525383e-01 -2.74781376e-01 -3.43282312e-01 8.44009407e-03 2.50863016e-01 5.11256039e-01 -6.09300919e-02 5.88162169e-02 -1.30222887e-01 4.18981105e-01
-1.69154078e-01 3.19358259e-02 -9.50850070e-01 -8.83461311e-02 2.88541704e-01 3.78496885e-01 1.77104577e-01 6.25324994e-02 -1.56316176e-01 5.02896726e-01 -4.32068586e-01 -1.14143920e+00 3.98272038e-01 3.59650046e-01 -3.36381704e-01 7.54065990e-01 -1.14864893e-01 1.40279353e+00 -4.84564722e-01 1.04811266e-01 2.89750606e-01 -1.16183542e-01 3.55688557e-02 6.51274502e-01 -2.16999233e-01 8.01875830e-01 -1.15466021e-01 -2.75062084e-01 1.51277423e-01 1.00992240e-01 6.73545599e-01 -1.29954711e-01
3.73987434e-03 3.60631853e-01 -2.11293638e-01 -5.78494430e-01 -3.69011573e-02 7.17727482e-01 2.68150896e-01 7.66318083e-01 3.71924102e-01 2.83214331e-01 9.89517033e-01 -3.04968387e-01 4.92596813e-02 2.70067811e-01 4.31554243e-02 -7.64023423e-01 2.56916314e-01 -1.90759320e-02 -2.88525462e-01 -5.90140104e-01 -5.27575463e-02 -2.72300810e-01 1.94881007e-01 1.82532817e-01 -2.29853436e-01 1.39406174e-01 7.06099197e-02 7.06167775e-04 -5.79479158e-01 2.92072833e-01 -2.24388048e-01 1.08062826e-01
6.66488484e-02 3.00892927e-02 -1.36280149e-01 1.40462918e-02 -5.43214120e-02 4.82631736e-02 4.81143743e-02 7.57292509e-02 -3.89389321e-02 -5.97292595e-02 -5.61745130e-02 -3.85721833e-01 2.38586932e-01 2.15828463e-01 1.81622559e-03 1.03805743e-01 7.58426115e-02 -4.66951355e-02 9.55214053e-02 2.47074962e-01 1.13921002e-01 2.90181726e-01 1.02197332e-02 2.06126407e-01 -8.96521732e-02 -2.93986261e-01 -1.71386108e-01 -1.65742606e-01 -3.12314123e-01 -1.37482345e-01 6.56844815e-03 -2.83473879e-01
3.39257509e-01 -4.82688239e-03 5.96956670e-01 3.76334012e-01 2.55161881e-01 4.93114054e-01 9.20416057e-01 -3.15239072e-01 7.38070548e-01 3.03569296e-03 -6.23613119e-01 1.59852192e-01 -4.98727679e-01 -3.63396734e-01 3.16379219e-02 9.97763500e-02 -5.77515841e-01 -5.49931645e-01 2.27540985e-01 -1.92667395e-02 -1.57216855e-03 6.12595320e-01 2.64681011e-01 6.30351067e-01 1.01830617e-01 -1.06898107e-01 -2.56074280e-01 9.26131085e-02 2.45018661e-01 3.98488402e-01 -7.36138448e-02 -7.08370879e-02
-3.34003121e-01 -5.72994411e-01 1.60281289e+00 9.61997062e-02 -1.09938681e+00 -1.27040565e-01 -1.19803834e+00 -1.01593399e+00 2.81167835e-01 1.08280182e+00 1.33733889e-02 -4.81170356e-01 -3.05352181e-01 1.10258150e+00 6.75815821e-01 -2.32075047e+00 1.11128770e-01 -2.97223687e+00 1.83794820e+00 7.82555938e-01 -5.51563442e-01 1.76678526e+00 -3.73279154e-01 2.92518467e-01 3.49727184e-01 -7.08885193e-01 -2.44150847e-01 4.39767301e-01 1.40469909e-01 4.87865508e-02 8.50791633e-01 1.38268799e-01
6.07667826e-02 2.65301615e-02 4.91508320e-02 2.97541227e-02 4.52539772e-01 -5.02739847e-02 -6.63885549e-02 7.45414663e-03 6.61332458e-02 -8.19561258e-02 -3.10390741e-02 -5.66306561e-02 1.11698024e-01 -7.68483952e-02 -5.04365042e-02 -3.99276614e-03 4.72729281e-02 8.97644833e-03 -4.98854816e-02 1.23896323e-01 7.13624358e-02 5.78269735e-02 -2.91224662e-02 -1.37532335e-02 -1.50186002e-01 -1.37204722e-01 6.57475786e-03 4.05586600e-01 -6.46972582e-02 -7.17397705e-02 -3.85870002e-02 -2.28759840e-01
-3.34039330e-01 -4.66979370e-02 -1.56522959e-01 -7.41320699e-02 -1.29007652e-01 -3.23043615e-02 -7.60342851e-02 6.77486181e-01 -2.16335431e-01 -1.22144662e-01 -1.63283780e-01 6.97087765e-01 4.98968899e-01 3.14983577e-01 2.77793586e-01 2.60651737e-01 -1.90285936e-01 1.59533247e-01 -1.36826396e-01 -2.13400591e-02 -1.54055461e-01 -6.50966644e-01 -1.45845324e-01 -2.15552986e-01 -3.48301768e-01 -1.70688987e-01 -6.10350609e-01 4.05267090e-01 -2.68302798e-01 -2.51828909e-01 -2.00157255e-01 5.29172301e-01
3.82842831e-02 -1.84133515e-01 6.54358029e-01 2.43140489e-01 -7.62539268e-01 2.14519665e-01 2.52597272e-01 -6.46288514e-01 5.67857385e-01 2.96224415e-01 -1.13911048e-01 4.44289446e-01 -8.48562866e-02 1.32214978e-01 1.69285938e-01 -2.26166463e+00 1.18262373e-01 -1.21068597e+00 1.95302323e-01 1.87873259e-01 -7.39963651e-02 2.17267141e-01 2.27508396e-01 1.58215374e-01 -1.49312928e-01 -5.26297152e-01 -9.13842022e-02 -1.96271002e-01 -4.44668233e-01 -5.03147066e-01 4.11037773e-01 -3.92851263e-01
-7.41034523e-02 5.94860166e-02 -2.37473398e-01 1.94380045e-01 -7.73895532e-02 -1.57215118e-01 2.15534955e-01 -2.58501619e-01 -4.10746485e-01 1.51143861e+00 -3.31935346e-01 -9.98342708e-02 -3.19782287e-01 1.33246660e+00 -2.81588793e-01 -4.98536862e-02 2.08845083e-02 -1.99372694e-02 -1.72151178e-02 -3.20239097e-01 -3.41113396e-02 1.37791231e-01 -1.48574561e-01 -1.21147834e-01 -1.95881531e-01 1.64325796e-02 4.75790739e-01 5.23941815e-01 1.02724716e-01 -4.25522178e-01 1.28795534e-01 -4.48649563e-02
-2.02866837e-01 -2.74493098e-01 6.37597680e-01 5.23476243e-01 -1.85552821e-01 -2.90188044e-01 -1.02702546e+00 1.26969263e-01 2.08850116e-01 5.18284678e-01 1.20063528e-01 -9.57139879e-02 7.40799010e-02 2.80079991e-01 -1.63891450e-01 4.72866356e-01 -5.32363206e-02 1.47527456e-01 -1.91366747e-01 -3.89700472e-01 9.98596489e-01 3.71279418e-01 4.24530655e-01 -5.44838190e-01 4.48577181e-02 -1.07893264e-02 -1.63138852e-01 2.14942187e-01 -1.16358653e-01 3.76280189e-01 -8.45781937e-02 -3.16523850e-01
1.30919373e+00 -3.91870975e-01 4.42618251e-01 9.88922715e-01 -3.86953294e-01 1.61113128e-01 -6.96811557e-01 -6.53891742e-01 5.59396207e-01 -7.93342829e-01 -2.74953485e-01 7.41152525e-01 -1.25440681e+00 -1.56736881e-01 6.75950408e-01 -4.92128998e-01 -1.01669379e-01 -1.09631166e-01 8.13674271e-01 7.27452576e-01 2.31902942e-01 -4.84852076e-01 -2.06134295e+00 -4.88710225e-01 4.68700141e-01 5.17493308e-01 -7.95647144e-01 -2.27460250e-01 -2.29238138e-01 1.26324713e+00 -5.96747041e-01 -5.59245385e-02
-1.85816791e-02 1.80347010e-01 -4.80037518e-02 -4.83048744e-02 -1.52509809e-01 -2.49192789e-02 1.86746344e-02 -4.77281138e-02 -6.07646517e-02 -2.63958443e-02 4.16956060e-02 9.37647521e-02 8.40552077e-02 -7.18161762e-02 1.64990127e-01 -1.53872222e-01 1.09305084e-01 1.82751790e-01 -2.05724835e-02 -2.68901646e-01 1.30950436e-01 3.82706374e-02 1.49588091e-02 -1.68106332e-02 -3.08966666e-01 -4.03987728e-02 2.11122055e-02 -6.10105209e-02 -2.21617017e-02 -7.34212296e-03 1.09461145e-02 -2.21292645e-01
7.92843699e-02 2.60395706e-01 1.73535419e+00 4.19899851e-01 -1.39271450e+00 1.91449791e-01 -2.12467805e-01 -6.09442294e-01 8.43930006e-01 5.58739722e-01 1.59646526e-01 -3.33381027e-01 -8.75243425e-01 8.91973436e-01 9.15945992e-02 -3.77028060e+00 -2.69578904e-01 -4.77512980e+00 5.17038524e-01 1.10468902e-01 -1.17076349e+00 1.05030096e+00 3.86316031e-01 1.42985642e-01 1.86521187e-01 -1.46964982e-01 -5.50046206e-01 6.49280667e-01 -2.44652286e-01 -2.90415511e-02 -4.54098247e-02 5.43929301e-02
-7.93258548e-01 1.98586419e-01 1.35147005e-01 -7.57715583e-01 -2.06517195e-03 -1.78142473e-01 -2.08808497e-01 5.08351326e-01 -6.76121265e-02 -1.67798623e-02 1.01443380e-01 -2.82141477e-01 4.54305798e-01 4.12171006e-01 -4.07195985e-01 -2.88937420e-01 2.33496532e-01 -1.81860045e-01 -3.56018186e-01 2.05287158e-01 6.06903695e-02 7.08800018e-01 2.11884066e-01 -2.74470359e-01 -8.65254477e-02 3.36197376e-01 -7.24814177e-01 8.42369348e-02 7.79778957e-02 -5.78652918e-01 -1.55779213e-01 -7.76704490e-01

layers.2.bias:
-1.40013361e+00
-8.63059521e-01
6.96276367e-01
-5.97531319e-01
1.91414282e-01
-3.36638600e-01
3.29198033e-01
2.21200538e+00
7.55282700e-01
8.78384054e-01
-9.37025368e-01
-1.45295453e+00
-4.68411446e-01
9.95890796e-01
-4.51613456e-01
-6.85652852e-01
-3.75247821e-02
-8.31432879e-01
3.46837074e-01
-1.28162101e-01
-1.11861080e-01
8.23288083e-01
9.40019846e-01
-1.73770830e-01
-3.68778139e-01
1.08457828e+00
-1.07517970e+00
-1.07308984e+00
5.43106437e-01
-1.16404307e+00
2.10117400e-01
-3.43264826e-02
8.37569535e-01
8.48752782e-02
-3.38980526e-01
-2.79293545e-02
-1.76219046e-01
1.39739716e+00
1.05450976e+00
-9.47783664e-02
1.04163551e+00
-2.22107291e-01
-5.83517313e-01
1.49862552e+00
2.44476095e-01
-1.01712775e+00
1.06361127e+00
-4.35894817e-01
8.81428838e-01
1.85693192e+00
1.87254071e-01
3.10577512e-01
1.07035428e-01
-7.34376371e-01
1.41469106e-01
3.34037319e-02
8.80084395e-01
-8.94658044e-02
2.08727829e-03
-7.30714679e-01
6.95897162e-01
6.58978596e-02
-3.22105378e-01
7.47314274e-01

layers.4.weight:
3.72829467e-01 1.18014567e-01 -6.67679682e-02 3.03866137e-02 2.60575172e-02 1.21742591e-01 -2.28166506e-02 -7.86449194e-01 -3.79386954e-02 -4.32129174e-01 6.29753992e-02 9.87222314e-01 -2.12815928e+00 -1.85587376e-01 3.09282805e-05 -1.41699970e+00 -4.35761502e-03 8.51226598e-02 -3.69689614e-02 9.52806510e-03 -3.40874754e-02 -1.12151049e-01 -7.14227483e-02 2.10112005e-01 -5.43331243e-02 -7.11502805e-02 7.48457313e-02 8.58190715e-01 -3.84078950e-01 4.07239854e-01 -3.30352671e-02 -8.29320326e-02 -4.37740050e-02 5.24710258e-03 9.67723057e-02 3.08619026e-04 6.71142386e-03 -2.30277836e-01 -6.65772036e-02 2.45940134e-01 -8.51315483e-02 3.34161550e-01 7.57695362e-02 -1.44217312e-01 2.88402458e-04 1.09928705e-01 -7.03803077e-02 2.83875130e-02 -1.16035990e-01 -7.42348969e-01 -6.48720413e-02 2.49900427e-02 -1.05078099e-04 8.88037384e-02 -1.27428877e+00 -2.45203692e-02 -3.95432636e-02 -3.19593787e-01 -2.75294501e-02 9.49722156e-02 -5.90727217e-02 -3.60437625e-05 8.39790165e-01 -3.82137075e-02

layers.4.bias:
-1.16791666e+00

