layers.0.weight:
3.31696361e-01 -5.67613244e-01 7.97264636e-01
5.69172144e-01 -8.09445798e-01 -5.80563486e-01
-8.31293464e-02 -6.13938749e-01 -5.77727258e-01
-1.07055378e+00 1.15616508e-01 4.58123112e+00
2.67282110e-02 4.11940843e-01 1.16166264e-01
-5.79876065e-01 8.58121514e-01 -1.84879377e-01
-1.31842160e+00 4.86020595e-01 -9.88645032e-02
-6.01682402e-02 7.88846374e-01 -9.23566997e-01
6.03414774e-01 -9.26082134e-01 5.12713566e-02
-1.11527514e+00 5.86289167e-02 -1.64189592e-01
7.53551662e-01 -9.85680073e-02 1.41279221e+00
-7.16238439e-01 -1.31785080e-01 -1.29353356e+00
-4.30584475e-02 7.12955832e-01 -1.57757306e+00
-1.16726887e+00 2.10410804e-02 5.00053525e-01
-6.46977663e-01 1.09646142e+00 7.52028525e-01
-1.81771189e-01 9.48456824e-01 1.64468549e-02
5.46070874e-01 -6.33792400e-01 -1.45019031e+00
-1.15504665e-02 1.12846863e+00 1.84981868e-01
8.07071701e-02 -9.54183042e-01 5.35116851e-01
3.41117471e-01 -1.28724232e-01 -8.64976227e-01
2.23475501e-01 1.65966094e-01 -5.10879010e-02
-3.24195027e-01 -2.56797969e-01 -1.00232065e+00
-4.64660525e-01 1.65601885e+00 -4.46076952e-02
-1.56447518e+00 4.06930357e-01 1.75152493e+00
1.05132234e+00 3.79940838e-01 -7.78481364e-01
2.59609371e-01 6.71772659e-01 -1.17486012e+00
-1.16151750e-01 -2.13369340e-01 1.90187418e+00
-3.97779703e-01 -2.44972542e-01 1.92939892e-01
3.22416067e-01 7.57217348e-01 -1.46468067e+00
-1.04933763e-02 4.65525806e-01 1.70563948e+00
-2.89658904e+00 2.84448242e+00 -1.78299040e-01
-1.26738083e+00 -5.19488692e-01 1.02004325e+00

layers.0.bias:
8.77201200e-01
4.81547834e-03
-1.42384720e+00
-6.34384930e-01
7.07518518e-01
-2.04255387e-01
-3.54310095e-01
2.86240637e-01
-7.45998621e-01
-1.59115899e+00
1.64644122e-01
1.80825554e-02
2.46107668e-01
-1.21306002e+00
-2.90836543e-01
1.43946290e+00
9.34610724e-01
1.82654703e+00
-6.68276668e-01
5.78918040e-01
-1.44309163e-01
-1.35729384e+00
1.02535832e+00
-7.05530941e-02
1.36946186e-01
5.60703695e-01
8.80503118e-01
-1.57881156e-01
-4.88352716e-01
7.31267482e-02
8.91685039e-02
-6.70209900e-02

layers.2.weight:
-3.76669765e-01 1.94907442e-01 6.62108511e-02 -4.77473289e-01 -5.06111495e-02 4.27172147e-02 7.72437900e-02 -6.96894601e-02 -4.86303531e-02 2.81657648e+00 9.58481729e-02 5.48999198e-02 -2.30043948e-01 2.41760850e+00 -1.61043063e-01 3.64184886e-01 -8.09056014e-02 5.90152979e-01 1.38329715e-01 -2.82736689e-01 2.74271339e-01 -8.70980993e-02 -5.09651661e-01 6.19769454e-01 -8.80178437e-02 6.05790019e-01 -7.83049643e-01 -1.66966394e-01 -2.13613644e-01 -2.09887385e-01 -2.91396588e-01 2.47779027e-01
-1.93829592e-02 1.68638125e-01 -8.87774169e-01 8.69816542e-02 -3.82282674e-01 8.83212537e-02 -7.99706519e-01 -5.43493032e-01 6.50579453e-01 6.31159723e-01 3.96176457e-01 -3.18764776e-01 2.06347704e-01 -3.95968854e-02 -3.52375507e-01 9.08718631e-02 -3.65116566e-01 2.97686130e-01 -3.60735774e-01 -9.23438817e-02 6.24998629e-01 -1.84403136e-01 -4.72154379e-01 -1.83840971e-02 -3.02985553e-02 -1.14551373e-01 -2.90044308e-01 -5.18548489e-01 2.22359486e-02 -1.86401501e-01 -1.00566365e-01 2.21267521e-01
-4.47034873e-02 -2.85462625e-02 3.28578919e-01 -6.43118680e-01 -9.31779921e-01 2.40704361e-02 -5.05251050e-01 2.03694537e-01 6.24662220e-01 1.00640047e+00 -4.70669061e-01 -1.84017748e-01 5.12586161e-02 3.65043521e-01 -1.36354968e-01 -1.11729097e+00 -3.92918795e-01 -9.39652324e-01 6.01667538e-02 7.14784190e-02 -4.31496203e-01 -3.28600630e-02 2.63148636e-01 -1.06682706e+00 -6.59791589e-01 3.02788138e-01 -1.06205261e+00 4.35683966e-01 3.04310948e-01 -2.67295092e-01 2.51592904e-01 6.68941319e-01
2.37115204e-01 -6.73253313e-02 9.57259387e-02 1.33417881e+00 4.08099741e-01 3.92391562e-01 6.69905841e-01 -2.33518988e-01 -1.45844609e-01 -3.24484110e-02 1.49245039e-01 -5.14911935e-02 -5.65564632e-01 1.70694336e-01 6.25540376e-01 5.72737694e-01 -2.85345078e-01 5.16722322e-01 3.21769774e-01 -9.33186591e-01 -8.46594691e-01 -1.39366403e-01 3.71399790e-01 1.41628540e+00 -6.15593314e-01 -5.46276033e-01 4.86676037e-01 3.74715328e-01 -6.56262338e-01 -1.72240019e-01 -1.17783528e-02 5.50956607e-01
6.00710474e-02 -3.61146450e-01 2.70726949e-01 -4.61745977e-01 1.17410548e-01 -2.63408244e-01 -1.27249765e+00 2.11846396e-01 7.24851489e-02 -5.20100594e-01 4.21079934e-01 -7.55077839e-01 8.24204445e-01 -8.42391372e-01 -6.05277270e-02 -7.92255163e-01 -3.29702348e-01 -7.68862307e-01 -2.17534244e-01 -9.95271280e-02 9.31230724e-01 -5.44866502e-01 2.71712750e-01 -3.53627235e-01 -6.81821525e-01 6.74584925e-01 7.96383247e-02 -7.01360464e-01 -1.61805809e-01 6.05971456e-01 -1.67969018e-01 -7.87752420e-02
-3.34636033e-01 2.31478184e-01 3.25951159e-01 1.75353155e-01 -8.17995131e-01 -2.67554402e-01 -3.29731882e-01 2.73809701e-01 4.24358070e-01 -2.64823455e-02 6.53344870e-01 2.71893412e-01 -8.81766155e-02 -2.45076016e-01 -3.07366312e-01 -1.06188881e+00 -3.59920263e-01 -1.28237534e+00 6.94971800e-01 -2.47534767e-01 -5.31594336e-01 -8.01107138e-02 -6.14177644e-01 -2.19330668e-01 5.67210875e-02 8.48343670e-02 1.59666955e-01 1.00258815e+00 -1.68221995e-01 -4.22947168e-01 -5.71490347e-01 3.53527129e-01
-1.80337876e-02 -7.70579232e-03 -2.38871470e-01 -1.69633585e-03 -1.01637982e-01 1.92674503e-01 -9.64667797e-02 -4.09341156e-01 -1.28003731e-01 2.40602478e-01 2.84461409e-01 6.88859522e-02 2.82035828e-01 -7.33455876e-03 -1.08140381e-03 -2.37290561e-01 1.59520674e-02 1.35857493e-01 -6.22964092e-02 -3.17109108e-01 -3.90034527e-01 1.10171653e-01 7.17655122e-02 3.34160104e-02 1.63012341e-01 2.53620327e-01 -3.52843106e-01 -4.03319597e-01 -1.64553225e-01 7.95068815e-02 -9.94552523e-02 1.36218742e-01
2.55254477e-01 1.46432668e-01 -3.77711385e-01 3.49915832e-01 1.99581429e-01 -6.83204293e-01 1.35324046e-01 4.99937922e-01 7.22525418e-02 -3.07666063e-01 -1.33258745e-01 9.67174470e-01 3.20357352e-01 -5.50548255e-01 -2.22286671e-01 1.75881788e-01 5.35160482e-01 1.38166845e-01 2.74832875e-01 5.08572817e-01 -1.46225798e+00 -8.83898020e-01 7.11452514e-02 2.81448036e-01 1.98068783e-01 7.53584564e-01 5.96353412e-01 5.37113488e-01 -5.46200812e-01 4.86200601e-01 1.73038721e-01 -2.57209182e-01
7.99074620e-02 3.41695040e-01 -6.51659548e-01 -2.29890287e-01 1.39978623e+00 -4.42681968e-01 -5.56067526e-01 -3.29634368e-01 -6.47022069e-01 1.55475855e-01 4.97807175e-01 2.04293117e-01 6.65298045e-01 -2.46537760e-01 1.63028261e-03 1.78497636e+00 3.85090500e-01 1.54032862e+00 -5.91528773e-01 -1.23959146e-01 1.05849758e-01 -3.33013475e-01 3.18013169e-02 2.67777681e-01 6.94827437e-02 3.76221359e-01 7.43579492e-02 3.49245146e-02 1.38336243e-02 1.79794729e-01 2.22467351e+00 -3.05631638e-01
-6.75705194e-01 1.14896260e-01 -4.80132811e-02 -5.79257309e-01 3.86979789e-01 6.77913204e-02 -7.27691278e-02 4.29986119e-01 4.07590866e-01 -1.20651886e-01 -4.36747409e-02 2.85949618e-01 2.40681380e-01 1.17040858e-01 -3.17954123e-01 -6.00600064e-01 3.71129423e-01 -4.22745526e-01 -4.70555961e-01 2.95284986e-02 -5.79483032e-01 -1.73307672e-01 1.60332188e-01 -8.59498084e-02 -1.88606843e-01 -3.59029211e-02 -2.30941862e-01 1.63917124e-01 3.21135908e-01 1.07968695e-01 1.92665368e-01 -2.45510321e-02
2.40959287e-01 -2.90548444e-01 -2.47910861e-02 -3.95997226e-01 -6.29890382e-01 -3.95890623e-01 -3.56213599e-01 1.69019759e-01 5.09959936e-01 2.48562783e-01 -5.63139260e-01 -7.97279626e-02 8.88115346e-01 -3.38229924e-01 -2.18142658e-01 -3.31646889e-01 -6.15079880e-01 -1.01059306e+00 -1.47721032e-02 -9.26210079e-03 1.02769661e+00 -2.27103144e-01 -9.24865007e-01 1.35302767e-01 -6.58822730e-02 -3.13227698e-02 -4.67441291e-01 -5.41462839e-01 2.96840250e-01 -4.30761218e-01 -1.76381066e-01 3.33066612e-01
-8.21849704e-02 -8.45921412e-02 1.66892135e+00 -8.76846671e-01 -7.53423512e-01 1.23500802e-01 -1.98142454e-02 -4.11753446e-01 2.42297247e-01 1.82772291e+00 3.10751181e-02 -1.36973485e-01 2.94426829e-01 3.21570325e+00 5.61144017e-02 -7.72808135e-01 3.06671143e-01 -2.45058227e+00 5.99341154e-01 -3.19936156e-01 2.70470798e-01 5.95590115e-01 -2.80389339e-01 8.35563302e-01 -7.04060420e-02 -5.57013810e-01 2.92174548e-01 -1.14845686e-01 8.73639509e-02 3.15538645e-02 2.95154769e-02 -3.44659388e-01
-6.29673898e-01 -1.67198837e-01 9.22594070e-01 3.96570951e-01 -6.20082557e-01 6.19008660e-01 3.75345722e-02 -9.22078967e-01 3.31263900e-01 4.83768582e-01 2.26819307e-01 1.38882905e-01 -4.92765486e-01 -5.96635081e-02 4.42061305e-01 -4.19834423e+00 -9.96984392e-02 -5.96607351e+00 5.80950499e-01 -9.88831460e-01 -6.81312680e-01 4.33233529e-01 6.27326906e-01 -8.57244655e-02 -2.74341881e-01 -2.28460118e-01 -3.69632572e-01 6.11516654e-01 -6.16973758e-01 -3.40542138e-01 -1.05013919e+00 -2.58596450e-01
3.25089805e-02 -1.70692846e-01 -6.23061955e-01 -6.32977411e-02 -1.84898898e-01 -6.97055385e-02 2.70391554e-01 3.33506227e-01 3.44971895e-01 -2.22113058e-01 5.36039293e-01 -2.00978622e-01 3.30431998e-01 -8.03487241e-01 -3.28598171e-01 -3.86462957e-02 -2.59864539e-01 2.19174400e-01 -8.20605531e-02 1.16115279e-01 -3.40665989e-02 -1.38345808e-01 3.88711202e-03 -2.19724670e-01 -1.48986042e-01 7.57160127e-01 -6.49637869e-03 5.93357757e-02 -1.81223750e-01 2.61338979e-01 1.54102638e-01 3.83628547e-01
-9.36213493e-01 2.25292489e-01 -6.34950846e-02 2.75469601e-01 -1.51232883e-01 6.17067277e-01 -3.47430229e-01 -4.33965214e-02 4.41401035e-01 -1.54520974e-01 -8.15273404e-01 2.97741979e-01 2.19326630e-01 -3.84994715e-01 -2.88435310e-01 -6.60248160e-01 2.83604980e-01 -6.63848162e-01 -4.39464748e-01 3.78298342e-01 1.33786273e+00 9.78583872e-01 -6.38994202e-02 1.55388907e-01 -3.20586115e-01 1.72323212e-01 -6.56506419e-01 -5.13823004e-04 8.54264736e-01 -3.08178663e-01 -1.04977809e-01 9.28820521e-02
-5.89931786e-01 -7.00222179e-02 6.94557726e-02 1.52393639e-01 -3.48145574e-01 2.94916630e-01 -9.71408725e-01 -9.75450575e-02 1.19777083e-01 5.22027874e+00 5.84608436e-01 4.01041120e-01 2.02805325e-01 2.66690326e+00 2.90360511e-03 -5.95462173e-02 -4.45479780e-01 -1.37706846e-01 5.33170886e-02 -2.22990915e-01 -6.68182552e-01 4.08104956e-01 2.10268945e-01 2.71281809e-01 -3.64770144e-01 -4.39245224e-01 -6.16745055e-01 3.08470577e-01 -9.32349488e-02 -6.43584907e-01 2.77324051e-01 -2.69354105e-01
-2.53473911e-02 1.55441031e-01 -5.18815070e-02 3.70289795e-02 -1.88414361e-02 -1.28449255e-03 2.85733044e-02 -6.40837923e-02 1.98833998e-02 -1.89369172e-01 7.04139844e-02 3.67140695e-02 4.39316481e-02 9.01273042e-02 1.07463665e-01 1.47088449e-02 4.74227853e-02 4.78618359e-03 -3.23460903e-03 1.11265033e-01 2.52142489e-01 1.17363818e-01 -6.58364687e-03 1.43583752e-02 6.43117055e-02 1.57998782e-02 5.93605302e-02 2.72068322e-01 8.81914981e-03 1.38971466e-03 3.14505212e-02 2.48967558e-02
2.20796004e-01 -1.43018901e-01 -6.58295214e-01 6.68484420e-02 2.77879655e-01 -2.04267532e-01 -1.92095727e-01 -3.42727840e-01 2.80794650e-01 -6.78686142e-01 9.12802666e-02 -3.57193984e-02 1.82673022e-01 8.32992569e-02 -5.90496883e-02 1.99688748e-01 -3.26860398e-01 5.79534888e-01 -1.04986422e-01 9.01037276e-01 2.82391131e-01 3.05466596e-02 -4.48585510e-01 -1.01598352e-01 -1.62981823e-01 -4.57096815e-01 8.62905443e-01 -4.92958397e-01 2.08781749e-01 3.28794509e-01 -2.41957828e-02 2.31425628e-01
-2.79805362e-01 -1.07767075e-01 -2.26561308e-01 -2.17505023e-01 2.36969933e-01 1.19346669e-02 1.53831273e-01 1.05873503e-01 4.38421100e-01 -4.02037680e-01 -1.78134829e-01 -8.99158418e-01 4.80566591e-01 -1.46059453e-01 -1.50855169e-01 2.56685112e-02 -1.69743195e-01 9.37514380e-02 1.88963145e-01 -1.00674033e-01 -4.06343453e-02 -1.54200137e-01 4.36814278e-01 -2.89417684e-01 2.09637135e-01 1.94557339e-01 -1.86908379e-01 3.89249116e-01 3.41526717e-02 3.40743184e-01 4.19490308e-01 1.47263542e-01
7.42854327e-02 1.83889955e-01 -1.80936120e-02 6.84412941e-02 -5.66729605e-02 1.07481197e-01 -1.91108435e-02 -7.65730441e-02 6.39128834e-02 7.83526525e-02 6.86179101e-02 1.15792572e-01 -6.53233603e-02 -7.26072118e-02 1.11102700e-01 4.32088524e-01 6.35725632e-02 -3.01362067e-01 4.34692316e-02 -1.00378715e-01 -1.10272676e-01 -1.32476628e-01 -4.62619239e-04 -2.28818487e-02 3.75213325e-02 1.28975615e-01 4.16326942e-03 4.85254731e-03 1.10385321e-01 1.29901785e-02 5.53334923e-03 4.23905514e-02
6.68095767e-01 -1.35631874e-01 6.44998848e-01 5.51159561e-01 -2.83343017e-01 -3.64221156e-01 -7.44002581e-01 -1.73277140e-01 -1.76336735e-01 -9.45201993e-01 -6.93557560e-02 9.48689580e-01 4.66894150e-01 -4.71206009e-01 7.19311953e-01 4.96828467e-01 -7.81465918e-02 -3.00760597e-01 5.68727911e-01 4.52774167e-01 -4.92959648e-01 3.97136658e-02 4.02799666e-01 1.81982592e-01 1.05268508e-01 -3.98243308e-01 1.17065541e-01 3.31512064e-01 -1.65683404e-01 -6.07903004e-02 -4.17980440e-02 4.17540640e-01
2.65466839e-01 -1.10317320e-01 3.52484509e-02 1.72934189e-01 4.82560769e-02 1.28518850e-01 9.37982202e-01 4.04234454e-02 4.44462419e-01 2.24331439e-01 3.55156481e-01 3.47168714e-01 -4.20362800e-01 -5.65460503e-01 9.89720076e-02 -8.97486866e-01 -6.06175922e-02 -6.44816637e-01 -3.83140147e-02 -4.55597132e-01 -5.52874506e-01 -1.66065488e-02 2.38287583e-01 -1.58650745e-02 2.89797671e-02 -4.45642024e-01 -6.81171715e-01 4.96895581e-01 -1.33461684e-01 -1.65667862e-01 2.46087074e-01 -2.04404555e-02
-7.11331517e-02 -5.34253791e-02 -2.65973568e-01 4.35249835e-01 9.20537561e-02 4.41081315e-01 1.31873682e-01 -2.29987860e-01 -2.57514387e-01 2.94497788e-01 5.51368073e-02 4.46472922e-03 4.15598214e-01 3.90797645e-01 -9.32164863e-02 -5.08605063e-01 5.06149888e-01 -7.37109557e-02 -8.80638510e-02 -2.73847878e-01 -1.56627968e-01 5.28991185e-02 -2.72052288e-01 1.94307193e-01 -1.99340612e-01 -1.14449620e-01 -3.33852358e-02 -6.99726880e-01 1.16223708e-01 -7.85664022e-02 -1.21685982e-01 -4.41455483e-01
7.97204554e-01 -3.33952270e-02 -2.87136823e-01 1.52418911e-01 1.77770138e-01 -4.97274041e-01 -9.30731557e-03 3.24927956e-01 2.66473800e-01 -2.58668804e+00 9.17084962e-02 1.87937841e-01 3.93115133e-01 -1.59026659e+00 1.23566404e-01 3.46858501e-01 1.47871733e-01 2.35068843e-01 -2.15303183e-01 7.80094136e-03 4.58996922e-01 -2.07252979e-01 -3.17042202e-01 -4.04808708e-02 -3.97235245e-01 -1.85752422e-01 -6.98699430e-02 -1.30505219e-01 1.80154219e-01 9.26275328e-02 -1.99486986e-01 -1.48143038e-01
-8.99166942e-01 1.60227537e-01 3.54739614e-02 1.16952203e-01 -1.70561269e-01 -3.37681234e-01 1.09883785e+00 -6.39661029e-02 -1.03639317e+00 7.65479565e-01 -7.37391710e-01 4.54176553e-02 1.73705444e-01 8.13430548e-02 -7.14865088e-01 5.37865460e-01 6.08538210e-01 4.28944528e-01 1.26784831e-01 1.87890865e-02 -2.50748008e-01 4.36671913e-01 5.32754123e-01 9.52057540e-01 -5.20724177e-01 5.14871180e-01 -6.23539805e-01 5.24716489e-02 8.42132509e-01 -4.58206117e-01 9.41031948e-02 1.33743688e-01
-6.25314176e-01 5.20628154e-01 4.18516807e-02 -2.22665310e-01 5.00392735e-01 2.40748957e-01 3.85609642e-02 6.06310487e-01 -3.70569557e-01 5.59873521e-01 -1.04037728e-02 -9.06289592e-02 3.04317892e-01 2.58399993e-01 -4.57925737e-01 -4.96232584e-02 -2.04647407e-01 -1.11243047e-01 2.99399018e-01 -4.24830317e-01 3.49032208e-02 -1.86562166e-01 9.52957347e-02 -4.69076872e-01 1.00281700e-01 -1.08674735e-01 -6.49582028e-01 -4.88515764e-01 2.60135204e-01 -4.39482957e-01 -1.45286366e-01 -2.95900077e-01
-1.37800008e-01 2.16995850e-01 4.48309183e-01 3.43724847e-01 -2.11506382e-01 -2.86354363e-01 -9.15179029e-02 1.42168561e-02 2.53119558e-01 -4.33768421e-01 -6.03010893e-01 -4.34128903e-02 -2.54091144e-01 -2.62205303e-01 6.75573051e-02 7.12198377e-01 -9.22733843e-02 2.58131325e-01 2.54217356e-01 2.12809503e-01 6.98452517e-02 -7.36894906e-01 1.90965921e-01 1.05163895e-01 2.97834724e-01 1.76158175e-01 -3.41216917e-03 -5.75698018e-01 -2.45525151e-01 -1.33725733e-01 7.69023299e-02 -2.81259030e-01
-7.66069293e-01 4.70407397e-01 -6.12122059e-01 -1.00979495e+00 -2.27870643e-01 -2.42235139e-01 -3.45258832e-01 3.83338392e-01 1.32675797e-01 4.60733265e-01 -5.94946146e-02 1.88299716e-01 1.77967429e-01 2.80180931e-01 -1.70928575e-02 1.05571640e+00 6.90294385e-01 1.15339649e+00 -6.46529913e-01 7.72322416e-02 5.37576199e-01 -7.60475278e-01 -6.51307225e-01 4.08440262e-01 -1.76180616e-01 -4.43456590e-01 2.79542923e-01 2.73359656e-01 5.28757870e-01 -8.14192235e-01 1.80452779e-01 -2.29606807e-01
1.31511003e-01 -5.46512127e-01 -5.88292368e-02 -9.95378941e-02 -5.94343066e-01 5.42288303e-01 8.70804787e-02 -4.72781748e-01 4.82847661e-01 9.19541478e-01 -2.05376208e-01 1.01252005e-01 5.36276579e-01 4.31736916e-01 2.18680426e-02 -1.01560879e+00 -4.65040177e-01 -1.00175822e+00 2.06115171e-02 1.97561190e-01 2.45424047e-01 3.40957731e-01 2.04087958e-01 1.61986500e-01 2.55489677e-01 9.04443190e-02 -3.95092845e-01 -2.52204418e-01 -2.73757249e-01 -3.23551387e-01 4.61001158e-01 3.19185168e-01
-2.11017895e-02 -9.34487164e-01 3.27913612e-01 1.62061429e+00 1.58070788e-01 5.77339791e-02 -1.52316585e-01 -2.99113274e-01 -1.75894767e-01 1.90322995e-01 1.12694740e+00 -1.03327394e+00 -1.14032555e+00 -3.93855661e-01 1.51915058e-01 -1.14673063e-01 -1.17517400e+00 5.92064261e-01 6.62801802e-01 -6.38307810e-01 8.80622387e-01 1.54542327e-01 -2.23283917e-02 -1.08843900e-01 6.80903867e-02 -5.43056369e-01 2.42287502e-01 -3.65965143e-02 -9.16579425e-01 1.29929876e+00 -6.75788879e-01 -7.04347640e-02
-8.30808878e-01 -2.59578466e-01 4.58030403e-01 1.94512248e-01 -5.27804554e-01 3.24932575e-01 3.13816279e-01 -6.55689836e-02 -5.05469143e-01 -1.58556551e-01 -9.16654885e-01 2.05497041e-01 4.04248297e-01 1.50873393e-01 2.57812351e-01 -3.57120246e-01 2.79229134e-01 -5.45456707e-01 2.19179049e-01 -4.16087955e-01 -8.63487720e-01 3.92510772e-01 1.04486950e-01 -6.29941642e-01 1.80331305e-01 5.36742091e-01 -5.23708798e-02 1.29817262e-01 -4.88236040e-01 -1.60186872e-01 -1.05829313e-01 -1.41485389e-02
-2.76739597e-01 -3.62196594e-01 -1.91330984e-01 -1.28486797e-01 -1.77282974e-01 -6.39804453e-02 2.48617038e-01 2.41845936e-01 -6.83482885e-01 1.29533064e+00 -1.30872890e-01 -1.07984722e-01 -5.24556220e-01 5.04228234e-01 -1.40680134e-01 7.82648772e-02 7.40175741e-03 2.27256164e-01 -6.86586834e-03 -2.00381294e-01 2.00136051e-01 1.13876440e-01 3.56099099e-01 5.54177277e-02 2.47069504e-02 -8.12208205e-02 -1.65824845e-01 2.12130085e-01 2.77346641e-01 3.32094789e-01 4.85657789e-02 1.28465340e-01
-3.45797054e-02 -2.73410708e-01 -1.43284369e-02 -1.31966263e-01 -2.87554830e-01 3.91088367e-01 -3.18354040e-01 -3.97683889e-01 1.43221781e-01 -5.18825293e-01 1.00087803e-02 4.48109031e-01 2.33195320e-01 2.87270367e-01 2.33099967e-01 -4.06150669e-01 -3.84717017e-01 -1.11020231e+00 -7.34899491e-02 -2.64883310e-01 -1.36065781e-01 8.66605580e-01 3.80516499e-01 5.64616084e-01 -4.35236543e-01 1.74441293e-01 9.88603234e-02 -2.66609460e-01 -3.28793824e-01 -2.93704152e-01 -1.53233767e-01 -1.06278561e-01
2.80406270e-02 -5.63655570e-02 1.24244593e-01 -8.94676074e-02 2.49593958e-01 -8.82501677e-02 1.86354388e-02 -3.32907051e-01 -1.82228565e-01 3.47436786e-01 1.36873126e-01 1.82412937e-01 7.76937827e-02 -3.02080065e-01 -6.00502826e-02 -2.80066103e-01 6.04192093e-02 1.39030859e-01 -1.77896127e-01 -5.41341066e-01 1.30569816e-01 -1.51250839e-01 -1.04976669e-01 -3.06084473e-02 -1.58952065e-02 2.09004551e-01 -6.00824915e-02 4.25163619e-02 1.02283984e-01 7.20294118e-02 -4.41231057e-02 -1.47819903e-03
1.04415856e-01 -5.44431210e-01 -2.43383303e-01 7.69007742e-01 -2.11021319e-01 -4.72534537e-01 2.11703047e-01 -1.45925224e-01 -1.82968333e-01 2.95941401e+00 -5.54499686e-01 9.67681289e-01 6.45635605e-01 8.91567707e-01 7.61934996e-01 1.36536911e-01 4.50098068e-02 1.53838664e-01 5.43138742e-01 3.64510030e-01 2.21177429e-01 1.52667582e-01 -1.86805934e-01 1.07453763e+00 -5.84528781e-02 1.28994077e-01 -2.98539639e-01 3.01956803e-01 3.14371400e-02 3.88760045e-02 1.01288784e+00 2.98277754e-02
-1.03916802e-01 1.81918085e-01 1.27212077e-01 7.51859099e-02 2.33762003e-02 -4.84555438e-02 2.19004974e-02 1.01277068e-01 4.84858593e-03 -4.84274253e-02 1.69271916e-01 8.27005953e-02 8.82026404e-02 -2.43431684e-02 1.66696653e-01 1.60626516e-01 3.98986824e-02 -1.48221627e-01 -3.34783457e-03 9.28033069e-02 -1.71736926e-01 -6.34488389e-02 -8.28840863e-03 -1.23204356e-02 -4.58144844e-01 -2.27516830e-01 4.86933887e-02 -1.29148275e-01 -5.79476506e-02 -5.53132854e-02 4.15448695e-02 -4.55198705e-01
1.43718510e-03 -7.09556863e-02 -4.93303314e-02 2.56578643e-02 -2.40314886e-01 2.00834796e-02 -2.90955044e-02 1.61299750e-01 6.28063157e-02 -4.47657481e-02 -1.08631384e-02 -2.31432244e-02 -6.66281432e-02 4.18212675e-02 -7.83910453e-02 2.00390622e-01 -1.12244800e-01 -1.09875299e-01 4.29608896e-02 3.29866081e-01 -2.47547418e-01 -9.40666646e-02 1.61187388e-02 -2.56124828e-02 1.54655650e-02 -9.48792323e-02 -6.26059771e-02 -6.32354096e-02 -5.95881939e-02 5.30885123e-02 3.61495540e-02 -7.47990003e-03
8.11093330e-01 -2.85630673e-01 3.33457857e-01 3.51625860e-01 -4.41637218e-01 2.38881316e-02 -6.15156770e-01 1.04071805e-02 7.09408641e-01 4.90834117e-02 -1.87218115e-01 4.20536213e-02 4.72543463e-02 2.37276986e-01 7.59808481e-01 -7.81718433e-01 -4.70355779e-01 -8.16460550e-01 5.00737190e-01 -2.83129692e-01 -7.33664274e-01 2.32230067e-01 -1.18437782e-01 2.14366585e-01 8.38910818e-01 -3.34484540e-02 2.34150514e-01 -1.60962582e-01 -5.06027043e-01 2.38129988e-01 1.12002969e-01 6.89414963e-02
1.89375151e-02 -4.23892528e-01 -2.20618680e-01 3.55008125e-01 2.39605904e-01 -5.29861033e-01 1.38701111e-01 1.44128010e-01 1.56926423e-01 -2.29769126e-01 -2.90910900e-01 5.00356138e-01 4.14295733e-01 -2.64752030e-01 2.72021204e-01 -3.98867905e-01 -3.35788488e-01 -6.23619437e-01 1.92031935e-02 -3.92012537e-01 -1.99928060e-01 1.36644663e-02 4.32866633e-01 6.28320217e-01 -4.57224958e-02 -2.52647161e-01 3.82542342e-01 -1.32906541e-01 5.64826168e-02 -4.69725877e-01 1.39878675e-01 1.31739989e-01
9.46928859e-02 -2.50305515e-02 7.31274843e-01 1.09862134e-01 -1.18750310e+00 -4.00769323e-01 1.72337189e-01 -1.63001075e-01 7.15585291e-01 5.28058946e-01 -1.43466249e-01 -3.64592493e-01 3.99660226e-03 6.62225902e-01 -1.56864561e-02 -2.36618495e+00 -3.19605350e-01 -2.90110350e+00 2.20367968e-01 8.88285693e-03 -8.52757990e-01 6.53444469e-01 1.17068678e-01 1.28044754e-01 2.66966879e-01 1.12255909e-01 3.41714561e-01 2.36924753e-01 -1.87443316e-01 -7.70384789e-01 -8.23808491e-01 1.13546103e-01
-2.29084909e-01 -2.61755437e-01 -2.42119983e-01 -2.71276653e-01 -2.82043308e-01 5.82292497e-01 1.39759526e-01 -9.66361612e-02 -1.21709920e-01 3.78844231e-01 -1.84095517e-01 1.37987912e-01 5.02516814e-02 -2.86904156e-01 -1.06409162e-01 -4.92429227e-01 2.94533104e-01 -6.08340263e-01 -3.06303293e-01 1.27508687e-02 -3.09392989e-01 3.95529360e-01 -1.10542759e-01 3.61635596e-01 3.60278159e-01 -5.19692957e-01 4.89739954e-01 5.17500192e-02 8.16901177e-02 1.44862130e-01 -6.57740533e-02 4.70715463e-02
4.90764350e-01 6.90189183e-01 6.70982063e-01 -4.00334507e-01 1.88105613e-01 1.44598797e-01 1.60504177e-01 -1.14591017e-01 -7.85443127e-01 9.56286013e-01 -2.84344375e-01 -2.42655754e-01 -4.40035552e-01 1.11221969e+00 1.52515724e-01 1.16810612e-01 3.07971444e-02 -9.31971669e-01 2.95756668e-01 -2.78740615e-01 5.56986965e-02 6.89063191e-01 -1.50024042e-01 -4.00848806e-01 6.53380752e-01 -7.67785192e-01 4.92984176e-01 -7.60804266e-02 -3.12649190e-01 -5.99655449e-01 -4.99836616e-02 -4.66991216e-01
-2.08671652e-02 -3.76113206e-01 1.98161349e-01 -1.80036202e-01 -2.08811343e-01 1.11169390e-01 1.05706312e-01 -2.96163619e-01 -4.62769359e-01 -3.30002844e-01 -1.12242304e-01 1.52247977e-02 -9.64675248e-02 4.58547950e-01 5.14245868e-01 2.77691036e-01 2.67444849e-01 -4.95764285e-01 4.96304221e-02 1.60116762e-01 -2.49364436e-01 3.08033466e-01 -3.78125966e-01 1.74402967e-01 -4.18076515e-02 -2.63209969e-01 4.02061552e-01 7.27098763e-01 -4.14519221e-01 -4.63548094e-01 2.29816347e-01 3.20514590e-01
-1.29513264e+00 9.13211256e-02 1.74933970e-01 -1.34648144e+00 -1.30767971e-01 -2.63779797e-02 1.94932893e-01 5.81299722e-01 8.81290808e-02 4.20039356e-01 -1.02050805e+00 7.49281347e-01 1.12636101e+00 3.53257507e-01 -6.07453108e-01 3.21546078e-01 5.57506621e-01 -4.10060018e-01 -3.44714612e-01 1.03593993e+00 -5.24480522e-01 -2.65327096e-01 -2.88373411e-01 -4.20096405e-02 6.09945953e-01 1.03436232e+00 8.20196509e-01 6.06718659e-01 5.43413877e-01 -1.06439447e+00 2.23263800e-01 2.00463921e-01
-8.73346105e-02 8.44605193e-02 2.92551786e-01 -5.10404706e-02 3.53952557e-01 -9.41334665e-02 -2.10517775e-02 3.79524343e-02 -4.65537310e-02 2.03444153e-01 2.02220939e-02 2.54694819e-02 -6.71170326e-03 -1.14008829e-01 9.00247395e-02 -1.31879866e-01 8.24580565e-02 5.21461330e-02 -6.28366647e-03 -4.21809733e-01 1.43586844e-01 -1.08988859e-01 8.55842046e-03 2.31118649e-02 1.40852645e-01 -1.11207766e-02 7.01185763e-02 1.43499553e-01 4.22575399e-02 -9.18061286e-02 -2.53048968e-02 5.42123765e-02
-8.50145966e-02 2.79452235e-01 2.86451250e-01 -1.43048137e-01 1.86084837e-01 7.49532282e-02 6.82573259e-01 3.06705743e-01 1.16191432e-01 -1.21579885e+00 -3.69034141e-01 5.56984127e-01 6.78714693e-01 -3.39068145e-01 -4.97566074e-01 -5.81383668e-02 5.97036779e-01 -3.14865112e-01 -1.39466329e-02 -3.47025305e-01 8.59409392e-01 -2.87152320e-01 -1.31219737e-02 -1.35373855e+00 -4.21039350e-02 5.33221841e-01 -1.01511681e+00 -8.73014510e-01 2.88144767e-01 -1.42512128e-01 -3.17246057e-02 -2.43531436e-01
6.19438052e-01 -2.95976102e-01 -2.87991434e-01 4.27513897e-01 -4.30547185e-02 -6.66675568e-02 -1.15103275e-01 -1.20348692e-01 5.09626448e-01 -1.42993614e-01 -1.29688680e-01 -3.55622992e-02 7.71805882e-01 -3.67533743e-01 3.41058284e-01 -3.06776792e-01 -1.52020194e-02 -4.72537428e-01 1.73199639e-01 -6.17185459e-02 -3.46745580e-01 1.28763378e-01 1.55363530e-01 1.38964832e-01 5.91657031e-03 -1.95915148e-01 7.81617045e-01 4.68279034e-01 -3.32715720e-01 3.24238777e-01 1.47468701e-01 2.66772807e-01
-1.94110662e-01 3.17978084e-01 -1.29065618e-01 -5.89242280e-02 -6.31343484e-01 -2.37251833e-01 9.68340337e-02 4.43612933e-01 -5.53236641e-02 -5.61247051e-01 -1.86702877e-01 1.33450888e-03 -3.32550585e-01 1.91013664e-01 2.71300107e-01 -2.12965399e-01 -1.12130269e-01 2.03650758e-01 7.93121532e-02 3.63572001e-01 -2.48209134e-01 -5.06926924e-02 -4.02824171e-02 -4.45231199e-02 -1.11711867e-01 -9.44611356e-02 2.58319616e-01 -2.70810992e-01 1.14403091e-01 -4.00226936e-03 7.51524195e-02 1.61428452e-01
8.78474023e-03 -5.60725689e-01 -1.05228797e-01 -1.08438425e-01 -5.80412187e-02 -1.02935061e-01 -2.20954008e-02 -1.53058216e-01 -4.57449883e-01 4.80865389e-01 -1.41390553e-02 7.51075894e-02 3.59180570e-01 3.32391351e-01 -1.20296977e-01 -5.74488819e-01 -2.11614758e-01 -6.83012605e-02 -3.14029120e-02 5.17545529e-02 1.06392905e-01 -3.50410156e-02 6.25996351e-01 4.08264846e-02 -3.55498612e-01 2.37946048e-01 3.35439235e-01 7.08323941e-02 -3.61464955e-02 1.24022834e-01 2.05468237e-02 -2.35064432e-01
1.01151967e+00 -5.08545246e-03 -6.12843990e-01 1.75236136e-01 3.04399341e-01 1.09116666e-01 4.79231983e-01 1.83414117e-01 -3.17372650e-01 -9.29542840e-01 -8.53954494e-01 1.37737322e+00 1.08345866e-01 -9.29664373e-01 3.10271472e-01 7.89210796e-01 3.40130553e-02 6.06402755e-01 -1.85350388e-01 1.39915287e-01 -1.47720361e+00 -4.05842900e-01 -7.81296849e-01 -1.73882887e-01 -3.96611512e-01 3.92303653e-02 2.26800352e-01 5.06351471e-01 -2.25860644e-02 4.11472321e-02 -6.52451143e-02 4.49644685e-01
-1.42631218e-01 1.34619325e-01 -9.78542566e-01 -2.40520667e-02 3.14569652e-01 3.54248285e-01 4.22232710e-02 -8.96072481e-03 5.54135889e-02 4.83481526e-01 -3.67328972e-01 -1.23618209e+00 3.31465214e-01 1.53943360e-01 -3.62488359e-01 6.11918032e-01 3.00769485e-03 1.40168381e+00 -4.20843363e-01 1.31745055e-01 3.07827502e-01 -1.58047870e-01 -2.19289046e-02 6.38794303e-01 -2.52344549e-01 7.33334064e-01 -4.87286262e-02 -2.95408994e-01 8.49334523e-02 1.65960968e-01 7.12801874e-01 -7.37235248e-02
-5.61572472e-03 4.51570004e-01 -1.44735262e-01 -6.42670572e-01 -8.18464980e-02 7.03404009e-01 2.97005773e-01 8.15799892e-01 3.26972753e-01 2.75119692e-01 9.29062963e-01 -2.39771053e-01 1.10140949e-01 1.87032402e-01 -3.56328078e-02 -6.72663569e-01 3.64953548e-01 -2.54198369e-02 -3.28786582e-01 -4.80235219e-01 -8.97786915e-02 -2.09907144e-01 2.10243091e-01 8.89647603e-02 -2.31983513e-01 1.99162617e-01 9.28516779e-03 5.75392088e-03 -5.31227946e-01 2.24641293e-01 -1.95377529e-01 1.19069770e-01
7.37772956e-02 2.05950961e-02 -1.55715168e-01 8.30036215e-03 7.31624011e-03 7.03566521e-02 2.82867402e-02 8.51351246e-02 -3.19329575e-02 -5.05776033e-02 -6.01947755e-02 -3.86105597e-01 2.45549604e-01 2.07542747e-01 1.54325757e-02 1.00900844e-01 8.38519856e-02 -5.04731871e-02 8.90847296e-02 2.54283935e-01 1.27343953e-01 2.84369379e-01 1.44636743e-02 2.20486864e-01 -1.03392743e-01 -2.84602582e-01 -1.76836997e-01 -1.79064035e-01 -3.20681125e-01 -1.42551154e-01 5.97692747e-03 -2.68640697e-01
4.27448332e-01 7.19544068e-02 5.62797070e-01 3.80872458e-01 3.28524709e-01 4.05480146e-01 9.80286300e-01 -3.51910502e-01 7.27255464e-01 -7.48837292e-02 -6.32269561e-01 2.02167243e-01 -5.08391201e-01 -3.78333032e-01 -7.08168671e-02 2.52019942e-01 -5.64300716e-01 -5.07876575e-01 2.66713947e-01 1.06180208e-02 -1.22965910e-01 5.87939143e-01 2.13616550e-01 6.56212151e-01 2.29944009e-02 -1.22005321e-01 -2.44668633e-01 1.86829761e-01 1.82641938e-01 3.98517281e-01 -1.61806107e-01 1.34435641e-02
-3.08047593e-01 -5.37628293e-01 1.50493932e+00 9.37551856e-02 -8.87226045e-01 -1.56513214e-01 -1.17404103e+00 -1.00736535e+00 2.96795338e-01 1.08975363e+00 1.57146938e-02 -4.75215077e-01 -3.00551057e-01 1.07101369e+00 6.36003852e-01 -2.06525373e+00 1.48192495e-01 -2.73013139e+00 1.80876434e+00 8.15467596e-01 -5.61150372e-01 1.70065665e+00 -4.13485169e-01 2.72413552e-01 3.43547165e-01 -7.05079377e-01 -2.43622363e-01 3.81580532e-01 1.47270903e-01 4.35322039e-02 7.57922053e-01 1.52011424e-01
1.66744031e-02 -1.21498350e-02 6.61534071e-02 4.28545065e-02 3.89775753e-01 -1.06485123e-02 1.27024185e-02 1.05802100e-02 5.66430874e-02 -9.98971518e-03 -1.03906291e-02 -7.24112988e-02 1.00833640e-01 -1.02899130e-02 -5.12788864e-03 -7.12052509e-02 1.19742658e-02 -5.19146994e-02 -6.48121089e-02 8.71341601e-02 1.36904985e-01 3.90703976e-02 -1.64424516e-02 -1.09717790e-02 -1.29040673e-01 -1.46903023e-01 1.71462595e-02 3.41794044e-01 -3.80746014e-02 -5.75770363e-02 3.69308740e-02 -2.40467966e-01
-4.89158303e-01 -7.83831328e-02 -2.00353578e-01 9.48410183e-02 -1.69693425e-01 1.44021928e-01 -4.20070708e-01 6.07621551e-01 1.45251006e-01 1.77482944e-02 4.94384058e-02 3.38521153e-01 3.43043000e-01 2.07385808e-01 3.58846188e-01 -3.56852382e-01 -2.15766802e-01 4.53998819e-02 -1.30363956e-01 -1.59417316e-01 2.54532993e-01 -7.45710373e-01 -1.19663253e-02 -1.94173932e-01 -1.38313055e-01 -3.06656033e-01 -4.56917256e-01 -6.36633718e-03 -2.87865192e-01 -7.19040856e-02 -1.32547930e-01 3.47737014e-01
-3.64901610e-02 -2.27589697e-01 5.86314380e-01 2.69243866e-01 -6.06467247e-01 2.90605873e-01 3.22414368e-01 -6.08035862e-01 5.12054801e-01 3.61986756e-01 -7.14969561e-02 4.02043998e-01 -1.02899626e-01 1.74276769e-01 2.12127045e-01 -2.10420704e+00 8.63424614e-02 -1.01614642e+00 7.62517974e-02 1.55388579e-01 -4.55490983e-04 1.61684200e-01 2.95651942e-01 1.98955044e-01 -1.54515728e-01 -5.40034473e-01 -6.76954836e-02 -2.86980152e-01 -3.92767340e-01 -4.74875569e-01 4.58899915e-01 -3.78050089e-01
-1.62635550e-01 5.58760390e-02 -1.33873820e-01 1.30032912e-01 -1.21879838e-01 -6.64853305e-02 3.07603151e-01 -1.80768713e-01 -6.75917566e-01 1.66111279e+00 -3.91497493e-01 -5.76277152e-02 -2.52458811e-01 1.25890386e+00 -2.47978508e-01 7.89512321e-02 3.76656987e-02 4.04186770e-02 -1.02796935e-01 -2.72904962e-01 2.12502461e-02 2.26547629e-01 -5.60342893e-02 -2.11792424e-01 -1.77384600e-01 8.62530768e-02 4.09461677e-01 4.67803538e-01 1.84010640e-01 -4.84661162e-01 3.54905874e-01 -5.65972924e-02
-4.81766462e-02 -1.66741475e-01 5.49874544e-01 4.74868089e-01 3.53376269e-02 -4.23995703e-01 -1.10647488e+00 1.33086070e-01 2.46621683e-01 3.85436952e-01 8.76554772e-02 -4.81511615e-02 1.18767411e-01 1.53216302e-01 -2.92301327e-01 7.55648196e-01 4.53174226e-02 4.01517034e-01 -1.22051999e-01 -2.95965195e-01 7.96791017e-01 3.56962830e-01 3.18937212e-01 -6.03486061e-01 1.29342899e-02 3.30740139e-02 -2.05831483e-01 2.93923527e-01 -1.33068934e-01 3.23494464e-01 -2.05813810e-01 -2.77730912e-01
1.05314386e+00 -3.22976828e-01 4.78448361e-01 9.04016376e-01 -3.35036576e-01 2.11833537e-01 -7.09063292e-01 -4.77613389e-01 4.47134495e-01 -1.05254066e+00 -3.49610448e-01 8.07287514e-01 -1.15873873e+00 -3.39389175e-01 6.02099776e-01 -3.19172323e-01 -1.93610694e-02 5.82441650e-02 4.75279689e-01 8.07111979e-01 2.63041437e-01 -4.13742572e-01 -2.06352901e+00 -5.88797510e-01 5.51316559e-01 6.46303117e-01 -8.86518300e-01 -3.42269391e-01 9.31901634e-02 1.17959177e+00 -4.71505344e-01 -1.09661952e-01
-1.78620163e-02 1.76658511e-01 -3.31238806e-02 -4.97098453e-02 -1.78966269e-01 -4.23980728e-02 3.79235856e-02 -4.88517471e-02 -5.39498329e-02 -2.79805306e-02 4.53943610e-02 9.35254768e-02 8.54402259e-02 -5.54262772e-02 1.65087804e-01 -1.56770632e-01 9.58204493e-02 1.70625478e-01 -1.52401533e-02 -2.81046450e-01 1.43223360e-01 2.89343074e-02 -1.14901075e-02 -2.13171430e-02 -3.11588854e-01 -3.96057963e-02 1.92643423e-02 -8.04578587e-02 -8.32395069e-03 -8.34461674e-03 2.45150132e-03 -2.09943205e-01
1.43358633e-01 2.98464417e-01 1.61919391e+00 4.34730828e-01 -1.18018353e+00 1.44630820e-01 -1.75133541e-01 -5.51341474e-01 8.31119716e-01 5.48312724e-01 1.72340751e-01 -3.24610084e-01 -8.82529557e-01 9.79560733e-01 1.31423194e-02 -3.32799554e+00 -2.52858222e-01 -4.46938896e+00 3.89335752e-01 1.14970244e-01 -1.23698151e+00 9.67939436e-01 3.37396055e-01 1.75062701e-01 2.16462299e-01 -1.43717870e-01 -5.36002457e-01 6.53265119e-01 -1.66316152e-01 -2.01395918e-02 4.18458544e-02 5.87835722e-03
-8.63449931e-01 9.29609612e-02 6.96718618e-02 -6.67109787e-01 6.07834831e-02 -7.67308176e-02 -2.91012108e-01 4.43456531e-01 -6.74489066e-02 2.33143531e-02 1.87956929e-01 -3.71784657e-01 3.67570102e-01 5.14236808e-01 -3.09710532e-01 -2.81302571e-01 1.20443866e-01 -1.18239813e-01 -3.19974303e-01 8.77985358e-02 1.62574977e-01 6.37060821e-01 3.20371002e-01 -1.62596375e-01 -2.13106722e-02 2.55552649e-01 -6.36966825e-01 6.71278639e-03 4.29853201e-02 -4.85516846e-01 -5.38272224e-02 -8.49961638e-01

layers.2.bias:
-1.42389941e+00
-7.79574633e-01
3.89353812e-01
-5.84256470e-01
1.24979101e-01
-3.78128111e-01
2.46935248e-01
2.16553783e+00
5.98175287e-01
7.74155259e-01
-9.17484701e-01
-1.36312330e+00
-3.37386996e-01
9.15317178e-01
-2.60039091e-01
-7.56956220e-01
-6.88935369e-02
-7.45602787e-01
3.09290469e-01
-8.05239528e-02
-1.53732389e-01
8.11371148e-01
6.90725982e-01
-1.04045913e-01
-3.97869200e-01
9.69727397e-01
-9.75608408e-01
-1.06528926e+00
4.97701019e-01
-1.10745656e+00
1.09864818e-02
-2.67189648e-02
8.57826710e-01
1.17175937e-01
-3.35228026e-01
-1.21969059e-02
-1.42838821e-01
1.37576830e+00
1.00502288e+00
-6.72055259e-02
9.47316170e-01
-1.99367508e-01
-5.36997080e-01
1.34048128e+00
2.59762287e-01
-9.36298490e-01
1.08216870e+00
-3.50609452e-01
7.88873911e-01
1.78099859e+00
1.86493129e-01
3.45827907e-01
1.14254721e-01
-6.04290724e-01
1.87261358e-01
-1.92396007e-02
5.81073225e-01
-1.34238362e-01
-5.91486990e-02
-5.62967598e-01
7.17759788e-01
6.46223947e-02
-2.33197942e-01
6.42206132e-01

layers.4.weight:
3.34918082e-01 2.61635464e-02 -5.18585891e-02 -6.73682196e-04 -1.81485154e-02 4.29145172e-02 -2.65035651e-05 -6.98703945e-01 1.34661436e-01 -3.84260327e-01 5.46717979e-02 8.96899760e-01 -1.64763272e+00 -9.30705145e-02 1.63259953e-02 -1.45429289e+00 -4.13476082e-04 6.01367839e-02 -4.28131345e-04 2.72690813e-04 8.09924770e-03 -3.60127762e-02 -2.57980661e-04 2.13336259e-01 -5.99965341e-02 -2.81457864e-02 1.50507679e-02 7.60712206e-01 -3.50610733e-01 3.79982889e-01 -1.52313970e-02 -1.26252055e-01 5.19243767e-04 4.58176713e-04 7.54471570e-02 -4.23312624e-04 -8.64655958e-05 -1.67761952e-01 -7.35381764e-05 1.65114626e-01 -7.78496591e-03 2.54070967e-01 1.67963244e-02 -1.17088117e-01 4.92332911e-04 1.37129709e-01 -1.73593138e-03 -3.88112385e-04 -7.38225952e-02 -6.54040992e-01 -7.13308528e-02 -7.79360242e-04 -2.02123279e-04 8.05456284e-03 -1.11732960e+00 -2.54245970e-04 2.94393772e-04 -2.91015148e-01 -6.25668466e-02 8.55828356e-03 -1.71126332e-02 -4.79490723e-07 7.73945570e-01 -1.10213030e-02

layers.4.bias:
-1.07947314e+00

