layers.0.weight:
3.31696361e-01 -5.67613244e-01 7.97264636e-01
5.69172144e-01 -8.09445798e-01 -5.80563486e-01
-8.31293464e-02 -6.13938749e-01 -5.77727258e-01
-1.07055378e+00 1.15616508e-01 4.58123112e+00
2.67282110e-02 4.11940843e-01 1.16166264e-01
-5.79876065e-01 8.58121514e-01 -1.84879377e-01
-1.31842160e+00 4.86020595e-01 -9.88645032e-02
-6.01682402e-02 7.88846374e-01 -9.23566997e-01
6.03414774e-01 -9.26082134e-01 5.12713566e-02
-1.11527514e+00 5.86289167e-02 -1.64189592e-01
7.53551662e-01 -9.85680073e-02 1.41279221e+00
-7.16238439e-01 -1.31785080e-01 -1.29353356e+00
-4.30584475e-02 7.12955832e-01 -1.57757306e+00
-1.16726887e+00 2.10410804e-02 5.00053525e-01
-6.46977663e-01 1.09646142e+00 7.52028525e-01
-1.81771189e-01 9.48456824e-01 1.64468549e-02
5.46070874e-01 -6.33792400e-01 -1.45019031e+00
-1.15504665e-02 1.12846863e+00 1.84981868e-01
8.07071701e-02 -9.54183042e-01 5.35116851e-01
3.41117471e-01 -1.28724232e-01 -8.64976227e-01
2.23475501e-01 1.65966094e-01 -5.10879010e-02
-3.24195027e-01 -2.56797969e-01 -1.00232065e+00
-4.64660525e-01 1.65601885e+00 -4.46076952e-02
-1.56447518e+00 4.06930357e-01 1.75152493e+00
1.05132234e+00 3.79940838e-01 -7.78481364e-01
2.59609371e-01 6.71772659e-01 -1.17486012e+00
-1.16151750e-01 -2.13369340e-01 1.90187418e+00
-3.97779703e-01 -2.44972542e-01 1.92939892e-01
3.22416067e-01 7.57217348e-01 -1.46468067e+00
-1.04933763e-02 4.65525806e-01 1.70563948e+00
-2.89658904e+00 2.84448242e+00 -1.78299040e-01
-1.26738083e+00 -5.19488692e-01 1.02004325e+00

layers.0.bias:
8.77201200e-01
4.81547834e-03
-1.42384720e+00
-6.34384930e-01
7.07518518e-01
-2.04255387e-01
-3.54310095e-01
2.86240637e-01
-7.45998621e-01
-1.59115899e+00
1.64644122e-01
1.80825554e-02
2.46107668e-01
-1.21306002e+00
-2.90836543e-01
1.43946290e+00
9.34610724e-01
1.82654703e+00
-6.68276668e-01
5.78918040e-01
-1.44309163e-01
-1.35729384e+00
1.02535832e+00
-7.05530941e-02
1.36946186e-01
5.60703695e-01
8.80503118e-01
-1.57881156e-01
-4.88352716e-01
7.31267482e-02
8.91685039e-02
-6.70209900e-02

layers.2.weight:
-3.73546124e-01 2.14419127e-01 8.46036747e-02 -4.89209980e-01 -7.39059150e-02 2.18132939e-02 1.07178703e-01 -6.19211569e-02 -1.25616297e-01 2.86497426e+00 8.04339871e-02 7.21362084e-02 -2.18396023e-01 2.42230654e+00 -1.73037305e-01 4.00131047e-01 -7.23018274e-02 6.05878413e-01 1.46318421e-01 -2.70681173e-01 2.59865552e-01 -7.09936991e-02 -5.29017091e-01 6.01364017e-01 -1.09470397e-01 6.15887225e-01 -7.93709755e-01 -1.49299607e-01 -2.33861461e-01 -2.21940055e-01 -1.87326357e-01 2.69456059e-01
-2.41291579e-02 1.49445042e-01 -9.23538923e-01 9.72087383e-02 -2.48056561e-01 9.27611738e-02 -8.74289334e-01 -5.30158699e-01 5.76344311e-01 5.91470540e-01 3.85510325e-01 -3.34505826e-01 2.00059697e-01 -1.01436675e-01 -3.05511534e-01 3.09935778e-01 -3.69679749e-01 4.43125457e-01 -4.24970865e-01 -8.54474306e-02 6.14689708e-01 -1.83426321e-01 -3.92334044e-01 -1.03913508e-02 -9.11668222e-03 -1.12813339e-01 -2.79410958e-01 -5.27713716e-01 1.46051347e-02 -1.74124748e-01 -4.66017388e-02 1.97345421e-01
-3.33258025e-02 1.12304501e-02 3.89573544e-01 -6.82711959e-01 -1.11387777e+00 -3.49879190e-02 -4.19958740e-01 2.47741386e-01 4.90556985e-01 8.29757035e-01 -5.17576039e-01 -1.45246103e-01 9.14341882e-02 1.84735745e-01 -8.99742916e-02 -9.55926418e-01 -3.59311551e-01 -1.04135585e+00 -4.59393114e-03 6.94694519e-02 -4.39229935e-01 -8.02126005e-02 3.03768933e-01 -1.10197866e+00 -7.20763683e-01 3.43942285e-01 -1.10123837e+00 5.29437006e-01 3.16080719e-01 -3.03560704e-01 1.84425294e-01 5.16215086e-01
3.61152083e-01 4.26569507e-02 -2.96674706e-02 1.45997012e+00 5.32698274e-01 2.74475902e-01 5.45384347e-01 -3.51033479e-01 -3.39037329e-02 -1.57381788e-01 2.74558693e-01 -1.76779985e-01 -6.88685775e-01 4.62085195e-02 5.15242219e-01 4.75669533e-01 -1.76130474e-01 6.30347669e-01 4.34526443e-01 -8.34027886e-01 -9.35166061e-01 -2.65324384e-01 2.61320353e-01 1.30772448e+00 -4.47677106e-01 -6.62866890e-01 6.12140179e-01 2.39246517e-01 -7.78319538e-01 -4.73135971e-02 -1.32307664e-01 5.30027509e-01
1.97619930e-01 -3.94322485e-01 2.28071094e-01 -4.31931138e-01 1.63079917e-01 -3.15527558e-01 -1.51467776e+00 1.53306395e-01 1.90584674e-01 -6.38855696e-01 4.45042282e-01 -7.63805926e-01 7.90885389e-01 -8.10443640e-01 -2.84136664e-02 -8.54794919e-01 -3.70013952e-01 -7.79249310e-01 -1.45117179e-01 -1.27853319e-01 9.21928346e-01 -6.01219714e-01 2.59124786e-01 -3.27830970e-01 -5.87933302e-01 6.48589969e-01 1.10470891e-01 -7.23168075e-01 -1.86150879e-01 6.35224819e-01 -1.32604986e-01 -1.95208356e-01
-2.91686416e-01 3.23807716e-01 4.09295410e-01 1.33332670e-01 -8.82020295e-01 -3.50116611e-01 -3.52384239e-01 2.61763513e-01 3.56208861e-01 4.08841716e-03 6.40067041e-01 2.27005079e-01 -5.13304770e-02 -2.16058612e-01 -3.94553691e-01 -9.92079258e-01 -2.78052717e-01 -1.33190167e+00 7.78487086e-01 -1.73131853e-01 -6.07728183e-01 -5.63306781e-03 -7.00714648e-01 -2.35110760e-01 -1.40539169e-01 9.45693702e-02 1.24963306e-01 1.12099421e+00 -3.14338565e-01 -4.64051247e-01 -5.92229068e-01 5.54897726e-01
2.84850299e-02 -1.17214574e-02 -2.50023186e-01 -5.48595097e-03 -1.19755305e-01 1.72412738e-01 -6.22246563e-02 -4.17331994e-01 -1.03853285e-01 2.52574176e-01 2.92436451e-01 8.38684067e-02 2.86458820e-01 1.97174791e-02 1.27484554e-05 -3.04120690e-01 2.66713426e-02 1.03026368e-01 -3.43570113e-02 -3.05457920e-01 -3.83063555e-01 7.26296976e-02 4.72921692e-02 2.39071399e-02 1.72389686e-01 2.66431332e-01 -3.56382251e-01 -4.42351639e-01 -1.48493916e-01 7.44209439e-02 -5.19638695e-03 1.38732001e-01
3.03332746e-01 1.29671946e-01 -3.83444399e-01 3.48736078e-01 2.58923024e-01 -6.50676489e-01 1.36821702e-01 4.91868436e-01 9.36091468e-02 -2.99499929e-01 -1.34307757e-01 9.69410419e-01 3.21039647e-01 -5.42290330e-01 -1.99106127e-01 1.49332091e-01 5.27456105e-01 1.40277535e-01 2.76986390e-01 5.04472613e-01 -1.44670057e+00 -8.92916560e-01 1.19954482e-01 2.84237266e-01 2.09632382e-01 7.52477169e-01 5.95075309e-01 5.19194901e-01 -5.63839257e-01 4.86094683e-01 1.61836520e-01 -2.72209555e-01
1.45025462e-01 3.25907886e-01 -6.33966804e-01 -2.41505086e-01 1.41910684e+00 -4.92148578e-01 -5.85086644e-01 -3.62115592e-01 -6.12505615e-01 1.38415053e-01 4.96411383e-01 2.06456691e-01 6.71305835e-01 -2.29425758e-01 1.18917050e-02 1.90657544e+00 3.63066584e-01 1.56555271e+00 -5.22935629e-01 -1.20040447e-01 1.02249689e-01 -3.39790583e-01 3.40221566e-03 2.77186185e-01 5.90344854e-02 3.71632695e-01 6.57636598e-02 1.71117559e-02 -3.86129171e-02 1.69760197e-01 2.11702371e+00 -3.10524374e-01
-6.61846459e-01 1.11935876e-01 -6.60413280e-02 -5.67426980e-01 4.31576461e-01 6.26557618e-02 -5.70518784e-02 4.22443777e-01 3.95747632e-01 -1.23634405e-01 -3.41914743e-02 2.75526643e-01 2.30444729e-01 8.78449008e-02 -3.17204356e-01 -5.77727020e-01 3.97585779e-01 -3.86939049e-01 -4.66961712e-01 5.24009913e-02 -5.73686004e-01 -1.89263016e-01 1.57336712e-01 -1.21521100e-01 -1.69683680e-01 -4.38001379e-02 -2.18816102e-01 1.41074181e-01 3.08354616e-01 1.20803848e-01 1.85141772e-01 -3.72996591e-02
2.38508850e-01 -2.71627724e-01 -7.54106371e-03 -4.11286563e-01 -6.51999593e-01 -4.17086601e-01 -3.28424990e-01 1.78560704e-01 4.97404546e-01 2.54841924e-01 -5.78357518e-01 -6.40292093e-02 9.03266013e-01 -3.43110889e-01 -2.38311931e-01 -3.31534803e-01 -6.00756824e-01 -1.16926813e+00 4.06526355e-03 5.15051093e-03 1.00416648e+00 -2.10618407e-01 -9.44025576e-01 1.23774543e-01 -1.18058503e-01 -1.85029097e-02 -4.82214034e-01 -5.04251897e-01 2.75483191e-01 -4.46354538e-01 -1.35504663e-01 3.85815054e-01
-1.26472607e-01 -1.74324319e-01 1.61142397e+00 -8.30354393e-01 -6.37026310e-01 1.98174775e-01 -6.52090311e-02 -4.06950295e-01 1.07370049e-01 1.84397912e+00 8.70081335e-02 -2.13155836e-01 2.54978567e-01 3.25537443e+00 1.38316870e-01 -6.24860466e-01 2.34948069e-01 -2.32375360e+00 5.47852218e-01 -3.81778747e-01 3.30983192e-01 5.53977072e-01 -1.99694291e-01 8.85656118e-01 -1.82453860e-02 -5.77995420e-01 3.34375203e-01 -1.65664494e-01 1.25171706e-01 8.24176818e-02 1.43697143e-01 -4.01920915e-01
-6.40172541e-01 -1.97698966e-01 1.03650928e+00 3.99462074e-01 -8.86516094e-01 6.40103936e-01 7.28722150e-03 -1.00515699e+00 3.78826916e-01 5.02846837e-01 2.26141185e-01 1.24497876e-01 -5.08046091e-01 -8.61611813e-02 4.94092733e-01 -4.54787731e+00 -1.13420270e-01 -6.33260918e+00 7.15589166e-01 -9.95815098e-01 -6.75954044e-01 4.95639533e-01 6.49360299e-01 -9.13279653e-02 -2.95581371e-01 -2.59019285e-01 -3.64746243e-01 6.60302222e-01 -7.04364598e-01 -3.35078746e-01 -1.06837797e+00 -2.40273014e-01
2.41062846e-02 -1.71087623e-01 -6.16796374e-01 -6.60891607e-02 -2.03395277e-01 -4.96838577e-02 2.95418054e-01 3.34331751e-01 3.68653327e-01 -1.87850088e-01 5.30423582e-01 -1.81771353e-01 3.32712144e-01 -7.78112650e-01 -3.45655471e-01 -8.67754668e-02 -2.63783723e-01 1.80603683e-01 -8.69580954e-02 1.13848396e-01 -3.12759951e-02 -1.35650381e-01 1.78503955e-03 -2.22794756e-01 -1.46968514e-01 7.56108463e-01 -8.52934364e-03 6.08737655e-02 -1.84003845e-01 2.58742034e-01 7.74150863e-02 3.79436612e-01
-9.96806860e-01 2.80530639e-02 -1.65044457e-01 4.37270343e-01 -1.81813717e-01 7.71361172e-01 -4.13614362e-01 -1.67317763e-01 4.36692595e-01 1.22236125e-01 -6.63220823e-01 1.41197637e-01 6.23267926e-02 -1.95259780e-01 -1.02025166e-01 -7.20880449e-01 1.24149852e-01 -6.62686229e-01 -3.73697281e-01 2.14863807e-01 1.50234973e+00 8.09451938e-01 1.17865130e-01 3.31588060e-01 -3.01073164e-01 2.18427591e-02 -4.97033805e-01 -8.42618197e-02 7.49740779e-01 -1.45586088e-01 -2.75276918e-02 4.92959730e-02
-5.83030581e-01 -7.00713396e-02 5.67296185e-02 1.46934032e-01 -2.75414973e-01 2.86273599e-01 -9.53067899e-01 -9.98864397e-02 1.17083505e-01 5.19903135e+00 5.77588975e-01 4.11870390e-01 2.07023099e-01 2.66344404e+00 -1.27349340e-04 -5.59807345e-02 -4.38520551e-01 -1.37322888e-01 4.12940420e-02 -2.15436757e-01 -6.82963073e-01 4.05635148e-01 2.01102912e-01 2.75416344e-01 -3.74577343e-01 -4.37726557e-01 -6.21770620e-01 3.18197191e-01 -5.20578213e-02 -6.49205923e-01 2.12225273e-01 -2.60466218e-01
-3.23171429e-02 1.59908205e-01 -3.90828922e-02 3.46300341e-02 -2.80957185e-02 6.56094169e-03 1.45432474e-02 -6.71498850e-02 7.64318369e-03 -1.97216049e-01 6.84702322e-02 3.25493366e-02 4.41670008e-02 9.36151668e-02 9.78967920e-02 3.08336727e-02 3.41311730e-02 1.25259385e-02 8.32104217e-03 9.85207185e-02 2.43289679e-01 1.34701639e-01 8.12325813e-03 2.33087149e-02 5.92235699e-02 1.06285466e-02 5.61278798e-02 2.97343165e-01 1.73212308e-02 -7.56329915e-04 -9.88468877e-04 1.76779758e-02
1.94437474e-01 -1.56147793e-01 -6.49203956e-01 8.25524852e-02 1.93950579e-01 -1.97831988e-01 -2.08574206e-01 -3.30276668e-01 2.93310255e-01 -6.72092080e-01 1.01625673e-01 -5.47081940e-02 1.70062020e-01 9.58708897e-02 -4.44619842e-02 2.00160503e-01 -3.42945933e-01 5.33349931e-01 -1.78212523e-01 8.84878039e-01 3.20623547e-01 3.12497746e-02 -4.49783713e-01 -8.69342610e-02 -1.54973119e-01 -4.68914747e-01 8.77725720e-01 -5.02476811e-01 2.16385826e-01 3.44847322e-01 -9.57096089e-03 2.26211801e-01
-2.87751406e-01 -6.93445429e-02 -2.84090191e-01 -2.22119406e-01 4.12787080e-01 2.30648238e-02 1.81331620e-01 1.54595405e-01 3.96616936e-01 -3.78476143e-01 -1.73087433e-01 -9.09844756e-01 4.91410583e-01 -1.88747957e-01 -1.90249994e-01 2.27420062e-01 -1.25911415e-01 3.13979059e-01 9.94648263e-02 -6.97396845e-02 -1.49749471e-02 -1.69412464e-01 4.63812590e-01 -3.22780252e-01 2.19327077e-01 2.11519033e-01 -1.91816002e-01 3.31785947e-01 5.22056632e-02 3.36017579e-01 5.32092571e-01 1.49940357e-01
7.13930875e-02 1.70712084e-01 -3.72830965e-02 6.97546974e-02 -3.43270749e-02 1.11199856e-01 -1.63536482e-02 -7.11579025e-02 5.52349128e-02 7.80709758e-02 6.57350495e-02 1.24698348e-01 -6.39926121e-02 -8.58075619e-02 1.33741409e-01 4.33268130e-01 7.51383156e-02 -3.22545111e-01 1.68180652e-02 -8.95473510e-02 -1.08206436e-01 -1.52587339e-01 -7.00551597e-03 -9.73674376e-03 3.73754390e-02 1.36670813e-01 6.41038641e-03 1.07985549e-03 1.06209166e-01 1.41434791e-02 -2.38454016e-03 4.33721952e-02
6.02536678e-01 -1.56995222e-01 6.64647102e-01 5.39730906e-01 -2.80323833e-01 -3.12479883e-01 -6.96492374e-01 -1.42698213e-01 -2.55389392e-01 -9.06182528e-01 -8.42710063e-02 9.58913088e-01 4.81701761e-01 -4.56194699e-01 7.42238998e-01 5.32887697e-01 -8.55841860e-02 -2.75274098e-01 5.12854517e-01 4.52134311e-01 -4.91587818e-01 6.68855608e-02 4.45875168e-01 1.89783975e-01 7.55343214e-02 -3.81174296e-01 1.04818337e-01 3.52460444e-01 -1.54624119e-01 -7.06862658e-02 4.39229123e-02 4.42790151e-01
2.52739549e-01 -1.22520007e-01 6.10903166e-02 1.69325009e-01 4.49132100e-02 1.54707745e-01 9.13568795e-01 4.18173932e-02 4.73052949e-01 2.44883597e-01 3.59080315e-01 3.43209416e-01 -4.18196678e-01 -5.62206328e-01 1.16012737e-01 -9.79153454e-01 -6.87226728e-02 -6.96862996e-01 -5.74949011e-02 -4.57038224e-01 -4.97695148e-01 -5.27470373e-03 2.64007270e-01 -3.52937654e-02 9.86260697e-02 -4.38444287e-01 -6.86725378e-01 4.08778906e-01 -1.12782590e-01 -1.67416483e-01 2.52277195e-01 -8.46610814e-02
5.87864555e-02 -1.47447437e-02 -2.64762580e-01 4.20061439e-01 -2.25755107e-02 3.80037189e-01 3.37821096e-01 -2.92959720e-01 -3.17738891e-01 3.28219950e-01 3.86365317e-02 6.60294071e-02 4.21942025e-01 4.94822055e-01 -1.61173537e-01 -6.17133677e-01 5.42551816e-01 -2.09485635e-01 5.44679835e-02 -2.52165288e-01 -3.26536804e-01 4.67025451e-02 -3.58306050e-01 1.88576445e-01 -3.37342292e-01 -1.24624498e-01 -4.26044054e-02 -5.17185390e-01 5.24094701e-02 -1.02443151e-01 -1.00297015e-02 -3.07630301e-01
7.86544621e-01 -3.46679427e-02 -2.66930044e-01 1.48644701e-01 1.36629701e-01 -5.02282917e-01 -2.19446309e-02 3.23849022e-01 2.72966802e-01 -2.52674055e+00 9.01463106e-02 1.85245037e-01 3.97220612e-01 -1.57233107e+00 1.33360550e-01 3.37702006e-01 1.44692287e-01 2.24214643e-01 -1.85889482e-01 6.92801643e-03 4.70817983e-01 -1.98651016e-01 -3.31403494e-01 -4.17152755e-02 -3.87661099e-01 -1.83580741e-01 -7.42322654e-02 -1.39488831e-01 1.84245616e-01 8.99025723e-02 -1.58850670e-01 -1.56975642e-01
-8.77919793e-01 1.55856535e-01 7.75005743e-02 1.21241882e-01 -2.74935454e-01 -3.34653944e-01 1.11529207e+00 -1.11886926e-01 -1.03225613e+00 7.73837268e-01 -7.33178675e-01 4.39855084e-02 1.65978476e-01 8.74716938e-02 -7.10218787e-01 3.80726993e-01 6.04374170e-01 2.69049019e-01 3.07395965e-01 1.46574434e-02 -3.13254684e-01 4.56285179e-01 5.32631576e-01 9.56784248e-01 -5.69978118e-01 5.01980305e-01 -6.17250204e-01 1.76553950e-01 7.79528975e-01 -4.54339772e-01 9.81311053e-02 1.81547105e-01
-5.54129064e-01 5.99486530e-01 -2.82916706e-02 -1.61546409e-01 5.44386744e-01 1.68714419e-01 1.53630646e-03 5.24403572e-01 -3.04775864e-01 5.04976451e-01 4.33575809e-02 -1.33677766e-01 2.36529619e-01 2.14197829e-01 -5.37197649e-01 -2.12939605e-01 -1.24364443e-01 -7.22307190e-02 3.91017139e-01 -3.97540301e-01 -2.20634546e-02 -2.58351535e-01 1.12803532e-02 -5.10279775e-01 8.13833252e-02 -1.92829132e-01 -5.83951831e-01 -4.86094326e-01 1.80558458e-01 -3.84329796e-01 -2.18004644e-01 -2.51823306e-01
-1.38632730e-01 2.04394042e-01 4.36862171e-01 3.81330043e-01 -2.49760777e-01 -2.87742496e-01 -1.33040413e-01 -1.97763126e-02 3.03014725e-01 -4.30232167e-01 -5.68732023e-01 -8.31031278e-02 -2.91465968e-01 -2.41569877e-01 8.59804004e-02 6.14279926e-01 -1.14437558e-01 2.16096237e-01 2.84755945e-01 1.79765746e-01 8.19632560e-02 -7.67358005e-01 1.86011434e-01 1.41736254e-01 2.77878255e-01 1.39970109e-01 3.39070298e-02 -5.49094141e-01 -2.74441391e-01 -9.69684720e-02 1.01640694e-01 -2.62210786e-01
-7.87997901e-01 4.60220128e-01 -6.65913463e-01 -1.00078845e+00 -1.22701094e-01 -2.35402986e-01 -3.74942005e-01 4.29877639e-01 1.27398938e-01 4.26166922e-01 -5.09197973e-02 1.78068459e-01 1.73368633e-01 2.64358878e-01 -5.46200434e-03 1.17371237e+00 6.79945350e-01 1.30553102e+00 -9.39936221e-01 6.75317198e-02 5.78413963e-01 -7.87024975e-01 -6.35033309e-01 4.10334051e-01 -1.32480741e-01 -4.36478704e-01 2.86178440e-01 2.35444576e-01 6.03793859e-01 -8.05118561e-01 1.86163083e-01 -2.71569848e-01
1.77225158e-01 -5.34037709e-01 -3.75421010e-02 -1.12213090e-01 -6.03344798e-01 5.25145710e-01 7.22799525e-02 -4.86930639e-01 5.12932003e-01 9.01028395e-01 -2.11683765e-01 1.12283304e-01 5.45835137e-01 4.16144580e-01 8.77154898e-03 -1.05123293e+00 -4.53416497e-01 -1.03849578e+00 6.71350062e-02 2.10437849e-01 2.36285910e-01 3.48822027e-01 1.98423624e-01 1.49584606e-01 2.65748203e-01 1.00289114e-01 -4.07553583e-01 -2.61050880e-01 -2.89012522e-01 -3.36253256e-01 4.52798456e-01 3.13104302e-01
-6.00979850e-02 -9.30869102e-01 4.04996902e-01 1.54981375e+00 3.39257941e-02 4.85848859e-02 -1.55063182e-01 -2.92188406e-01 -1.73533022e-01 2.03641489e-01 1.08514178e+00 -9.75117564e-01 -1.09529603e+00 -3.57691199e-01 1.47391722e-01 -1.90643787e-01 -1.17451692e+00 4.92815226e-01 6.75285518e-01 -5.82020700e-01 9.17435825e-01 2.27113947e-01 -3.16100270e-02 -1.38040885e-01 1.30994901e-01 -5.02991796e-01 1.70984820e-01 -5.30271269e-02 -8.48757505e-01 1.22607410e+00 -6.81128323e-01 -1.42686993e-01
-8.02451015e-01 -2.39911243e-01 5.12923121e-01 1.82635814e-01 -5.57124496e-01 3.11495483e-01 3.23565602e-01 -1.45982176e-01 -4.93388593e-01 -1.58263981e-01 -9.11229074e-01 2.12888002e-01 4.09229457e-01 1.43113300e-01 2.37194553e-01 -3.97944063e-01 2.98514426e-01 -5.82771540e-01 4.08854604e-01 -3.99719685e-01 -1.00552881e+00 4.50299352e-01 8.48572254e-02 -6.49656057e-01 1.69226512e-01 5.41313469e-01 -6.30033836e-02 1.32797167e-01 -5.07789791e-01 -1.72969982e-01 -1.14181429e-01 -2.89430027e-03
-3.01874727e-01 -3.46400321e-01 -1.68889582e-01 -1.34943977e-01 -2.23271549e-01 -2.91563720e-02 2.26115048e-01 2.64840811e-01 -6.17208779e-01 1.32731223e+00 -1.32677495e-01 -1.08942717e-01 -5.16947091e-01 4.89011556e-01 -1.57655627e-01 1.44738564e-02 1.71905160e-02 1.55483872e-01 -6.58693314e-02 -1.97884277e-01 2.17272609e-01 1.25507608e-01 3.61001104e-01 4.58699316e-02 4.54982109e-02 -6.76888749e-02 -1.74115613e-01 1.92565769e-01 3.00921202e-01 3.25323761e-01 2.25420669e-02 1.08144753e-01
-4.74633602e-03 -3.20958138e-01 3.45092340e-05 -7.91886374e-02 -3.92029673e-01 4.05459553e-01 -3.28554034e-01 -4.95455950e-01 2.28136510e-01 -4.76421863e-01 7.30485842e-02 3.86807859e-01 1.73456535e-01 3.59466642e-01 2.82541275e-01 -7.18974411e-01 -4.41913515e-01 -1.30329978e+00 6.89564198e-02 -3.27951193e-01 -1.06160194e-01 8.30892026e-01 3.68164450e-01 6.09714568e-01 -4.66476053e-01 1.08764946e-01 1.51253104e-01 -2.53361851e-01 -4.08738524e-01 -2.40629196e-01 -1.72592133e-01 -7.84318522e-02
4.84432168e-02 -5.82082868e-02 1.00217402e-01 -8.63690898e-02 2.90873259e-01 -1.00228809e-01 6.07953854e-02 -3.22722942e-01 -1.74046934e-01 3.76908958e-01 1.48956016e-01 1.85287550e-01 7.80653432e-02 -2.96329379e-01 -5.03049567e-02 -2.65010297e-01 7.58157074e-02 1.58961639e-01 -1.98717058e-01 -5.25773704e-01 1.59111604e-01 -1.91102415e-01 -1.25282407e-01 -4.39479239e-02 -5.27185341e-03 2.18625352e-01 -5.65499924e-02 -1.80636942e-02 1.11631609e-01 7.46700168e-02 1.85180530e-02 8.26124381e-03
1.04960419e-01 -5.40391982e-01 -2.20116794e-01 7.77707458e-01 -2.87952721e-01 -5.33694327e-01 1.90236926e-01 -1.62008747e-01 -1.64235443e-01 2.95981431e+00 -5.44749439e-01 9.56495881e-01 6.36005878e-01 9.12757099e-01 7.63303936e-01 9.22945589e-02 3.25866677e-02 8.07405412e-02 6.07186139e-01 3.54050279e-01 2.21363917e-01 1.55746087e-01 -2.84030676e-01 1.08135736e+00 -6.14104271e-02 1.13695733e-01 -2.90397525e-01 3.11284274e-01 1.16727431e-03 4.80525829e-02 9.08960044e-01 3.18904519e-02
-1.20599501e-01 1.90402254e-01 1.54199988e-01 7.30791241e-02 -3.58607766e-04 -4.66817431e-02 -4.74449806e-03 1.01347767e-01 -1.37100450e-03 -4.43338417e-02 1.66833758e-01 7.09132105e-02 8.89286324e-02 -3.21098119e-02 1.54909953e-01 2.04808265e-01 2.13339124e-02 -1.34242192e-01 3.20774224e-03 7.78702199e-02 -1.67501390e-01 -3.37820463e-02 -1.04408180e-02 2.19367142e-03 -4.70144510e-01 -2.33724758e-01 4.56767641e-02 -1.07050963e-01 -5.90336472e-02 -5.60159497e-02 -2.68475059e-03 -4.57185566e-01
-1.09840801e-03 -5.13910502e-02 -2.72094384e-02 1.81336887e-02 -2.72533745e-01 1.64050795e-02 2.89218128e-03 1.52247190e-01 2.20155623e-02 -5.74707910e-02 -2.29487512e-02 -1.08859641e-02 -6.19172752e-02 3.55837382e-02 -1.11720540e-01 2.32184097e-01 -1.05854310e-01 -9.77749452e-02 5.23248203e-02 3.34835202e-01 -2.94240594e-01 -6.67035133e-02 8.39681271e-03 -3.63069028e-02 -2.71926764e-02 -9.82533023e-02 -6.85855523e-02 5.96381538e-03 -7.87448585e-02 4.50231694e-02 1.01044513e-02 2.78268028e-02
8.25727105e-01 -2.90336907e-01 3.09354603e-01 3.61357331e-01 -3.91473114e-01 2.27548499e-02 -6.23999834e-01 -1.78768896e-02 7.07018256e-01 6.15065619e-02 -1.73699975e-01 3.03901061e-02 3.54394913e-02 2.55178690e-01 7.64652789e-01 -7.52013743e-01 -4.77202952e-01 -7.52570987e-01 5.86381674e-01 -2.90977955e-01 -7.25055695e-01 2.10359812e-01 -1.17463276e-01 2.27471709e-01 8.47229481e-01 -5.24070635e-02 2.44651809e-01 -1.64173201e-01 -5.35792708e-01 2.47741476e-01 1.23887800e-01 4.98558022e-02
1.66557789e-01 -4.27981704e-01 -2.61781782e-01 4.42739874e-01 1.16678409e-01 -5.98880351e-01 4.86272313e-02 -1.10834584e-01 3.14674497e-01 -2.54615515e-01 -1.87275961e-01 4.12796617e-01 3.09667766e-01 -2.48709932e-01 2.72156864e-01 -8.13667715e-01 -3.63785118e-01 -8.92595291e-01 7.95491338e-01 -4.39467520e-01 -2.21698508e-01 -9.74012464e-02 3.52381378e-01 6.83674216e-01 -1.47550344e-01 -3.74805212e-01 4.76932317e-01 -5.39063215e-02 -2.06075802e-01 -3.86540085e-01 7.09333643e-02 2.45405450e-01
1.35570094e-01 -4.86493390e-03 7.68707931e-01 9.53514650e-02 -1.35796547e+00 -3.95272642e-01 1.84121192e-01 -1.65569201e-01 7.75903881e-01 6.20031178e-01 -1.37435794e-01 -3.55538249e-01 1.70037616e-02 7.83377588e-01 -5.04083522e-02 -2.53497791e+00 -3.05290431e-01 -3.37376523e+00 2.67883360e-01 1.22679928e-02 -8.48698080e-01 6.36900604e-01 1.03764772e-01 1.63042337e-01 2.35427290e-01 1.24935083e-01 3.27213764e-01 2.07889304e-01 -1.80606917e-01 -7.88272679e-01 -5.06222486e-01 1.45504400e-01
-2.18999654e-01 -2.39221185e-01 -2.16170892e-01 -3.21011335e-01 -2.89842308e-01 5.80186069e-01 1.54149175e-01 -5.94650768e-02 -1.27803802e-01 3.86226386e-01 -2.36314029e-01 1.90217525e-01 9.88448635e-02 -3.06178480e-01 -1.25417307e-01 -4.87394243e-01 3.31092805e-01 -6.32854640e-01 -3.24156076e-01 5.63918687e-02 -3.20427984e-01 4.36256647e-01 -1.15091458e-01 3.12121093e-01 3.91909361e-01 -4.73632395e-01 4.41450596e-01 3.67169790e-02 1.10097460e-01 9.51601118e-02 -8.57596695e-02 1.41895339e-02
4.23250914e-01 6.78489864e-01 6.59867644e-01 -3.98673505e-01 2.25460678e-01 1.74197987e-01 1.50825262e-01 -9.51526538e-02 -8.19032848e-01 9.60248888e-01 -2.82386512e-01 -2.46991351e-01 -4.39966708e-01 1.11677766e+00 1.66669041e-01 1.63741276e-01 2.39171200e-02 -8.72289956e-01 2.28168711e-01 -2.83607513e-01 7.08459765e-02 6.89261079e-01 -1.23067260e-01 -3.94997925e-01 6.76027358e-01 -7.63959944e-01 4.94048834e-01 -9.83537212e-02 -2.75668979e-01 -5.97337365e-01 2.00196728e-02 -4.86638367e-01
-1.12038953e-02 -3.63290042e-01 1.72388032e-01 -1.65225804e-01 -2.06172481e-01 9.91088003e-02 8.73555019e-02 -3.05749297e-01 -4.54288781e-01 -3.70412022e-01 -9.70271230e-02 1.82840892e-03 -1.10888265e-01 4.52925593e-01 5.05539298e-01 2.59195417e-01 2.70346671e-01 -4.95911837e-01 4.61392030e-02 1.50973037e-01 -2.61582375e-01 2.88057953e-01 -3.84455740e-01 1.96314290e-01 -5.33580743e-02 -2.75013268e-01 4.17683780e-01 7.44203210e-01 -4.17124242e-01 -4.50893074e-01 2.51131773e-01 3.32979202e-01
-9.62656558e-01 -1.03001773e-01 -5.64185157e-02 -1.14759243e+00 4.89948876e-03 -1.07918009e-01 4.09978241e-01 3.61178458e-01 -7.89293349e-02 6.82284832e-01 -9.96025264e-01 8.82813931e-01 7.99047947e-01 6.18147314e-01 -5.84855795e-01 5.80288589e-01 3.45069736e-01 -1.57425687e-01 -2.10016623e-01 8.21577728e-01 -9.70390916e-01 -5.04598618e-01 -3.70747924e-01 1.44284263e-01 3.80399615e-01 7.24516273e-01 1.02337682e+00 1.00416934e+00 2.98968524e-01 -8.67509544e-01 6.33222699e-01 4.20576006e-01
-7.87308738e-02 8.58662799e-02 2.67342120e-01 -4.35743630e-02 3.93062264e-01 -1.01085827e-01 5.72373858e-04 4.28367481e-02 -3.54531258e-02 2.19007209e-01 2.63818465e-02 2.59989016e-02 -1.11406539e-02 -1.25612110e-01 1.03215881e-01 -1.30430043e-01 1.04356043e-01 6.44194707e-02 -2.63415035e-02 -4.04904157e-01 1.60118788e-01 -1.36609077e-01 5.14075253e-03 3.54544772e-03 1.60120621e-01 -8.92047491e-03 7.87414610e-02 1.01958342e-01 3.70702222e-02 -8.48688483e-02 3.08684949e-02 5.26623949e-02
-4.42398749e-02 3.23181421e-01 2.41248757e-01 -9.82337967e-02 2.15321183e-01 3.58967073e-02 6.31976068e-01 2.52956361e-01 1.73979223e-01 -1.25505805e+00 -3.24181557e-01 5.12465119e-01 6.33357286e-01 -3.69956553e-01 -5.41414440e-01 -9.81382206e-02 6.25466466e-01 -3.13451827e-01 4.51483391e-02 -3.28656822e-01 8.22264910e-01 -3.32252443e-01 -5.17614633e-02 -1.39570677e+00 -8.18051770e-02 4.86179024e-01 -9.68593538e-01 -8.72896492e-01 2.27510661e-01 -9.99488980e-02 -8.87811929e-02 -1.82442129e-01
6.62726641e-01 -3.32958221e-01 -2.58370847e-01 4.72703606e-01 -2.28603274e-01 -6.65887520e-02 -1.64226443e-01 -2.76520967e-01 5.90202212e-01 -1.10243209e-01 -6.39331639e-02 -8.87014121e-02 7.15459228e-01 -3.22113454e-01 3.84480298e-01 -7.07255185e-01 -6.05394654e-02 -7.58282483e-01 7.85424471e-01 -1.07095011e-01 -2.90146321e-01 7.17355460e-02 1.54378548e-01 1.83816105e-01 -1.03470013e-02 -2.60808587e-01 8.28303039e-01 4.46886897e-01 -4.55630451e-01 3.69143069e-01 1.52075261e-01 2.70028442e-01
-2.35534713e-01 3.34271669e-01 -1.49415940e-01 -5.21555208e-02 -5.92239678e-01 -2.08747014e-01 8.87161493e-02 4.58230227e-01 -8.51418599e-02 -5.71422756e-01 -1.87154770e-01 -1.51604461e-02 -3.38571489e-01 1.67812839e-01 2.53889084e-01 -1.59775659e-01 -1.04727931e-01 2.57698119e-01 4.43192720e-02 3.58194470e-01 -2.56328166e-01 -3.18652876e-02 -3.72607424e-03 -4.71708216e-02 -1.14268675e-01 -1.05986677e-01 2.64167368e-01 -2.52884179e-01 1.13097906e-01 2.11937167e-03 1.59766730e-02 1.59419090e-01
4.19154651e-02 -5.31577229e-01 -7.46318549e-02 -1.22355074e-01 -1.09857872e-01 -1.39185503e-01 -5.68943918e-02 -1.70517638e-01 -3.82346362e-01 4.52797413e-01 -2.12444179e-02 8.96502957e-02 3.68679017e-01 3.01708251e-01 -1.54997885e-01 -6.30357623e-01 -1.92641899e-01 -1.28632888e-01 1.09077692e-02 7.03136995e-02 1.02117524e-01 -2.97915656e-02 5.81446826e-01 1.67845935e-02 -3.31488788e-01 2.44773865e-01 3.22068572e-01 5.53992651e-02 -3.12427562e-02 1.09563082e-01 -4.59053144e-02 -2.56803513e-01
9.57520604e-01 -1.57162864e-02 -5.58546543e-01 1.12159058e-01 2.34581843e-01 1.49856076e-01 5.30597568e-01 2.22521335e-01 -3.32306236e-01 -8.76260042e-01 -9.15628195e-01 1.43737602e+00 1.66364938e-01 -8.97900343e-01 3.25918287e-01 7.72061229e-01 3.62948366e-02 5.65408289e-01 -2.04370737e-01 1.72482237e-01 -1.45644844e+00 -3.51952493e-01 -7.65250325e-01 -1.48135334e-01 -4.51952547e-01 7.64574707e-02 1.64417580e-01 5.58370531e-01 2.98291463e-02 -2.37915646e-02 -4.98915045e-03 4.51400399e-01
-1.33170068e-01 1.04237638e-01 -1.02320731e+00 -2.64074411e-02 3.96587908e-01 3.64159316e-01 1.14371747e-01 -1.04648974e-02 -2.37811729e-02 4.77048904e-01 -3.79502773e-01 -1.19352663e+00 3.33320588e-01 2.42436066e-01 -3.46766502e-01 7.37978816e-01 1.13991983e-02 1.53487539e+00 -4.31841701e-01 1.39171094e-01 2.89150655e-01 -1.83114931e-01 9.57742613e-03 6.20760977e-01 -2.19571277e-01 7.32762516e-01 -4.85470630e-02 -2.85696834e-01 9.92714167e-02 1.59281418e-01 7.02124059e-01 -1.11612394e-01
-1.19589427e-02 4.15525973e-01 -1.45839453e-01 -6.36403024e-01 -8.31350759e-02 7.25800812e-01 2.84325719e-01 8.06682706e-01 3.44280005e-01 2.93451399e-01 9.45981979e-01 -2.68339008e-01 1.04305327e-01 2.18303978e-01 -5.56648895e-03 -7.05936313e-01 3.30140442e-01 -4.41204645e-02 -3.19162339e-01 -5.11090636e-01 -6.00692146e-02 -2.05069512e-01 2.33662367e-01 9.97759327e-02 -2.31386781e-01 1.90423980e-01 1.21407509e-02 -1.33512300e-02 -5.43818951e-01 2.35481605e-01 -2.11413056e-01 1.20919891e-01
1.01681709e-01 -1.03401626e-02 -1.44853875e-01 -6.69163559e-03 3.95538984e-03 4.05132845e-02 -3.69565166e-03 9.74342823e-02 -1.81052685e-02 -6.50776103e-02 -6.35500550e-02 -3.72395992e-01 2.62120485e-01 2.38043264e-01 4.11494374e-02 1.29220635e-01 5.33881634e-02 -6.17251247e-02 7.73378164e-02 2.48529956e-01 1.36989415e-01 2.67917782e-01 -1.29294712e-02 2.75894761e-01 -1.11782745e-01 -2.61942357e-01 -1.91940188e-01 -1.97630480e-01 -3.00839692e-01 -1.56209350e-01 -1.46628194e-03 -2.69622177e-01
4.54534531e-01 -1.52892405e-02 5.08093894e-01 4.50198889e-01 3.88344646e-01 3.85075212e-01 9.58974481e-01 -4.03689265e-01 7.23264515e-01 -1.00647055e-01 -5.57770431e-01 1.23485729e-01 -5.75015426e-01 -2.99435139e-01 -2.68867593e-02 4.65371072e-01 -7.46309280e-01 -4.12399948e-01 3.07630807e-01 -1.22789510e-01 -1.41798332e-01 5.30087948e-01 2.15727538e-01 7.58545041e-01 -1.07704699e-02 -1.82179987e-01 -1.79870725e-01 2.28142217e-01 1.46221116e-01 4.72487271e-01 -1.50527254e-01 4.04480286e-02
-3.29495639e-01 -5.44805825e-01 1.55084646e+00 1.01756133e-01 -9.77225780e-01 -1.35570243e-01 -1.18195152e+00 -1.05237257e+00 3.02528709e-01 1.09708524e+00 1.72472578e-02 -4.91408110e-01 -3.14137489e-01 9.82861996e-01 6.63211703e-01 -2.12542534e+00 1.59494609e-01 -2.83786988e+00 1.87602580e+00 8.24626148e-01 -5.46306610e-01 1.74012983e+00 -3.89750272e-01 2.45558724e-01 3.26515019e-01 -7.23456919e-01 -2.34477088e-01 3.86674732e-01 8.80861133e-02 5.35559617e-02 7.69033968e-01 1.84264839e-01
7.85527471e-03 -8.27054400e-03 9.44848061e-02 3.99645902e-02 3.66128534e-01 -1.28581990e-02 -1.08499331e-02 7.46129360e-03 5.10124490e-02 -1.03677846e-02 -1.25739267e-02 -7.96054751e-02 1.01592548e-01 -6.11096015e-03 -1.42520089e-02 -3.49718258e-02 -9.35680978e-03 -3.83497588e-02 -4.94589023e-02 7.21124187e-02 1.36262536e-01 6.51781857e-02 -1.51383448e-02 -8.48934927e-04 -1.35889411e-01 -1.52580872e-01 1.34899374e-02 3.64891827e-01 -3.33729498e-02 -5.92815615e-02 2.21881215e-04 -2.46021777e-01
-3.93884122e-01 3.19498405e-02 -1.11541182e-01 -9.77879688e-02 -2.63441443e-01 3.07061542e-02 -4.05030660e-02 7.17855990e-01 -1.13891847e-01 -2.93544717e-02 -1.98531792e-01 7.37600625e-01 5.24824023e-01 3.31691682e-01 2.44711623e-01 8.46556053e-02 -1.30971864e-01 3.55746709e-02 -1.76995337e-01 -1.30138136e-02 -1.22499570e-01 -6.11188710e-01 -1.79658055e-01 -2.34733120e-01 -3.24666709e-01 -1.49526417e-01 -6.35743737e-01 3.97553086e-01 -2.29497164e-01 -2.78307378e-01 -1.78106263e-01 4.97464091e-01
7.80687248e-03 -2.17541844e-01 6.44726336e-01 2.69811302e-01 -7.41270065e-01 2.55647033e-01 3.02545667e-01 -6.68245733e-01 5.63221455e-01 3.37516785e-01 -7.62516335e-02 4.01824862e-01 -1.10433094e-01 1.23339467e-01 2.13497192e-01 -2.22105384e+00 9.71679986e-02 -1.17529547e+00 2.40241110e-01 1.64590538e-01 -7.86741916e-03 1.92266047e-01 2.66983688e-01 1.75945729e-01 -1.77946240e-01 -5.58016717e-01 -6.50601983e-02 -2.53674984e-01 -4.94732052e-01 -4.74218726e-01 4.04197961e-01 -3.53119075e-01
-1.15220673e-01 7.18504265e-02 -1.63306460e-01 1.55437961e-01 -1.08712971e-01 -1.08744718e-01 2.84409970e-01 -2.34517559e-01 -5.80134988e-01 1.58088756e+00 -3.69383126e-01 -6.91886693e-02 -2.80815274e-01 1.28445566e+00 -2.81448066e-01 5.44030964e-02 3.75797525e-02 1.05729792e-02 -4.13403511e-02 -2.85607606e-01 -9.24355630e-03 1.92111805e-01 -1.21714681e-01 -1.81521729e-01 -2.01280937e-01 5.26188612e-02 4.37931538e-01 4.97213423e-01 1.30594820e-01 -4.63674635e-01 1.70056045e-01 -3.09267491e-02
-1.05674200e-01 -2.14719370e-01 6.30050838e-01 4.73336846e-01 -1.53954372e-01 -3.74343336e-01 -1.10662174e+00 1.63886413e-01 2.54930824e-01 4.23762649e-01 7.45090693e-02 -4.64168079e-02 1.22893110e-01 1.95461631e-01 -2.24157795e-01 5.14191687e-01 6.78774854e-03 1.77001759e-01 -1.84380516e-01 -3.23128045e-01 8.86320353e-01 3.93932551e-01 3.67364138e-01 -5.99678695e-01 8.17965791e-02 4.24794666e-02 -2.11290628e-01 2.60975331e-01 -8.43489692e-02 3.24267626e-01 -1.59437373e-01 -3.62726986e-01
1.14049447e+00 -3.68819684e-01 4.93784219e-01 9.39359665e-01 -3.33430260e-01 2.16303974e-01 -6.89671636e-01 -5.70088148e-01 4.88621980e-01 -9.65819836e-01 -3.15766394e-01 7.65835524e-01 -1.19890976e+00 -2.98918277e-01 6.71060562e-01 -4.23257202e-01 -6.27385080e-02 -1.14986800e-01 5.92040777e-01 7.78982818e-01 2.54532307e-01 -4.38833714e-01 -2.01704550e+00 -5.54264963e-01 4.75360006e-01 5.94699383e-01 -8.46438408e-01 -3.04854244e-01 -1.57906279e-01 1.21655357e+00 -5.91319740e-01 -4.28287461e-02
-2.11100578e-02 1.87119529e-01 -2.04787031e-02 -4.85136807e-02 -1.94746435e-01 -4.19555046e-02 2.61512119e-02 -5.28248064e-02 -5.37292920e-02 -2.41157729e-02 4.24294583e-02 9.00168493e-02 8.24042931e-02 -4.69471961e-02 1.50599420e-01 -1.28465891e-01 8.68714601e-02 1.88673601e-01 6.12883741e-05 -2.90884316e-01 1.28766060e-01 5.01390174e-02 -4.34488244e-03 -2.95712631e-02 -3.04401219e-01 -4.78828177e-02 1.98989138e-02 -6.30813688e-02 -5.60016185e-03 -7.29761785e-03 -3.07887443e-03 -2.22991273e-01
9.52721015e-02 3.47452343e-01 1.68696964e+00 4.70599830e-01 -1.42147684e+00 1.63309529e-01 -1.95066005e-01 -6.29047930e-01 8.91976774e-01 5.59299231e-01 1.99746162e-01 -3.83180052e-01 -9.25692499e-01 8.72739136e-01 6.33086590e-03 -3.84713793e+00 -1.97915763e-01 -4.88975668e+00 4.93634492e-01 1.28297821e-01 -1.22426736e+00 1.02203166e+00 3.43482643e-01 1.09578274e-01 1.65892199e-01 -1.99963182e-01 -4.97424394e-01 7.14585960e-01 -2.99050093e-01 1.53468121e-02 -4.17922400e-02 8.07464048e-02
-8.89918387e-01 1.72964707e-01 1.95053622e-01 -7.54718959e-01 -1.28325820e-01 -1.15718655e-01 -2.09680989e-01 4.65695530e-01 -6.61464781e-03 8.22855085e-02 1.04424872e-01 -2.86474407e-01 4.39318627e-01 5.16054928e-01 -3.86782467e-01 -4.12539899e-01 1.92495242e-01 -2.64958471e-01 -2.78923601e-01 1.42083481e-01 9.60981473e-02 7.33789563e-01 2.31784612e-01 -2.15487853e-01 -1.08999744e-01 2.79922485e-01 -7.27632642e-01 1.07208863e-01 1.35395512e-01 -5.73538482e-01 -8.96781757e-02 -7.71809518e-01

layers.2.bias:
-1.41460717e+00
-7.69289017e-01
4.11818981e-01
-4.59705472e-01
1.57461450e-01
-3.09634864e-01
2.72108138e-01
2.16122174e+00
6.22988999e-01
7.91684926e-01
-8.99518311e-01
-1.42549038e+00
-3.92506182e-01
9.12049413e-01
-4.18543220e-01
-7.35831082e-01
-8.00339207e-02
-7.72737622e-01
3.43390137e-01
-6.88056201e-02
-1.66554585e-01
7.86644161e-01
8.11336339e-01
-1.21058814e-01
-3.88920248e-01
1.03722751e+00
-1.00119746e+00
-1.08368015e+00
5.12111306e-01
-1.17949915e+00
4.03598025e-02
-4.44846489e-02
8.02168190e-01
1.37165993e-01
-3.47027868e-01
-4.07749303e-02
-1.30930230e-01
1.37493694e+00
1.01200604e+00
-4.79073189e-02
9.68262136e-01
-2.13256523e-01
-5.28001666e-01
1.63556325e+00
2.75397897e-01
-9.04485583e-01
1.03340614e+00
-3.62507582e-01
8.04043889e-01
1.72831392e+00
2.04500005e-01
3.18027228e-01
1.21448867e-01
-6.00509346e-01
1.59262687e-01
-4.03779224e-02
8.14093053e-01
-1.36962473e-01
-2.61307377e-02
-6.38023913e-01
7.22027898e-01
5.47840372e-02
-2.89558589e-01
6.48693502e-01

layers.4.weight:
3.75782639e-01 3.64482217e-02 -5.93792424e-02 1.37018524e-02 -5.96431382e-02 6.40930980e-02 -3.35266610e-04 -7.12911546e-01 9.21991542e-02 -3.97879511e-01 5.54091111e-02 9.10237491e-01 -1.97767651e+00 -1.08565047e-01 -1.37775540e-04 -1.43292797e+00 3.12791701e-04 8.59777182e-02 4.44978848e-03 -4.79977371e-06 7.60236895e-03 -5.09081632e-02 -7.71904038e-03 2.06622809e-01 -6.69630393e-02 -4.33671921e-02 2.50780117e-02 8.69250238e-01 -4.19009984e-01 3.95655602e-01 -2.95842029e-02 -1.27384111e-01 -6.70753792e-02 9.03637556e-05 1.11469060e-01 5.30804507e-04 -2.28967681e-03 -2.20523745e-01 -4.81089689e-02 2.65466928e-01 -5.37602268e-02 2.62935013e-01 4.88965064e-02 -1.35433331e-01 5.04101510e-04 1.22410394e-01 -5.95812388e-02 -4.85504890e-04 -7.83299282e-02 -6.68325722e-01 -9.64060873e-02 -2.59902235e-03 4.97885805e-04 3.12017892e-02 -1.30313289e+00 7.86927121e-04 -6.54113060e-03 -3.96047145e-01 -6.24646470e-02 2.32189335e-02 -5.37746102e-02 -4.29747277e-04 9.56842721e-01 -2.65454892e-02

layers.4.bias:
-1.09390080e+00

