layers.0.weight:
3.31696361e-01 -5.67613244e-01 7.97264636e-01
5.69172144e-01 -8.09445798e-01 -5.80563486e-01
-8.31293464e-02 -6.13938749e-01 -5.77727258e-01
-1.07055378e+00 1.15616508e-01 4.58123112e+00
2.67282110e-02 4.11940843e-01 1.16166264e-01
-5.79876065e-01 8.58121514e-01 -1.84879377e-01
-1.31842160e+00 4.86020595e-01 -9.88645032e-02
-6.01682402e-02 7.88846374e-01 -9.23566997e-01
6.03414774e-01 -9.26082134e-01 5.12713566e-02
-1.11527514e+00 5.86289167e-02 -1.64189592e-01
7.53551662e-01 -9.85680073e-02 1.41279221e+00
-7.16238439e-01 -1.31785080e-01 -1.29353356e+00
-4.30584475e-02 7.12955832e-01 -1.57757306e+00
-1.16726887e+00 2.10410804e-02 5.00053525e-01
-6.46977663e-01 1.09646142e+00 7.52028525e-01
-1.81771189e-01 9.48456824e-01 1.64468549e-02
5.46070874e-01 -6.33792400e-01 -1.45019031e+00
-1.15504665e-02 1.12846863e+00 1.84981868e-01
8.07071701e-02 -9.54183042e-01 5.35116851e-01
3.41117471e-01 -1.28724232e-01 -8.64976227e-01
2.23475501e-01 1.65966094e-01 -5.10879010e-02
-3.24195027e-01 -2.56797969e-01 -1.00232065e+00
-4.64660525e-01 1.65601885e+00 -4.46076952e-02
-1.56447518e+00 4.06930357e-01 1.75152493e+00
1.05132234e+00 3.79940838e-01 -7.78481364e-01
2.59609371e-01 6.71772659e-01 -1.17486012e+00
-1.16151750e-01 -2.13369340e-01 1.90187418e+00
-3.97779703e-01 -2.44972542e-01 1.92939892e-01
3.22416067e-01 7.57217348e-01 -1.46468067e+00
-1.04933763e-02 4.65525806e-01 1.70563948e+00
-2.89658904e+00 2.84448242e+00 -1.78299040e-01
-1.26738083e+00 -5.19488692e-01 1.02004325e+00

layers.0.bias:
8.77201200e-01
4.81547834e-03
-1.42384720e+00
-6.34384930e-01
7.07518518e-01
-2.04255387e-01
-3.54310095e-01
2.86240637e-01
-7.45998621e-01
-1.59115899e+00
1.64644122e-01
1.80825554e-02
2.46107668e-01
-1.21306002e+00
-2.90836543e-01
1.43946290e+00
9.34610724e-01
1.82654703e+00
-6.68276668e-01
5.78918040e-01
-1.44309163e-01
-1.35729384e+00
1.02535832e+00
-7.05530941e-02
1.36946186e-01
5.60703695e-01
8.80503118e-01
-1.57881156e-01
-4.88352716e-01
7.31267482e-02
8.91685039e-02
-6.70209900e-02

layers.2.weight:
-4.03120875e-01 2.75620639e-01 1.64436698e-01 -5.02141476e-01 -3.31929684e-01 -4.35163788e-02 3.70238982e-02 -2.61046309e-02 1.16200261e-01 2.82877612e+00 8.99700746e-02 6.77096173e-02 -2.03380749e-01 2.36306334e+00 -2.76332617e-01 2.08214164e-01 -4.20415327e-02 3.46256673e-01 1.11606903e-01 -2.61190444e-01 2.70061791e-01 -3.68304923e-02 -6.13379061e-01 5.72276950e-01 -6.36982322e-02 6.40757561e-01 -8.11422288e-01 -1.68186232e-01 -1.14107944e-01 -2.39884868e-01 -4.09806609e-01 2.32495472e-01
-3.89378890e-02 1.76707745e-01 -8.82421315e-01 4.95323576e-02 -3.30950826e-01 9.25604180e-02 -8.32244456e-01 -5.00404119e-01 5.96041203e-01 6.17655337e-01 3.53727072e-01 -2.75748998e-01 2.45453686e-01 -1.04724526e-01 -3.51676226e-01 2.59106994e-01 -3.38219196e-01 3.87538403e-01 -4.06400323e-01 -5.97090833e-02 6.16222858e-01 -1.57660961e-01 -4.59743083e-01 -6.00627027e-02 2.13181693e-03 -7.28430003e-02 -3.26918662e-01 -5.45601308e-01 6.51344210e-02 -2.23558098e-01 -3.30083296e-02 1.86612263e-01
-2.00013816e-02 1.32306200e-02 -6.27116184e-04 -7.23982453e-01 -6.33643270e-01 -4.42470461e-02 -5.14242470e-01 3.01757544e-01 4.91840690e-01 7.03911006e-01 -5.16225755e-01 -1.22228526e-01 1.34627819e-01 2.80678243e-04 -1.04379922e-01 -7.62553990e-01 -7.28570446e-02 -5.64583838e-01 -7.78639540e-02 3.94458622e-01 -3.94843102e-01 -2.77145535e-01 3.74660820e-01 -1.26895118e+00 -4.88979161e-01 4.02471870e-01 -1.14230132e+00 3.43426950e-02 4.00636017e-01 -3.48793566e-01 5.96722104e-02 2.61272937e-01
3.17044497e-01 -1.25248404e-02 -1.07814884e-02 1.41467011e+00 6.61102653e-01 3.14610511e-01 5.89451611e-01 -3.08725297e-01 -8.33297744e-02 -1.15283221e-01 2.30072677e-01 -1.33329749e-01 -6.45106077e-01 8.55385661e-02 5.56067467e-01 8.68733943e-01 -2.45453134e-01 9.47307706e-01 3.81178170e-01 -8.75075817e-01 -7.48877108e-01 -2.23234296e-01 3.03443551e-01 1.33366632e+00 6.60557091e-01 -6.11021042e-01 5.67273736e-01 -1.00490041e-01 -7.35489249e-01 -8.11140463e-02 -9.22262743e-02 2.23762229e-01
5.45505099e-02 -3.55819762e-01 2.76425898e-01 -4.77826923e-01 1.40381515e-01 -2.39292011e-01 -8.77990365e-01 1.96295723e-01 -1.41517177e-01 -3.96371901e-01 3.97669762e-01 -7.24470437e-01 8.34171712e-01 -7.91713655e-01 -7.90977925e-02 -7.63173699e-01 -3.15295279e-01 -8.15935731e-01 -1.84024006e-01 -8.43350515e-02 8.53830636e-01 -5.21069229e-01 3.02940875e-01 -3.56529981e-01 -9.11670208e-01 6.65684402e-01 7.11361989e-02 -5.49647629e-01 -2.63692439e-01 5.88335216e-01 -4.92130071e-02 1.75792292e-01
-2.68764734e-01 3.15936565e-01 3.31911325e-01 1.60442159e-01 -6.76615834e-01 -4.51843739e-01 -5.59749901e-01 2.71227807e-01 4.40788090e-01 -3.94934088e-01 6.77299917e-01 1.67023823e-01 -7.62091503e-02 -3.12497735e-01 -4.13423300e-01 -9.87322807e-01 -2.96172053e-01 -1.28841412e+00 6.66948736e-01 -1.79837540e-01 -6.08066916e-01 -6.20065257e-02 -5.99012613e-01 -2.30208397e-01 -8.87893364e-02 8.61847624e-02 1.51182592e-01 1.07549703e+00 -2.49638945e-01 -4.37995434e-01 -9.09974992e-01 5.01651883e-01
-2.54775118e-02 -1.13693103e-02 -2.15002999e-01 -5.97524783e-03 -1.18566267e-01 1.84966221e-01 -6.32139742e-02 -4.03394163e-01 -1.43287376e-01 1.84189633e-01 3.09837937e-01 3.28370705e-02 2.88775295e-01 -3.21030915e-02 -1.30749680e-03 -2.65779138e-01 1.61711387e-02 7.95589313e-02 -5.14986068e-02 -3.13353628e-01 -3.64765227e-01 1.03422694e-01 7.59460777e-02 1.93989221e-02 1.41523123e-01 2.64188945e-01 -3.57910097e-01 -4.17951435e-01 -1.51619703e-01 7.62260705e-02 -1.04927659e-01 1.63850904e-01
3.95168811e-01 1.55523807e-01 -1.73450530e-01 4.11925435e-01 -3.59349430e-01 -7.79120326e-01 1.09869808e-01 4.08203512e-01 2.73369372e-01 -7.03324974e-02 -7.54400417e-02 9.04860497e-01 2.54670322e-01 -3.98992687e-01 -2.01549828e-01 -9.45353135e-02 4.48737651e-01 -2.53977031e-01 4.19476509e-01 4.25153196e-01 -1.45470870e+00 -8.70893180e-01 -1.18962385e-01 3.46509933e-01 7.61565100e-03 6.74144745e-01 6.61057413e-01 6.69598997e-01 -7.09308088e-01 5.49276054e-01 1.23155601e-01 -4.86069247e-02
1.79365315e-02 1.97297007e-01 -6.12070799e-01 -2.01182887e-01 1.27045047e+00 -3.44044447e-01 -6.49207175e-01 -3.25837225e-01 -6.34815574e-01 3.47469896e-01 4.36249673e-01 3.12566400e-01 6.40336156e-01 -3.70742172e-01 1.81632116e-01 1.61633539e+00 2.65659630e-01 1.36522198e+00 -6.26740158e-01 -2.13722676e-01 2.11358324e-01 -3.38554621e-01 1.61863863e-01 3.10639381e-01 3.26926500e-01 3.71796399e-01 9.31853652e-02 -1.22302979e-01 1.14548810e-01 2.12201387e-01 2.47396564e+00 -5.96485019e-01
-6.38414085e-01 1.63986668e-01 -9.18753296e-02 -5.43123543e-01 4.49233145e-01 3.38385291e-02 -1.40168816e-01 3.93719286e-01 4.49856043e-01 -2.00538233e-01 5.90108987e-03 2.13066712e-01 2.04131603e-01 7.75508434e-02 -3.68583500e-01 -5.58407962e-01 4.01308000e-01 -3.54178667e-01 -4.36808348e-01 1.83853246e-02 -5.98777294e-01 -2.13295370e-01 1.32084906e-01 -3.44217233e-02 -2.17906654e-01 -7.29481950e-02 -1.94922790e-01 1.82319954e-01 2.85241961e-01 1.45288140e-01 8.33664611e-02 -1.12580871e-02
3.05792261e-02 -3.29923272e-01 -1.12272002e-01 -3.67797315e-01 -3.99401069e-01 -2.58635610e-01 -3.17277431e-01 1.61376461e-01 4.17233795e-01 3.14449400e-01 -5.35988271e-01 -1.07902862e-01 8.61898959e-01 -2.90995628e-01 -1.90998688e-01 -2.85517395e-01 -6.30671680e-01 -8.32531214e-01 -5.56917153e-02 -3.24888490e-02 1.04186916e+00 -2.56289065e-01 -7.97905564e-01 1.73586175e-01 -9.07223374e-02 -5.52302636e-02 -4.39031243e-01 -5.48805952e-01 2.89935976e-01 -4.02665645e-01 1.27440616e-01 3.53044748e-01
-9.39402357e-02 -7.71969631e-02 1.72421968e+00 -8.94940794e-01 -9.57097888e-01 1.14288568e-01 3.01274098e-02 -3.97348404e-01 1.19075514e-01 2.36220098e+00 -2.16407534e-02 5.54899639e-03 3.10661465e-01 3.24393129e+00 4.64344062e-02 -8.32661986e-01 3.10515732e-01 -2.68584514e+00 6.08482063e-01 -3.17434192e-01 2.59032458e-01 6.26399219e-01 -3.40701491e-01 8.28773499e-01 -6.80311397e-02 -5.42219222e-01 2.74090946e-01 -9.92968455e-02 9.09587517e-02 8.78533721e-03 1.29221633e-01 -3.50145638e-01
-6.89009666e-01 -8.65350664e-02 8.68494689e-01 3.49167168e-01 -2.37983435e-01 6.38041675e-01 1.78448819e-02 -8.11887264e-01 3.11950713e-01 3.22471708e-01 2.49607220e-01 3.75897065e-02 -4.35090601e-01 -9.84355658e-02 3.48951817e-01 -3.54024196e+00 -3.28777544e-02 -5.35568571e+00 4.32504654e-01 -9.17617679e-01 -6.06408477e-01 4.41941947e-01 6.62777960e-01 -1.11814037e-01 -2.88210362e-01 -1.65603101e-01 -4.17653650e-01 5.07483184e-01 -5.35977662e-01 -3.86918992e-01 -1.28536749e+00 -2.21632302e-01
3.76738757e-02 -1.88010529e-01 -6.39752805e-01 -7.68804476e-02 -7.55009949e-02 -1.14081232e-02 2.04084054e-01 3.46803546e-01 3.21705133e-01 -2.98338741e-01 5.11230350e-01 -1.91358000e-01 3.43932420e-01 -8.32453430e-01 -2.50946671e-01 2.54271217e-02 -2.46194139e-01 3.19445044e-01 -1.20077975e-01 1.35665640e-01 -1.30569637e-02 -1.40755132e-01 1.02336124e-01 -2.28670254e-01 -9.89851505e-02 7.72638559e-01 -1.92236677e-02 2.52388846e-02 -1.65557817e-01 2.52081662e-01 1.49529472e-01 3.24917853e-01
-9.92651522e-01 2.47935504e-01 -8.83508399e-02 2.89372116e-01 -1.94349291e-03 6.68787956e-01 -3.63029510e-01 -3.85466851e-02 4.03407156e-01 -2.06893489e-01 -7.99499929e-01 2.81095326e-01 2.07078025e-01 -3.94941568e-01 -3.13072264e-01 -6.09549165e-01 2.79465497e-01 -5.07844985e-01 -4.99629736e-01 3.69533837e-01 1.34722471e+00 9.62243617e-01 -1.68318618e-02 1.28195703e-01 -3.59947801e-01 1.64417297e-01 -6.43375576e-01 2.30643097e-02 9.03779149e-01 -2.94940203e-01 -4.52158377e-02 1.35553360e-01
-5.34838617e-01 -3.49514373e-02 7.75756463e-02 1.18087344e-01 -2.67607540e-01 2.64417708e-01 -9.22860205e-01 -7.56068602e-02 9.94184241e-02 5.20789146e+00 5.47797859e-01 4.40108329e-01 2.35792965e-01 2.64502788e+00 -3.26723978e-02 -3.46514322e-02 -4.06307399e-01 -1.64446548e-01 3.99501063e-02 -1.84925243e-01 -7.16177940e-01 4.25370514e-01 1.88078970e-01 2.59141803e-01 -4.09106582e-01 -4.10558432e-01 -6.49559259e-01 3.50327164e-01 -1.20198175e-01 -6.76948369e-01 1.38514206e-01 -2.24597648e-01
-1.29914535e-02 1.43214419e-01 -7.63305575e-02 3.82575095e-02 1.39906025e-02 1.67212903e-03 1.92483142e-02 -6.06525019e-02 3.24542411e-02 -1.07059702e-01 5.69150932e-02 7.85186812e-02 4.35492508e-02 7.66387284e-02 1.03491358e-01 1.96565203e-02 3.82794589e-02 4.84475726e-03 -1.92395842e-03 1.02865294e-01 2.67486840e-01 1.03738144e-01 -5.73022701e-02 4.13993709e-02 6.45239428e-02 1.96201205e-02 6.05122969e-02 2.54328996e-01 3.56599013e-03 2.42387317e-03 3.50739919e-02 2.71068588e-02
1.96412712e-01 -6.07527420e-03 -5.02789259e-01 -2.14585718e-02 -8.13246369e-02 -3.19018930e-01 -1.74142987e-01 -2.62285411e-01 3.83348584e-01 -7.27393687e-01 -1.37934294e-02 8.09338018e-02 2.71693528e-01 -1.40938871e-02 -2.50848889e-01 -7.83254392e-03 -2.07419470e-01 1.97232589e-01 -1.01556286e-01 9.97634649e-01 1.77643791e-01 1.82362005e-01 -6.47766531e-01 -1.92436129e-01 -1.64366066e-01 -3.71606797e-01 7.76573777e-01 -4.38066095e-01 2.62010604e-01 2.33666062e-01 -2.33729750e-01 2.48716861e-01
-2.80025393e-01 -9.95311439e-02 -3.06986779e-01 -2.16678813e-01 4.70186055e-01 3.59401964e-02 1.60229832e-01 1.37341157e-01 3.71273398e-01 -4.06311065e-01 -1.77950248e-01 -9.05589581e-01 4.84353811e-01 -1.89715892e-01 -1.44772142e-01 2.38166869e-01 -1.43829301e-01 3.80428195e-01 1.20687619e-01 -7.56489858e-02 1.91308616e-03 -1.80532515e-01 5.10960937e-01 -3.42144579e-01 2.68095374e-01 2.06264779e-01 -1.86560616e-01 3.02550405e-01 5.70957512e-02 3.42723221e-01 4.89927560e-01 1.02400079e-01
5.82517050e-02 2.04463378e-01 1.20808799e-02 6.38229251e-02 -9.43253264e-02 9.92174000e-02 -5.17669991e-02 -8.66137668e-02 5.03319055e-02 6.62087947e-02 6.88906088e-02 9.70855877e-02 -6.56218603e-02 -4.42384928e-02 9.74537954e-02 4.90475535e-01 6.13533147e-02 -2.66285688e-01 5.18794693e-02 -9.64567810e-02 -1.15005016e-01 -1.11901484e-01 2.95480005e-02 -1.35981468e-02 3.29310596e-02 1.21866584e-01 -3.30963841e-04 1.46159418e-02 1.18461639e-01 9.76969581e-03 -2.26105396e-02 3.92630585e-02
5.15005589e-01 -2.00360984e-01 6.51503146e-01 5.25667667e-01 -2.17078134e-01 -2.23334178e-01 -6.68137193e-01 -1.09837182e-01 -3.06352437e-01 -8.28822494e-01 -1.02481723e-01 9.80939329e-01 4.97449845e-01 -4.45144624e-01 7.80025601e-01 5.17170250e-01 -9.56105813e-02 -2.74966985e-01 4.61310267e-01 4.45974886e-01 -4.33927059e-01 7.68645480e-02 5.37037015e-01 1.90914705e-01 1.45017087e-01 -3.60004604e-01 8.81609097e-02 2.93527901e-01 -8.54540020e-02 -8.38921517e-02 1.52655423e-01 3.69242162e-01
2.66774595e-01 -9.58181322e-02 3.25279422e-02 1.92731813e-01 -2.30062157e-02 1.33248463e-01 8.68302286e-01 2.01262794e-02 5.55135548e-01 2.51196891e-01 3.69208395e-01 3.33242744e-01 -4.42009687e-01 -5.44592142e-01 9.02469754e-02 -1.12468886e+00 -6.50597960e-02 -7.78984666e-01 -1.12188570e-02 -4.80288655e-01 -5.07031560e-01 -3.63328122e-02 2.13153899e-01 1.89299677e-02 1.15705289e-01 -4.66248870e-01 -6.63657308e-01 4.29382235e-01 -1.30372092e-01 -1.46010503e-01 2.12943584e-01 -1.24931023e-01
5.23912832e-02 3.59149240e-02 -2.22219467e-01 4.09975618e-01 -1.65118128e-01 3.58734220e-01 3.55406791e-01 -2.76693612e-01 -2.61894435e-01 3.78138363e-01 1.38992378e-02 8.74681026e-02 4.30654466e-01 5.01105726e-01 -2.11108670e-01 -7.37064302e-01 5.63123703e-01 -3.28790963e-01 7.58130327e-02 -2.43518978e-01 -3.84057730e-01 7.75854886e-02 -4.20126230e-01 2.21572414e-01 -3.92527580e-01 -1.20709345e-01 -5.25832102e-02 -4.22811359e-01 4.96684946e-02 -1.13723524e-01 -4.42693345e-02 -2.60686278e-01
7.26155162e-01 -1.35021895e-01 -2.91651338e-01 1.95312992e-01 2.88250446e-01 -3.94366771e-01 -9.25958827e-02 3.16716909e-01 2.20438570e-01 -2.67375159e+00 1.46034017e-01 1.10000096e-01 3.53630930e-01 -1.64235663e+00 2.50229657e-01 4.00955915e-01 7.73780420e-02 4.05569762e-01 -2.71674722e-01 -4.51451540e-02 5.52199781e-01 -2.35030144e-01 -1.61228389e-01 -2.47586481e-02 -3.09467226e-01 -2.12175578e-01 -3.15581635e-02 -2.23257825e-01 2.64313132e-01 1.41081154e-01 6.60032704e-02 -2.37322748e-01
-7.73826659e-01 1.49091527e-01 -5.43062352e-02 1.32607013e-01 1.63573623e-02 -4.02529210e-01 1.06233633e+00 -1.34031937e-01 -1.08596861e+00 7.12911189e-01 -7.61866033e-01 9.54451188e-02 1.53457686e-01 8.00805688e-02 -7.07455039e-01 6.80939019e-01 5.97192109e-01 6.16752446e-01 4.00858939e-01 1.54533619e-02 -5.14097393e-01 3.79726321e-01 4.76164818e-01 9.66124654e-01 -4.53841209e-01 5.00576973e-01 -6.04121268e-01 1.60165340e-01 8.17318678e-01 -4.44814384e-01 1.82453021e-01 2.22490560e-02
-5.56726575e-01 6.15482867e-01 -3.48092131e-02 -1.51507854e-01 5.49647808e-01 1.74121872e-01 -1.41207380e-02 5.24567544e-01 -2.97902018e-01 4.83908832e-01 6.31993413e-02 -1.64167434e-01 2.28005469e-01 2.10715309e-01 -5.35982728e-01 -2.99144328e-01 -9.13393795e-02 -7.30291754e-02 3.85680228e-01 -3.11844409e-01 5.36703877e-02 -2.64993042e-01 2.44473312e-02 -7.68219769e-01 2.50528604e-01 -1.91370979e-01 -5.74453890e-01 -6.35573864e-01 1.82434022e-01 -3.73683721e-01 -2.45860234e-01 -3.75012785e-01
-1.24718279e-01 2.56940126e-01 4.81715858e-01 3.02980244e-01 -2.28183538e-01 -3.21455181e-01 -5.47883622e-02 3.35922837e-02 2.45298237e-01 -4.82989490e-01 -6.44899726e-01 -3.37321521e-03 -2.14190766e-01 -3.03170800e-01 4.94644195e-02 6.92193329e-01 -1.10248812e-02 2.02208370e-01 2.65976191e-01 2.85442710e-01 1.28147621e-02 -7.00637043e-01 1.41543537e-01 -4.07094508e-02 3.26190531e-01 2.14344412e-01 -4.05863859e-02 -5.75283110e-01 -2.53953397e-01 -1.75926879e-01 3.67618278e-02 -2.57347375e-01
-7.96791494e-01 4.64611202e-01 -6.05033100e-01 -1.00666451e+00 -2.47811586e-01 -2.33909547e-01 -3.48343760e-01 3.90837252e-01 1.22796074e-01 4.55006838e-01 -3.89973968e-02 1.71633109e-01 1.75955743e-01 2.80015916e-01 -6.70060376e-03 1.06322348e+00 6.85238779e-01 1.12043381e+00 -7.49404788e-01 7.32883364e-02 5.71953952e-01 -7.61860847e-01 -6.45053685e-01 3.94020587e-01 -1.87528923e-01 -4.43694711e-01 2.81308472e-01 2.50769049e-01 5.29701710e-01 -8.10505748e-01 1.74159691e-01 -2.10665420e-01
1.26148909e-01 -5.56705534e-01 -2.00716946e-02 -1.30178913e-01 -5.55361569e-01 5.89095592e-01 2.87737418e-02 -4.48748410e-01 5.10705590e-01 9.06621337e-01 -2.37350762e-01 1.06481820e-01 5.65755308e-01 3.80513638e-01 5.99594377e-02 -1.03299594e+00 -4.56431985e-01 -9.51581955e-01 -7.63932616e-03 2.20675483e-01 2.84577280e-01 3.78981352e-01 2.89847195e-01 1.35167211e-01 3.52087855e-01 1.21278249e-01 -4.27010089e-01 -3.38060141e-01 -2.38368064e-01 -3.47866476e-01 4.65948939e-01 2.21658543e-01
-4.22227848e-03 -9.54276025e-01 3.21391225e-01 1.63747513e+00 1.22466117e-01 4.29588594e-02 -1.20515034e-01 -3.16054404e-01 -1.90860569e-01 2.18942210e-01 1.13034928e+00 -1.01087487e+00 -1.15713704e+00 -3.70117962e-01 1.56174421e-01 -1.52107775e-01 -1.21723115e+00 5.37211835e-01 6.80664957e-01 -7.46942341e-01 8.14065576e-01 1.40693530e-01 -4.45553921e-02 7.88674578e-02 -7.00755939e-02 -5.60947537e-01 2.59415686e-01 8.08818638e-02 -9.33471620e-01 1.31394935e+00 -6.48037553e-01 4.03084233e-02
-8.99938762e-01 -2.81940341e-01 4.08452034e-01 2.25986511e-01 -4.03840393e-01 3.60247284e-01 3.79126281e-01 -1.16226286e-01 -5.75778127e-01 -1.00828402e-01 -9.13604558e-01 1.80424005e-01 3.64449322e-01 1.94667995e-01 2.85336882e-01 -3.29418659e-01 2.54785299e-01 -4.86374468e-01 2.46476829e-01 -4.49231595e-01 -9.18776572e-01 4.21284884e-01 1.50292352e-01 -6.09063983e-01 1.09170511e-01 4.75074053e-01 -2.03919895e-02 2.63100684e-01 -5.56557953e-01 -1.27571076e-01 -9.19553116e-02 4.84777018e-02
-3.65301698e-01 -3.75438064e-01 -6.65484071e-02 -1.78580105e-01 -2.78599679e-01 6.71195164e-02 1.74150556e-01 3.04508120e-01 -6.53491378e-01 1.60609901e+00 -1.69238314e-01 -1.22232608e-01 -4.73201573e-01 4.52525496e-01 -3.58234122e-02 3.91749181e-02 1.19845998e-02 1.89664871e-01 -7.55215138e-02 -1.77317083e-01 2.82270074e-01 2.06605375e-01 5.05466580e-01 -4.40588593e-03 8.18671063e-02 -2.69883219e-02 -2.20470205e-01 1.38284147e-01 3.25467944e-01 2.91988015e-01 2.18105182e-01 8.04778561e-02
-4.84818853e-02 -3.60951185e-01 1.57562029e-02 -1.14007734e-01 -4.19701755e-01 4.49343264e-01 -1.56312555e-01 -4.39253837e-01 9.94577408e-02 -3.32812548e-01 -3.52059235e-03 4.85205919e-01 2.09443346e-01 5.23192883e-01 3.19845080e-01 -5.86039603e-01 -4.65925366e-01 -1.26640689e+00 -1.01503097e-02 -3.32370311e-01 -1.49202988e-01 8.76448154e-01 3.73129368e-01 6.01262748e-01 -4.52129215e-01 1.38461262e-01 1.16457164e-01 -2.02533931e-01 -3.72993082e-01 -2.74290025e-01 -8.83924589e-02 -9.77435336e-02
1.58100761e-02 -6.06049187e-02 1.64850056e-01 -1.05335586e-01 2.50172108e-01 -9.01259482e-02 2.42229421e-02 -3.24217111e-01 -1.97703272e-01 2.27673590e-01 1.62650555e-01 1.15945511e-01 9.31962729e-02 -2.89188623e-01 -4.41871881e-02 -2.84108341e-01 5.74920736e-02 1.32759646e-01 -1.79785550e-01 -5.29102147e-01 1.43920541e-01 -1.34487897e-01 -4.37204838e-02 -4.38226908e-02 -4.69387211e-02 2.22848073e-01 -7.61912838e-02 4.24960107e-02 1.06867760e-01 5.89395203e-02 -7.36706778e-02 2.93021183e-02
5.22228181e-02 -6.18622780e-01 -2.54382491e-01 7.52035856e-01 -1.14331350e-01 -4.53231633e-01 2.13290915e-01 -1.32347360e-01 -3.84621054e-01 3.07531691e+00 -5.77308655e-01 9.80483115e-01 6.62060618e-01 8.66651535e-01 8.23214412e-01 3.87836397e-01 1.37873068e-02 5.52631557e-01 5.91523945e-01 3.66460890e-01 2.44371250e-01 1.71954259e-01 -3.64894062e-01 1.05109763e+00 -3.19493115e-02 1.49470776e-01 -3.18186760e-01 2.85490096e-01 9.67889875e-02 3.12642418e-02 7.05944061e-01 1.22482562e-02
-1.00897528e-01 1.81809768e-01 1.24395832e-01 6.95100352e-02 4.33768034e-02 -4.86880951e-02 4.64436365e-03 1.05349906e-01 1.94456652e-02 -8.38999636e-03 1.66849196e-01 8.59664679e-02 9.21887308e-02 1.70344126e-03 1.49873585e-01 1.95607394e-01 3.34465578e-02 -1.18054107e-01 -4.58552688e-03 9.28407907e-02 -1.53797433e-01 -5.83809763e-02 -2.78819185e-02 1.17337704e-02 -4.56534684e-01 -2.22329050e-01 4.24543470e-02 -1.46720931e-01 -5.50528504e-02 -5.91824688e-02 2.72536799e-02 -4.58683997e-01
2.99236644e-03 -5.72112240e-02 -4.21929508e-02 2.37096753e-02 -2.54561037e-01 2.30698548e-02 -5.18438220e-02 1.54944360e-01 7.17695504e-02 -1.48349097e-02 -1.86078604e-02 -1.81992352e-02 -6.79911599e-02 6.16316907e-02 -7.88519904e-02 2.24892244e-01 -1.07139610e-01 -1.07453778e-01 3.31933424e-02 3.29731196e-01 -2.56788909e-01 -9.04690996e-02 8.13186448e-03 -5.49856166e-04 9.05254390e-03 -1.01347893e-01 -6.44943491e-02 -5.38789146e-02 -5.42275496e-02 5.19592687e-02 1.82969887e-02 -5.84090780e-03
6.91804469e-01 -2.36291930e-01 4.09707814e-01 2.93784469e-01 -5.63685298e-01 4.52661365e-02 -3.67189616e-01 9.37095284e-02 6.02518201e-01 2.15666756e-01 -2.37505868e-01 9.49501023e-02 1.06426261e-01 2.82528222e-01 7.08013356e-01 -6.78750753e-01 -4.17948246e-01 -8.93820941e-01 3.35504800e-01 -2.41736874e-01 -7.82852471e-01 2.96326578e-01 -1.80380151e-01 1.87476322e-01 6.64037466e-01 9.15982760e-03 1.75735086e-01 -3.06595825e-02 -4.75634038e-01 1.80455506e-01 1.28091425e-01 2.23213360e-01
1.53815821e-01 -4.17840898e-01 -2.53443122e-01 4.21836585e-01 1.22784868e-01 -5.97726405e-01 7.27506578e-02 -3.30888703e-02 2.79763848e-01 -2.55711347e-01 -2.30231822e-01 4.42995280e-01 3.37105095e-01 -2.64405102e-01 2.60951072e-01 -6.79095745e-01 -3.50462139e-01 -8.39221299e-01 5.63694060e-01 -4.22015518e-01 -2.49832496e-01 -5.97593859e-02 3.55612963e-01 6.61283851e-01 -1.09289967e-01 -3.39818180e-01 4.55336303e-01 -5.10408729e-02 -1.18542261e-01 -4.06462014e-01 6.67017922e-02 2.06986502e-01
7.92672113e-02 -2.13503242e-02 7.43488133e-01 9.92017388e-02 -1.38005650e+00 -3.27032238e-01 2.52087533e-01 -1.53909087e-01 7.13296294e-01 7.98669636e-01 -1.83475181e-01 -2.58566260e-01 1.47735998e-02 7.06566632e-01 -2.49340646e-02 -2.65678906e+00 -2.78089494e-01 -3.23093009e+00 2.14393139e-01 2.80476864e-02 -8.35302114e-01 6.30426884e-01 1.61414891e-01 1.36333764e-01 3.14260572e-01 1.30202442e-01 3.30648571e-01 1.57147378e-01 -1.26413062e-01 -7.88275123e-01 -2.44049639e-01 8.03258941e-02
-1.52929291e-01 -2.23222643e-01 -2.42331252e-01 -2.62287199e-01 -3.66454095e-01 5.22290409e-01 1.85049653e-01 -1.38711423e-01 -8.02083239e-02 4.10620034e-01 -1.99100584e-01 1.81877047e-01 3.59657481e-02 -2.24341005e-01 -1.59879714e-01 -5.84656656e-01 2.90946484e-01 -6.77526712e-01 -2.29961678e-01 -3.64877493e-03 -4.16092128e-01 3.89515251e-01 -2.11082548e-01 4.05980170e-01 3.11255693e-01 -5.43873012e-01 5.01875460e-01 1.57901600e-01 4.00508381e-02 1.49232402e-01 -1.00450478e-01 8.00349861e-02
3.83732021e-01 7.15616405e-01 6.88905776e-01 -4.03356135e-01 7.82794952e-02 1.36477754e-01 2.60497034e-01 -8.68867189e-02 -8.49063933e-01 1.07292426e+00 -2.85408109e-01 -2.22634047e-01 -4.33897018e-01 1.14651656e+00 9.54259709e-02 1.24328598e-01 4.29178812e-02 -1.02429736e+00 2.50735015e-01 -2.78908461e-01 3.15610394e-02 7.02741742e-01 -2.02553451e-01 -3.95945311e-01 5.82207799e-01 -7.62183130e-01 4.89046544e-01 -3.93156260e-02 -2.74615705e-01 -6.07115030e-01 -1.90510266e-02 -3.84407014e-01
-8.88820440e-02 -5.41838706e-01 1.73593596e-01 -2.09275573e-01 5.39933108e-02 2.87456304e-01 3.60124856e-01 -2.26459026e-01 -1.05254161e+00 -1.52677923e-01 -1.66509628e-01 8.58127847e-02 -6.03082664e-02 4.94777977e-01 7.41438329e-01 6.05091512e-01 2.20341727e-01 -1.92132562e-01 -8.88176933e-02 1.62670925e-01 -2.19303325e-01 3.26595306e-01 -4.97582741e-02 1.33116454e-01 2.63822023e-02 -2.14907557e-01 3.70466173e-01 6.63551569e-01 -3.48684520e-01 -4.86040443e-01 1.02519143e+00 2.45323047e-01
-1.32247686e+00 1.50526673e-01 1.92235619e-01 -1.37706184e+00 -1.03582121e-01 -5.28460881e-03 1.09018765e-01 6.10385299e-01 1.25229180e-01 3.28567535e-01 -1.02951038e+00 6.93174064e-01 1.15641832e+00 2.77944326e-01 -6.27796948e-01 3.29049945e-01 6.34072721e-01 -3.64638150e-01 -3.74150693e-01 1.10362494e+00 -4.73519713e-01 -2.39390731e-01 -2.57914752e-01 -1.38162553e-01 6.78211451e-01 1.06418657e+00 7.89437413e-01 5.43068409e-01 5.72148561e-01 -1.09273672e+00 1.39161199e-01 1.39317438e-01
-1.07349902e-01 8.52821916e-02 3.14018786e-01 -5.76682761e-02 3.52976888e-01 -1.00472011e-01 -1.05888852e-04 4.41712514e-02 -5.52385226e-02 1.19253673e-01 4.33843918e-02 -2.23321524e-02 2.97546329e-04 -9.92525071e-02 8.42484459e-02 -1.44931838e-01 8.45171958e-02 5.68064936e-02 -8.94067995e-03 -4.11814481e-01 1.48103833e-01 -9.88602564e-02 4.66913134e-02 8.97403981e-04 1.36166304e-01 -4.23450209e-03 6.32236525e-02 1.36683822e-01 4.60238419e-02 -9.74728018e-02 -2.94266921e-02 6.29026964e-02
-1.10106096e-01 2.40154296e-01 3.17004919e-01 -1.42944753e-01 1.99104965e-01 1.01877376e-01 6.81591749e-01 3.10610473e-01 1.10363618e-01 -1.19052875e+00 -3.68592322e-01 5.55989206e-01 6.79225564e-01 -2.97759473e-01 -4.60643023e-01 -1.03366785e-02 5.11654794e-01 -2.62181073e-01 -2.91644465e-02 -4.76424962e-01 9.84814048e-01 -2.68643975e-01 2.22031809e-02 -1.36036980e+00 7.48903379e-02 5.43074071e-01 -1.01554799e+00 -9.46344495e-01 2.97386795e-01 -1.38574630e-01 -3.41558419e-02 -3.96000057e-01
6.32997274e-01 -3.19070041e-01 -2.80413896e-01 4.52702582e-01 -1.08584613e-01 -5.56315705e-02 -1.21633120e-01 -1.78449541e-01 5.37160754e-01 -1.16021737e-01 -1.09316699e-01 -5.83876558e-02 7.43550360e-01 -3.41737360e-01 3.64734232e-01 -4.87778723e-01 -4.07387279e-02 -5.74531317e-01 4.14254844e-01 -8.73113200e-02 -3.28320086e-01 1.10003009e-01 1.62947088e-01 1.67172015e-01 1.91475153e-02 -2.27189988e-01 8.07580769e-01 4.58513111e-01 -3.71953249e-01 3.49324614e-01 1.53792009e-01 2.45484203e-01
-1.57733679e-01 3.00160140e-01 -1.65248796e-01 -5.52386940e-02 -5.75466573e-01 -2.41335660e-01 8.04373398e-02 4.31115538e-01 -3.22583504e-02 -4.51094121e-01 -2.16680527e-01 7.04939067e-02 -3.38258505e-01 1.90161258e-01 2.86192030e-01 -1.75958201e-01 -1.21745028e-01 2.37145662e-01 8.22642371e-02 3.62888336e-01 -2.45100915e-01 -6.78754598e-02 -8.89525786e-02 -3.72299813e-02 -7.83782527e-02 -9.81710702e-02 2.63619721e-01 -3.08759421e-01 9.47260335e-02 -1.04658247e-03 1.25111744e-01 1.39552861e-01
3.57906446e-02 -4.97949600e-01 -4.39072028e-02 -1.24129727e-01 -2.20306113e-01 -1.53380960e-01 -1.35487681e-02 -1.55953437e-01 -3.37738842e-01 5.03250957e-01 -3.43029536e-02 9.85177979e-02 3.71381491e-01 3.49300444e-01 -1.74983561e-01 -7.53607571e-01 -1.90455034e-01 -2.37831652e-01 3.35406093e-03 6.27741069e-02 9.12626833e-02 -1.79572683e-03 5.29988587e-01 3.20809633e-02 -3.48494291e-01 2.45410308e-01 3.19789767e-01 9.17342305e-02 -4.38213162e-02 1.06604055e-01 -1.00015797e-01 -2.37299189e-01
9.66715634e-01 -2.16026362e-02 -4.42938894e-01 2.45461196e-01 -2.59899944e-01 1.36646271e-01 5.73421180e-01 8.61107931e-02 -3.32492113e-01 -8.21834803e-01 -8.43467951e-01 1.34503806e+00 3.56211364e-02 -8.11519980e-01 3.28589141e-01 4.62541819e-01 -2.84809340e-02 1.75935268e-01 2.11701244e-02 2.46192664e-02 -1.87795401e+00 -2.10407361e-01 -7.67107427e-01 -1.73105955e-01 -4.88807946e-01 -6.89907819e-02 2.95965672e-01 7.56508112e-01 -1.15036152e-01 1.10185064e-01 -9.92058069e-02 5.45116067e-01
-2.04907462e-01 -3.42571698e-02 -9.26478207e-01 -5.37515692e-02 2.84776300e-01 4.43543881e-01 -3.85668017e-02 3.28580588e-02 2.03330033e-02 4.43615347e-01 -3.75507325e-01 -1.27445304e+00 3.63850474e-01 2.15202674e-01 -1.89318776e-01 6.21307075e-01 -1.47761926e-01 1.40510416e+00 -4.55031633e-01 5.41410595e-02 3.91108334e-01 -1.17359579e-01 9.23462436e-02 7.77177930e-01 -2.64771432e-01 7.63164163e-01 -8.41524303e-02 -3.17653477e-01 1.27715409e-01 1.44711405e-01 5.28930426e-01 -9.56202149e-02
-1.78240165e-02 3.53029281e-01 -1.71544269e-01 -6.12735450e-01 -8.05498660e-02 7.69369841e-01 3.32682133e-01 7.93721318e-01 2.93914646e-01 3.62794489e-01 9.42534387e-01 -2.51647621e-01 8.24399367e-02 2.98994273e-01 6.07989766e-02 -7.02407897e-01 2.66069144e-01 -2.29451377e-02 -3.15920025e-01 -5.66951811e-01 -6.17895909e-02 -2.30214119e-01 2.64085740e-01 2.08579123e-01 -2.69278049e-01 1.68023184e-01 3.72768864e-02 1.74846798e-02 -5.55490077e-01 2.57396579e-01 -1.04712047e-01 1.42782226e-01
8.25911239e-02 4.30365745e-03 -1.42993912e-01 8.50382540e-03 -1.47089791e-02 3.79455462e-02 6.82222471e-02 8.49649459e-02 -3.43399607e-02 -6.14862256e-02 -4.53515314e-02 -3.83356780e-01 2.47808337e-01 1.93737686e-01 1.61871351e-02 6.62454963e-02 7.46996105e-02 -1.18369393e-01 9.63553116e-02 2.50822097e-01 1.32334620e-01 2.60114253e-01 -3.12880874e-02 2.28077784e-01 -1.03173494e-01 -2.75941640e-01 -1.77149519e-01 -1.89376444e-01 -3.08225125e-01 -1.42799884e-01 4.99989763e-02 -2.72041202e-01
4.27970082e-01 9.71456394e-02 5.51029384e-01 3.94656718e-01 3.37664723e-01 4.02838737e-01 9.12820995e-01 -3.62144977e-01 7.96843052e-01 -9.75052863e-02 -6.04400456e-01 1.47679806e-01 -5.20556509e-01 -4.43384349e-01 -7.75324702e-02 2.22088113e-01 -5.33891857e-01 -4.73280579e-01 2.88174748e-01 9.21013206e-03 -9.97402221e-02 5.75749576e-01 1.95794210e-01 6.85037315e-01 1.89052429e-02 -1.32700816e-01 -2.32829183e-01 1.61006808e-01 1.82840079e-01 4.15454060e-01 -1.44562334e-01 1.13183185e-02
-2.95744658e-01 -5.25936604e-01 1.52982652e+00 4.96321619e-02 -8.67526770e-01 -1.64259136e-01 -1.15179944e+00 -9.51946914e-01 2.95635819e-01 1.04398680e+00 7.22703664e-03 -4.78418678e-01 -2.54487753e-01 1.14560580e+00 6.03052139e-01 -2.02076221e+00 1.49739653e-01 -2.68874860e+00 1.77312469e+00 8.37480187e-01 -5.54643333e-01 1.71441519e+00 -4.19810325e-01 2.37690598e-01 3.90130281e-01 -6.50992513e-01 -2.90229589e-01 3.47885877e-01 2.16712236e-01 2.74157082e-03 6.23792529e-01 9.71299708e-02
1.75788142e-02 -2.88277455e-02 4.49372269e-02 4.18184996e-02 4.32250500e-01 -5.84746338e-03 1.92256868e-02 2.41340082e-02 6.00550212e-02 1.56565309e-02 -1.10626752e-02 -5.80477268e-02 1.04880095e-01 -1.73909776e-02 -7.40909530e-03 -7.29503185e-02 5.83756110e-03 -5.56571223e-02 -7.49042630e-02 8.24630484e-02 1.56224996e-01 2.93580983e-02 -4.44209650e-02 7.76172522e-03 -1.30917087e-01 -1.37385920e-01 1.59444604e-02 3.26067030e-01 -4.14159931e-02 -5.87187670e-02 2.79638749e-02 -2.39271685e-01
-4.49490041e-01 -2.30545588e-02 -6.96038231e-02 -1.43825859e-01 -2.42806137e-01 1.37692884e-01 -5.97294569e-02 7.43434846e-01 -2.73228377e-01 1.21764094e-01 -2.97588021e-01 8.32978964e-01 5.65221727e-01 3.07420224e-01 4.74144876e-01 2.07506657e-01 -1.12895980e-01 1.35344282e-01 -1.91078484e-01 2.00888477e-02 -1.09785371e-01 -5.35642803e-01 2.45640855e-02 -2.78395116e-01 -2.92667896e-01 -1.20830968e-01 -6.80559754e-01 3.99726599e-01 -2.02952564e-01 -3.17227811e-01 1.63311318e-01 4.60679144e-01
-1.30136222e-01 -1.94109678e-01 7.18881428e-01 1.96779385e-01 -6.81295514e-01 3.54276597e-01 3.16394448e-01 -5.10581195e-01 4.99680787e-01 3.58296305e-01 -1.34949237e-01 4.10810947e-01 -2.78548747e-02 9.28543210e-02 2.06559926e-01 -2.17593718e+00 1.40094489e-01 -1.06936419e+00 -1.87081601e-02 2.16333807e-01 2.08386071e-02 2.83930451e-01 3.49659353e-01 1.13154970e-01 -1.44759744e-01 -4.64360833e-01 -1.43251911e-01 -3.00340146e-01 -3.11314851e-01 -5.39564133e-01 4.42800730e-01 -3.81053299e-01
-1.44258171e-01 6.02258779e-02 -1.64025232e-01 1.38487607e-01 -1.27692997e-01 -8.98056626e-02 3.24783027e-01 -1.83947772e-01 -6.48605943e-01 1.61506474e+00 -3.84859741e-01 -5.70625067e-02 -2.60491759e-01 1.25627351e+00 -2.79814273e-01 9.01021287e-02 3.52958143e-02 3.12743685e-03 -9.95772108e-02 -2.77636170e-01 1.64521951e-03 2.10962489e-01 -5.20354100e-02 -1.86749458e-01 -1.91332459e-01 8.11616927e-02 4.17719245e-01 4.83127832e-01 1.82126373e-01 -4.76732165e-01 3.47489566e-01 -3.79622281e-02
-1.42287791e-01 -1.94548666e-01 6.98960245e-01 4.73556548e-01 -2.62980580e-01 -3.54413390e-01 -1.00383651e+00 1.15535416e-01 2.25010723e-01 4.67840940e-01 7.38458857e-02 -4.37661372e-02 1.16593957e-01 2.06891716e-01 -2.50875264e-01 3.75510782e-01 2.66249832e-02 4.21465077e-02 -5.46740144e-02 -3.18071663e-01 7.99596250e-01 4.62065339e-01 3.53131115e-01 -6.24383867e-01 -2.33129840e-02 2.30796207e-02 -2.07532004e-01 3.80527258e-01 -1.55274734e-01 3.24311584e-01 -1.63622901e-01 -2.36127034e-01
9.57377732e-01 -3.28196973e-01 5.61548591e-01 9.19544399e-01 -4.05028790e-01 2.10786298e-01 -8.40172648e-01 -5.45359135e-01 6.06588721e-01 -1.20059073e+00 -2.78756380e-01 6.63222551e-01 -1.17921567e+00 -3.21587294e-01 6.27995372e-01 -5.24151146e-01 -3.08030266e-02 -1.83980301e-01 5.92772007e-01 8.07521880e-01 3.70209038e-01 -3.97223711e-01 -2.02536201e+00 -5.50865412e-01 4.69560802e-01 6.09332263e-01 -8.66073906e-01 -4.26768899e-01 -1.03613652e-01 1.19882834e+00 -5.17098188e-01 -7.29971612e-03
-2.35292390e-02 1.60009801e-01 -4.92106192e-02 -5.23967855e-02 -1.39089599e-01 -2.86112800e-02 3.95328961e-02 -4.06892151e-02 -3.96314487e-02 -1.82632711e-02 4.52269204e-02 9.63958651e-02 8.95799249e-02 -5.22319265e-02 1.56597286e-01 -1.48158088e-01 9.46234018e-02 1.74822107e-01 -1.82269737e-02 -2.77621388e-01 1.53328329e-01 3.37352119e-02 -2.58848015e-02 -1.82666853e-02 -3.03666562e-01 -3.13258953e-02 1.70734506e-02 -9.60794911e-02 -2.13397276e-02 -1.06456885e-02 -1.82709831e-03 -2.15195298e-01
7.06239343e-02 3.48232180e-01 1.63325465e+00 4.51192856e-01 -1.36519384e+00 1.70760006e-01 -2.33094335e-01 -4.98434901e-01 8.81784797e-01 6.63387477e-01 1.02480277e-01 -2.42166296e-01 -8.90158832e-01 7.78706074e-01 2.85667344e-03 -3.57367611e+00 -1.85688421e-01 -4.75959969e+00 2.83899307e-01 1.20750092e-01 -1.24464726e+00 1.00605166e+00 3.47405434e-01 1.91516191e-01 2.40482017e-01 -1.51217192e-01 -5.21358013e-01 6.70907736e-01 -1.36063635e-01 -1.26912678e-02 1.30186334e-01 -2.00084783e-02
-8.24185312e-01 1.57224149e-01 1.51199088e-01 -7.00202107e-01 -8.90299231e-02 -1.48478314e-01 -2.20300198e-01 4.62747872e-01 -5.56003116e-02 3.66221443e-02 1.51137263e-01 -3.36567104e-01 3.96449715e-01 4.97836232e-01 -3.69810134e-01 -3.35784465e-01 1.58738732e-01 -2.66913623e-01 -3.25218648e-01 1.21333592e-01 1.08124800e-01 6.95411146e-01 2.47693077e-01 -2.18719631e-01 -9.72825289e-02 2.73099989e-01 -6.70378625e-01 8.76487792e-02 5.87483570e-02 -5.19091129e-01 -1.62295088e-01 -7.71431208e-01

layers.2.bias:
-1.43973553e+00
-7.56176472e-01
7.02562332e-01
-4.98352796e-01
1.61567912e-01
-2.60300726e-01
2.34319776e-01
2.05612946e+00
4.69732463e-01
8.09475183e-01
-9.31368887e-01
-1.37824726e+00
-3.26411903e-01
9.29795086e-01
-2.68891901e-01
-6.96940184e-01
-5.85964769e-02
-6.74294531e-01
3.29801708e-01
-9.86971110e-02
-2.04800606e-01
7.63231039e-01
7.82920241e-01
-1.88543096e-01
-2.87859440e-01
1.02561736e+00
-9.16534424e-01
-1.08820653e+00
4.79540408e-01
-1.09008527e+00
-4.02980000e-02
-1.27599835e-01
8.03714454e-01
1.00541167e-01
-3.66397768e-01
-1.46835726e-02
-1.44413844e-01
1.38629341e+00
1.02457190e+00
-5.75867668e-02
9.89513636e-01
-2.00007856e-01
-5.36572754e-01
1.31417286e+00
2.51700878e-01
-1.00202763e+00
1.05650997e+00
-3.14966500e-01
7.72788525e-01
1.67388952e+00
6.52248859e-02
2.91097820e-01
1.32022962e-01
-6.16264820e-01
2.01845601e-01
-1.01248845e-02
7.62966156e-01
-1.64603889e-01
-3.61757278e-02
-6.41350091e-01
6.30462825e-01
6.95484802e-02
-2.77064323e-01
6.63066804e-01

layers.4.weight:
3.10882926e-01 2.46925205e-02 -4.49076854e-02 8.51904042e-03 1.36856642e-03 7.43195191e-02 7.59177143e-04 -6.80039287e-01 -9.34820399e-02 -3.76655281e-01 9.65043530e-03 1.05998135e+00 -1.39257050e+00 -6.85482919e-02 1.14326961e-02 -1.49046874e+00 -2.77761137e-04 8.27924758e-02 7.35637452e-03 -7.29818537e-04 -7.06358260e-05 -1.21465802e-01 -3.99794653e-02 2.80712217e-01 -4.43451554e-02 -3.64270769e-02 1.61118042e-02 7.73152769e-01 -4.08804893e-01 3.85922819e-01 -3.33328731e-02 -2.00446829e-01 -5.48297539e-02 6.31341303e-04 7.95459151e-02 -1.30615395e-03 -1.88308873e-03 -1.63129047e-01 -2.29831599e-02 1.89960942e-01 -9.38592553e-02 2.57378727e-01 6.66937828e-02 -1.23103909e-01 6.27993082e-04 1.30954653e-01 -1.79734584e-02 1.74899993e-04 -8.47360268e-02 -6.35427713e-01 -7.54181817e-02 -2.66216751e-02 1.21473764e-04 -1.09015973e-02 -1.04528677e+00 -1.22332282e-03 -1.47598879e-02 -3.15050632e-01 -9.11301225e-02 -7.30130542e-03 -2.61334348e-02 5.55373495e-04 9.40021634e-01 -1.71726290e-02

layers.4.bias:
-1.06066668e+00

