layers.0.weight:
3.31696361e-01 -5.67613244e-01 7.97264636e-01
5.69172144e-01 -8.09445798e-01 -5.80563486e-01
-8.31293464e-02 -6.13938749e-01 -5.77727258e-01
-1.07055378e+00 1.15616508e-01 4.58123112e+00
2.67282110e-02 4.11940843e-01 1.16166264e-01
-5.79876065e-01 8.58121514e-01 -1.84879377e-01
-1.31842160e+00 4.86020595e-01 -9.88645032e-02
-6.01682402e-02 7.88846374e-01 -9.23566997e-01
6.03414774e-01 -9.26082134e-01 5.12713566e-02
-1.11527514e+00 5.86289167e-02 -1.64189592e-01
7.53551662e-01 -9.85680073e-02 1.41279221e+00
-7.16238439e-01 -1.31785080e-01 -1.29353356e+00
-4.30584475e-02 7.12955832e-01 -1.57757306e+00
-1.16726887e+00 2.10410804e-02 5.00053525e-01
-6.46977663e-01 1.09646142e+00 7.52028525e-01
-1.81771189e-01 9.48456824e-01 1.64468549e-02
5.46070874e-01 -6.33792400e-01 -1.45019031e+00
-1.15504665e-02 1.12846863e+00 1.84981868e-01
8.07071701e-02 -9.54183042e-01 5.35116851e-01
3.41117471e-01 -1.28724232e-01 -8.64976227e-01
2.23475501e-01 1.65966094e-01 -5.10879010e-02
-3.24195027e-01 -2.56797969e-01 -1.00232065e+00
-4.64660525e-01 1.65601885e+00 -4.46076952e-02
-1.56447518e+00 4.06930357e-01 1.75152493e+00
1.05132234e+00 3.79940838e-01 -7.78481364e-01
2.59609371e-01 6.71772659e-01 -1.17486012e+00
-1.16151750e-01 -2.13369340e-01 1.90187418e+00
-3.97779703e-01 -2.44972542e-01 1.92939892e-01
3.22416067e-01 7.57217348e-01 -1.46468067e+00
-1.04933763e-02 4.65525806e-01 1.70563948e+00
-2.89658904e+00 2.84448242e+00 -1.78299040e-01
-1.26738083e+00 -5.19488692e-01 1.02004325e+00

layers.0.bias:
8.77201200e-01
4.81547834e-03
-1.42384720e+00
-6.34384930e-01
7.07518518e-01
-2.04255387e-01
-3.54310095e-01
2.86240637e-01
-7.45998621e-01
-1.59115899e+00
1.64644122e-01
1.80825554e-02
2.46107668e-01
-1.21306002e+00
-2.90836543e-01
1.43946290e+00
9.34610724e-01
1.82654703e+00
-6.68276668e-01
5.78918040e-01
-1.44309163e-01
-1.35729384e+00
1.02535832e+00
-7.05530941e-02
1.36946186e-01
5.60703695e-01
8.80503118e-01
-1.57881156e-01
-4.88352716e-01
7.31267482e-02
8.91685039e-02
-6.70209900e-02

layers.2.weight:
-3.62752259e-01 3.64851445e-01 1.72759876e-01 -5.70393145e-01 -2.40678132e-01 -6.80711791e-02 6.58774003e-02 1.89013090e-02 3.45647186e-02 2.68964052e+00 6.40645484e-03 1.69167116e-01 -1.36885956e-01 2.30361509e+00 -4.04843956e-01 3.17473680e-01 3.46360654e-02 4.89876777e-01 8.85148495e-02 -1.85608923e-01 2.29264453e-01 1.39082661e-02 -6.02224648e-01 5.02568007e-01 -9.36147198e-02 7.03163981e-01 -8.75910878e-01 -1.37090281e-01 -1.08788438e-01 -3.08706850e-01 -4.14019644e-01 2.67375529e-01
-8.07970837e-02 1.38130322e-01 -8.46411884e-01 3.71588245e-02 -3.63355130e-01 1.35328636e-01 -7.65516698e-01 -4.77987140e-01 5.45740783e-01 6.67503834e-01 3.27781916e-01 -2.57725745e-01 2.60287583e-01 -6.04440980e-02 -2.95946479e-01 3.26129556e-01 -3.59338999e-01 3.68076801e-01 -4.36911702e-01 -4.22618985e-02 6.58565938e-01 -1.17241316e-01 -4.03703749e-01 -7.04251975e-02 4.57922071e-02 -5.27548902e-02 -3.40099245e-01 -5.83882868e-01 8.06801096e-02 -2.33827189e-01 -6.16851971e-02 1.45325735e-01
1.06501235e-02 4.85754088e-02 -4.42160703e-02 -6.95075452e-01 -5.95114112e-01 -7.46155828e-02 -5.43711841e-01 2.72030562e-01 5.21978021e-01 6.67642117e-01 -4.87320870e-01 -1.50895074e-01 1.05295427e-01 -4.02038433e-02 -1.38515189e-01 -8.36115301e-01 -1.40327774e-02 -5.72434485e-01 -4.64595482e-02 5.35238862e-01 -4.38557297e-01 -3.13784629e-01 3.44582915e-01 -1.32873440e+00 -4.10475820e-01 3.72589231e-01 -1.11317456e+00 -1.59831792e-02 3.71015340e-01 -3.21872652e-01 3.38901728e-02 2.51038462e-01
2.51840800e-01 -7.93806612e-02 6.08836710e-02 1.35026288e+00 5.67887664e-01 3.79742265e-01 6.54939234e-01 -2.44508311e-01 -1.48436069e-01 -4.82274219e-02 1.65072381e-01 -6.77055493e-02 -5.80474794e-01 1.55343175e-01 6.22105837e-01 9.26473558e-01 -3.22534949e-01 8.36726248e-01 3.19015384e-01 -1.00400376e+00 -7.34863341e-01 -1.56324893e-01 3.66947383e-01 1.45018542e+00 -4.87124212e-02 -5.49760163e-01 5.02449155e-01 1.30343854e-01 -6.70859873e-01 -1.46512240e-01 -2.72482485e-02 3.22350174e-01
4.70182113e-02 -2.49261767e-01 3.29690665e-01 -4.85274971e-01 -6.13592789e-02 -2.58038640e-01 -1.22604692e+00 2.15922818e-01 1.93658516e-01 -4.33053136e-01 4.01074558e-01 -7.33245254e-01 8.43989730e-01 -8.61661375e-01 -1.28935188e-01 -1.14732134e+00 -2.27367893e-01 -1.04886067e+00 -1.87241256e-01 -4.97091189e-02 9.13571239e-01 -5.13662577e-01 2.17677161e-01 -3.76827180e-01 -7.49260366e-01 6.87471092e-01 5.93214184e-02 -6.60030186e-01 -2.04176560e-01 5.76045215e-01 -1.40675291e-01 2.00535683e-03
-2.58293837e-01 3.57493430e-01 2.47217014e-01 2.00310677e-01 -7.48670816e-01 -5.00715554e-01 -4.97530520e-01 2.58861005e-01 5.81991732e-01 -2.97850311e-01 6.64338231e-01 3.12388211e-01 -1.12887032e-01 -3.18066746e-01 -5.74747086e-01 -1.06755996e+00 -3.12986732e-01 -1.24114478e+00 6.95306361e-01 -2.27620453e-01 -6.47843361e-01 -1.37347147e-01 -9.12297010e-01 -2.16961056e-01 9.82514769e-02 6.61311969e-02 1.85887933e-01 1.08455908e+00 -1.72803655e-01 -4.06618536e-01 -7.87344694e-01 2.80807137e-01
-1.42284026e-02 2.25767512e-02 -2.01569632e-01 -8.15678015e-03 -1.61006749e-01 1.88346088e-01 -1.02538511e-01 -4.06532139e-01 -1.22768402e-01 2.17129558e-01 3.01312864e-01 2.40247957e-02 2.89292961e-01 -3.35746794e-03 -2.74060089e-02 -2.35262603e-01 2.61194762e-02 1.42541066e-01 -3.33447754e-02 -3.12724113e-01 -3.76731664e-01 1.26322165e-01 9.72673222e-02 2.31195018e-02 1.31103575e-01 2.56742746e-01 -3.60003918e-01 -4.02173430e-01 -1.47974655e-01 7.41553307e-02 -8.33695531e-02 1.69645324e-01
3.60811055e-01 1.35437265e-01 -2.81040609e-01 4.09198463e-01 -1.05056532e-01 -6.65060699e-01 1.14892080e-01 3.92376095e-01 1.53241083e-01 -2.53438741e-01 -8.05309415e-02 9.16825771e-01 2.48403102e-01 -4.86225545e-01 -2.00704426e-01 -2.21584499e-01 4.71536666e-01 -1.07680582e-01 4.38566983e-01 4.47786301e-01 -1.50300181e+00 -8.67455781e-01 8.86769444e-02 3.39606881e-01 1.07979402e-01 6.71085179e-01 6.58566356e-01 6.88734710e-01 -6.75909340e-01 5.45721173e-01 1.99393421e-01 -1.56619355e-01
1.53973727e-02 2.44630888e-01 -5.15398383e-01 -2.47971892e-01 1.29235888e+00 -3.32424760e-01 -5.05092740e-01 -3.50956351e-01 -7.17041612e-01 3.42957407e-01 4.60427910e-01 1.70126691e-01 6.77139759e-01 -2.19316021e-01 2.04263210e-01 1.77934742e+00 3.66987109e-01 1.37693357e+00 -5.53821921e-01 -9.99876037e-02 1.99152380e-01 -2.38856763e-01 1.32682800e-01 1.87352538e-01 1.63654640e-01 3.78510922e-01 5.72330095e-02 -5.20880371e-02 -3.58745642e-02 1.79209918e-01 2.58174419e+00 -3.94279838e-01
-6.25825584e-01 1.36657611e-01 -9.78591517e-02 -5.33410668e-01 4.35617834e-01 2.70111766e-02 -9.45710763e-02 3.81971329e-01 4.26352859e-01 -1.78775176e-01 7.84879271e-03 2.28643924e-01 1.91722468e-01 1.22637399e-01 -3.52115750e-01 -6.33818626e-01 3.99154186e-01 -3.90173882e-01 -4.27333683e-01 1.34330820e-02 -6.15483820e-01 -2.23184615e-01 1.21886894e-01 -8.38310719e-02 -2.02292114e-01 -8.46020058e-02 -1.85126022e-01 1.96083099e-01 2.74993181e-01 1.53587535e-01 1.51324660e-01 -1.55117484e-02
9.30784717e-02 -2.94313431e-01 -1.13023475e-01 -4.02537972e-01 -3.11600924e-01 -3.08298111e-01 -2.91761458e-01 2.11029932e-01 3.59943718e-01 2.01517984e-01 -5.69983125e-01 -7.53616318e-02 8.98412466e-01 -3.67247105e-01 -2.26558059e-01 -1.97884977e-01 -5.98741829e-01 -6.77301288e-01 -1.45133451e-01 1.39223074e-03 1.02119184e+00 -2.30922729e-01 -8.02565813e-01 1.35726780e-01 -1.91398226e-02 -1.33970985e-02 -4.74901259e-01 -5.46298265e-01 3.78055751e-01 -4.37423527e-01 -1.25440821e-01 2.91344225e-01
-9.27166939e-02 -8.57884809e-02 1.68606770e+00 -8.81352186e-01 -8.31531465e-01 1.26063794e-01 2.73566302e-02 -3.93092781e-01 1.88586079e-02 2.06730032e+00 3.22780828e-03 4.00845446e-02 3.00251693e-01 3.24914002e+00 8.35300516e-03 -6.65468812e-01 3.05862278e-01 -2.51885080e+00 5.89852333e-01 -3.24993938e-01 2.53552914e-01 6.06614769e-01 -3.24548602e-01 8.47981811e-01 -7.93380886e-02 -5.46797454e-01 2.87493706e-01 -9.56216976e-02 9.56002772e-02 2.39983387e-02 2.07297593e-01 -3.38302284e-01
-6.99290872e-01 -1.69871926e-01 9.21914279e-01 3.87702048e-01 -4.44177806e-01 6.43272996e-01 8.14969279e-03 -8.52109373e-01 3.63467216e-01 3.42483878e-01 2.01486155e-01 8.87717381e-02 -4.74639118e-01 -1.67763397e-01 4.71290231e-01 -3.82399583e+00 -1.11287735e-01 -5.65273333e+00 4.77454215e-01 -9.87941086e-01 -6.18149102e-01 4.92690891e-01 6.84345722e-01 -1.11438759e-01 -2.35934675e-01 -2.06520051e-01 -3.81514102e-01 5.80788016e-01 -5.76963246e-01 -3.40770245e-01 -1.40787387e+00 -2.67897308e-01
3.27855758e-02 -1.78106636e-01 -6.37966990e-01 -6.16189279e-02 -1.44577906e-01 -3.56814340e-02 2.45419562e-01 3.34768564e-01 3.37933064e-01 -2.22485483e-01 5.29685080e-01 -1.95745930e-01 3.29084784e-01 -8.07015955e-01 -3.00224662e-01 -3.37421000e-02 -2.51660079e-01 2.37230271e-01 -1.01001881e-01 1.21526398e-01 -3.13856602e-02 -1.45835742e-01 3.59248146e-02 -2.12623641e-01 -1.31980881e-01 7.54788756e-01 -3.66738578e-03 5.57635650e-02 -1.85231477e-01 2.64725238e-01 1.85771883e-01 3.58046234e-01
-9.49090064e-01 2.08803773e-01 -7.80711621e-02 2.81129867e-01 -1.79181352e-01 6.34659052e-01 -3.16019952e-01 -2.96988636e-02 4.01999325e-01 -2.26450592e-01 -8.19184363e-01 2.96013564e-01 2.16344252e-01 -3.78627181e-01 -2.68729538e-01 -5.95060468e-01 2.85750598e-01 -6.14260495e-01 -4.87961233e-01 3.73633951e-01 1.37549496e+00 9.37928081e-01 -3.15993801e-02 1.32631883e-01 -3.11402798e-01 1.68695539e-01 -6.51108265e-01 -2.59173941e-03 8.45375478e-01 -3.02937746e-01 -7.14986175e-02 8.09500068e-02
-5.03913581e-01 -3.17810290e-03 1.60131797e-01 1.30072450e-02 -1.80822283e-01 2.74086356e-01 -9.31930244e-01 2.61900946e-03 -6.44881949e-02 5.18737364e+00 4.48263109e-01 3.41663063e-01 3.28630060e-01 2.55349588e+00 1.96043879e-01 1.46859124e-01 -3.38012695e-01 4.56720293e-02 -2.75712032e-02 -8.20198506e-02 -7.08267689e-01 5.34004807e-01 2.24254698e-01 1.50762394e-01 -4.17403251e-01 -3.24556649e-01 -7.53320813e-01 3.53948861e-01 -8.65838081e-02 -7.73908317e-01 4.51173514e-01 -2.18788177e-01
-1.66670680e-02 1.30127341e-01 -7.82822967e-02 4.00390550e-02 1.84798259e-02 -1.04269362e-03 3.19205485e-02 -6.61201626e-02 2.67499778e-02 -1.35450080e-01 5.39123192e-02 8.24834257e-02 4.03823927e-02 7.03540966e-02 1.15355082e-01 2.88381949e-02 3.55688445e-02 -7.06650550e-03 -1.21453789e-03 1.10358760e-01 2.59258389e-01 1.03584498e-01 -4.42776047e-02 3.69826034e-02 7.98461661e-02 1.73999947e-02 6.21421710e-02 2.63498127e-01 2.42522103e-03 4.47303848e-03 2.65535917e-02 8.20031483e-03
1.44250557e-01 -9.92336795e-02 -5.25679171e-01 3.29273753e-02 -4.10967832e-03 -2.04476804e-01 -2.42750362e-01 -2.93779522e-01 3.54706109e-01 -6.70731604e-01 5.74577153e-02 -2.13135127e-02 2.19996437e-01 4.61785570e-02 -1.12703837e-01 2.19234303e-02 -2.89053828e-01 2.97784299e-01 -1.13456935e-01 9.28497672e-01 3.01019609e-01 1.36464328e-01 -4.83668715e-01 -1.39393970e-01 -1.25094742e-01 -4.18639749e-01 8.26879025e-01 -5.19834936e-01 2.58553118e-01 2.94324875e-01 -1.24127962e-01 2.04164207e-01
-2.55960494e-01 -8.68482590e-02 -3.23830366e-01 -2.06932589e-01 4.76347536e-01 1.33147687e-02 1.43961519e-01 1.15887195e-01 3.82863045e-01 -4.17264104e-01 -1.62573665e-01 -9.22260284e-01 4.73156065e-01 -1.93224654e-01 -1.65345877e-01 2.58021265e-01 -1.31710052e-01 3.90566707e-01 1.54310003e-01 -6.88694790e-02 -1.91484429e-02 -1.97546959e-01 4.69746351e-01 -3.24439853e-01 2.33618751e-01 1.92707911e-01 -1.75416052e-01 3.28548521e-01 3.28102373e-02 3.51821899e-01 5.04148662e-01 1.31451353e-01
6.16656952e-02 1.83551729e-01 2.20465357e-03 6.81759790e-02 -7.33701140e-02 1.08800612e-01 -2.16783211e-02 -7.48151466e-02 3.72778587e-02 2.81609315e-02 7.52049237e-02 9.39828306e-02 -6.48748726e-02 -6.09062202e-02 1.24754265e-01 4.50049043e-01 5.42922206e-02 -2.92966425e-01 3.51281576e-02 -1.01365730e-01 -1.13606229e-01 -1.22348122e-01 2.81563960e-02 -3.04738097e-02 4.00173813e-02 1.27567366e-01 4.08034865e-03 1.89945847e-02 1.14485383e-01 1.34499092e-02 -4.60596532e-02 3.47261392e-02
5.30075967e-01 -1.71146587e-01 6.82178736e-01 5.16150475e-01 -2.87296087e-01 -2.60946482e-01 -6.70040011e-01 -1.08351722e-01 -2.93664992e-01 -8.52755845e-01 -1.17257901e-01 9.97927010e-01 5.09247661e-01 -4.53994334e-01 7.54280686e-01 5.20762324e-01 -7.91387558e-02 -2.69684374e-01 4.75888491e-01 4.64431584e-01 -4.68615979e-01 9.76221338e-02 5.14874637e-01 1.76440939e-01 1.09512679e-01 -3.50569338e-01 7.98067749e-02 3.26904655e-01 -9.10098925e-02 -9.42901820e-02 4.81721908e-02 4.12002921e-01
2.72927910e-01 -1.21359572e-01 2.99694017e-02 1.83750957e-01 2.94663254e-02 1.34713188e-01 8.96167636e-01 4.18432616e-02 5.02058923e-01 2.42156088e-01 3.66996169e-01 3.40230405e-01 -4.31916147e-01 -5.21193981e-01 1.10542856e-01 -1.05224860e+00 -8.21873546e-02 -7.35899746e-01 -4.95617948e-02 -4.78657424e-01 -5.25734544e-01 -3.74354124e-02 2.11106300e-01 1.84118003e-02 9.44837555e-02 -4.52863097e-01 -6.72959030e-01 4.65861052e-01 -1.24156423e-01 -1.54922798e-01 2.28345782e-01 -1.05628893e-01
5.92248514e-02 2.84377970e-02 -2.51889050e-01 4.06799167e-01 -9.70397592e-02 3.62274379e-01 3.42614621e-01 -2.62262762e-01 -2.64082670e-01 3.51778448e-01 2.10913718e-02 8.59267786e-02 4.35808182e-01 5.16066909e-01 -2.04708472e-01 -8.03796947e-01 5.68874955e-01 -2.98006356e-01 5.66758513e-02 -2.39572451e-01 -3.58655423e-01 5.85074425e-02 -4.21349496e-01 1.89700529e-01 -3.52653742e-01 -1.12169683e-01 -5.65888658e-02 -4.44998622e-01 6.06413148e-02 -1.17951676e-01 -4.27073166e-02 -3.05223823e-01
6.88106656e-01 -1.54227316e-01 -2.54854470e-01 2.01970994e-01 1.64817870e-01 -4.01291639e-01 -1.41616955e-01 3.23064923e-01 2.64741778e-01 -2.71235228e+00 1.60870701e-01 5.19971736e-02 3.57755333e-01 -1.67106760e+00 3.36725414e-01 3.65493536e-01 6.73421621e-02 3.17316502e-01 -2.56274045e-01 -5.44857867e-02 5.82161009e-01 -2.32794970e-01 -1.85297891e-01 -2.87352782e-02 -2.88187563e-01 -2.04813406e-01 -2.67300364e-02 -2.49337718e-01 2.99133509e-01 1.48442820e-01 -1.13448054e-01 -2.55007952e-01
-8.74975741e-01 1.58098385e-01 1.02601163e-01 1.19862162e-01 -3.29950869e-01 -3.42462778e-01 1.02278650e+00 -1.33108899e-01 -1.00980794e+00 7.30710566e-01 -7.37828732e-01 4.58115488e-02 1.61322474e-01 6.82586133e-02 -7.12337971e-01 1.85182020e-01 6.05831385e-01 2.11905971e-01 4.82959062e-01 1.69272497e-02 -2.94008493e-01 4.77451086e-01 5.24406075e-01 9.53268170e-01 -4.20477420e-01 5.09059966e-01 -6.20475411e-01 1.45034194e-01 8.39303970e-01 -4.55626935e-01 1.01742961e-01 -1.49346758e-02
-5.46279073e-01 6.22055829e-01 -3.92757729e-02 -1.45386219e-01 5.35878956e-01 1.60296291e-01 -1.21017741e-02 5.11579335e-01 -2.94546664e-01 4.87665445e-01 6.74672052e-02 -1.61901250e-01 2.18073413e-01 2.03520760e-01 -5.49950123e-01 -3.17450225e-01 -8.95085111e-02 -1.00186169e-01 3.99197310e-01 -3.53278667e-01 4.66309953e-03 -2.71603376e-01 5.45081589e-03 -5.41405559e-01 1.08479999e-01 -2.05621570e-01 -5.68252385e-01 -5.06255448e-01 1.73238173e-01 -3.69588494e-01 -2.14044765e-01 -2.83473551e-01
-1.51771560e-01 1.64524227e-01 4.42612976e-01 3.68741304e-01 -1.94750115e-01 -2.69235998e-01 -8.77324715e-02 -1.07418140e-02 2.48186439e-01 -4.29745167e-01 -5.74112892e-01 -8.16408917e-02 -2.78395414e-01 -2.64023572e-01 1.19772725e-01 7.90184677e-01 -1.31000400e-01 2.85268635e-01 2.76962399e-01 1.84244186e-01 1.03916034e-01 -7.53653526e-01 2.20931649e-01 1.14917271e-01 2.59415090e-01 1.51456147e-01 2.10262574e-02 -5.88465095e-01 -2.69467294e-01 -1.06410719e-01 1.08731680e-01 -2.27693051e-01
-7.89741218e-01 4.88449603e-01 -5.62084436e-01 -1.03429604e+00 -2.85842955e-01 -2.41618991e-01 -3.15019578e-01 4.12727356e-01 9.11305919e-02 4.76643801e-01 -7.71223605e-02 2.08368242e-01 2.04027429e-01 2.79127479e-01 -3.57694663e-02 1.05196238e+00 7.12598801e-01 1.09287584e+00 -6.69730663e-01 9.83038172e-02 5.11193752e-01 -7.16990232e-01 -6.64707541e-01 3.86445045e-01 -2.27563396e-01 -4.21869576e-01 2.56164044e-01 2.94300735e-01 5.17457008e-01 -8.38411033e-01 1.87376335e-01 -1.74220398e-01
1.22804791e-01 -5.43933749e-01 -9.19676572e-03 -1.20326124e-01 -6.30189419e-01 5.49046159e-01 5.18270545e-02 -4.51631069e-01 5.18845558e-01 9.27054644e-01 -2.22779721e-01 9.33157802e-02 5.56297243e-01 4.15527403e-01 3.93914841e-02 -1.08970380e+00 -4.60580289e-01 -1.02826893e+00 4.66827257e-03 2.11992875e-01 2.95704991e-01 3.86897832e-01 2.02601895e-01 1.48695916e-01 2.98187852e-01 1.07192419e-01 -4.16994005e-01 -3.03534478e-01 -2.58902937e-01 -3.39740753e-01 4.49582845e-01 2.77963936e-01
-4.58419770e-02 -9.86010075e-01 3.51100951e-01 1.60224879e+00 1.32856235e-01 9.30133983e-02 -1.04657024e-01 -2.67870814e-01 -2.28258118e-01 2.42356434e-01 1.09655511e+00 -9.89920914e-01 -1.11525702e+00 -3.60878825e-01 2.00659886e-01 -9.89242718e-02 -1.23457682e+00 5.62778115e-01 6.29955471e-01 -7.47775197e-01 8.49042952e-01 1.75425246e-01 1.03461035e-02 6.19449094e-02 -3.24102417e-02 -5.15895903e-01 2.23417729e-01 4.66887094e-02 -8.96382630e-01 1.28107214e+00 -6.09407663e-01 -3.30207497e-03
-7.35957563e-01 -1.83946148e-01 4.45705086e-01 1.42362967e-01 -4.88766521e-01 2.29815990e-01 2.79129922e-01 -8.33471417e-02 -3.80399704e-01 -1.79629251e-01 -9.04072702e-01 2.20580831e-01 4.25578743e-01 9.38768238e-02 1.90956891e-01 -5.56484282e-01 3.49860966e-01 -5.10999799e-01 3.04427207e-01 -3.55426133e-01 -6.58806682e-01 2.64867157e-01 1.81704503e-03 -6.96581304e-01 2.01139778e-01 5.43842673e-01 -1.07316501e-01 5.57927974e-02 -4.27623987e-01 -2.13443995e-01 -1.74356923e-01 -2.70757973e-02
-2.98050761e-01 -3.31019580e-01 -1.02454863e-01 -1.94012031e-01 -2.29775518e-01 -1.75919645e-02 2.00107336e-01 2.95528710e-01 -6.94679856e-01 1.46183491e+00 -2.00841740e-01 -7.40921870e-02 -4.62996542e-01 4.75538433e-01 1.19036119e-02 8.57853368e-02 4.71885540e-02 1.94544375e-01 -4.87409160e-02 -1.46047875e-01 2.30052277e-01 1.98883653e-01 3.92624557e-01 -8.13299231e-03 4.97188941e-02 -2.61772629e-02 -2.31131062e-01 1.85649648e-01 2.75926650e-01 2.71347851e-01 2.47731224e-01 1.07068479e-01
-6.97148368e-02 -4.04393107e-01 -1.06759584e-02 -1.03782423e-01 -3.11848134e-01 4.81257796e-01 -1.48636550e-01 -4.21188802e-01 -3.95703549e-03 -3.65086228e-01 1.55040817e-02 4.53259647e-01 2.02994928e-01 4.75821942e-01 3.56519103e-01 -4.53731537e-01 -4.95117456e-01 -1.16402113e+00 -7.25947246e-02 -3.45311373e-01 -1.26965672e-01 8.70409667e-01 4.31949377e-01 6.20811999e-01 -4.76348817e-01 1.38987720e-01 1.26725629e-01 -2.17956752e-01 -3.80206764e-01 -2.61911571e-01 -1.66229792e-02 -6.78219795e-02
6.27044169e-03 -5.91800436e-02 1.49157315e-01 -1.02395676e-01 2.46094093e-01 -8.54799300e-02 2.39457190e-02 -3.18302453e-01 -1.90427929e-01 2.70516485e-01 1.59691080e-01 1.26555532e-01 9.30218846e-02 -2.86847323e-01 -6.13559410e-02 -2.82605708e-01 6.03422709e-02 1.44688845e-01 -1.81332901e-01 -5.27772903e-01 1.55259073e-01 -1.42173469e-01 -7.20807016e-02 -3.23575325e-02 -4.87760827e-02 2.23280400e-01 -7.31107220e-02 2.70758923e-02 1.11421503e-01 6.01582304e-02 -9.04500708e-02 3.09295058e-02
1.82377353e-01 -1.14954221e+00 -3.00001681e-01 7.03295767e-01 3.18381011e-01 -5.32792509e-01 1.90343112e-01 -1.49463415e-01 -1.76829457e+00 2.80878830e+00 -6.33108437e-01 9.47515965e-01 7.03213871e-01 6.55616641e-01 1.72514582e+00 1.11008346e+00 -3.76042016e-02 9.90484834e-01 6.11242115e-01 4.70757604e-01 2.63265133e-01 1.94068372e-01 -3.70265394e-02 9.55284894e-01 -3.89803364e-03 1.94882587e-01 -3.61315072e-01 2.48976737e-01 3.96483317e-02 -2.76568555e-03 9.22398090e-01 -2.97994427e-02
-1.11084953e-01 1.54613569e-01 1.23334318e-01 7.34512135e-02 5.84314875e-02 -4.82836179e-02 2.87671927e-02 1.06511764e-01 6.42763078e-03 -2.46971529e-02 1.64579079e-01 9.15606245e-02 8.99676085e-02 -2.80192029e-02 1.73469245e-01 1.96419790e-01 2.37770230e-02 -1.48156136e-01 -1.26160700e-02 9.29478705e-02 -1.50138840e-01 -5.74828535e-02 -4.40503918e-02 -1.23854692e-03 -4.50610578e-01 -2.22516924e-01 4.69900891e-02 -1.45054340e-01 -7.22098500e-02 -5.48796616e-02 -2.51722638e-04 -4.63694125e-01
-1.90221821e-03 -8.25274959e-02 -5.94730824e-02 2.59138774e-02 -2.13758692e-01 2.70161349e-02 -2.58263815e-02 1.64415970e-01 5.08438535e-02 -4.70846035e-02 -1.40066957e-02 -1.24702081e-02 -6.70684129e-02 2.08183322e-02 -5.68927862e-02 2.12248117e-01 -1.10414438e-01 -1.30523160e-01 1.20166475e-02 3.28469485e-01 -2.48483077e-01 -1.08463541e-01 1.41013227e-03 -3.19458568e-03 1.64060388e-02 -9.33548957e-02 -6.24902509e-02 -7.09389895e-02 -5.45961522e-02 5.36204353e-02 2.38659568e-02 -7.37158675e-03
7.37435102e-01 -2.37352788e-01 4.28308368e-01 2.90443331e-01 -5.85607767e-01 5.67220300e-02 -3.72064978e-01 9.34901386e-02 6.27890885e-01 1.59587905e-01 -2.34064773e-01 9.30856019e-02 1.01018302e-01 2.58930534e-01 7.11711526e-01 -7.14505494e-01 -4.12953049e-01 -8.76312852e-01 2.89819002e-01 -2.38846406e-01 -7.75980949e-01 3.20872396e-01 -1.63018122e-01 1.57536685e-01 7.22612321e-01 1.21952291e-03 1.71977758e-01 9.06653423e-03 -4.59247351e-01 1.77710652e-01 1.71599627e-01 1.83496892e-01
1.40928969e-01 -4.05770063e-01 -2.64546782e-01 4.15603280e-01 1.53754085e-01 -5.97776473e-01 9.03948843e-02 -2.21179128e-02 2.68652946e-01 -2.35181913e-01 -2.27291569e-01 4.43987370e-01 3.43122274e-01 -2.57790625e-01 2.45510414e-01 -6.44481659e-01 -3.38294029e-01 -7.48108745e-01 5.63105464e-01 -4.12730426e-01 -2.45954216e-01 -5.88576272e-02 3.45450491e-01 6.58929884e-01 -1.36620164e-01 -3.36164862e-01 4.48413253e-01 -2.56551336e-02 -1.11769818e-01 -4.13054377e-01 1.08813137e-01 2.28732660e-01
3.82891521e-02 -7.20163137e-02 7.43408501e-01 1.23490058e-01 -1.25820923e+00 -2.99194843e-01 1.84731379e-01 -1.57866612e-01 7.01608896e-01 6.85931087e-01 -1.71554193e-01 -3.18546742e-01 -6.99135847e-03 6.52734339e-01 4.54972759e-02 -2.63341260e+00 -3.23186606e-01 -2.97322035e+00 1.90732092e-01 -2.49844533e-03 -8.03122997e-01 6.59934580e-01 2.16065168e-01 1.41778752e-01 3.44931155e-01 1.15198433e-01 3.52539957e-01 1.53584123e-01 -1.30842492e-01 -7.57959902e-01 -4.20535833e-01 4.93749753e-02
-1.60221830e-01 -2.35111758e-01 -2.69999057e-01 -2.63409823e-01 -2.90618211e-01 5.36283851e-01 1.69333816e-01 -1.25409976e-01 -1.06465943e-01 3.63780141e-01 -1.83968663e-01 1.63315892e-01 3.75548154e-02 -2.40299717e-01 -1.47712648e-01 -5.36204338e-01 2.98545092e-01 -6.40882850e-01 -2.62803942e-01 5.80829335e-03 -3.78545284e-01 3.69022250e-01 -1.87775418e-01 3.84096771e-01 3.34657639e-01 -5.39073765e-01 5.00312030e-01 1.25021577e-01 4.95461300e-02 1.49018899e-01 -6.24321662e-02 5.77848740e-02
4.14450020e-01 6.83063626e-01 6.65529847e-01 -3.85648251e-01 1.53129905e-01 1.71427116e-01 1.66465864e-01 -1.10927843e-01 -7.80154228e-01 9.94293392e-01 -2.59863883e-01 -2.56293803e-01 -4.53136474e-01 1.12012064e+00 1.39264286e-01 7.33556822e-02 1.60141699e-02 -9.62602556e-01 2.65177786e-01 -3.00159872e-01 8.66131708e-02 6.76106989e-01 -1.18404761e-01 -3.86464089e-01 6.62384570e-01 -7.75427461e-01 5.05371153e-01 -1.05379023e-01 -2.65620559e-01 -5.86767316e-01 -7.90188685e-02 -4.71449077e-01
-2.91627720e-02 -3.47750366e-01 2.09683746e-01 -2.20733821e-01 -1.84692129e-01 1.08491346e-01 1.24592483e-01 -2.50440091e-01 -4.94585067e-01 -3.52928936e-01 -1.53840572e-01 5.25308922e-02 -5.11904694e-02 3.78019363e-01 4.83340055e-01 3.74288738e-01 3.24409783e-01 -3.95714134e-01 2.65716203e-02 2.15497628e-01 -2.69367874e-01 3.40507179e-01 -3.66382033e-01 1.22744218e-01 -6.40922785e-02 -2.20867217e-01 3.61892760e-01 7.32921720e-01 -3.74054730e-01 -5.04749537e-01 2.37717018e-01 3.41135114e-01
-1.29874051e+00 1.99518070e-01 2.09555149e-01 -1.38017094e+00 -2.03985989e-01 -7.77554587e-02 1.04642823e-01 5.54041326e-01 1.92747265e-01 3.33666056e-01 -1.03035939e+00 7.17424572e-01 1.13172853e+00 2.80792028e-01 -7.14486659e-01 2.09857494e-01 6.57002687e-01 -4.64393914e-01 -3.05266708e-01 1.11610186e+00 -5.00924408e-01 -2.34057680e-01 -3.34811598e-01 -1.40388668e-01 6.77715182e-01 1.02817142e+00 7.87361860e-01 5.72416067e-01 5.69117546e-01 -1.10157144e+00 1.02693178e-01 1.38865188e-01
-1.03330687e-01 9.63658392e-02 3.17606002e-01 -5.60413152e-02 3.33925843e-01 -9.81946662e-02 -1.01282839e-02 4.33888957e-02 -4.90159541e-02 1.47343084e-01 3.76092866e-02 -2.15105582e-02 -6.63324317e-04 -9.66191515e-02 7.99996331e-02 -1.42916650e-01 7.90729597e-02 7.08600655e-02 -1.32763374e-03 -4.18057054e-01 1.50972679e-01 -9.11869779e-02 4.09092344e-02 5.93046006e-03 1.30090714e-01 -7.96985067e-03 6.51789457e-02 1.46371305e-01 4.42230515e-02 -9.60265696e-02 -4.52785119e-02 6.46004155e-02
-1.32943794e-01 2.17877448e-01 3.48197103e-01 -1.64678454e-01 1.47797883e-01 1.29429832e-01 7.10019290e-01 3.36036533e-01 7.61172995e-02 -1.15744257e+00 -3.91188830e-01 5.79284430e-01 7.02748716e-01 -2.59142935e-01 -4.43374425e-01 3.80467474e-02 4.68038678e-01 -2.93164402e-01 -5.09615690e-02 -5.50554156e-01 9.54109550e-01 -2.42016107e-01 4.58461381e-02 -1.24031711e+00 -1.60690740e-01 5.61126709e-01 -1.03747964e+00 -8.03533554e-01 3.13727528e-01 -1.60134286e-01 3.64322239e-03 -1.69496849e-01
5.96552849e-01 -3.19014937e-01 -2.89641410e-01 4.53511924e-01 -8.71505886e-02 -4.07777429e-02 -6.97490945e-02 -1.64743841e-01 4.89592969e-01 -6.79776669e-02 -1.05090916e-01 -6.16515875e-02 7.44369745e-01 -3.16709936e-01 3.63883048e-01 -4.39284027e-01 -4.11280394e-02 -5.14839947e-01 4.08196807e-01 -8.85301679e-02 -3.31974268e-01 1.11008599e-01 1.65813923e-01 1.70610100e-01 -3.81723493e-02 -2.28508189e-01 8.08328509e-01 5.12115836e-01 -3.81199270e-01 3.50098908e-01 2.12737262e-01 3.01760137e-01
-1.77275732e-01 2.78042406e-01 -1.84867993e-01 -5.07422984e-02 -5.55208743e-01 -2.43768498e-01 1.13192171e-01 4.36050206e-01 -5.17605394e-02 -5.08807003e-01 -2.09215522e-01 6.97271451e-02 -3.42011839e-01 1.84728935e-01 2.93746263e-01 -1.81889132e-01 -1.33284718e-01 2.18763843e-01 6.17951974e-02 3.58366579e-01 -2.60438412e-01 -8.29079896e-02 -8.64425823e-02 -3.60108875e-02 -5.51676527e-02 -9.74056795e-02 2.67418951e-01 -3.02302212e-01 1.05393641e-01 2.40465975e-03 1.00676432e-01 1.09970376e-01
4.75728922e-02 -4.97067392e-01 -8.68921056e-02 -1.09211929e-01 -1.33550063e-01 -1.50893003e-01 -3.41044888e-02 -1.66124389e-01 -3.62060010e-01 4.72135812e-01 -1.57629792e-02 8.09383914e-02 3.56725603e-01 3.47287714e-01 -1.81483194e-01 -7.44393289e-01 -1.84969321e-01 -1.73745245e-01 7.61858464e-05 5.67777976e-02 6.77324980e-02 -2.92465687e-02 5.39382815e-01 4.40923423e-02 -3.86845767e-01 2.26295829e-01 3.35270673e-01 1.20504580e-01 -6.25229180e-02 1.21028066e-01 -1.92951672e-02 -2.01717645e-01
9.80809093e-01 -4.18625539e-03 -5.85723519e-01 2.18435481e-01 1.15499392e-01 1.18604459e-01 5.30628145e-01 1.65697113e-01 -3.07372868e-01 -8.83529603e-01 -8.48856568e-01 1.35216880e+00 6.77978471e-02 -8.72915328e-01 3.08112651e-01 6.77640021e-01 2.98381634e-02 5.29008389e-01 -9.44434479e-02 7.19839334e-02 -1.62696946e+00 -3.47279668e-01 -8.02703142e-01 -2.04943255e-01 -4.61299211e-01 -3.94325852e-02 2.67044634e-01 6.67086899e-01 -5.33906408e-02 8.44165981e-02 -5.64873517e-02 5.12231946e-01
-1.75820857e-01 7.63818473e-02 -9.01422679e-01 -6.71192259e-02 1.63294375e-01 3.86824936e-01 1.00410476e-01 1.51262656e-02 6.65166005e-02 5.62785566e-01 -3.99626672e-01 -1.22096348e+00 3.72355342e-01 3.49465787e-01 -3.37678939e-01 4.74749297e-01 -4.95772772e-02 1.24958444e+00 -3.96865815e-01 1.09127417e-01 3.07680666e-01 -9.71299559e-02 -4.96204123e-02 6.76014900e-01 -3.02872121e-01 7.58858263e-01 -9.27839205e-02 -2.40428001e-01 7.94664398e-02 1.24865621e-01 7.11926460e-01 -3.90813984e-02
-5.87965967e-03 3.55163932e-01 -1.80702835e-01 -6.06234431e-01 -9.09346417e-02 7.39704370e-01 3.28544170e-01 7.81912565e-01 3.13537806e-01 3.30676705e-01 9.54788208e-01 -2.58497715e-01 7.39694983e-02 3.14118594e-01 4.70472760e-02 -7.63189554e-01 2.71522731e-01 -7.13234246e-02 -3.02623212e-01 -5.74771523e-01 -8.37209672e-02 -2.41859123e-01 2.22023115e-01 1.76470444e-01 -2.69089162e-01 1.56911761e-01 4.42797691e-02 3.91496904e-02 -5.68038523e-01 2.62034774e-01 -1.18015103e-01 1.49255529e-01
7.54484907e-02 3.42445746e-02 -1.45424604e-01 1.58203505e-02 -3.58112194e-02 3.83675732e-02 6.29101768e-02 7.12015629e-02 -1.28273629e-02 1.89387836e-02 -5.87382466e-02 -3.60329330e-01 2.37067834e-01 1.99372947e-01 -1.45193636e-02 6.73536509e-02 9.65833738e-02 -7.51317367e-02 1.11038096e-01 2.56672233e-01 1.24039568e-01 2.67621338e-01 -3.62092406e-02 2.10460111e-01 -1.04336128e-01 -2.92809755e-01 -1.69636890e-01 -1.90268397e-01 -3.16865295e-01 -1.36617228e-01 6.90850317e-02 -2.63116360e-01
4.14484799e-01 -2.83315429e-04 5.52756846e-01 4.03759778e-01 3.42365146e-01 4.17654455e-01 9.40225005e-01 -3.64860326e-01 7.33718276e-01 -7.15876818e-02 -5.98015726e-01 1.43035576e-01 -5.27255476e-01 -3.77996355e-01 -1.15630627e-02 2.61617750e-01 -6.18762374e-01 -4.79829699e-01 2.80355394e-01 -2.46060286e-02 -8.09836686e-02 5.74100912e-01 2.45413110e-01 6.57583892e-01 4.03588191e-02 -1.38837621e-01 -2.25072831e-01 1.53826281e-01 1.82986155e-01 4.25583720e-01 -1.58135101e-01 -8.31864774e-03
-2.77107745e-01 -5.00694215e-01 1.48702216e+00 4.43233140e-02 -7.68922746e-01 -1.76449493e-01 -1.12725306e+00 -9.28798497e-01 2.65849411e-01 1.04657447e+00 -6.60071988e-03 -4.62200671e-01 -2.45176315e-01 1.11856556e+00 5.64881206e-01 -1.85032427e+00 1.70727864e-01 -2.53864217e+00 1.74050355e+00 8.48451376e-01 -5.73665082e-01 1.70369732e+00 -4.25523549e-01 2.45655969e-01 3.73672545e-01 -6.39629781e-01 -2.94893712e-01 3.47128272e-01 2.32956186e-01 -6.11199858e-03 7.87286162e-01 1.19863123e-01
1.60571840e-02 -2.23038271e-02 5.56046478e-02 4.45484743e-02 4.07280445e-01 -8.48504528e-03 1.06370570e-02 1.45538710e-02 5.35471588e-02 1.25679728e-02 -1.64489709e-02 -5.46384491e-02 9.93790999e-02 -7.64235528e-03 -5.70541201e-03 -5.08658811e-02 1.94874674e-03 -4.66477163e-02 -6.70045242e-02 8.35285410e-02 1.44444898e-01 3.94574478e-02 -3.61054242e-02 -1.05698465e-03 -1.20828234e-01 -1.45163119e-01 1.84283257e-02 3.41963857e-01 -4.33591828e-02 -5.53351417e-02 1.63618661e-02 -2.52270550e-01
-4.10129279e-01 3.71799096e-02 -1.48895681e-01 -5.70298694e-02 -1.80334836e-01 3.99592407e-02 -1.50739864e-01 7.00106382e-01 -1.21074624e-01 -9.49128196e-02 -1.48932859e-01 5.93785405e-01 4.87869710e-01 2.62599796e-01 2.76468307e-01 1.64963871e-01 -1.28419012e-01 1.47842869e-01 -1.65663227e-01 -3.30233984e-02 -1.08184174e-01 -6.24940336e-01 -1.36568204e-01 -2.04993889e-01 -3.53139132e-01 -1.87728897e-01 -5.96203208e-01 4.05138165e-01 -2.65256703e-01 -2.32191816e-01 -1.84005499e-01 5.29969931e-01
-4.69976366e-02 -1.61677986e-01 6.76090896e-01 1.84774220e-01 -6.18441939e-01 2.77151555e-01 3.33192557e-01 -4.94915843e-01 4.85952884e-01 3.51474017e-01 -1.54029578e-01 4.44905430e-01 -1.42631270e-02 1.19229615e-01 1.61978275e-01 -2.05431390e+00 1.65334314e-01 -9.67148542e-01 -4.23248895e-02 2.36460134e-01 1.78110003e-02 2.74421304e-01 2.82058626e-01 1.10885173e-01 -1.53845429e-01 -4.56382751e-01 -1.53030381e-01 -2.96155840e-01 -3.39923471e-01 -5.56275070e-01 5.01391172e-01 -3.78876030e-01
-1.92982361e-01 1.55516386e-01 -1.22206323e-01 1.06767036e-01 -2.01617837e-01 -5.29243760e-02 3.14123511e-01 -1.58674061e-01 -5.29527843e-01 1.68885028e+00 -4.21975285e-01 8.74765962e-03 -2.37791181e-01 1.25864470e+00 -3.70736241e-01 -2.20410395e-02 8.38167444e-02 -7.22727850e-02 -1.41885117e-01 -2.45308176e-01 9.38943308e-03 2.44340181e-01 -8.89718905e-02 -2.19516695e-01 -1.48279235e-01 1.02342159e-01 3.86363119e-01 4.64359224e-01 2.18051732e-01 -5.12438297e-01 2.08587572e-01 -8.11712444e-02
-1.28029540e-01 -2.24639222e-01 6.05103135e-01 5.12183547e-01 -9.50933024e-02 -3.59899580e-01 -1.06727612e+00 1.13592289e-01 2.30616152e-01 4.51346427e-01 1.25260055e-01 -9.05665755e-02 8.48929435e-02 2.12726295e-01 -2.22483963e-01 5.81201196e-01 -7.67440209e-03 2.51377851e-01 -1.24795839e-01 -3.47341418e-01 9.17442203e-01 3.60528201e-01 3.74980450e-01 -5.77707112e-01 2.12708469e-02 3.55618866e-03 -1.71550244e-01 2.22916186e-01 -1.40893430e-01 3.63592207e-01 -1.91357523e-01 -2.81656474e-01
9.16930139e-01 -3.35763156e-01 4.35220510e-01 9.68118489e-01 -3.35222214e-01 1.46581501e-01 -8.48222494e-01 -5.42737067e-01 5.44370174e-01 -1.00587916e+00 -2.53063828e-01 7.03786790e-01 -1.22404492e+00 -2.92574257e-01 5.61354756e-01 -4.41781819e-01 -5.66320010e-02 -7.41657987e-03 5.13225257e-01 7.67830551e-01 3.53212655e-01 -4.81242061e-01 -2.24316192e+00 -5.09314895e-01 6.46543801e-01 5.87841690e-01 -8.21740687e-01 -4.60987210e-01 2.02754922e-02 1.24033523e+00 -4.16285008e-01 -1.83372304e-01
-2.35136319e-02 1.65758118e-01 -4.16453630e-02 -4.90359366e-02 -1.62877932e-01 -3.28157619e-02 3.55441682e-02 -4.67601493e-02 -4.17895541e-02 -7.83659704e-03 3.87651622e-02 9.96652618e-02 8.46527740e-02 -4.42087427e-02 1.64616376e-01 -1.34676084e-01 8.47595111e-02 1.71264932e-01 -1.48514286e-02 -2.79312283e-01 1.44867554e-01 4.05848026e-02 -2.33202595e-02 -2.92028189e-02 -2.98033595e-01 -3.95363718e-02 2.05401685e-02 -7.32410848e-02 -2.58570034e-02 -6.87429123e-03 -3.45396735e-02 -2.23356679e-01
3.10785361e-02 3.18795890e-01 1.65346146e+00 4.64747965e-01 -1.33053875e+00 1.99574575e-01 -2.82440066e-01 -5.21175861e-01 8.28222096e-01 5.95137715e-01 1.27141878e-01 -3.29494655e-01 -9.05023456e-01 7.78791547e-01 5.47080711e-02 -3.48414946e+00 -1.94967210e-01 -4.70986509e+00 3.04557502e-01 1.17985800e-01 -1.20872247e+00 1.04690886e+00 3.87423515e-01 1.64125517e-01 2.53127605e-01 -1.74841255e-01 -5.07690668e-01 6.74245894e-01 -1.86634153e-01 8.23089015e-03 -5.29299788e-02 -4.25581224e-02
-8.10328603e-01 2.21735403e-01 1.44702002e-01 -7.31399894e-01 -8.35262984e-02 -1.80441946e-01 -2.09482774e-01 4.71608400e-01 -3.48809734e-02 1.11584160e-02 1.27929091e-01 -3.10195565e-01 4.17995512e-01 4.49304610e-01 -4.31907773e-01 -4.33096558e-01 2.34037355e-01 -2.57766068e-01 -3.16906333e-01 1.66681886e-01 6.28686771e-02 7.05257595e-01 1.82946116e-01 -2.81816244e-01 -1.88613474e-01 2.81096250e-01 -7.00647593e-01 2.08941892e-01 7.16492757e-02 -5.53779781e-01 -1.24088667e-01 -6.99791074e-01

layers.2.bias:
-1.39063489e+00
-8.06312263e-01
7.49782205e-01
-5.68597078e-01
1.24806814e-01
-2.52354890e-01
2.20494226e-01
2.10664344e+00
4.97247845e-01
8.21559370e-01
-8.99446130e-01
-1.36063325e+00
-4.12184507e-01
9.23700094e-01
-2.61291146e-01
-7.11504161e-01
-6.07305765e-02
-7.97041953e-01
3.50320160e-01
-9.13135558e-02
-1.87664583e-01
7.89818704e-01
8.03276479e-01
-2.19784766e-01
-4.05388653e-01
1.03725421e+00
-9.99777794e-01
-1.04861033e+00
4.67065513e-01
-1.12657142e+00
1.55208530e-02
-6.90386519e-02
7.98170626e-01
9.76712555e-02
-3.01231623e-01
-1.33056529e-02
-1.31570205e-01
1.38105893e+00
1.03409350e+00
-1.24042287e-01
9.97506559e-01
-2.37536132e-01
-5.04640877e-01
1.31322062e+00
2.44947255e-01
-1.02416265e+00
1.05442894e+00
-3.11779648e-01
8.03022325e-01
1.74036765e+00
1.33000985e-01
3.09795231e-01
1.21894054e-01
-6.39617503e-01
2.39832982e-01
-2.09270138e-02
7.93281078e-01
-1.13836274e-01
-5.55814467e-02
-6.49674296e-01
6.55138254e-01
5.68116903e-02
-3.33164603e-01
6.95631206e-01

layers.4.weight:
2.94342577e-01 2.88366210e-02 -4.25644666e-02 4.97820275e-03 -2.65303273e-02 6.06089570e-02 1.69352838e-03 -7.08588779e-01 -1.36780202e-01 -3.91915023e-01 4.17727716e-02 9.60858941e-01 -1.59412754e+00 -1.03070244e-01 1.50539596e-02 -1.49011374e+00 -6.64012099e-04 6.68326169e-02 4.79809853e-04 4.07121406e-04 3.27117811e-03 -1.23622850e-01 -5.73768765e-02 2.97201842e-01 -2.52586622e-02 -3.30040120e-02 4.78291176e-02 7.62711108e-01 -4.02823836e-01 3.83001417e-01 -8.66635237e-03 -1.59925357e-01 -3.29138599e-02 6.65253203e-04 7.77863711e-02 -6.17197249e-04 -7.42821139e-04 -1.66600823e-01 -2.23505385e-02 2.06725016e-01 -8.14917535e-02 2.65669882e-01 6.40088413e-03 -1.20026715e-01 8.37471220e-04 1.34141356e-01 -1.92762148e-02 -6.78419194e-04 -9.54130962e-02 -6.63916707e-01 -4.30126451e-02 -1.97550412e-02 -7.18948795e-05 6.77952450e-03 -1.03600895e+00 -1.36919832e-03 -7.82064380e-05 -2.90633738e-01 -9.03196633e-02 2.61839069e-02 -1.96273942e-02 9.09634284e-04 9.71525609e-01 -1.40471244e-02

layers.4.bias:
-1.08943248e+00

