layers.0.weight:
3.31696361e-01 -5.67613244e-01 7.97264636e-01
5.69172144e-01 -8.09445798e-01 -5.80563486e-01
-8.31293464e-02 -6.13938749e-01 -5.77727258e-01
-1.07055378e+00 1.15616508e-01 4.58123112e+00
2.67282110e-02 4.11940843e-01 1.16166264e-01
-5.79876065e-01 8.58121514e-01 -1.84879377e-01
-1.31842160e+00 4.86020595e-01 -9.88645032e-02
-6.01682402e-02 7.88846374e-01 -9.23566997e-01
6.03414774e-01 -9.26082134e-01 5.12713566e-02
-1.11527514e+00 5.86289167e-02 -1.64189592e-01
7.53551662e-01 -9.85680073e-02 1.41279221e+00
-7.16238439e-01 -1.31785080e-01 -1.29353356e+00
-4.30584475e-02 7.12955832e-01 -1.57757306e+00
-1.16726887e+00 2.10410804e-02 5.00053525e-01
-6.46977663e-01 1.09646142e+00 7.52028525e-01
-1.81771189e-01 9.48456824e-01 1.64468549e-02
5.46070874e-01 -6.33792400e-01 -1.45019031e+00
-1.15504665e-02 1.12846863e+00 1.84981868e-01
8.07071701e-02 -9.54183042e-01 5.35116851e-01
3.41117471e-01 -1.28724232e-01 -8.64976227e-01
2.23475501e-01 1.65966094e-01 -5.10879010e-02
-3.24195027e-01 -2.56797969e-01 -1.00232065e+00
-4.64660525e-01 1.65601885e+00 -4.46076952e-02
-1.56447518e+00 4.06930357e-01 1.75152493e+00
1.05132234e+00 3.79940838e-01 -7.78481364e-01
2.59609371e-01 6.71772659e-01 -1.17486012e+00
-1.16151750e-01 -2.13369340e-01 1.90187418e+00
-3.97779703e-01 -2.44972542e-01 1.92939892e-01
3.22416067e-01 7.57217348e-01 -1.46468067e+00
-1.04933763e-02 4.65525806e-01 1.70563948e+00
-2.89658904e+00 2.84448242e+00 -1.78299040e-01
-1.26738083e+00 -5.19488692e-01 1.02004325e+00

layers.0.bias:
8.77201200e-01
4.81547834e-03
-1.42384720e+00
-6.34384930e-01
7.07518518e-01
-2.04255387e-01
-3.54310095e-01
2.86240637e-01
-7.45998621e-01
-1.59115899e+00
1.64644122e-01
1.80825554e-02
2.46107668e-01
-1.21306002e+00
-2.90836543e-01
1.43946290e+00
9.34610724e-01
1.82654703e+00
-6.68276668e-01
5.78918040e-01
-1.44309163e-01
-1.35729384e+00
1.02535832e+00
-7.05530941e-02
1.36946186e-01
5.60703695e-01
8.80503118e-01
-1.57881156e-01
-4.88352716e-01
7.31267482e-02
8.91685039e-02
-6.70209900e-02

layers.2.weight:
-4.39628720e-01 2.36476108e-01 1.13867253e-01 -4.95051503e-01 -2.87292331e-01 1.35683920e-02 3.35446596e-02 -7.55268782e-02 1.71810705e-02 2.86470652e+00 9.74025503e-02 8.12269226e-02 -2.34666049e-01 2.45527983e+00 -2.52375156e-01 2.27257311e-01 -4.35078219e-02 4.98012245e-01 1.33931324e-01 -2.69355446e-01 2.72837073e-01 -4.01927456e-02 -5.03544033e-01 6.39793098e-01 -5.80870062e-02 6.01709902e-01 -8.06868076e-01 -1.60942003e-01 -8.57123435e-02 -2.31892899e-01 -3.07814956e-01 2.20180035e-01
-4.11394350e-02 8.85871574e-02 -9.56657350e-01 1.73312709e-01 -3.02878052e-01 1.14902936e-01 -7.17580676e-01 -5.70125580e-01 4.55470651e-01 6.39884710e-01 4.56177056e-01 -3.88814628e-01 1.30842835e-01 3.05225863e-03 -3.18453997e-01 2.60839403e-01 -4.42959249e-01 3.68086964e-01 -4.00404692e-01 -1.62255391e-01 5.79388916e-01 -2.12621212e-01 -4.48033899e-01 4.68603373e-02 -6.54351115e-02 -1.61168084e-01 -2.04559684e-01 -4.63551074e-01 -5.50209545e-02 -9.97869223e-02 -1.27791330e-01 2.59499997e-01
5.59129007e-02 1.54621005e-01 2.43756965e-01 -6.83022022e-01 -1.09085107e+00 -1.39479741e-01 -5.56144953e-01 2.42232606e-01 5.57782233e-01 7.36678600e-01 -4.75257963e-01 -1.65603399e-01 9.05354023e-02 1.06550045e-01 -2.30818808e-01 -9.44520235e-01 -2.61706382e-01 -9.20887709e-01 -5.24642412e-03 9.00123864e-02 -5.06747179e-02 -2.30984896e-01 2.80474693e-01 -1.50381601e+00 8.06029797e-01 3.54933828e-01 -1.10044134e+00 -2.91729420e-01 3.05476785e-01 -2.93869436e-01 1.69127379e-02 -2.26772532e-01
3.09897214e-01 1.51552761e-03 1.00753522e-02 1.40686512e+00 4.86806750e-01 3.21254998e-01 5.98187387e-01 -3.05272222e-01 -7.79581517e-02 -1.07359089e-01 2.21428052e-01 -1.23394236e-01 -6.37950122e-01 9.31680351e-02 5.51933467e-01 5.72460890e-01 -2.06780836e-01 5.70005476e-01 3.91076177e-01 -8.53836119e-01 -9.22849715e-01 -2.15133190e-01 3.04817200e-01 1.36033773e+00 -6.78717792e-01 -6.17919028e-01 5.59429467e-01 3.62413973e-01 -7.28633285e-01 -1.00883305e-01 -8.39321837e-02 6.31320596e-01
1.28597438e-01 -2.68950224e-01 3.67121696e-01 -4.75389957e-01 -7.04060122e-02 -3.55082512e-01 -1.29006314e+00 1.40188277e-01 3.08506727e-01 -5.26787758e-01 4.12917793e-01 -7.59377539e-01 8.21744740e-01 -9.82823372e-01 -1.39656544e-01 -9.87311423e-01 -2.54275203e-01 -1.01760340e+00 -5.47758043e-02 -5.46596758e-02 8.52768958e-01 -4.83349591e-01 1.66938767e-01 -3.70508194e-01 -8.37164402e-01 6.45077765e-01 7.07995892e-02 -5.89620411e-01 -2.58636266e-01 5.89157104e-01 -1.91136613e-01 8.65861848e-02
-5.10372519e-01 2.09770918e-01 5.31988978e-01 1.94880143e-01 -1.31381369e+00 -2.02605724e-01 -4.94632751e-01 2.20244676e-01 6.78764880e-01 1.53189488e-02 6.87319338e-01 1.31920800e-01 -1.14448167e-01 -2.84104794e-01 -2.26943925e-01 -1.65825069e+00 -4.05824721e-01 -2.11314678e+00 7.78207064e-01 -2.91678399e-01 -4.66714919e-01 2.53350269e-02 -5.51453888e-01 -3.00951838e-01 6.93169013e-02 3.93791944e-02 1.74560353e-01 1.03369606e+00 -2.24099949e-01 -3.94653291e-01 -1.22629178e+00 3.24779510e-01
1.45178810e-01 6.51529012e-03 -2.98584521e-01 -4.29163733e-03 -2.33917264e-03 8.44538957e-02 -5.28721921e-02 -4.34216827e-01 -1.20586753e-01 1.67596653e-01 2.99468547e-01 9.03851017e-02 2.88914651e-01 -3.16898450e-02 -3.03700492e-02 -2.22063199e-01 3.08165886e-02 1.33729145e-01 6.79450994e-03 -2.82573879e-01 -4.19917285e-01 3.99924889e-02 -3.81244533e-02 -2.87845312e-03 1.67674452e-01 2.83949971e-01 -3.49965960e-01 -4.49592084e-01 -2.00697362e-01 7.32114613e-02 -7.85242692e-02 1.44881487e-01
1.42792627e-01 -3.62578481e-02 -5.70202470e-01 4.52593803e-01 6.11368299e-01 -4.18550372e-01 -2.97216401e-02 4.69190180e-01 1.38812765e-01 -5.31285644e-01 -2.68082004e-02 8.56013954e-01 2.25930467e-01 -5.79480290e-01 -3.52853648e-02 2.15742052e-01 4.10231471e-01 5.44386327e-01 4.60250378e-02 3.95833880e-01 -1.28626359e+00 -1.01754141e+00 4.07898724e-01 4.62499022e-01 3.94858450e-01 6.94710076e-01 6.94188714e-01 3.26557338e-01 -1.40871212e-01 5.93324125e-01 5.78840598e-02 -4.43092704e-01
1.77239463e-01 2.00417310e-01 -5.60994208e-01 -2.95399129e-01 1.24019516e+00 -4.61083800e-01 -3.52915734e-01 -3.06858331e-01 -8.84502649e-01 2.57140547e-01 4.28774357e-01 3.19737673e-01 7.28873134e-01 8.29123612e-03 1.61269799e-01 1.80320418e+00 2.89688319e-01 1.35783744e+00 -5.38171530e-01 -1.46554336e-01 8.98687392e-02 -2.95148343e-01 4.73452732e-02 2.27668554e-01 1.09070845e-01 4.33863819e-01 7.18323048e-03 6.67983294e-02 2.03491841e-02 1.19564153e-01 2.23181009e+00 -3.73627722e-01
-6.19871318e-01 2.30377704e-01 -1.09971844e-01 -5.14018834e-01 4.43504423e-01 1.38657475e-02 -1.62725002e-01 3.75086874e-01 5.33658624e-01 -1.81231216e-01 1.52145447e-02 2.11196825e-01 1.77745238e-01 1.52350575e-01 -4.48483139e-01 -7.06995785e-01 4.03384298e-01 -4.01243508e-01 -4.17153329e-01 -1.54576013e-02 -6.36862934e-01 -2.40895510e-01 1.11014687e-01 -9.82108787e-02 -1.95058823e-01 -1.06210843e-01 -1.65656596e-01 2.19399616e-01 2.53840148e-01 1.72708213e-01 8.22994709e-02 -2.50367448e-02
2.41876826e-01 -2.63817102e-01 -8.62924680e-02 -4.08796012e-01 -4.39875811e-01 -4.44621712e-01 -3.65379393e-01 1.79110631e-01 4.74147052e-01 1.95276469e-01 -5.72396696e-01 -7.22738728e-02 9.00584340e-01 -4.18628722e-01 -2.42717743e-01 -3.07928771e-01 -5.93516052e-01 -1.03720343e+00 -1.33952098e-02 1.12899626e-02 1.03504467e+00 -2.45927110e-01 -8.92916501e-01 6.59328848e-02 -6.83937296e-02 -1.94733981e-02 -4.80816931e-01 -5.66886365e-01 2.93546468e-01 -4.43655193e-01 -1.49201661e-01 3.41832995e-01
-2.27313116e-01 -9.59983170e-02 1.49717188e+00 -9.32522655e-01 -2.54001200e-01 3.46523225e-01 1.74799934e-01 -2.91089863e-01 -2.73053080e-01 2.13168573e+00 -3.86453755e-02 -4.40856107e-02 3.57448667e-01 3.47135448e+00 -2.51753964e-02 -2.86567926e-01 3.79603744e-01 -1.66988790e+00 3.61437559e-01 -2.61992484e-01 1.44469514e-01 6.26037359e-01 -5.32158837e-02 8.98514807e-01 -2.04966784e-01 -4.80942816e-01 2.37258404e-01 6.01090817e-03 2.21412137e-01 -2.86453310e-02 2.68164545e-01 -2.18091130e-01
-5.24991453e-01 -9.74706113e-02 8.64079118e-01 3.96336824e-01 -4.79820192e-01 5.42308271e-01 -2.84071751e-02 -9.41343725e-01 3.42947304e-01 5.27760744e-01 1.75009787e-01 2.18019620e-01 -4.93840337e-01 -1.15989372e-01 3.51936132e-01 -3.90511441e+00 -2.77042668e-02 -5.72975349e+00 6.37684226e-01 -9.41213369e-01 -7.96103358e-01 4.22090977e-01 5.22110164e-01 -8.59552622e-02 -2.64117688e-01 -2.34754190e-01 -3.64614367e-01 6.72840059e-01 -6.82515025e-01 -3.44659269e-01 -5.93998253e-01 -2.71320462e-01
-3.92903946e-02 -2.90899247e-01 -6.13244712e-01 -8.86335820e-02 -6.94941878e-02 9.41396207e-02 2.73075461e-01 3.85667741e-01 2.12004945e-01 -1.95165202e-01 5.14693260e-01 -2.29495376e-01 3.60898882e-01 -8.25519264e-01 -7.45099708e-02 5.28612807e-02 -2.77967930e-01 3.13593835e-01 -1.84757501e-01 1.24190010e-01 4.08923216e-02 -1.12698726e-01 2.73698807e-01 -2.26675272e-01 -9.78527740e-02 7.93393075e-01 -3.30429599e-02 -3.33130499e-03 -1.36152714e-01 2.42212847e-01 2.97833622e-01 3.26566160e-01
-9.90407228e-01 2.52362728e-01 -3.32936160e-02 2.98351616e-01 -1.98717982e-01 6.24266922e-01 -3.44766408e-01 -6.22067824e-02 3.93229485e-01 -1.39904246e-01 -8.02274585e-01 2.76725978e-01 1.96682796e-01 -3.97385001e-01 -3.14368337e-01 -6.43965960e-01 2.68961370e-01 -6.54747486e-01 -4.40719157e-01 3.58952969e-01 1.32437754e+00 9.89258230e-01 -6.21039830e-02 1.20643862e-01 -4.02785182e-01 1.47344187e-01 -6.32946074e-01 8.59341770e-02 8.30686331e-01 -2.87125856e-01 -6.43531308e-02 1.72567084e-01
-4.86271083e-01 -1.78816635e-02 3.18996191e-01 9.15937945e-02 -4.90398049e-01 1.61411107e-01 -1.06140721e+00 -4.25720364e-02 2.96426266e-01 4.62934303e+00 5.91633201e-01 3.28398198e-01 2.66567707e-01 2.32549000e+00 8.76778737e-02 -2.10287273e-01 -4.74211127e-01 -4.21709597e-01 4.55049276e-02 -2.07386926e-01 -6.00961030e-01 5.05890310e-01 2.93238759e-02 2.20385902e-02 -2.86587685e-01 -3.60778332e-01 -6.90937519e-01 2.34370291e-01 -8.13593492e-02 -6.82767332e-01 -7.73256458e-03 -3.42102289e-01
-1.14566855e-01 1.48932889e-01 1.22307297e-02 2.77984291e-02 -1.51366398e-01 6.81011155e-02 -2.34511774e-03 -5.48843369e-02 4.70974669e-02 -1.43470317e-01 6.03043325e-02 3.34186256e-02 4.60437126e-02 1.36292830e-01 1.18752517e-01 -7.12903813e-02 3.50304320e-02 -3.70422900e-02 -5.31753805e-03 8.32080990e-02 2.61352003e-01 1.63021907e-01 7.26983547e-02 5.46748862e-02 6.26221523e-02 -4.78138623e-04 4.48108688e-02 3.14142853e-01 6.61812946e-02 -5.81547851e-03 4.63747457e-02 1.06527237e-02
2.59043545e-01 -1.14962853e-01 -6.40339255e-01 5.44786192e-02 2.06970662e-01 -2.57132888e-01 -2.80050814e-01 -2.96129644e-01 2.87689596e-01 -7.50470817e-01 7.06701502e-02 -2.49034762e-02 2.06161022e-01 3.84972952e-02 -9.22530890e-02 1.79571882e-01 -3.09895098e-01 4.83881712e-01 -1.57126084e-01 9.22583163e-01 2.58169800e-01 5.11853360e-02 -4.83769476e-01 -1.12802126e-01 -1.05082601e-01 -4.13237900e-01 8.51336539e-01 -5.65903366e-01 2.36512035e-01 3.15980822e-01 -1.53986007e-01 1.85484380e-01
-1.59951612e-01 -1.78368151e-01 -5.03941894e-01 -8.34588408e-02 6.93247318e-01 -6.46582022e-02 1.60752803e-01 -1.86919831e-02 3.93960893e-01 -5.18789053e-01 -6.24007173e-02 -1.00298643e+00 3.47370178e-01 -1.87377006e-01 -9.23038349e-02 2.62088239e-01 -2.43471503e-01 4.59899873e-01 2.89868444e-01 -1.85334027e-01 -2.24465411e-02 -3.42634350e-01 4.10857975e-01 -2.80220300e-01 2.12261736e-01 6.95828497e-02 -5.12912124e-02 3.54322612e-01 -8.10860321e-02 4.72144067e-01 4.49043334e-01 1.51939526e-01
1.22354120e-01 1.83605865e-01 -9.14324671e-02 8.39313045e-02 9.14486051e-02 6.75427914e-02 3.66635970e-03 -7.37395510e-02 1.12190295e-03 2.98602711e-02 7.09143654e-02 1.18539095e-01 -7.14477748e-02 -1.53259262e-01 1.17593005e-01 5.18339097e-01 7.96092525e-02 -2.93540299e-01 1.28656169e-02 -7.76738822e-02 -1.20457433e-01 -1.69516414e-01 -6.08993284e-02 -4.93760370e-02 2.98043918e-02 1.40435144e-01 2.50414200e-02 -8.88689421e-03 5.08439429e-02 2.60444824e-02 -5.45687675e-02 5.79956658e-02
6.85433507e-01 -1.27382189e-01 5.78494966e-01 5.55225194e-01 -1.83246076e-01 -4.21514899e-01 -6.47774816e-01 -1.60771281e-01 -3.29133123e-01 -9.86450315e-01 -7.92602152e-02 9.48628366e-01 4.73173469e-01 -5.88906705e-01 7.21059322e-01 6.35269463e-01 -7.74368420e-02 -2.51572102e-01 5.54268420e-01 4.65323150e-01 -5.51545441e-01 4.54226881e-02 3.74140322e-01 6.74125627e-02 -1.88688766e-02 -3.78545821e-01 1.25735581e-01 4.21016276e-01 -2.71067828e-01 -5.66719025e-02 -3.96399088e-02 5.46397209e-01
2.33917519e-01 -1.19099118e-01 4.64119092e-02 1.73330665e-01 3.40024941e-02 1.51236251e-01 8.61123979e-01 3.02431956e-02 4.91817176e-01 2.45072559e-01 3.61179918e-01 3.37358266e-01 -4.28137958e-01 -5.44956982e-01 1.15341976e-01 -9.38212097e-01 -7.08059222e-02 -6.40054226e-01 -5.67650907e-02 -4.65208948e-01 -4.98730123e-01 -2.66390685e-02 3.06044877e-01 2.57598311e-02 1.14264883e-01 -4.64100868e-01 -6.83184624e-01 4.25818235e-01 -9.68024880e-02 -1.62987962e-01 2.40639508e-01 -1.22288331e-01
6.45070374e-02 -1.29020400e-02 -2.43084446e-01 4.02409434e-01 -8.70617703e-02 3.37327540e-01 3.70579004e-01 -2.79821277e-01 -3.09804142e-01 3.07277799e-01 3.03285923e-02 8.05310160e-02 4.36702937e-01 4.91976291e-01 -1.53029099e-01 -6.30698800e-01 5.37712634e-01 -2.80665219e-01 8.90958086e-02 -2.50126868e-01 -3.30395579e-01 4.14683558e-02 -3.97667825e-01 1.62284270e-01 -3.34896773e-01 -1.16124935e-01 -6.20020181e-02 -4.99988437e-01 7.41443112e-02 -1.18862070e-01 -5.10348752e-02 -3.16747606e-01
7.60782003e-01 -8.12807456e-02 -2.95588166e-01 2.09790006e-01 1.42631531e-01 -4.65193182e-01 -8.40359367e-03 2.60650307e-01 2.89588898e-01 -2.62423015e+00 1.34204984e-01 1.67717367e-01 3.31860125e-01 -1.59107447e+00 1.49802014e-01 3.10650170e-01 1.05153173e-01 1.88904911e-01 -1.92365229e-01 -3.86268646e-02 4.76960838e-01 -2.60716677e-01 -2.75253594e-01 1.64714772e-02 -3.80592883e-01 -2.48591900e-01 -9.22373217e-03 -1.53412327e-01 2.26050973e-01 1.40821666e-01 -2.90300190e-01 -1.62401140e-01
-7.90379345e-01 1.15308344e-01 -4.56682220e-02 1.57545075e-01 -7.57420808e-02 -3.72817755e-01 1.04796875e+00 -1.57519713e-01 -1.04595661e+00 8.09219778e-01 -7.25562751e-01 6.31353408e-02 1.31765470e-01 1.26600027e-01 -6.65363550e-01 5.63663840e-01 5.63881278e-01 5.47659099e-01 4.69334900e-01 -1.92044601e-02 -4.21904027e-01 3.46070588e-01 4.72130120e-01 9.91738141e-01 -4.43958461e-01 4.75882411e-01 -5.81245244e-01 1.81604579e-01 8.05832088e-01 -4.18832690e-01 2.38189667e-01 -1.18202319e-04
-6.07607365e-01 5.57821870e-01 -3.85984778e-03 -1.80021644e-01 5.59969664e-01 2.35726774e-01 2.15146821e-02 5.77235460e-01 -3.40407103e-01 5.35766840e-01 2.68657748e-02 -1.28660366e-01 2.63267040e-01 2.46175677e-01 -4.81407166e-01 -1.05151467e-01 -1.70845345e-01 -4.26487327e-02 3.21501255e-01 -4.22497392e-01 4.54722047e-02 -2.35219851e-01 9.26151127e-02 -4.81792539e-01 1.36513770e-01 -1.55549794e-01 -6.05044365e-01 -5.30287206e-01 2.24973097e-01 -3.98006231e-01 -1.83793575e-01 -3.25529993e-01
-7.89256170e-02 2.22126752e-01 4.59012359e-01 3.49777132e-01 -2.94407070e-01 -3.47940475e-01 2.06001918e-03 -1.61142610e-02 2.26459831e-01 -4.36112255e-01 -6.15341961e-01 -3.34482663e-03 -2.60766029e-01 -2.03692660e-01 4.29924987e-02 6.82090044e-01 -9.40635428e-02 2.03553110e-01 3.54614258e-01 2.03342125e-01 -8.72103274e-02 -7.32611656e-01 8.31603184e-02 1.22853741e-01 1.81285515e-01 1.61258101e-01 6.68490259e-03 -4.13946331e-01 -3.00840497e-01 -1.31312773e-01 7.73666501e-02 -1.64138034e-01
-8.29528630e-01 4.54261243e-01 -5.83574831e-01 -9.92665589e-01 -3.36529762e-01 -2.12050796e-01 -3.56247157e-01 3.28944743e-01 1.29697815e-01 4.93067861e-01 -4.55215797e-02 1.72360778e-01 1.52683422e-01 3.31018090e-01 -6.60782075e-03 9.79994237e-01 6.77012920e-01 1.06160665e+00 -4.66458291e-01 5.90662137e-02 5.35476863e-01 -7.39361346e-01 -6.39065385e-01 4.48161453e-01 -1.95730150e-01 -4.74968463e-01 2.97605515e-01 3.12003225e-01 5.21822453e-01 -7.97400653e-01 2.45327413e-01 -1.99095786e-01
1.54587686e-01 -5.56438863e-01 4.34248932e-02 -9.26330537e-02 -7.93474972e-01 5.37804544e-01 5.22097796e-02 -5.21051109e-01 6.17285967e-01 1.01752651e+00 -1.85817569e-01 6.70355856e-02 5.26038110e-01 4.93885517e-01 4.65247221e-02 -1.22860253e+00 -4.82667416e-01 -1.31398201e+00 2.00448990e-01 1.83311448e-01 2.84565210e-01 3.45389068e-01 1.70787662e-01 2.29950830e-01 2.39307746e-01 6.20927848e-02 -3.86696041e-01 -2.64787048e-01 -4.16423082e-01 -3.13473284e-01 3.50063890e-01 3.14840287e-01
-1.93372238e-02 -9.61805284e-01 3.37290347e-01 1.61790490e+00 1.00840047e-01 5.79598397e-02 -1.33763820e-01 -3.06072623e-01 -2.08722413e-01 2.13898018e-01 1.12118495e+00 -1.00915217e+00 -1.14063132e+00 -3.95237982e-01 1.84973285e-01 -1.54388115e-01 -1.19151354e+00 4.75243598e-01 6.72563672e-01 -6.46918595e-01 8.19183886e-01 1.59355775e-01 -1.68654136e-02 -4.15745452e-02 -8.87101069e-02 -5.45218110e-01 2.38772318e-01 5.48872538e-02 -9.13134575e-01 1.29400527e+00 -6.12696409e-01 7.51018077e-02
-4.31207716e-01 4.51012552e-02 1.32212830e+00 1.13184422e-01 -1.46421754e+00 3.90117951e-02 4.09778506e-01 -3.04178894e-01 -3.32178384e-01 -8.54838863e-02 -1.00077569e+00 4.47989792e-01 4.42422330e-01 6.76909864e-01 -1.69681087e-01 -1.23455441e+00 4.05753225e-01 -1.61447477e+00 9.48883712e-01 -3.59462112e-01 -1.04137290e+00 4.96897668e-01 -5.15949607e-01 -2.32733443e-01 -2.46843672e-03 5.27924597e-01 -1.14172682e-01 3.89024615e-01 -6.67899013e-01 -2.60021865e-01 -4.41785336e-01 1.23228036e-01
-3.05281878e-01 -4.35401738e-01 -1.39373347e-01 -7.04223886e-02 -3.83250117e-01 3.56710079e-04 2.36862719e-01 1.67164892e-01 -6.40831709e-01 1.48584676e+00 -7.68336505e-02 -1.51972398e-01 -5.89947820e-01 7.80525625e-01 -7.98645094e-02 -2.15658601e-02 -6.38334528e-02 6.92504793e-02 6.79348707e-02 -2.80531138e-01 2.32519060e-01 9.09832343e-02 3.97459388e-01 2.32772112e-01 2.88180728e-02 -1.70223385e-01 -1.06634699e-01 2.19015062e-01 2.02699855e-01 3.89857203e-01 2.75958646e-02 1.14386514e-01
-1.94772974e-01 -4.31117296e-01 5.16211875e-02 -9.85990465e-02 -3.87165815e-01 6.34102285e-01 -2.00902581e-01 -4.11869943e-01 -2.54698172e-02 -2.38447189e-01 3.28807384e-02 4.09915447e-01 1.95177674e-01 5.77273667e-01 3.83795083e-01 -4.37083513e-01 -5.02639472e-01 -1.09721851e+00 -1.03092223e-01 -3.69864941e-01 -8.93517286e-02 9.00379002e-01 6.49663210e-01 7.13363767e-01 -4.94103432e-01 1.11766100e-01 1.26601338e-01 -2.11661324e-01 -3.25845152e-01 -2.53011942e-01 2.61259228e-02 -6.30512536e-02
1.12736985e-01 -3.23150679e-02 4.99162711e-02 -7.64874145e-02 4.03328478e-01 -1.54057607e-01 6.50905594e-02 -3.34360987e-01 -1.98220640e-01 2.91741133e-01 1.60186186e-01 1.72434554e-01 7.35217705e-02 -3.93418968e-01 -8.74531046e-02 -2.21337557e-01 8.81890133e-02 1.75636411e-01 -1.79671556e-01 -5.07437229e-01 1.50426984e-01 -2.08366737e-01 -1.95679903e-01 -9.70057249e-02 -1.02383858e-02 2.28515416e-01 -4.28034700e-02 -3.72814871e-02 5.79196662e-02 8.26010481e-02 -6.13263510e-02 1.81578621e-02
9.19311866e-02 -5.12835741e-01 -4.50470746e-01 8.70200396e-01 -2.16397252e-02 -4.00139809e-01 -1.62021827e-03 -1.77403435e-01 -9.01500732e-02 2.81636381e+00 -4.40084010e-01 8.41217041e-01 5.59558868e-01 9.22419727e-01 6.38572633e-01 1.97077602e-01 4.63081673e-02 4.06569451e-01 4.87304568e-01 3.13569695e-01 2.14486808e-01 3.13530937e-02 -1.61074162e-01 1.24982536e+00 -1.33506462e-01 5.75052239e-02 -1.94357276e-01 3.19036037e-01 -2.96816062e-02 1.32687405e-01 8.06772053e-01 9.09336284e-02
-2.00131059e-01 1.92515016e-01 1.94983929e-01 7.22205341e-02 -1.04637876e-01 9.39659495e-03 -2.22553033e-02 1.11054413e-01 4.04874533e-02 6.48602005e-03 1.62932754e-01 6.36858940e-02 8.57702196e-02 -4.40682191e-03 1.60761386e-01 1.13832600e-01 3.51044945e-02 -1.78472400e-01 -1.12310639e-02 6.76731095e-02 -1.61166862e-01 -8.84071551e-03 4.37039323e-02 3.40797305e-02 -4.88963217e-01 -2.50338674e-01 4.12502252e-02 -7.95427486e-02 -2.31452752e-02 -5.58537804e-02 3.37557457e-02 -4.38233197e-01
4.22280766e-02 -9.36157927e-02 -1.28069535e-01 3.11971419e-02 -7.65075535e-02 3.25573119e-03 -2.27642537e-04 1.88160300e-01 -9.08558443e-03 -8.11138898e-02 -1.57961063e-02 -1.10464357e-02 -6.10958040e-02 7.54856504e-03 -5.14773354e-02 2.99198955e-01 -1.06126271e-01 -1.06620491e-01 -3.30148563e-02 3.44844222e-01 -2.50786841e-01 -1.32471919e-01 -4.72410955e-02 -2.30278559e-02 1.58536192e-02 -6.98020682e-02 -5.35174981e-02 -7.86392689e-02 -1.00431904e-01 5.72623834e-02 -2.97373869e-02 -6.96000364e-03
7.92494774e-01 -2.80791372e-01 4.00851041e-01 3.43963176e-01 -6.15245581e-01 2.79314187e-03 -5.62861979e-01 -3.01913880e-02 7.92224944e-01 6.50488064e-02 -1.86598822e-01 4.92888093e-02 4.41984683e-02 2.10323170e-01 7.60757804e-01 -1.14865053e+00 -4.71260607e-01 -1.00701070e+00 7.47373760e-01 -2.89999247e-01 -7.11938500e-01 2.48039529e-01 -1.45750880e-01 1.77003905e-01 8.10188115e-01 -5.28173260e-02 2.23679602e-01 -1.44588590e-01 -4.46857929e-01 2.30846077e-01 6.22573309e-03 1.03528515e-01
5.69639951e-02 -4.73633796e-01 -3.13716799e-01 4.24262166e-01 2.76506126e-01 -5.02940834e-01 1.51107952e-01 1.30723687e-02 1.86115369e-01 -1.75149083e-01 -2.24712893e-01 4.38199222e-01 3.39784473e-01 -1.77291527e-01 3.11462730e-01 -5.25543094e-01 -3.69739562e-01 -7.22470820e-01 3.43881339e-01 -4.39151049e-01 -2.28780448e-01 -7.24291578e-02 4.26543117e-01 7.14877129e-01 -1.57221586e-01 -3.41956764e-01 4.56132203e-01 -5.17107993e-02 -9.32825208e-02 -4.03980643e-01 1.14744604e-01 2.51508474e-01
-2.07002580e-01 -2.96895374e-02 8.66232216e-01 8.24372098e-02 -1.32433200e+00 -3.15701514e-01 2.19602823e-01 -9.98029783e-02 6.41902983e-01 6.07120037e-01 -2.05097705e-01 -3.53295594e-01 3.50593328e-02 3.02625328e-01 6.71933070e-02 -2.33315110e+00 -3.10338944e-01 -3.02550220e+00 8.63590017e-02 3.20496932e-02 -7.30185807e-01 7.60253310e-01 1.75317496e-01 -1.04196496e-01 3.57022464e-01 1.52111560e-01 3.09147060e-01 7.34631419e-02 -1.22830145e-01 -7.89730728e-01 -4.98247743e-01 6.94967508e-02
-2.50823677e-01 -2.14546129e-01 -1.59647182e-01 -3.52935523e-01 -3.77642512e-01 6.20502472e-01 1.47254437e-01 -2.56709531e-02 -4.20697033e-02 3.73083919e-01 -2.46742278e-01 1.86638385e-01 1.31347820e-01 -3.12732726e-01 -1.06715724e-01 -6.09901369e-01 3.48995656e-01 -7.03800559e-01 -3.52209449e-01 7.16574639e-02 -2.68583477e-01 4.60809380e-01 -8.65078866e-02 2.94986099e-01 4.24605191e-01 -4.48102564e-01 4.07368094e-01 -5.25761209e-03 1.60865501e-01 6.41975775e-02 -6.29615188e-02 -2.40463000e-02
4.41005886e-01 6.75267518e-01 5.99651933e-01 -3.77276868e-01 2.81201184e-01 1.68713808e-01 1.62331969e-01 -1.13571279e-01 -8.27591181e-01 9.94754374e-01 -2.61800885e-01 -2.51994342e-01 -4.61933225e-01 1.13084650e+00 1.57418951e-01 1.60878524e-01 8.00893176e-03 -8.03965032e-01 2.56337345e-01 -3.02539527e-01 8.69495347e-02 6.49874508e-01 -1.26242235e-01 -4.19736981e-01 6.91510379e-01 -7.82548130e-01 5.14546633e-01 -1.25407353e-01 -2.55564779e-01 -5.78174353e-01 3.04039381e-02 -5.00378907e-01
-1.13734744e-01 -4.69380647e-01 1.51318103e-01 -1.77298233e-01 -5.84266260e-02 2.47711658e-01 2.56797493e-01 -2.53517687e-01 -7.36997724e-01 -1.30075276e-01 -1.14812009e-01 1.95724368e-02 -9.11188424e-02 6.03149056e-01 5.87951958e-01 4.61607546e-01 2.24990636e-01 -1.96146309e-01 -6.18946776e-02 1.43647864e-01 -2.46844545e-01 3.16949487e-01 -2.42686763e-01 1.88012928e-01 -7.80135915e-02 -2.49200210e-01 4.04961646e-01 7.37653434e-01 -4.08960074e-01 -4.57429886e-01 4.08125222e-01 3.45867425e-01
-8.31748664e-01 -1.44763544e-01 -3.59359868e-02 -1.19947565e+00 -2.86938846e-02 -7.25066140e-02 3.88731897e-01 3.09302270e-01 -2.27246508e-01 1.34562755e+00 -1.11553967e+00 1.16102517e+00 5.67027390e-01 7.06640005e-01 -1.97654635e-01 6.87249064e-01 3.92027140e-01 2.09220164e-02 -2.27622375e-01 8.76886845e-01 -1.03848708e+00 -4.51864123e-01 -1.82752565e-01 6.86896816e-02 3.84936124e-01 2.95442939e-01 9.71402168e-01 1.21005094e+00 2.95400798e-01 -9.13549006e-01 1.09101677e+00 3.90573382e-01
-1.85240768e-02 1.04795329e-01 2.18811750e-01 -3.03617679e-02 4.97812212e-01 -1.48954242e-01 1.00594601e-02 2.75236685e-02 -7.52467662e-02 1.55826792e-01 3.61059457e-02 1.51161216e-02 -1.95535067e-02 -1.91800103e-01 7.20118135e-02 -6.34652227e-02 1.09706581e-01 1.05362512e-01 -3.73467128e-03 -3.93414885e-01 1.40067413e-01 -1.51356488e-01 -5.38598932e-02 -3.46127450e-02 1.43277004e-01 -7.06244027e-03 9.61820781e-02 1.05046868e-01 -2.35800128e-02 -7.34827146e-02 -2.64413357e-02 7.22678974e-02
-1.68752477e-01 -5.34821674e-03 8.95482674e-02 -1.46990046e-01 5.71406841e-01 -1.04338897e-03 6.09742403e-01 3.36566865e-01 2.82157004e-01 -1.61509776e+00 -3.71817589e-01 5.59371114e-01 6.84533179e-01 -1.02661991e+00 -1.68696374e-01 -2.30242774e-01 4.25835609e-01 -4.94911999e-01 -7.04320371e-02 -5.56054533e-01 1.13423836e+00 -3.60348225e-01 -1.48343015e-02 -1.77147794e+00 2.09137410e-01 5.95615268e-01 -1.04546487e+00 -1.22569370e+00 7.86701977e-01 -1.33893102e-01 -2.94796705e-01 -4.89586890e-01
5.22220850e-01 -3.59858841e-01 -3.27215254e-01 4.84686911e-01 -3.43590714e-02 1.88792069e-02 -9.76328552e-03 -1.80445969e-01 4.07522708e-01 4.92154248e-02 -7.85061643e-02 -9.06298533e-02 7.14887679e-01 -2.00463489e-01 4.04597759e-01 -3.24204803e-01 -7.30555058e-02 -5.18032372e-01 2.28016332e-01 -1.22115768e-01 -3.12443137e-01 8.60748366e-02 1.90888897e-01 2.16461390e-01 -6.69688433e-02 -2.73703873e-01 8.41381013e-01 4.94585812e-01 -5.75666845e-01 3.81181866e-01 2.77174354e-01 3.22770327e-01
-3.23813051e-01 3.31997633e-01 -1.07215881e-01 -5.24617024e-02 -7.15363264e-01 -1.50239900e-01 5.91912381e-02 4.56203729e-01 -2.57278848e-02 -5.08162677e-01 -1.85007408e-01 -2.58729737e-02 -3.45223993e-01 1.98991075e-01 2.73885310e-01 -2.91964024e-01 -9.86619294e-02 2.12765604e-01 3.24380286e-02 3.42115790e-01 -2.08220571e-01 -1.37273241e-02 6.35111481e-02 -3.25222090e-02 -9.53509882e-02 -1.29301473e-01 2.58729994e-01 -2.68751711e-01 1.61009043e-01 3.68952285e-03 8.73722583e-02 1.41307175e-01
-3.51298787e-03 -6.04749501e-01 -1.01335086e-01 -7.66782686e-02 -8.80106091e-02 -7.40275979e-02 -4.81378846e-02 -1.90246716e-01 -3.96347582e-01 4.41912532e-01 2.05462296e-02 4.44175899e-02 3.25037867e-01 3.65843922e-01 -8.64788219e-02 -6.10404849e-01 -2.55564719e-01 -1.05694629e-01 -8.58264230e-03 1.11049693e-02 1.36830047e-01 -5.73131889e-02 6.90854371e-01 1.15708001e-01 -3.12138915e-01 2.01769114e-01 3.66785198e-01 4.30332236e-02 -1.72442719e-02 1.56327352e-01 -3.92183848e-02 -2.79384315e-01
8.59237611e-01 1.91450968e-01 -4.17758703e-01 1.76123958e-02 -9.58367661e-02 9.17697176e-02 6.12483978e-01 1.64352953e-01 -1.35553643e-01 -7.35627055e-01 -1.02162671e+00 1.54950023e+00 2.13254452e-01 -7.29511678e-01 1.62907869e-01 8.27587619e-02 3.17990780e-01 2.08549529e-01 -6.03215694e-02 4.13813859e-01 -1.54911506e+00 -2.34401584e-01 -9.59419012e-01 -5.05118847e-01 -3.18112552e-01 -2.99360079e-04 7.00434372e-02 6.71630919e-01 1.05440006e-01 -1.35140017e-01 9.47712082e-03 3.86439681e-01
-2.09381983e-01 -3.90184931e-02 -9.61848319e-01 -1.73380133e-02 2.75587082e-01 4.55228209e-01 7.62344077e-02 2.14533787e-03 -4.04045582e-02 4.86357212e-01 -3.56936187e-01 -1.24288034e+00 3.26527119e-01 2.84898847e-01 -2.24482015e-01 5.73539257e-01 -1.22693501e-01 1.36252654e+00 -4.64257300e-01 5.29882237e-02 3.39604199e-01 -1.60906971e-01 8.83174315e-02 7.10292637e-01 -2.37243652e-01 7.27265000e-01 -4.45477590e-02 -2.88641274e-01 1.45644858e-01 1.73962176e-01 7.38478184e-01 -1.06935248e-01
-4.04858030e-02 2.64213830e-01 -1.44425854e-01 -5.77022433e-01 -8.52087140e-02 8.51502120e-01 3.57918352e-01 7.74627984e-01 2.18405873e-01 3.74577731e-01 1.00070083e+00 -3.28467935e-01 4.64023240e-02 5.39647818e-01 1.14200458e-01 -6.17083967e-01 2.08602235e-01 4.50432003e-02 -3.32383782e-01 -6.27506495e-01 -8.84207338e-02 -2.29370266e-01 4.28254336e-01 3.13211769e-01 -3.18647414e-01 1.18918911e-01 7.08981305e-02 7.37730265e-02 -5.90388238e-01 2.98620135e-01 -7.18972757e-02 1.92696825e-01
1.32263109e-01 -6.79696957e-03 -1.63543865e-01 -7.92527664e-03 7.26163536e-02 2.31723897e-02 1.58001669e-02 9.64031816e-02 -8.88218060e-02 -6.53799772e-02 -6.78003579e-02 -3.68145883e-01 2.67319590e-01 2.25264102e-01 2.35253740e-02 2.21570313e-01 5.46556525e-02 -1.15337567e-02 7.70830065e-02 2.62408704e-01 1.17167361e-01 2.73742855e-01 -3.59155461e-02 2.63501793e-01 -1.29086733e-01 -2.48690531e-01 -1.89251453e-01 -1.85306087e-01 -3.39717835e-01 -1.58178553e-01 -7.33456388e-03 -2.54772246e-01
3.46185744e-01 1.48777543e-02 5.67374527e-01 3.60954285e-01 3.09978664e-01 5.01899481e-01 9.88220274e-01 -3.40099633e-01 5.97136199e-01 1.26333058e-01 -6.65751755e-01 2.13185355e-01 -4.93441463e-01 -1.07013419e-01 -6.32980689e-02 3.73962462e-01 -5.60988843e-01 -3.41389686e-01 2.75265425e-01 -2.58855452e-03 -1.68456659e-01 6.27399027e-01 3.54979277e-01 7.96562791e-01 -5.75739294e-02 -1.37999922e-01 -2.64793366e-01 2.90777594e-01 1.93682835e-01 3.79057288e-01 2.11278889e-02 7.21757859e-02
-3.51608157e-01 -5.76721609e-01 1.51091790e+00 1.15268022e-01 -9.23744142e-01 -1.65460214e-01 -1.11278701e+00 -9.83055294e-01 3.40195775e-01 8.64504635e-01 1.92502774e-02 -4.79791015e-01 -3.17165941e-01 9.22248960e-01 6.64730430e-01 -1.95831645e+00 8.78323913e-02 -2.77382493e+00 1.73665941e+00 7.71279335e-01 -5.48982859e-01 1.70692205e+00 -3.87630761e-01 2.05424234e-01 3.74224067e-01 -7.01288104e-01 -2.26847753e-01 3.73329699e-01 2.46309459e-01 6.55663684e-02 4.13863271e-01 1.37828737e-01
-6.81706220e-02 -1.22650973e-02 1.41717643e-01 3.79683189e-02 2.51059055e-01 4.13441844e-02 -3.56630571e-02 1.63317081e-02 9.31967944e-02 2.40671635e-02 -2.00322475e-02 -8.37379396e-02 9.95612144e-02 1.77283250e-02 -2.97376560e-03 -1.24503575e-01 -5.37588820e-03 -9.01297256e-02 -5.85666560e-02 5.70291318e-02 1.37960613e-01 9.55057889e-02 3.93053629e-02 3.10869571e-02 -1.46799728e-01 -1.67197019e-01 7.79324071e-03 4.00322735e-01 2.98241735e-04 -5.97931109e-02 2.28827745e-02 -2.39429772e-01
-4.23177004e-01 -7.20266104e-02 -1.50841236e-01 -3.41562219e-02 -1.40087709e-01 1.97070569e-01 -1.70672741e-02 7.84325242e-01 -2.55670726e-01 -3.21208313e-02 -1.59363955e-01 6.20083749e-01 4.94596004e-01 3.02762985e-01 3.54216039e-01 1.48288593e-01 -2.09748819e-01 2.47390345e-02 -3.42980742e-01 -8.16064849e-02 -1.01293616e-01 -6.25033855e-01 -7.09218383e-02 -1.72696784e-01 -3.41554612e-01 -1.36788577e-01 -5.73213816e-01 3.84503096e-01 -2.82714665e-01 -2.10693076e-01 -2.07813486e-01 5.21713018e-01
-8.93006697e-02 -2.54111737e-01 5.65000832e-01 2.86667496e-01 -5.59862852e-01 3.41031998e-01 2.34844327e-01 -5.91913462e-01 6.19019151e-01 1.81312770e-01 -5.05233854e-02 3.67564321e-01 -1.16452970e-01 2.53869910e-02 2.41675943e-01 -2.11776185e+00 5.98998927e-02 -1.01316857e+00 2.43281014e-03 1.32233307e-01 4.60344255e-02 1.41034037e-01 3.69205743e-01 1.91952541e-01 -6.68857545e-02 -5.37291169e-01 -5.43550886e-02 -3.39060932e-01 -2.48628646e-01 -4.56300765e-01 3.31161767e-01 -4.65299129e-01
-2.28960380e-01 1.09911695e-01 -3.95959765e-02 6.48961440e-02 -3.34452003e-01 -7.10354522e-02 2.11207062e-01 -1.74339488e-01 -4.45551991e-01 1.68619621e+00 -4.56089973e-01 -1.00175827e-03 -2.07074195e-01 1.11517799e+00 -2.64981925e-01 -9.73857567e-02 9.42159295e-02 -1.37712285e-01 -1.05217211e-01 -2.15620309e-01 4.88126092e-02 2.82285303e-01 -7.45802522e-02 -3.04972291e-01 -9.38493162e-02 1.18496291e-01 3.40789318e-01 4.25785363e-01 2.90748447e-01 -5.48048913e-01 3.11604559e-01 -1.34051368e-01
-7.12175667e-02 -1.93958759e-01 5.31136692e-01 5.14256537e-01 6.50273822e-03 -4.07783717e-01 -1.13066685e+00 1.01340130e-01 2.30971396e-01 3.93664777e-01 1.16859615e-01 -8.92193168e-02 8.20818245e-02 1.51205868e-01 -2.58206695e-01 7.54486501e-01 2.01270226e-02 3.52469414e-01 -1.37573451e-01 -3.12150121e-01 8.21741819e-01 3.25896323e-01 3.64486217e-01 -5.70712507e-01 9.81643144e-03 1.50336716e-02 -1.63615033e-01 2.62183398e-01 -1.96186945e-01 3.62568885e-01 -2.20712289e-01 -2.65183538e-01
1.03773177e+00 -2.78797299e-01 4.91976440e-01 8.32143724e-01 -2.76386708e-01 1.60215735e-01 -7.16813743e-01 -4.22199756e-01 4.83522058e-01 -1.23422289e+00 -4.33693916e-01 9.00167942e-01 -1.08860779e+00 -4.64326888e-01 5.76707482e-01 -3.46776068e-01 3.93296145e-02 9.69636291e-02 4.30750817e-01 8.72102857e-01 2.55645543e-01 -3.75032574e-01 -2.10901761e+00 -7.12421656e-01 6.91072404e-01 7.19589472e-01 -9.60942626e-01 -3.97929490e-01 1.94490492e-01 1.11008489e+00 -7.92213976e-01 -2.31706470e-01
-9.62727964e-02 1.89899936e-01 2.38167848e-02 -5.12038730e-02 -3.13260168e-01 1.61179733e-02 -2.23507523e-03 -4.71252725e-02 7.51266349e-03 2.31387168e-02 4.64034975e-02 7.69066960e-02 8.00064430e-02 -2.80603096e-02 1.59489021e-01 -2.51024008e-01 9.94313285e-02 1.40500307e-01 -3.79700959e-03 -3.02098453e-01 1.56323418e-01 6.78485781e-02 5.77282049e-02 2.86909606e-04 -3.07426810e-01 -6.33063540e-02 1.26892067e-02 -6.01974837e-02 3.85773852e-02 -8.46699439e-03 4.91445363e-02 -2.22263902e-01
9.71786752e-02 3.68789345e-01 1.58969307e+00 4.40765291e-01 -1.13154209e+00 1.72183350e-01 -3.32002878e-01 -5.33666790e-01 8.56489539e-01 5.04149377e-01 1.61399290e-01 -3.42208058e-01 -8.85883927e-01 9.31975126e-01 -4.24671099e-02 -3.25666666e+00 -1.72870398e-01 -4.39180231e+00 3.26811910e-01 1.53822690e-01 -1.27277577e+00 9.75451708e-01 3.36862415e-01 2.14858830e-01 2.57827580e-01 -1.51942447e-01 -5.28803945e-01 6.81992650e-01 -1.89343229e-01 -1.72589570e-02 7.93511122e-02 -4.08830494e-02
-8.90572309e-01 4.03556935e-02 -2.28554960e-02 -6.17081821e-01 1.98057458e-01 -6.36035250e-03 -4.21537280e-01 4.26651657e-01 9.72333327e-02 -3.62597257e-01 2.42234692e-01 -4.24167395e-01 3.15658152e-01 3.56830627e-01 -2.61661232e-01 -2.62968957e-01 7.25049153e-02 1.37987956e-01 -4.79893595e-01 1.50269112e-02 2.83132702e-01 5.65119982e-01 4.07332152e-01 -1.17383741e-01 1.44771174e-01 2.09663823e-01 -5.94976008e-01 -1.36136830e-01 4.65975106e-01 -4.35129166e-01 -4.55203474e-01 -9.86490130e-01

layers.2.bias:
-1.46056581e+00
-7.64760137e-01
5.33973515e-01
-4.97720510e-01
1.60468519e-01
-5.79491735e-01
3.63772988e-01
2.03929138e+00
5.98965526e-01
8.37963343e-01
-8.92593086e-01
-1.22537744e+00
-1.86795577e-01
8.54743302e-01
-2.80702561e-01
-8.08111012e-01
-1.47014946e-01
-6.91429257e-01
3.47473890e-01
-2.02794820e-02
-9.92564857e-02
7.75185108e-01
7.94129670e-01
-1.23638853e-01
-3.61522913e-01
9.87333238e-01
-8.78877461e-01
-1.10708332e+00
4.50205535e-01
-1.11151648e+00
2.03171179e-01
-1.07876673e-01
7.13190794e-01
1.89595148e-01
-3.03269804e-01
-9.27266032e-02
-8.30536559e-02
1.32265568e+00
1.00665331e+00
-1.98789790e-01
9.10526633e-01
-2.18355119e-01
-5.44108689e-01
1.57803118e+00
3.25322926e-01
-1.07943642e+00
1.02548218e+00
-4.49486673e-01
7.42976964e-01
1.59695876e+00
1.14181258e-01
2.87047207e-01
1.60194635e-01
-6.23772621e-01
1.47632420e-01
-9.64665636e-02
8.05341303e-01
-1.79859310e-01
-9.19170305e-02
-5.70208609e-01
7.50182807e-01
-1.01385769e-02
-1.97133422e-01
5.56410074e-01

layers.4.weight:
4.66517538e-01 2.59731915e-02 -4.76337299e-02 9.17937048e-03 -5.26862368e-02 -1.69453844e-01 3.77725028e-02 -6.55857384e-01 -1.23966649e-01 -3.93340588e-01 4.24832925e-02 7.05942035e-01 -1.61463165e+00 -6.92664385e-02 3.05319275e-03 -1.28178334e+00 -3.72525975e-02 9.73018780e-02 6.25731871e-02 3.17588113e-02 7.96192884e-02 -3.58898155e-02 -9.35861375e-03 2.06923455e-01 -5.76884001e-02 -3.90027985e-02 4.72179701e-04 7.39530444e-01 -4.25332218e-01 3.93116742e-01 -7.63629973e-02 -2.25100845e-01 -1.23067088e-01 5.66742793e-02 1.28868803e-01 -1.53769646e-02 9.20607708e-03 -1.84999347e-01 1.72776580e-02 2.12718472e-01 -5.02034873e-02 2.63045818e-01 6.94955736e-02 -1.70133933e-01 3.52963582e-02 3.04616213e-01 2.09905542e-02 -3.78353596e-02 -1.06831528e-01 -6.11154914e-01 -7.01663867e-02 -1.02301180e-01 5.41227404e-03 -3.90872881e-02 -9.10200298e-01 -1.64689180e-02 1.17895065e-03 -2.90307403e-01 -4.94172238e-02 9.79390554e-03 -6.25888631e-02 -2.50300374e-02 7.60203779e-01 -2.51949038e-02

layers.4.bias:
-1.03651619e+00

