layers.0.weight:
3.31696361e-01 -5.67613244e-01 7.97264636e-01
5.69172144e-01 -8.09445798e-01 -5.80563486e-01
-8.31293464e-02 -6.13938749e-01 -5.77727258e-01
-1.07055378e+00 1.15616508e-01 4.58123112e+00
2.67282110e-02 4.11940843e-01 1.16166264e-01
-5.79876065e-01 8.58121514e-01 -1.84879377e-01
-1.31842160e+00 4.86020595e-01 -9.88645032e-02
-6.01682402e-02 7.88846374e-01 -9.23566997e-01
6.03414774e-01 -9.26082134e-01 5.12713566e-02
-1.11527514e+00 5.86289167e-02 -1.64189592e-01
7.53551662e-01 -9.85680073e-02 1.41279221e+00
-7.16238439e-01 -1.31785080e-01 -1.29353356e+00
-4.30584475e-02 7.12955832e-01 -1.57757306e+00
-1.16726887e+00 2.10410804e-02 5.00053525e-01
-6.46977663e-01 1.09646142e+00 7.52028525e-01
-1.81771189e-01 9.48456824e-01 1.64468549e-02
5.46070874e-01 -6.33792400e-01 -1.45019031e+00
-1.15504665e-02 1.12846863e+00 1.84981868e-01
8.07071701e-02 -9.54183042e-01 5.35116851e-01
3.41117471e-01 -1.28724232e-01 -8.64976227e-01
2.23475501e-01 1.65966094e-01 -5.10879010e-02
-3.24195027e-01 -2.56797969e-01 -1.00232065e+00
-4.64660525e-01 1.65601885e+00 -4.46076952e-02
-1.56447518e+00 4.06930357e-01 1.75152493e+00
1.05132234e+00 3.79940838e-01 -7.78481364e-01
2.59609371e-01 6.71772659e-01 -1.17486012e+00
-1.16151750e-01 -2.13369340e-01 1.90187418e+00
-3.97779703e-01 -2.44972542e-01 1.92939892e-01
3.22416067e-01 7.57217348e-01 -1.46468067e+00
-1.04933763e-02 4.65525806e-01 1.70563948e+00
-2.89658904e+00 2.84448242e+00 -1.78299040e-01
-1.26738083e+00 -5.19488692e-01 1.02004325e+00

layers.0.bias:
8.77201200e-01
4.81547834e-03
-1.42384720e+00
-6.34384930e-01
7.07518518e-01
-2.04255387e-01
-3.54310095e-01
2.86240637e-01
-7.45998621e-01
-1.59115899e+00
1.64644122e-01
1.80825554e-02
2.46107668e-01
-1.21306002e+00
-2.90836543e-01
1.43946290e+00
9.34610724e-01
1.82654703e+00
-6.68276668e-01
5.78918040e-01
-1.44309163e-01
-1.35729384e+00
1.02535832e+00
-7.05530941e-02
1.36946186e-01
5.60703695e-01
8.80503118e-01
-1.57881156e-01
-4.88352716e-01
7.31267482e-02
8.91685039e-02
-6.70209900e-02

layers.2.weight:
-3.57757539e-01 2.04667732e-01 8.18696395e-02 -5.11247694e-01 -3.23997624e-02 1.85882393e-02 1.14137389e-01 -4.77409028e-02 -9.93895009e-02 2.80760884e+00 6.00169115e-02 9.17748809e-02 -1.97611719e-01 2.39208388e+00 -1.66095927e-01 4.20737207e-01 -4.90369797e-02 6.25191092e-01 1.41789794e-01 -2.46888414e-01 2.31736496e-01 -5.22654317e-02 -5.21512151e-01 5.83764136e-01 -1.21820353e-01 6.35457993e-01 -8.15795422e-01 -1.30167082e-01 -1.89761907e-01 -2.43892878e-01 -2.64739960e-01 2.84507066e-01
-9.06127840e-02 1.39328495e-01 -8.50143611e-01 4.98501584e-02 -4.12440240e-01 1.53913721e-01 -7.48390496e-01 -4.95784789e-01 5.69926739e-01 6.86970115e-01 3.63818824e-01 -2.88996547e-01 2.44768292e-01 -2.11015735e-02 -3.03261578e-01 1.17874600e-01 -3.68436694e-01 3.11678559e-01 -4.08533335e-01 -6.72400370e-02 6.64106905e-01 -1.34684220e-01 -4.13672477e-01 -3.87935713e-02 -1.07540078e-02 -8.05793032e-02 -3.28197330e-01 -5.47997594e-01 6.74316511e-02 -2.22207561e-01 -7.61892088e-03 1.96858823e-01
4.41133082e-02 1.04684457e-01 -6.06494062e-02 -6.60025477e-01 -6.88279212e-01 -1.09093800e-01 -5.79397261e-01 2.34635502e-01 5.70950329e-01 6.33519053e-01 -4.52134013e-01 -1.87211558e-01 6.98226839e-02 -7.61375204e-02 -1.77047774e-01 -1.11992800e+00 6.75684512e-02 -8.52385461e-01 -1.32764410e-03 7.10114121e-01 -4.43633616e-01 -3.47260505e-01 3.07955325e-01 -1.54824269e+00 5.34475110e-02 3.31576586e-01 -1.07813978e+00 -1.92416996e-01 3.36481243e-01 -2.93987900e-01 4.27063368e-03 2.28130206e-01
3.37114513e-01 2.27971878e-02 -3.98696121e-03 1.43496203e+00 4.99989867e-01 2.93284327e-01 5.69506168e-01 -3.32636952e-01 -5.24683669e-02 -1.31463110e-01 2.49964282e-01 -1.52247190e-01 -6.66059434e-01 7.33244047e-02 5.31439066e-01 5.61463773e-01 -2.06138521e-01 5.69263220e-01 4.15606946e-01 -8.80986273e-01 -8.94577861e-01 -2.38924637e-01 2.79811412e-01 1.33609092e+00 -6.03047967e-01 -6.43938124e-01 5.87373614e-01 2.94370025e-01 -7.56288826e-01 -7.01037794e-02 -1.12208791e-01 5.76496303e-01
1.42941192e-01 -3.70475084e-01 2.35720977e-01 -4.47565049e-01 1.76488161e-01 -3.45157027e-01 -1.41493034e+00 1.53557137e-01 1.10781655e-01 -5.67376375e-01 4.27161962e-01 -7.48178899e-01 8.04211617e-01 -8.37342620e-01 -6.55729398e-02 -6.76350474e-01 -3.42788637e-01 -6.51389003e-01 -1.07905306e-01 -9.46792513e-02 8.85003746e-01 -5.77874362e-01 1.48378536e-01 -3.42135310e-01 -7.07185566e-01 6.46516800e-01 9.79337990e-02 -6.49691761e-01 -2.28250861e-01 6.20489836e-01 -3.20752263e-01 -6.67923093e-02
-2.74385482e-01 2.23543584e-01 2.89474517e-01 1.61492810e-01 -6.73462629e-01 -3.45881075e-01 -5.52713990e-01 2.93084860e-01 3.76583904e-01 -3.31730604e-01 6.84042156e-01 2.10128546e-01 -7.42918774e-02 -2.32036337e-01 -3.03976685e-01 -1.03440595e+00 -3.80669206e-01 -1.18697822e+00 6.47207856e-01 -2.49233559e-01 -5.72705090e-01 -1.15874313e-01 -5.68466425e-01 -1.68611482e-01 5.33628464e-03 9.07781050e-02 1.44400641e-01 1.04455793e+00 -1.38125002e-01 -4.34250295e-01 -1.19109118e+00 3.41408134e-01
-2.54855417e-02 1.16590066e-02 -2.08823517e-01 6.88179024e-03 -1.68297127e-01 1.83863193e-01 -8.26748908e-02 -4.07640040e-01 -1.47414863e-01 2.25606501e-01 2.86764890e-01 4.71484773e-02 2.75509238e-01 -4.78359498e-02 -1.55671099e-02 -2.42116153e-01 3.53890751e-03 1.23195708e-01 -4.50905114e-02 -3.40813071e-01 -3.90007436e-01 1.31834418e-01 8.27924535e-02 1.35233533e-02 1.63946033e-01 2.44460568e-01 -3.45960915e-01 -3.75652760e-01 -1.54175431e-01 8.98250043e-02 -1.08633652e-01 1.33930564e-01
3.12282026e-01 1.08522795e-01 -3.90880346e-01 3.67340654e-01 2.47801632e-01 -6.51708126e-01 1.09035037e-01 4.81055260e-01 8.30662325e-02 -3.18241030e-01 -1.22068025e-01 9.50013041e-01 3.02605778e-01 -5.58565021e-01 -1.73191369e-01 1.49170190e-01 5.03166854e-01 1.53095514e-01 2.47422501e-01 4.86359626e-01 -1.43654144e+00 -8.99186552e-01 1.45264879e-01 3.03781688e-01 2.08864331e-01 7.38902271e-01 6.14154696e-01 5.26885688e-01 -6.00930274e-01 5.06281078e-01 1.96210518e-01 -2.68051654e-01
-1.21566646e-01 2.00539857e-01 -5.61207592e-01 -2.33465165e-01 1.39968026e+00 -2.74112284e-01 -8.20265532e-01 -2.55444080e-01 -8.33117902e-01 1.15759760e-01 4.41775054e-01 1.28328100e-01 6.78233802e-01 -3.62664461e-01 1.68948457e-01 2.12983751e+00 2.51971781e-01 1.55776155e+00 -7.69375384e-01 -1.94351315e-01 2.25355953e-01 -1.96097717e-01 3.03908944e-01 3.25399280e-01 2.51102239e-01 3.99012983e-01 6.37437552e-02 3.98474280e-03 7.94241577e-02 1.93585783e-01 2.08109474e+00 -5.52267611e-01
-5.96177578e-01 1.27636299e-01 -1.25800714e-01 -4.99969959e-01 4.49232310e-01 -1.86133455e-03 -5.19509353e-02 3.53390962e-01 4.28117424e-01 -1.81609631e-01 3.16899903e-02 2.20385060e-01 1.62031442e-01 1.73307985e-01 -3.66719633e-01 -6.17681682e-01 3.60342085e-01 -3.88260275e-01 -3.95852476e-01 -4.20544855e-02 -6.59116983e-01 -2.53945321e-01 8.46636221e-02 -6.69854879e-02 -2.22634926e-01 -1.12602718e-01 -1.51793003e-01 2.42333055e-01 2.42656946e-01 1.85887352e-01 1.18623473e-01 7.80852837e-03
1.92816824e-01 -2.87353128e-01 -7.57888481e-02 -3.90443236e-01 -5.04116297e-01 -3.70330721e-01 -3.41069102e-01 1.68818533e-01 4.73414540e-01 1.54406548e-01 -5.57667851e-01 -8.56107697e-02 8.82817447e-01 -3.75463963e-01 -2.25140408e-01 -3.09777141e-01 -6.09454870e-01 -8.85818660e-01 -3.56074981e-02 -8.81163590e-03 1.02726400e+00 -2.38430917e-01 -8.54173243e-01 1.33624509e-01 -5.95033057e-02 -3.51131596e-02 -4.61840987e-01 -5.47970593e-01 3.14329624e-01 -4.25986975e-01 -3.04275155e-01 3.32300901e-01
-1.13176584e-01 4.24010446e-03 1.67330003e+00 -8.81050348e-01 -8.20088089e-01 1.44134328e-01 -2.27160100e-02 -3.77923578e-01 2.16178715e-01 1.86577141e+00 2.78463587e-02 -1.17110699e-01 3.02132010e-01 3.22864580e+00 -4.45420481e-02 -7.77153969e-01 3.54950905e-01 -2.57277393e+00 5.54034412e-01 -3.05794001e-01 2.58373290e-01 6.00559354e-01 -2.74714649e-01 8.51542771e-01 -7.91432858e-02 -5.41193426e-01 2.87582427e-01 -1.06828764e-01 1.17389314e-01 2.12827660e-02 1.34834081e-01 -3.35743874e-01
-5.59740186e-01 -1.47324026e-01 1.02978086e+00 3.63370836e-01 -9.21013296e-01 5.63597083e-01 1.00416634e-02 -9.84035611e-01 4.07983243e-01 5.05206406e-01 1.69769675e-01 2.04692081e-01 -4.71086383e-01 -4.61440571e-02 4.25926000e-01 -4.67076063e+00 -8.97387713e-02 -6.43238783e+00 7.51012266e-01 -9.67951894e-01 -8.09470713e-01 4.95415390e-01 5.59986055e-01 -9.50286388e-02 -3.11703116e-01 -2.26278946e-01 -3.97584617e-01 8.00254464e-01 -7.05169022e-01 -3.77038062e-01 -1.02642643e+00 -2.55407184e-01
7.59480074e-02 -1.33803323e-01 -6.27677560e-01 -4.30425778e-02 -2.22982377e-01 -8.73234645e-02 2.33217269e-01 3.06702882e-01 4.38546002e-01 -2.17893660e-01 5.52284777e-01 -2.00990677e-01 3.09014291e-01 -8.12433481e-01 -3.64809811e-01 -1.33671522e-01 -2.61242896e-01 1.66429907e-01 -5.82170337e-02 1.03471212e-01 -4.25425097e-02 -1.67112887e-01 -2.54512727e-02 -2.09898651e-01 -1.60278901e-01 7.36100495e-01 1.51935210e-02 6.28301129e-02 -2.04366162e-01 2.79591888e-01 8.63970816e-02 4.00372416e-01
-9.25191045e-01 2.76491821e-01 -8.36434737e-02 2.63294935e-01 4.37344890e-04 5.70846260e-01 -3.79686266e-01 -2.80941352e-02 4.37927663e-01 -2.64093459e-01 -8.24034095e-01 3.07916224e-01 2.31510922e-01 -4.22757506e-01 -3.33607912e-01 -6.32854760e-01 3.03910702e-01 -6.11979425e-01 -4.70246613e-01 3.93539250e-01 1.32630789e+00 9.83708501e-01 -9.02488008e-02 1.25676081e-01 -3.19579870e-01 1.85849071e-01 -6.69188619e-01 2.32806318e-02 8.90657246e-01 -3.22071850e-01 -2.50720441e-01 8.62526000e-02
-5.45617044e-01 -3.33415493e-02 8.99904668e-02 1.31704390e-01 -2.81144023e-01 3.07341397e-01 -9.46273148e-01 -6.75119236e-02 8.05360153e-02 5.24398756e+00 5.62739253e-01 4.23826098e-01 2.24750966e-01 2.64962816e+00 -4.07749787e-02 -2.08758190e-02 -4.26429927e-01 -8.59966874e-02 3.12525633e-04 -2.02092052e-01 -6.83704734e-01 4.22936350e-01 2.21759543e-01 2.57257104e-01 -3.78737807e-01 -4.15039033e-01 -6.37376010e-01 3.18056375e-01 -8.78897309e-02 -6.63230836e-01 3.38832021e-01 -2.48872876e-01
-1.10687446e-02 1.45216748e-01 -5.88514507e-02 2.81065162e-02 2.65959390e-02 5.74013032e-03 1.96251161e-02 -5.94394803e-02 3.62101980e-02 -1.65417671e-01 6.61070123e-02 4.56478298e-02 5.25652692e-02 9.74740908e-02 1.10105902e-01 3.09256297e-02 3.10724042e-02 1.68213323e-02 -2.73635448e-03 1.09332375e-01 2.72953242e-01 1.15219876e-01 -2.55527124e-02 2.86139883e-02 5.75079657e-02 2.88844295e-02 5.08087836e-02 2.41146311e-01 1.57912262e-03 -4.84213559e-03 2.63511185e-02 3.64097767e-02
1.57205120e-01 -1.47043213e-01 -6.49301589e-01 6.29605278e-02 2.58808762e-01 -1.77439123e-01 -2.20546886e-01 -3.06718647e-01 2.73866653e-01 -6.62871063e-01 1.08835407e-01 -5.32724820e-02 1.88187540e-01 7.89775774e-02 -5.31619713e-02 1.83954865e-01 -3.26083332e-01 5.54159045e-01 -1.59401640e-01 8.98742378e-01 3.62215459e-01 3.05472314e-02 -4.17999208e-01 -1.06170468e-01 -1.35671377e-01 -4.51576769e-01 8.56374562e-01 -5.32668531e-01 2.47614950e-01 3.25850666e-01 7.56251067e-03 2.00671658e-01
-3.05023491e-01 -9.20490772e-02 -2.82909989e-01 -2.15628073e-01 3.96836430e-01 4.03860994e-02 1.61617219e-01 1.43019632e-01 3.83055329e-01 -3.94205153e-01 -1.75779104e-01 -9.10616636e-01 4.83696759e-01 -1.78901419e-01 -1.68660477e-01 1.45672113e-01 -1.55220181e-01 2.98162341e-01 1.13343693e-01 -9.26631913e-02 3.15164006e-03 -1.62386194e-01 4.88056779e-01 -3.15770537e-01 2.48219684e-01 2.05713302e-01 -1.86467275e-01 3.25291902e-01 6.36550933e-02 3.43496770e-01 4.82607454e-01 1.14074908e-01
6.29034638e-02 1.78706750e-01 -1.23052057e-02 6.75693601e-02 -6.41445816e-02 1.04098007e-01 -2.26612445e-02 -7.89953098e-02 4.41711284e-02 6.70975298e-02 7.38580227e-02 1.14215098e-01 -6.51302338e-02 -6.48371950e-02 1.12346269e-01 4.45450217e-01 6.48157746e-02 -3.08655202e-01 4.03083451e-02 -9.27263349e-02 -1.14289060e-01 -1.38974845e-01 8.42033699e-03 -1.47740366e-02 3.62400711e-02 1.30346105e-01 3.60381836e-03 4.34547663e-03 1.18453838e-01 1.10725956e-02 -9.97995958e-03 3.78950872e-02
3.77346933e-01 -1.02321357e-01 6.81373835e-01 5.77425539e-01 -3.73241305e-01 -1.06119961e-01 -6.16106570e-01 -1.14583448e-01 -2.42895484e-01 -6.70048118e-01 -3.62292640e-02 8.72491062e-01 4.50845778e-01 -4.25360680e-01 7.14044333e-01 2.97784507e-01 -1.05395063e-03 -3.69637370e-01 4.35244590e-01 4.50196803e-01 -2.92322755e-01 9.99365970e-02 6.23986185e-01 1.00120254e-01 1.07397474e-01 -4.13492262e-01 1.37394518e-01 1.97893813e-01 -1.15255624e-01 -3.26022692e-02 2.03745499e-01 4.56905216e-01
2.55198777e-01 -8.72631371e-02 4.46215495e-02 1.67206421e-01 6.87073497e-03 1.39012322e-01 9.30347383e-01 5.69063611e-02 4.85498935e-01 2.46092394e-01 3.45145196e-01 3.58626425e-01 -4.13255244e-01 -5.54720759e-01 8.38905498e-02 -1.07154095e+00 -4.30242382e-02 -7.50110149e-01 -5.63494451e-02 -4.55498099e-01 -5.51468432e-01 -1.49637191e-02 2.18182728e-01 -2.10333876e-02 4.56208028e-02 -4.37322319e-01 -6.88181639e-01 4.98233616e-01 -1.15899488e-01 -1.72514439e-01 2.38292679e-01 -3.99669968e-02
5.58966026e-02 1.63753405e-02 -2.41573662e-01 4.13546443e-01 -6.00276776e-02 3.64440858e-01 3.80337864e-01 -2.70161033e-01 -3.06933761e-01 3.49240214e-01 6.26618741e-03 8.91720802e-02 4.30144995e-01 4.96035993e-01 -1.87668398e-01 -6.43755913e-01 5.75530112e-01 -2.62790620e-01 4.97802794e-02 -2.34804109e-01 -3.97444665e-01 7.88254365e-02 -3.98331851e-01 1.62125498e-01 -3.84377211e-01 -1.15775712e-01 -4.76086177e-02 -4.21884656e-01 2.61718445e-02 -1.08726434e-01 -2.44409461e-02 -2.48582020e-01
7.77144313e-01 -6.46253526e-02 -2.52127767e-01 1.83748826e-01 1.10372767e-01 -5.09661794e-01 -2.54117437e-02 2.84678519e-01 2.94690132e-01 -2.61737180e+00 1.24603190e-01 1.57547459e-01 3.59854132e-01 -1.61321700e+00 1.62222669e-01 3.16513121e-01 1.17208391e-01 1.87764078e-01 -1.69468582e-01 -2.33308114e-02 4.68634695e-01 -2.23729938e-01 -3.33046943e-01 -2.87397504e-02 -3.93237591e-01 -2.21027672e-01 -3.90956476e-02 -1.33623973e-01 2.07599103e-01 1.23397484e-01 -2.81259477e-01 -1.54693663e-01
-9.01389122e-01 1.52537599e-01 1.37914151e-01 1.24536477e-01 -4.30416942e-01 -3.24915230e-01 1.18463874e+00 -1.34612769e-01 -1.05160010e+00 7.97742069e-01 -7.33741403e-01 4.07799408e-02 1.59892425e-01 9.68593508e-02 -7.07539618e-01 1.58307895e-01 6.00521863e-01 6.83905333e-02 4.76207793e-01 9.43203829e-03 -3.55195552e-01 5.04954278e-01 5.26253283e-01 9.60319519e-01 -6.38533711e-01 4.92395282e-01 -6.12730801e-01 3.90782356e-01 7.50687718e-01 -4.50805485e-01 9.67389792e-02 2.49438629e-01
-5.00657916e-01 6.73115253e-01 -9.00490507e-02 -9.93701592e-02 6.15479708e-01 1.20699733e-01 -4.08444665e-02 4.76864159e-01 -2.53513813e-01 4.49728101e-01 1.09019674e-01 -2.00996205e-01 1.77605480e-01 1.55594990e-01 -5.87825537e-01 -1.94873407e-01 -4.33222111e-03 -1.67076644e-02 4.29046303e-01 -3.60122234e-01 -1.25004556e-02 -3.18302363e-01 -3.05638127e-02 -5.63322544e-01 1.31470218e-01 -2.36512303e-01 -5.21951377e-01 -5.42242348e-01 1.27870739e-01 -3.21723580e-01 -2.57831335e-01 -2.82973766e-01
-1.40223145e-01 1.98481902e-01 4.39332664e-01 3.48042279e-01 -1.88020542e-01 -2.83759445e-01 -1.52725741e-01 8.53995327e-03 2.66658574e-01 -4.58485216e-01 -5.87690473e-01 -6.30450919e-02 -2.58644849e-01 -2.91434586e-01 8.38329121e-02 8.00985515e-01 -1.13822713e-01 3.07399303e-01 2.58575737e-01 2.09196761e-01 1.03083119e-01 -7.49602795e-01 2.15142056e-01 1.23520941e-01 3.22451413e-01 1.74929917e-01 1.79512164e-04 -6.32749438e-01 -2.37331450e-01 -1.28727198e-01 1.12394072e-01 -3.09923768e-01
-8.13681185e-01 4.74351108e-01 -6.20381773e-01 -1.01981080e+00 -1.75638855e-01 -2.27280438e-01 -3.50845069e-01 4.48499113e-01 6.09286837e-02 4.68053102e-01 -8.51315930e-02 2.05428019e-01 1.92716330e-01 2.86198944e-01 -2.51024961e-02 1.27570927e+00 6.98219240e-01 1.25785375e+00 -9.10194039e-01 8.37610736e-02 5.02909720e-01 -7.25938559e-01 -6.47104502e-01 4.09993708e-01 -1.74158275e-01 -4.28398728e-01 2.69149423e-01 3.64817202e-01 5.41040897e-01 -8.24277043e-01 2.28463709e-01 -2.51638204e-01
1.66793227e-01 -5.44565439e-01 -2.20555458e-02 -1.01108111e-01 -7.02112436e-01 5.22287846e-01 1.14827052e-01 -5.04069924e-01 5.19706964e-01 9.42240834e-01 -2.04150707e-01 1.02147445e-01 5.33662200e-01 4.25177276e-01 2.35867724e-02 -1.10581887e+00 -4.66831207e-01 -1.12852383e+00 1.13891698e-01 1.98971719e-01 2.50890374e-01 3.35172415e-01 1.75570607e-01 1.63866982e-01 2.15698019e-01 8.42264220e-02 -3.95980477e-01 -2.63347954e-01 -3.07621777e-01 -3.24154943e-01 5.00257790e-01 3.71861875e-01
-5.02129719e-02 -9.52003896e-01 3.61528814e-01 1.59121954e+00 1.09044857e-01 8.66291970e-02 -1.40170217e-01 -2.70625263e-01 -2.01055139e-01 2.22336933e-01 1.09630311e+00 -1.00059104e+00 -1.11110187e+00 -3.96022767e-01 1.81872353e-01 -1.70837909e-01 -1.18340015e+00 5.33160329e-01 6.34988844e-01 -6.84181511e-01 8.59720528e-01 1.84414476e-01 7.31823640e-03 3.79964150e-02 -6.24028705e-02 -5.15093625e-01 2.12880164e-01 6.04094788e-02 -8.87156665e-01 1.26900971e+00 -6.33757412e-01 1.47996657e-02
-5.85534811e-01 -2.19714701e-01 -7.69182593e-02 3.31940591e-01 3.72106135e-01 1.92074656e-01 -9.02867839e-02 -1.53933346e-01 -1.27977192e-01 -3.03501368e-01 -6.70699179e-01 -9.21694934e-03 2.76157439e-01 8.10593888e-02 1.80758297e-01 -4.51366127e-01 2.35892937e-01 1.87228963e-01 2.53216743e-01 -5.33495188e-01 -4.42732424e-01 -2.78319865e-01 -1.65166650e-02 -3.28363627e-01 1.11508399e-01 4.20377612e-01 7.97096416e-02 -1.07994258e-01 -5.34552813e-01 -2.92325988e-02 -1.37252450e-01 3.82294878e-02
-3.15659612e-01 -3.40098023e-01 -1.64222449e-01 -1.54717714e-01 -2.09979251e-01 5.18050557e-03 2.51125216e-01 2.87064612e-01 -6.53972924e-01 1.45237577e+00 -1.55040681e-01 -9.00279060e-02 -4.95395780e-01 5.23955703e-01 -1.55231223e-01 2.34821457e-02 3.12645622e-02 1.87170923e-01 -5.71737923e-02 -1.85040265e-01 2.29537278e-01 1.50989532e-01 4.05437022e-01 3.45967449e-02 4.46401685e-02 -4.84755076e-02 -1.93976849e-01 1.89723551e-01 2.88820148e-01 3.06035668e-01 3.27119261e-01 1.08484931e-01
-4.53140549e-02 -3.47859263e-01 -2.56506111e-02 -8.16205740e-02 -3.42184037e-01 4.39954907e-01 -2.32910693e-01 -4.53494877e-01 1.44864455e-01 -4.21343327e-01 5.47575653e-02 4.08128768e-01 1.81447282e-01 4.07961518e-01 2.93985605e-01 -5.99816740e-01 -4.74711299e-01 -1.21510911e+00 -1.74503829e-02 -3.46635759e-01 -1.26119763e-01 8.39124918e-01 3.91617686e-01 6.38311744e-01 -4.96086061e-01 1.17620528e-01 1.48699701e-01 -2.13619143e-01 -3.98136258e-01 -2.41585508e-01 -1.37214854e-01 -5.05632758e-02
1.73314735e-02 -4.36290838e-02 1.43165559e-01 -8.73062983e-02 2.05555737e-01 -9.92877632e-02 1.70197058e-02 -3.31673056e-01 -2.03993216e-01 3.29847336e-01 1.45107761e-01 1.72808006e-01 7.55458474e-02 -3.05314124e-01 -7.09238425e-02 -2.86494941e-01 5.14461584e-02 1.41572282e-01 -1.65732697e-01 -5.50549746e-01 1.18699476e-01 -1.52104959e-01 -9.59925428e-02 -3.89908217e-02 -1.29740713e-02 2.05303997e-01 -5.97704910e-02 6.41476810e-02 1.17167287e-01 7.37164766e-02 -3.55815068e-02 -7.69862207e-03
1.31557673e-01 -5.41995764e-01 -2.07870632e-01 7.58000553e-01 -3.27757120e-01 -5.24720311e-01 2.11784169e-01 -1.75944820e-01 -1.15618564e-01 2.97355199e+00 -5.65937102e-01 9.79941845e-01 6.51550889e-01 8.75874460e-01 7.64150441e-01 1.11448705e-01 4.72985618e-02 8.63788500e-02 6.59941733e-01 3.73794794e-01 1.91627488e-01 1.69725433e-01 -3.00468266e-01 1.05762339e+00 -8.64844769e-02 1.26645178e-01 -3.09029013e-01 3.35823685e-01 1.62057430e-02 2.93545574e-02 8.69314253e-01 6.59781098e-02
-1.03965618e-01 1.69790804e-01 1.19224444e-01 6.91718906e-02 5.46538532e-02 -4.05050702e-02 1.65599547e-02 1.08866811e-01 1.54145863e-02 -2.60034129e-02 1.72028139e-01 8.48182216e-02 9.44178924e-02 -6.01207325e-03 1.63384885e-01 1.92699969e-01 3.88845317e-02 -1.36418432e-01 -1.06177321e-02 1.02780394e-01 -1.53539255e-01 -6.54203147e-02 -2.87704542e-02 2.28165626e-03 -4.65627909e-01 -2.16866493e-01 4.27922346e-02 -1.54064476e-01 -6.00675829e-02 -6.04624376e-02 2.11473349e-02 -4.46437508e-01
3.63295036e-03 -8.64856988e-02 -5.95366247e-02 2.17006207e-02 -2.08282009e-01 2.45765876e-02 -1.46112349e-02 1.65674344e-01 5.87920696e-02 -4.70272750e-02 -6.85115391e-03 -2.16477402e-02 -6.24423064e-02 3.28692757e-02 -5.06154150e-02 2.13720843e-01 -9.59426463e-02 -1.33756742e-01 1.54112028e-02 3.45871240e-01 -2.33317956e-01 -1.14248730e-01 -1.34506868e-03 -2.86362134e-04 7.69470865e-03 -8.95538554e-02 -6.64134622e-02 -9.33290273e-02 -5.40269427e-02 4.93087210e-02 2.08046474e-02 3.79282236e-03
7.86015809e-01 -2.72606611e-01 2.99623340e-01 3.45938563e-01 -3.32525313e-01 2.26204321e-02 -5.51364422e-01 2.73808520e-02 6.25856459e-01 4.14894596e-02 -2.15405166e-01 6.10286370e-02 5.03435172e-02 2.15845406e-01 7.45104611e-01 -4.75100815e-01 -4.55766410e-01 -6.13080502e-01 3.05140913e-01 -2.69920796e-01 -7.79472709e-01 2.55557895e-01 -1.03210993e-01 1.95949882e-01 8.12636554e-01 -3.16433869e-02 2.30915457e-01 -9.55586210e-02 -5.25610626e-01 2.31692925e-01 4.79176454e-02 8.59447867e-02
1.57156304e-01 -4.26874995e-01 -3.15924078e-01 4.55489993e-01 2.30744198e-01 -5.95776379e-01 8.41664746e-02 -9.35462937e-02 2.68295139e-01 -2.64847517e-01 -1.92114741e-01 4.08732891e-01 3.00072312e-01 -2.81307638e-01 2.68431067e-01 -6.29930615e-01 -3.56156737e-01 -7.66040683e-01 6.08261824e-01 -4.32067573e-01 -2.26832703e-01 -1.07002653e-01 3.66774917e-01 6.69485688e-01 -1.46272212e-01 -3.69817555e-01 4.89974499e-01 -7.52422437e-02 -1.70716614e-01 -3.73344243e-01 8.46272334e-02 2.55648196e-01
-6.83969408e-02 -4.37456965e-02 9.68549430e-01 1.72420174e-01 -1.99567163e+00 -2.24937871e-01 4.23660651e-02 -3.23044658e-01 8.67210984e-01 8.05007696e-01 -1.06178850e-01 -4.84171182e-01 -7.20270872e-02 7.57065356e-01 5.83906770e-02 -3.65716338e+00 -2.87116885e-01 -4.22522116e+00 5.14880180e-01 -1.45051768e-02 -7.87318528e-01 7.84602880e-01 2.25347504e-01 1.65091828e-01 1.76341340e-01 3.62215983e-03 4.09051657e-01 3.23858708e-01 -4.15330231e-01 -7.06827879e-01 -3.24240685e-01 2.09764123e-01
-1.70034721e-01 -2.24027902e-01 -2.53284842e-01 -2.72591203e-01 -2.98156589e-01 5.37922561e-01 1.70864150e-01 -1.15147859e-01 -9.65500101e-02 3.62521380e-01 -2.01061100e-01 1.68847457e-01 4.96038459e-02 -2.63250411e-01 -1.50625080e-01 -5.52764535e-01 3.16652328e-01 -6.62458718e-01 -2.70986080e-01 2.04085223e-02 -3.79979759e-01 3.87147009e-01 -1.78946719e-01 3.51887792e-01 3.40199113e-01 -5.22817433e-01 4.91531610e-01 1.17469028e-01 5.39503880e-02 1.39971539e-01 -9.15210620e-02 6.51716813e-02
4.20084178e-01 6.71541810e-01 6.66398704e-01 -3.94079775e-01 2.02406436e-01 1.85211450e-01 1.32502183e-01 -1.11169994e-01 -8.02285969e-01 9.75246191e-01 -2.77355283e-01 -2.52253354e-01 -4.45029110e-01 1.13862634e+00 1.74449995e-01 1.33824840e-01 1.76128875e-02 -9.23926055e-01 2.75328636e-01 -2.89642960e-01 7.46049732e-02 6.85476184e-01 -1.06218621e-01 -3.88361871e-01 6.92036986e-01 -7.71804750e-01 4.98314798e-01 -9.62464958e-02 -2.93074012e-01 -5.92509329e-01 -4.95282263e-02 -5.12323081e-01
-2.47470848e-02 -3.82561982e-01 1.84207261e-01 -1.82130694e-01 -1.49759844e-01 1.25675216e-01 1.01822145e-01 -2.80866295e-01 -5.05994320e-01 -3.43007892e-01 -1.11877576e-01 8.72401521e-03 -9.21214819e-02 4.13586438e-01 5.22247374e-01 4.12644058e-01 2.83009768e-01 -3.79017651e-01 3.32296938e-02 1.75273180e-01 -2.40294605e-01 3.10026675e-01 -3.45938802e-01 1.65959597e-01 -5.75194508e-02 -2.56268352e-01 3.99615735e-01 7.06254303e-01 -4.05502111e-01 -4.64769810e-01 2.32323095e-01 3.37814242e-01
-1.24218035e+00 7.75642544e-02 1.10390045e-01 -1.28851640e+00 -4.66946773e-02 -6.66407868e-02 2.12479293e-01 5.41811764e-01 7.95643330e-02 3.74797285e-01 -9.70875442e-01 6.94339633e-01 1.07593906e+00 3.56060117e-01 -6.33294344e-01 4.51563716e-01 5.35214841e-01 -3.24537426e-01 -3.12120497e-01 1.00739455e+00 -5.55066288e-01 -3.25019181e-01 -3.29145372e-01 -4.65430468e-02 5.99001110e-01 9.87430394e-01 8.78286600e-01 6.18779242e-01 4.83781219e-01 -1.00552821e+00 1.69889599e-01 2.21893832e-01
-1.04538970e-01 9.85687971e-02 3.00713003e-01 -4.79573086e-02 3.21766824e-01 -9.95588005e-02 -1.93089414e-02 3.80311422e-02 -6.53151497e-02 1.81532741e-01 2.55997293e-02 1.53427301e-02 -9.92603041e-03 -1.19464219e-01 7.10279569e-02 -1.61822006e-01 7.46394396e-02 6.42588660e-02 2.91055790e-03 -4.34731513e-01 1.30006507e-01 -1.02011248e-01 3.28856893e-02 8.88935290e-03 1.42220035e-01 -1.70041416e-02 7.20757768e-02 1.64628178e-01 5.34055531e-02 -8.98844525e-02 -2.58917268e-02 5.05409725e-02
-1.61902174e-01 2.13173613e-01 3.37069601e-01 -2.08146036e-01 2.03180522e-01 1.49841920e-01 7.47653306e-01 3.69233727e-01 5.04402854e-02 -1.13913190e+00 -4.33881372e-01 6.22658849e-01 7.43740737e-01 -2.64326245e-01 -4.41844642e-01 1.44127667e-01 5.31205237e-01 -2.21911788e-01 -7.53650069e-02 -3.98197562e-01 8.76478791e-01 -2.19387561e-01 4.99385670e-02 -1.26606929e+00 -1.87313795e-01 5.98984063e-01 -1.07947314e+00 -7.94580638e-01 3.46816152e-01 -2.04591051e-01 2.58492362e-02 -1.75488830e-01
6.06398821e-01 -3.37199748e-01 -2.95931607e-01 4.76038903e-01 -1.03970788e-01 -3.91547084e-02 -6.96865022e-02 -2.26242781e-01 5.07107675e-01 -8.95057395e-02 -7.73503035e-02 -8.45388621e-02 7.17163265e-01 -3.31144363e-01 3.87896925e-01 -4.91520613e-01 -6.22762367e-02 -5.73173046e-01 4.31802899e-01 -1.07508644e-01 -3.00904572e-01 7.85084218e-02 1.83592603e-01 1.78613335e-01 -7.08333328e-02 -2.52390683e-01 8.30885530e-01 4.62827116e-01 -4.09454256e-01 3.72729599e-01 1.80346861e-01 3.51540238e-01
-1.85514092e-01 2.97844499e-01 -1.50337428e-01 -6.82114288e-02 -5.36109149e-01 -2.25996643e-01 8.64779875e-02 4.42797035e-01 -3.16564851e-02 -5.32607853e-01 -2.00143024e-01 1.89112537e-02 -3.24535757e-01 1.99675009e-01 2.82651752e-01 -1.43675283e-01 -1.30267352e-01 2.49489918e-01 6.37070239e-02 3.68963152e-01 -2.30503947e-01 -5.35343401e-02 -5.36730401e-02 -2.93193217e-02 -1.02729432e-01 -8.36770236e-02 2.51400530e-01 -3.14848214e-01 8.88785347e-02 -1.02094328e-02 6.74432516e-02 1.64270729e-01
5.49435504e-02 -5.40825069e-01 -9.43312347e-02 -1.01372331e-01 -9.63494182e-02 -1.48573443e-01 -2.67713610e-02 -1.74057797e-01 -3.85188073e-01 4.68775272e-01 -1.04960874e-02 7.58749470e-02 3.50003690e-01 3.34476531e-01 -1.48824736e-01 -6.80562198e-01 -2.16126680e-01 -1.49258152e-01 2.38956301e-03 4.65231985e-02 7.12781027e-02 -3.70092839e-02 5.59854865e-01 4.12668623e-02 -3.81986260e-01 2.28136301e-01 3.43594909e-01 1.16996787e-01 -7.47912973e-02 1.30125046e-01 -1.71449017e-02 -2.03866601e-01
1.06535447e+00 2.52932613e-03 -5.48622251e-01 3.23799342e-01 -2.39649527e-02 6.69398010e-02 4.86546159e-01 -3.55685279e-02 -2.57939398e-01 -9.02238667e-01 -7.42458999e-01 1.25353491e+00 -4.91958633e-02 -8.91583622e-01 3.09445709e-01 4.36229467e-01 -2.05795616e-02 2.94762582e-01 9.27792564e-02 4.24113236e-02 -1.67043245e+00 -3.87853801e-01 -8.39503348e-01 -1.80014551e-01 -4.49395001e-01 -1.21618323e-01 3.78615320e-01 6.90238833e-01 -2.18498588e-01 1.87888473e-01 -1.16686709e-01 5.22662044e-01
-1.23406582e-01 -7.01474398e-02 -9.80782986e-01 -4.67671491e-02 3.08169425e-01 3.62377882e-01 3.42413098e-01 1.37699693e-02 -2.13447213e-01 5.57202101e-01 -4.11290377e-01 -1.13888538e+00 3.55802149e-01 5.39853573e-01 -2.61522472e-01 8.74568701e-01 -1.73601002e-01 1.43769622e+00 -4.29882556e-01 5.89927323e-02 2.24239841e-01 -1.47586629e-01 9.05514113e-04 6.31527364e-01 -2.49799788e-01 7.56713927e-01 -7.20486492e-02 -1.88621059e-01 8.65338296e-02 1.42452002e-01 7.20402479e-01 -9.84723493e-02
-9.62174684e-03 3.89718860e-01 -1.81079775e-01 -6.03091478e-01 -7.10778385e-02 7.32700706e-01 3.00163746e-01 7.84380019e-01 3.39180917e-01 3.10643822e-01 9.61301565e-01 -2.73555696e-01 7.28225783e-02 2.71810710e-01 1.67766698e-02 -7.58543909e-01 2.93123513e-01 -6.62272722e-02 -3.11272055e-01 -5.46202183e-01 -5.79863824e-02 -2.41598412e-01 2.37575829e-01 1.29407018e-01 -2.23404706e-01 1.64368853e-01 4.71175797e-02 8.17362510e-04 -5.67041993e-01 2.65245974e-01 -1.77519649e-01 1.12397015e-01
6.03788421e-02 3.57113443e-02 -1.54317155e-01 1.84106342e-02 -4.83180955e-02 5.71779683e-02 6.88800365e-02 8.31956789e-02 -4.34209183e-02 -6.40370324e-02 -4.96059656e-02 -3.87509793e-01 2.36317918e-01 2.19306156e-01 4.77957632e-03 6.30230084e-02 1.04477614e-01 -5.98316975e-02 9.07482952e-02 2.54655808e-01 1.12882279e-01 2.72934020e-01 1.58512909e-02 1.97507858e-01 -9.34570208e-02 -2.96559393e-01 -1.67990565e-01 -1.58672005e-01 -2.97540188e-01 -1.35857075e-01 -4.49818512e-03 -2.80335337e-01
4.31438148e-01 -3.83066162e-02 5.29506862e-01 4.21941698e-01 3.82292747e-01 4.12844539e-01 9.58386302e-01 -3.79011333e-01 6.93966091e-01 -7.28278682e-02 -5.83305240e-01 1.33341938e-01 -5.47121465e-01 -3.58851999e-01 -4.72993171e-03 3.70199233e-01 -6.86527550e-01 -4.22372431e-01 2.86117375e-01 -6.06495924e-02 -1.08005591e-01 5.56045651e-01 2.34036401e-01 7.01875925e-01 -1.37900643e-03 -1.59079954e-01 -2.06583574e-01 1.84796199e-01 1.63594276e-01 4.44836825e-01 -1.13471277e-01 3.34621556e-02
-2.42027357e-01 -5.69557548e-01 1.53539264e+00 8.18549097e-02 -9.25122797e-01 -2.02387571e-01 -1.15951312e+00 -1.04459310e+00 2.99195290e-01 1.02471220e+00 5.30064153e-03 -4.42508101e-01 -2.95481294e-01 1.06402540e+00 6.53139412e-01 -2.03061628e+00 9.56262946e-02 -2.75044155e+00 1.89056540e+00 8.03791046e-01 -5.80930948e-01 1.70612299e+00 -4.42180425e-01 2.68373758e-01 3.59813243e-01 -6.94818020e-01 -2.55026102e-01 4.16073710e-01 1.40842840e-01 3.42673659e-02 6.59428239e-01 1.32490560e-01
2.48145051e-02 -1.69162303e-02 6.24908209e-02 3.82732861e-02 4.11903828e-01 -9.15066246e-03 5.76888490e-03 1.93201471e-02 6.47607818e-02 2.49979971e-03 -1.21735120e-02 -6.78645074e-02 1.06217913e-01 -3.91265284e-03 -7.78333424e-03 -5.89390472e-02 -4.06189170e-03 -3.60606387e-02 -6.86786622e-02 7.94566870e-02 1.50818884e-01 4.18275781e-02 -3.10993381e-02 -3.85574298e-03 -1.35716259e-01 -1.37276664e-01 1.22597208e-02 3.25904846e-01 -3.82460095e-02 -6.06190115e-02 2.94569060e-02 -2.32860610e-01
-4.27885354e-01 -8.73109773e-02 -1.81777582e-01 3.96744981e-02 -1.73340902e-01 7.99442604e-02 -1.89399227e-01 6.41672671e-01 -9.23657492e-02 -9.66498349e-03 -4.83709648e-02 5.28628826e-01 3.96371156e-01 3.03654104e-01 3.56358677e-01 -4.34570312e-02 -2.85654813e-01 8.27079788e-02 -1.50986165e-01 -1.72385514e-01 4.07842100e-02 -6.92550123e-01 -5.16382419e-02 -1.34884849e-01 -3.33820581e-01 -2.70379543e-01 -5.05380571e-01 2.91623563e-01 -3.12296361e-01 -1.31101251e-01 -4.91154380e-02 5.21081090e-01
5.37365268e-04 -2.11598933e-01 6.43404007e-01 2.33424723e-01 -6.50974452e-01 2.55265474e-01 3.48657519e-01 -5.91337800e-01 5.14002740e-01 3.34833741e-01 -1.06818393e-01 4.38569784e-01 -7.01873004e-02 1.32601798e-01 2.01514319e-01 -2.13123894e+00 9.85765755e-02 -1.02565384e+00 5.75549342e-02 1.83840334e-01 2.57225204e-02 1.97368160e-01 2.73918420e-01 1.38051257e-01 -1.25044376e-01 -5.02760410e-01 -1.04706429e-01 -3.48990053e-01 -3.53049695e-01 -5.08031309e-01 4.46346164e-01 -3.90606225e-01
-1.55972958e-01 1.56291965e-02 -2.18577310e-01 1.64518431e-01 -5.98690379e-03 -6.17008731e-02 2.62520850e-01 -1.94831803e-01 -5.71644127e-01 1.57185400e+00 -3.60439450e-01 -8.18535089e-02 -2.85286605e-01 1.28589737e+00 -2.40832895e-01 8.63004401e-02 2.51388922e-03 1.64963320e-01 -1.18656047e-01 -3.08270991e-01 2.72922963e-02 1.74839109e-01 -5.89085370e-02 -1.63953915e-01 -1.50469750e-01 6.25853911e-02 4.42053050e-01 4.62189734e-01 1.95239827e-01 -4.49291885e-01 2.24713221e-01 -8.43063667e-02
-1.50990531e-01 -2.22221494e-01 6.51644588e-01 4.24134374e-01 -1.48632601e-01 -3.37419420e-01 -1.09196579e+00 2.46060044e-01 2.40216911e-01 4.47460711e-01 5.08482680e-02 -1.20948926e-02 1.76047996e-01 2.16391191e-01 -2.16623187e-01 4.45809275e-01 7.83343986e-03 1.79640621e-01 -2.65041918e-01 -3.20887953e-01 9.70813572e-01 4.01882261e-01 3.97960633e-01 -5.95965803e-01 1.02068461e-01 8.64962116e-02 -2.64147967e-01 1.64561704e-01 -8.26215604e-04 2.77795076e-01 -1.22411691e-01 -3.93287420e-01
8.44547033e-01 -3.48122805e-01 4.71206814e-01 9.22768593e-01 -3.45536262e-01 3.21325451e-01 -6.00880563e-01 -4.98887300e-01 3.43842924e-01 -8.70700717e-01 -3.29434514e-01 7.80441940e-01 -1.17833447e+00 -2.85664141e-01 6.20191693e-01 -3.59096557e-01 -3.59079503e-02 5.25604561e-02 4.70786721e-01 7.87572384e-01 2.76280373e-01 -4.09641802e-01 -1.96425426e+00 -5.63557565e-01 5.56371391e-01 6.18390799e-01 -8.66734922e-01 -3.47862363e-01 6.47970587e-02 1.19864976e+00 -3.48148286e-01 -1.19340926e-01
-2.24115103e-02 1.73247993e-01 -4.07627858e-02 -5.17223179e-02 -1.50347367e-01 -2.71239672e-02 2.47923341e-02 -4.64266501e-02 -3.56625877e-02 -6.04265230e-03 3.89566571e-02 9.66927782e-02 8.75214264e-02 -4.54523526e-02 1.54911384e-01 -1.33376211e-01 8.35274979e-02 1.81444347e-01 -1.12723531e-02 -2.85320669e-01 1.42880082e-01 4.21096422e-02 -1.70231853e-02 -2.77917087e-02 -3.06245863e-01 -3.54816355e-02 1.79998241e-02 -7.83303976e-02 -2.89710686e-02 -8.75827763e-03 -7.97391776e-03 -2.11629048e-01
-2.48975251e-02 2.02242076e-01 1.51957047e+00 5.67109346e-01 -1.05913508e+00 2.71406204e-01 -3.71047884e-01 -5.80069125e-01 8.46380770e-01 4.98387426e-01 2.90201217e-01 -5.07027388e-01 -1.00449765e+00 9.80158567e-01 1.35056764e-01 -3.33145380e+00 -3.49587381e-01 -4.35296869e+00 2.52598733e-01 -1.24030327e-02 -1.05143905e+00 9.06595230e-01 4.86985236e-01 2.74522156e-01 2.93402284e-01 -2.59970129e-01 -4.08823431e-01 5.47270954e-01 -1.92178652e-01 1.15206353e-01 -8.22724625e-02 -8.27171430e-02
-6.94027662e-01 5.74803837e-02 -1.08644456e-01 -3.74588728e-01 2.30139226e-01 -2.09445208e-01 -2.00927868e-01 2.07108006e-01 2.13493612e-02 1.01902662e-03 4.60202873e-01 -6.63419187e-01 8.34762454e-02 4.72290456e-01 -3.49944055e-01 -1.16986111e-01 -1.74840599e-01 2.22662818e-02 -1.36040106e-01 -6.00708604e-01 5.18800505e-02 4.51546550e-01 1.86305538e-01 3.56237292e-02 -2.22199306e-01 -2.55666170e-02 -3.50078136e-01 1.31956667e-01 -2.65172660e-01 -1.79331571e-01 -1.23437226e-01 -5.70719600e-01

layers.2.bias:
-1.38066638e+00
-8.30168426e-01
7.75501668e-01
-4.87581462e-01
1.72966301e-01
-3.32027256e-01
2.23631710e-01
2.15103269e+00
4.17196751e-01
8.53664279e-01
-9.11199212e-01
-1.35135376e+00
-3.01182687e-01
9.27311122e-01
-2.43070439e-01
-7.35004187e-01
-6.12618811e-02
-7.89147198e-01
3.12135607e-01
-7.82458559e-02
-3.42614621e-01
8.02533269e-01
8.27919304e-01
-1.21590301e-01
-4.05355692e-01
1.08769441e+00
-9.87292409e-01
-1.05586660e+00
4.98824835e-01
-1.13676548e+00
6.36764616e-02
-6.48369715e-02
8.05394351e-01
1.10770836e-01
-3.20090026e-01
-1.03358813e-02
-1.32047519e-01
1.39911091e+00
1.03561532e+00
-2.61737704e-01
9.97381270e-01
-2.20233679e-01
-5.28864622e-01
1.40571201e+00
2.54020780e-01
-9.90019858e-01
1.03637028e+00
-3.35619003e-01
8.12944412e-01
1.73839056e+00
2.26437807e-01
3.08893174e-01
1.05037838e-01
-6.19113624e-01
2.02352554e-01
-1.66592039e-02
7.10290432e-01
-1.20532475e-01
-5.60226180e-02
-6.65177524e-01
6.80334270e-01
6.46508187e-02
-4.29268479e-01
7.59485900e-01

layers.4.weight:
3.12248766e-01 2.97724586e-02 -3.69095765e-02 -9.28397849e-03 -3.13719176e-02 6.40671626e-02 8.30835852e-05 -7.21193969e-01 -9.60680172e-02 -3.60931844e-01 6.32948652e-02 9.25198793e-01 -1.85934854e+00 -1.19853646e-01 2.96827126e-02 -1.47410655e+00 -2.12520346e-04 6.61838725e-02 1.23655051e-03 -4.75470792e-04 -5.14246116e-04 -1.12604253e-01 -2.96462756e-02 2.55050927e-01 -6.16688281e-02 -3.63364629e-02 3.62849981e-02 8.20577800e-01 -4.08837944e-01 3.68671656e-01 -2.36436346e-04 -1.46446913e-01 -2.72993129e-02 4.77662805e-04 5.19648977e-02 -1.93434083e-04 4.85376995e-06 -1.77237928e-01 -4.77441102e-02 5.49934328e-01 -5.93231097e-02 2.83953100e-01 1.38215991e-02 -1.05416343e-01 -3.20221516e-05 1.48644313e-01 -4.48663495e-02 -2.96254007e-06 -8.28357860e-02 -6.76565707e-01 -6.14778213e-02 -1.69719830e-02 -6.15865749e-04 1.88419074e-02 -1.09549952e+00 -1.33809983e-04 -9.71486297e-05 -2.93466151e-01 -7.76148438e-02 2.85999067e-02 -1.48289632e-02 2.53879582e-04 9.02231336e-01 1.10900783e-05

layers.4.bias:
-1.10190773e+00

