layers.0.weight:
3.31696361e-01 -5.67613244e-01 7.97264636e-01
5.69172144e-01 -8.09445798e-01 -5.80563486e-01
-8.31293464e-02 -6.13938749e-01 -5.77727258e-01
-1.07055378e+00 1.15616508e-01 4.58123112e+00
2.67282110e-02 4.11940843e-01 1.16166264e-01
-5.79876065e-01 8.58121514e-01 -1.84879377e-01
-1.31842160e+00 4.86020595e-01 -9.88645032e-02
-6.01682402e-02 7.88846374e-01 -9.23566997e-01
6.03414774e-01 -9.26082134e-01 5.12713566e-02
-1.11527514e+00 5.86289167e-02 -1.64189592e-01
7.53551662e-01 -9.85680073e-02 1.41279221e+00
-7.16238439e-01 -1.31785080e-01 -1.29353356e+00
-4.30584475e-02 7.12955832e-01 -1.57757306e+00
-1.16726887e+00 2.10410804e-02 5.00053525e-01
-6.46977663e-01 1.09646142e+00 7.52028525e-01
-1.81771189e-01 9.48456824e-01 1.64468549e-02
5.46070874e-01 -6.33792400e-01 -1.45019031e+00
-1.15504665e-02 1.12846863e+00 1.84981868e-01
8.07071701e-02 -9.54183042e-01 5.35116851e-01
3.41117471e-01 -1.28724232e-01 -8.64976227e-01
2.23475501e-01 1.65966094e-01 -5.10879010e-02
-3.24195027e-01 -2.56797969e-01 -1.00232065e+00
-4.64660525e-01 1.65601885e+00 -4.46076952e-02
-1.56447518e+00 4.06930357e-01 1.75152493e+00
1.05132234e+00 3.79940838e-01 -7.78481364e-01
2.59609371e-01 6.71772659e-01 -1.17486012e+00
-1.16151750e-01 -2.13369340e-01 1.90187418e+00
-3.97779703e-01 -2.44972542e-01 1.92939892e-01
3.22416067e-01 7.57217348e-01 -1.46468067e+00
-1.04933763e-02 4.65525806e-01 1.70563948e+00
-2.89658904e+00 2.84448242e+00 -1.78299040e-01
-1.26738083e+00 -5.19488692e-01 1.02004325e+00

layers.0.bias:
8.77201200e-01
4.81547834e-03
-1.42384720e+00
-6.34384930e-01
7.07518518e-01
-2.04255387e-01
-3.54310095e-01
2.86240637e-01
-7.45998621e-01
-1.59115899e+00
1.64644122e-01
1.80825554e-02
2.46107668e-01
-1.21306002e+00
-2.90836543e-01
1.43946290e+00
9.34610724e-01
1.82654703e+00
-6.68276668e-01
5.78918040e-01
-1.44309163e-01
-1.35729384e+00
1.02535832e+00
-7.05530941e-02
1.36946186e-01
5.60703695e-01
8.80503118e-01
-1.57881156e-01
-4.88352716e-01
7.31267482e-02
8.91685039e-02
-6.70209900e-02

layers.2.weight:
-3.50602865e-01 1.98987663e-01 8.28747973e-02 -4.97966737e-01 -8.38659257e-02 3.04641034e-02 1.13377944e-01 -5.70873991e-02 -7.30615482e-02 2.86068559e+00 7.21554905e-02 7.77413994e-02 -2.09977031e-01 2.41956496e+00 -1.64188161e-01 3.84808153e-01 -7.57335126e-02 5.54496109e-01 1.46719411e-01 -2.69087970e-01 2.42785618e-01 -6.37533367e-02 -5.23925304e-01 5.94280899e-01 -1.20614134e-01 6.22840285e-01 -8.02504003e-01 -1.31615922e-01 -2.03090638e-01 -2.27101848e-01 -2.84569919e-01 2.79389292e-01
-8.06875005e-02 1.21579587e-01 -8.53032887e-01 4.79968190e-02 -3.75903785e-01 1.43432513e-01 -7.24825919e-01 -4.86214340e-01 5.23830116e-01 6.75442278e-01 3.28904897e-01 -2.46830821e-01 2.51107424e-01 -8.40198528e-03 -2.93640018e-01 3.29205573e-01 -3.78844261e-01 3.88396055e-01 -4.23936009e-01 -9.71837342e-02 6.08824849e-01 -1.18810929e-01 -4.25406933e-01 2.17382256e-02 -3.47004980e-02 -7.33278766e-02 -3.30378860e-01 -4.91559714e-01 6.30104616e-02 -2.21630380e-01 -3.29660438e-02 2.13350013e-01
3.07337604e-02 6.46597967e-02 -4.91080210e-02 -6.71073198e-01 -6.46149576e-01 -9.56667140e-02 -5.62367082e-01 2.45842040e-01 5.43328345e-01 6.43164337e-01 -4.69573706e-01 -1.60375789e-01 8.21924433e-02 -6.07537627e-02 -1.58646077e-01 -9.33905602e-01 -2.84487777e-03 -7.08265305e-01 -1.51512753e-02 5.28616130e-01 -5.48466802e-01 -3.35350335e-01 3.20012391e-01 -1.25512648e+00 -4.32084590e-01 3.31881583e-01 -1.09273231e+00 1.17316425e-01 3.48718345e-01 -3.33124727e-01 1.25319911e-02 6.20256662e-01
2.72368819e-01 -7.94867873e-02 2.96882167e-02 1.37954557e+00 6.17277861e-01 3.67767125e-01 6.34658933e-01 -2.48025507e-01 -1.61518827e-01 -7.01324865e-02 1.85973331e-01 -8.70173350e-02 -5.93129873e-01 1.36088163e-01 6.14626944e-01 1.30444002e+00 -3.00173402e-01 8.35477829e-01 3.04347247e-01 -9.83095527e-01 -7.88620770e-01 -1.79034114e-01 3.68463844e-01 1.46677923e+00 -5.79663038e-01 -5.38595438e-01 5.24623096e-01 2.57545531e-01 -6.85889542e-01 -9.02042091e-02 -4.16898653e-02 6.33805633e-01
9.67027321e-02 -3.51116806e-01 2.92108208e-01 -4.42610353e-01 2.06078812e-02 -2.69290477e-01 -1.08362806e+00 1.64339945e-01 9.54813063e-02 -4.68604863e-01 4.32953387e-01 -7.50194311e-01 8.03180456e-01 -8.11295390e-01 -4.63536084e-02 -9.89908278e-01 -3.15654844e-01 -1.00122476e+00 -1.54326648e-01 -8.91655236e-02 8.56615782e-01 -5.50942063e-01 3.54350239e-01 -3.32920820e-01 -8.54331255e-01 6.40776396e-01 1.02887958e-01 -5.70488870e-01 -2.66997755e-01 6.03772461e-01 -1.42680198e-01 1.12380765e-01
-2.56738156e-01 2.46472493e-01 3.57304603e-01 1.73314154e-01 -4.69095826e-01 -3.46846193e-01 -4.23541427e-01 3.05894822e-01 3.07886541e-01 -1.06293619e+00 8.78013611e-01 -7.29361027e-02 -5.92421927e-02 -6.32878006e-01 -2.39904821e-01 -9.26213443e-01 -3.21573228e-01 -1.18736446e+00 5.01242816e-01 -1.40189365e-01 -5.58828950e-01 -4.85233404e-02 -2.92747080e-01 -1.74366057e-01 -2.48621076e-01 1.20789073e-01 1.65076196e-01 1.06010902e+00 -3.78765136e-01 -3.77128989e-01 -1.33555961e+00 6.55230641e-01
-7.75931461e-04 -1.54657988e-02 -2.24863887e-01 3.88195366e-03 -1.51337072e-01 1.66252509e-01 -7.47096390e-02 -4.17892426e-01 -1.24999098e-01 2.17273086e-01 2.97001243e-01 5.12325168e-02 2.76565403e-01 -1.51215373e-02 2.04152223e-02 -2.57242531e-01 6.88106054e-03 1.10262752e-01 -3.52052711e-02 -3.16789985e-01 -4.20161873e-01 1.05980523e-01 4.98369932e-02 6.82039978e-03 1.59760356e-01 2.47491419e-01 -3.46910864e-01 -3.59242946e-01 -1.63358212e-01 8.43445659e-02 -9.37365592e-02 1.41753808e-01
3.52227449e-01 1.41131356e-01 -3.69954735e-01 3.40347379e-01 2.38270000e-01 -6.81035697e-01 1.20157830e-01 5.08314490e-01 5.86089194e-02 -3.17122251e-01 -1.39869779e-01 9.73033309e-01 3.29846233e-01 -5.67624152e-01 -2.02317685e-01 1.83676571e-01 5.38008451e-01 1.62573189e-01 2.18410835e-01 5.19430101e-01 -1.44765854e+00 -8.86678815e-01 1.36544481e-01 2.77024031e-01 1.99120000e-01 7.65626013e-01 5.87263882e-01 5.18246353e-01 -5.86124003e-01 4.76021916e-01 1.76551387e-01 -2.57991463e-01
-6.15813509e-02 4.03979540e-01 -4.27053690e-01 -3.84436518e-01 1.18376994e+00 -3.56273979e-01 -5.30420363e-01 -1.89624339e-01 -6.59320772e-01 3.61089677e-01 3.72275412e-01 2.80952722e-01 8.18432570e-01 -4.12183255e-01 3.11234649e-02 1.70282102e+00 4.63817716e-01 1.23398674e+00 -7.35314727e-01 3.09813712e-02 2.00901851e-01 -1.68994412e-01 9.63794664e-02 2.91703641e-02 1.58222377e-01 5.53572893e-01 -8.08877647e-02 -1.14460193e-01 1.14978977e-01 3.61114852e-02 2.16502976e+00 -3.58806968e-01
-6.02984309e-01 1.05102338e-01 -1.12154886e-01 -5.09013474e-01 4.25478756e-01 -1.64560508e-03 -2.64427904e-02 3.57092977e-01 4.05104429e-01 -1.75479233e-01 2.15766598e-02 2.48053432e-01 1.68866441e-01 2.20952868e-01 -3.70658189e-01 -6.16189539e-01 3.04794133e-01 -4.08490002e-01 -3.95467967e-01 -6.49537370e-02 -6.63644314e-01 -2.44772106e-01 8.82390514e-02 -4.63164933e-02 -2.33850405e-01 -1.09767683e-01 -1.60676271e-01 2.58774936e-01 2.51244843e-01 1.70412123e-01 5.75268604e-02 9.04240739e-03
2.88345724e-01 -2.84474075e-01 6.63796812e-02 -3.90728712e-01 -9.30907607e-01 -4.28788275e-01 -3.05972338e-01 1.50316447e-01 5.25170922e-01 3.50982904e-01 -5.59677064e-01 -7.94656798e-02 8.82113636e-01 -3.14379483e-01 -2.24162593e-01 -3.57315898e-01 -6.14165068e-01 -1.06107211e+00 2.55343746e-02 -1.72619931e-02 9.91386056e-01 -2.10318118e-01 -1.05921876e+00 1.75839394e-01 -2.80170590e-01 -4.22452167e-02 -4.61271614e-01 -4.29946691e-01 2.48487204e-01 -4.27133799e-01 -1.44643173e-01 5.45656621e-01
-6.64990246e-02 -8.00509229e-02 1.71352184e+00 -8.99191618e-01 -8.16260695e-01 1.05874360e-01 -2.19518058e-02 -3.94594580e-01 1.70832232e-01 1.78903258e+00 9.30794794e-03 -1.40245527e-01 3.16322982e-01 3.15872407e+00 7.83351883e-02 -7.81510234e-01 3.02852958e-01 -2.54997253e+00 6.19039595e-01 -3.02070200e-01 2.88461834e-01 6.21379077e-01 -2.89141089e-01 7.87843943e-01 -4.77201194e-02 -5.32568157e-01 2.69451767e-01 -1.32647499e-01 9.44198295e-02 6.37169275e-03 -1.17302286e-02 -3.65956634e-01
-5.22231579e-01 -1.25820667e-01 8.38389874e-01 3.97944391e-01 -4.58144575e-01 5.34017026e-01 -1.50694065e-02 -9.33349252e-01 3.49381953e-01 4.73774582e-01 1.44194156e-01 2.46457949e-01 -4.90012825e-01 -1.98969603e-01 3.89716774e-01 -3.87452292e+00 -5.58485091e-02 -5.73807335e+00 6.08518660e-01 -9.21087742e-01 -7.56462097e-01 3.62392098e-01 5.46551168e-01 -1.40294448e-01 -3.07308227e-01 -2.18518600e-01 -3.69085878e-01 6.24069989e-01 -6.04098737e-01 -3.89358521e-01 -9.20324385e-01 -1.99322492e-01
4.26938571e-02 -1.10409424e-01 -6.35247409e-01 -4.14916575e-02 -1.99599728e-01 -9.43911150e-02 2.66661525e-01 3.09493780e-01 3.57892066e-01 -2.47494131e-01 5.86157858e-01 -2.41942838e-01 3.05992454e-01 -8.10763776e-01 -4.21719849e-01 -8.63108337e-02 -1.98743612e-01 1.88618392e-01 -6.15221672e-02 1.23894915e-01 -3.07592489e-02 -1.61713362e-01 -3.95114906e-02 -1.99188769e-01 -1.57491416e-01 7.32389212e-01 1.60599742e-02 6.06971271e-02 -2.01790035e-01 2.77007401e-01 4.97032851e-02 3.91375035e-01
-9.61520851e-01 2.26924211e-01 -9.82530788e-02 3.04620534e-01 -6.03878535e-02 6.94922626e-01 -3.62458646e-01 -7.22798854e-02 4.47237045e-01 -1.46655530e-01 -7.87434876e-01 2.70136654e-01 1.90220460e-01 -3.54432046e-01 -2.93030173e-01 -6.71746671e-01 2.60716259e-01 -6.54099107e-01 -4.19046640e-01 3.50383580e-01 1.34073079e+00 9.70910370e-01 -3.48763652e-02 1.74546137e-01 -3.70148569e-01 1.41722381e-01 -6.26839280e-01 3.89038213e-02 8.22541833e-01 -2.80862331e-01 -9.98525023e-02 1.37166202e-01
-5.77947497e-01 -7.17621073e-02 7.82646835e-02 1.40261367e-01 -2.88406670e-01 3.35186452e-01 -9.50854123e-01 -8.58064964e-02 8.93731788e-02 5.22737932e+00 5.83660841e-01 4.00818974e-01 2.13108703e-01 2.65908408e+00 -6.96920790e-04 -3.00764237e-02 -4.47530061e-01 -1.14526562e-01 3.93077917e-02 -2.19904616e-01 -6.71759129e-01 4.09628719e-01 2.74928033e-01 2.69590676e-01 -3.61931115e-01 -4.28212076e-01 -6.29167795e-01 3.03691655e-01 -8.32465813e-02 -6.48514807e-01 2.76028037e-01 -2.70416111e-01
-4.00403794e-03 1.48091361e-01 -6.30444214e-02 2.87819225e-02 2.29207110e-02 -2.82331777e-04 2.55068224e-02 -5.79822026e-02 1.19611090e-02 -1.61242530e-01 6.19351044e-02 4.65538651e-02 5.35531752e-02 1.04214437e-01 1.09082460e-01 2.76250876e-02 4.07988764e-02 5.28289564e-03 -5.00685722e-03 1.07293680e-01 2.81195760e-01 1.11896738e-01 -1.73102543e-02 2.59308759e-02 6.47346750e-02 3.02504543e-02 5.08409552e-02 2.35359415e-01 1.67900755e-03 1.93720462e-03 2.80508716e-02 2.67583691e-02
1.87300295e-01 -1.49281621e-01 -6.10040069e-01 7.23918229e-02 1.44464776e-01 -1.93281084e-01 -2.17998028e-01 -3.48158300e-01 2.91923106e-01 -6.56727076e-01 6.76684305e-02 -2.50414331e-02 1.78719416e-01 8.76216441e-02 -4.97046113e-02 1.61937103e-01 -3.30612600e-01 4.51462448e-01 -9.04113948e-02 8.96680772e-01 2.11517066e-01 7.01065734e-02 -4.48537797e-01 -9.68972296e-02 -1.66374654e-01 -4.63778049e-01 8.68156254e-01 -4.43461478e-01 1.90313891e-01 3.32820326e-01 2.19622953e-03 2.36872137e-01
-2.15849563e-01 -1.29125953e-01 -2.26858020e-01 -2.15693161e-01 2.03230083e-01 -4.61113863e-02 2.02473655e-01 9.67662111e-02 4.45971578e-01 -4.27338779e-01 -2.15892300e-01 -8.00723135e-01 4.83146369e-01 -5.67820035e-02 -1.46222830e-01 -3.43328826e-02 -2.19857186e-01 5.57481870e-02 2.35618711e-01 -1.75629526e-01 -8.11159760e-02 -1.72633201e-01 3.62375796e-01 -1.57404140e-01 1.68216929e-01 1.75867364e-01 -1.93638504e-01 4.92110908e-01 5.11098579e-02 3.31559181e-01 3.34383696e-01 1.51143029e-01
6.41193464e-02 1.71659619e-01 -1.46568427e-03 6.41804338e-02 -6.49550110e-02 1.01681449e-01 -1.28320856e-02 -8.00217539e-02 3.70710492e-02 7.05044866e-02 7.00115636e-02 1.08303986e-01 -6.46776855e-02 -8.08421969e-02 1.25862122e-01 4.36553031e-01 5.68938702e-02 -3.07880789e-01 4.58772890e-02 -8.68062004e-02 -1.01825513e-01 -1.27483025e-01 6.06722152e-03 -4.52068262e-02 4.22677323e-02 1.28070503e-01 2.93882028e-03 1.84216327e-03 1.07971445e-01 1.63054075e-02 1.69869501e-03 3.59568819e-02
5.45815468e-01 -1.67763650e-01 6.93525732e-01 5.54502845e-01 -3.37163180e-01 -2.75225997e-01 -6.52337790e-01 -1.57157004e-01 -2.68134266e-01 -8.29146266e-01 -7.13596493e-02 9.40177858e-01 4.67209548e-01 -4.21969324e-01 7.55879402e-01 5.20312071e-01 -1.06265262e-01 -3.20957571e-01 5.29498816e-01 4.25873876e-01 -4.90025461e-01 8.22274908e-02 4.59027171e-01 2.11279497e-01 -2.53392309e-02 -4.06379551e-01 1.18322104e-01 4.03249919e-01 -1.64667636e-01 -5.31895310e-02 4.24835198e-02 5.58134615e-01
2.49268666e-01 -9.08705518e-02 4.89231832e-02 1.77539706e-01 -2.30260789e-02 1.42850667e-01 9.17188585e-01 4.22122702e-02 5.10844409e-01 2.55414456e-01 3.62843245e-01 3.56942952e-01 -4.26487327e-01 -5.19730270e-01 8.14604908e-02 -1.09017944e+00 -5.23860827e-02 -8.02990198e-01 -3.50616053e-02 -4.81793284e-01 -4.98582065e-01 -2.80314833e-02 2.35429123e-01 7.10952329e-03 8.79207700e-02 -4.57288951e-01 -6.79123759e-01 4.39423382e-01 -1.13207251e-01 -1.73283234e-01 1.69646323e-01 -9.41038579e-02
-8.10040813e-03 -4.48428057e-02 -2.75380671e-01 4.16222751e-01 5.06945103e-02 4.24545497e-01 2.39211485e-01 -2.38583237e-01 -2.76145190e-01 3.44862014e-01 7.80713111e-02 -2.52090227e-02 4.28878993e-01 4.52423215e-01 -1.10913508e-01 -6.22331798e-01 5.04026949e-01 -1.70358256e-01 -2.77631059e-02 -2.68931359e-01 -1.10076264e-01 3.92343178e-02 -2.92631090e-01 1.36882588e-01 -1.78764224e-01 -1.00870989e-01 -5.06837852e-02 -8.06763828e-01 1.06943369e-01 -7.71162957e-02 -7.11847097e-02 -4.51027840e-01
7.94844151e-01 -9.60393548e-02 -3.25882465e-01 2.20300600e-01 2.02291489e-01 -4.61579442e-01 -3.67499106e-02 2.72471160e-01 2.72023708e-01 -2.53144193e+00 1.37857601e-01 1.48309216e-01 3.29479724e-01 -1.53732240e+00 1.78795680e-01 3.38681698e-01 9.79580283e-02 2.69866019e-01 -1.99004084e-01 -4.80505601e-02 4.88286585e-01 -2.65480787e-01 -2.63468623e-01 2.50595901e-02 -3.78804743e-01 -2.48221740e-01 -2.05219327e-03 -1.47644117e-01 1.73790693e-01 1.51417196e-01 -1.85120299e-01 -1.73134163e-01
-9.02647138e-01 1.59780085e-01 7.94507284e-03 1.14236675e-01 -6.97137192e-02 -3.34941953e-01 1.09907258e+00 -3.00005246e-02 -1.00807130e+00 7.74537563e-01 -7.19396174e-01 2.77496949e-02 1.79547161e-01 8.18797946e-02 -7.12281168e-01 5.11920929e-01 6.06161237e-01 5.04290700e-01 1.62962787e-02 1.71388425e-02 -1.66589454e-01 4.04815972e-01 5.18840253e-01 9.49808896e-01 -4.85402018e-01 5.26101589e-01 -6.28044665e-01 -5.27546033e-02 8.88663292e-01 -4.58690464e-01 1.30672067e-01 1.02324136e-01
-5.08570731e-01 6.04061246e-01 -8.15035179e-02 -9.89630222e-02 5.97781718e-01 1.34040207e-01 -1.73657842e-03 4.77588713e-01 -3.14995319e-01 4.63701546e-01 1.02656282e-01 -1.87006652e-01 1.76489830e-01 2.06007242e-01 -5.58048129e-01 -1.78795770e-01 -1.22903526e-01 -4.84337360e-02 4.17899966e-01 -3.99640143e-01 -4.98475805e-02 -3.14401776e-01 6.38824143e-03 -4.70656246e-01 2.58209538e-02 -2.44092867e-01 -5.23127913e-01 -4.43625957e-01 1.28733456e-01 -3.22512686e-01 -2.82112509e-01 -1.98670432e-01
-1.14715576e-01 2.22820774e-01 4.59986001e-01 3.57782423e-01 -2.48933151e-01 -3.09241533e-01 -1.97349355e-01 -1.09431082e-02 3.29015583e-01 -4.66288924e-01 -5.92458308e-01 -5.86866885e-02 -2.67066479e-01 -3.04996997e-01 6.81784227e-02 6.24758780e-01 -8.71811360e-02 2.28113234e-01 2.96637297e-01 2.06211105e-01 6.97892159e-02 -7.41100788e-01 1.47321820e-01 1.43804878e-01 2.89313167e-01 1.67011142e-01 1.08274426e-02 -5.58259010e-01 -2.71165073e-01 -1.15676157e-01 1.44694239e-01 -2.76745111e-01
-7.90079296e-01 4.47100699e-01 -6.15654051e-01 -9.97855484e-01 -2.39475980e-01 -2.15848833e-01 -3.50083560e-01 3.76469135e-01 1.02695853e-01 4.64625418e-01 -5.32962754e-02 1.79928571e-01 1.66094944e-01 3.01415831e-01 1.06931236e-02 1.05992889e+00 6.66003942e-01 1.16121471e+00 -6.23760998e-01 5.72627597e-02 5.65138936e-01 -7.59449601e-01 -6.26986504e-01 4.24262524e-01 -1.85874745e-01 -4.56446230e-01 2.90872306e-01 3.21657926e-01 5.16146004e-01 -8.01829517e-01 2.43995607e-01 -2.30612710e-01
1.62627190e-01 -5.36753953e-01 -2.68408749e-02 -1.00765385e-01 -6.63347483e-01 5.22151649e-01 1.22992627e-01 -4.85206068e-01 5.03604174e-01 9.69100058e-01 -1.92409426e-01 9.37332213e-02 5.35506487e-01 4.49202448e-01 9.98414867e-03 -1.05155754e+00 -4.65767592e-01 -1.06025696e+00 5.66827692e-02 1.97102100e-01 2.50622809e-01 3.31165016e-01 1.72050893e-01 1.63328543e-01 2.08189085e-01 8.45572874e-02 -3.95456523e-01 -2.55279779e-01 -3.05499911e-01 -3.23808938e-01 4.80456859e-01 3.72442126e-01
-9.88720804e-02 -1.05586648e+00 3.85099024e-01 1.54882884e+00 1.92134202e-01 1.45114660e-01 -5.85914329e-02 -2.16997743e-01 -3.20397496e-01 2.79029518e-01 1.03684139e+00 -9.24185872e-01 -1.06158149e+00 -3.21380794e-01 2.53933728e-01 2.47408703e-01 -1.27538407e+00 7.54535258e-01 5.69544911e-01 -7.73816288e-01 9.19026196e-01 2.31261417e-01 6.82837665e-02 1.42276883e-01 -8.31206981e-03 -4.58540261e-01 1.65848091e-01 -6.66582910e-03 -8.39200020e-01 1.25199020e+00 -5.40603578e-01 -4.62866798e-02
-8.32952023e-01 -2.32990086e-01 6.86335266e-01 1.75218105e-01 -1.33363533e+00 3.13462436e-01 3.60551417e-01 -1.29575208e-01 -4.95986253e-01 -1.24662593e-01 -9.85840321e-01 2.51947284e-01 3.95469129e-01 1.81924552e-01 2.26943061e-01 -7.43001044e-01 2.85424680e-01 -1.32027316e+00 6.22011781e-01 -4.46957916e-01 -1.29094076e+00 6.26157463e-01 3.92810144e-02 -6.13541365e-01 9.29933861e-02 4.93375570e-01 -7.27985054e-02 3.04728061e-01 -5.29321551e-01 -1.77729636e-01 -1.30649135e-01 7.00203478e-02
-3.28398198e-01 -4.07650024e-01 -1.32268056e-01 -1.62506476e-01 -2.47488439e-01 8.29378292e-02 2.82460481e-01 2.91635156e-01 -6.63179696e-01 1.56143498e+00 -1.80899829e-01 -7.05547184e-02 -4.88121808e-01 5.87279618e-01 -5.63593470e-02 1.24998428e-02 -3.39217298e-02 1.27255186e-01 -7.55034313e-02 -2.09930941e-01 2.30028585e-01 1.61830634e-01 5.27687132e-01 2.02502310e-02 4.97400127e-02 -4.82334048e-02 -2.02565804e-01 1.96148127e-01 2.98308194e-01 3.12389880e-01 4.34135824e-01 1.03644028e-01
-6.38942569e-02 -3.84542465e-01 -2.04264317e-02 -9.30801481e-02 -3.11001480e-01 4.49330389e-01 -7.38717765e-02 -4.39113498e-01 -5.87515235e-02 -3.91541898e-01 3.58850583e-02 4.40595150e-01 1.92798436e-01 4.74713653e-01 3.20207894e-01 -4.41011846e-01 -4.91806030e-01 -1.15351784e+00 -3.42776142e-02 -3.52585524e-01 -1.13585502e-01 8.56746733e-01 4.28806931e-01 6.26452386e-01 -4.88044083e-01 1.24961153e-01 1.37591109e-01 -2.18234524e-01 -3.88135821e-01 -2.44824007e-01 -2.04114214e-01 -5.95718510e-02
2.73666251e-02 -4.77066599e-02 1.36303559e-01 -8.26575384e-02 2.27305666e-01 -9.72540155e-02 1.35783032e-02 -3.40242058e-01 -1.82293966e-01 3.17840815e-01 1.47437096e-01 1.60810649e-01 7.05251768e-02 -3.39896381e-01 -5.14430478e-02 -3.03099155e-01 6.67467192e-02 1.37596220e-01 -1.59945339e-01 -5.31930149e-01 1.21684678e-01 -1.48053423e-01 -9.80496854e-02 -6.11019395e-02 -2.07653549e-02 1.95818007e-01 -5.23836091e-02 6.51867390e-02 9.04410034e-02 7.77644068e-02 -7.17007462e-03 8.10385589e-03
9.67847183e-02 -5.28662801e-01 -1.27413467e-01 7.52787530e-01 -5.19461453e-01 -5.72916329e-01 9.12101418e-02 -1.72435522e-01 1.21212341e-01 2.94856572e+00 -5.36542237e-01 9.28968132e-01 6.50397122e-01 8.96605015e-01 7.37470925e-01 -6.86528906e-02 6.44103345e-03 -8.80746692e-02 6.92206681e-01 3.31138492e-01 2.49572843e-01 1.95118681e-01 -3.93720984e-01 1.03848267e+00 -6.24075532e-03 1.20288461e-01 -3.18648815e-01 2.84462899e-01 8.08599591e-02 5.06233722e-02 5.88554859e-01 -2.17258986e-02
-9.46074128e-02 1.68739453e-01 1.20272405e-01 6.96075261e-02 6.06561899e-02 -4.10299525e-02 1.93860382e-02 1.11174867e-01 1.08519604e-03 -2.45655086e-02 1.55944020e-01 1.00058191e-01 9.58542824e-02 -2.31065303e-02 1.70484096e-01 1.88647896e-01 3.24350037e-02 -1.41513124e-01 -1.65249556e-02 8.66936296e-02 -1.38075024e-01 -6.17471226e-02 -9.42797121e-03 2.52390676e-03 -4.54024464e-01 -2.13089079e-01 4.31931280e-02 -1.67857438e-01 -6.50381222e-02 -5.43650053e-02 2.55948417e-02 -4.57703799e-01
-6.02249382e-03 -8.15010518e-02 -4.91512008e-02 1.95915122e-02 -2.21843719e-01 2.38389838e-02 -3.04236803e-02 1.67531535e-01 6.52879775e-02 -3.83335538e-02 -6.69412222e-03 -1.52205238e-02 -5.98610155e-02 6.87897280e-02 -8.71271789e-02 2.27234289e-01 -1.14985563e-01 -1.12940580e-01 2.35231686e-02 3.28008682e-01 -2.29468629e-01 -1.05956547e-01 -7.30716670e-03 1.40207326e-02 6.78894948e-03 -8.37423131e-02 -7.19129071e-02 -8.23312253e-02 -3.19986083e-02 4.97314073e-02 1.88968480e-02 -2.41530384e-03
8.84045839e-01 -2.52002925e-01 3.25739592e-01 3.63406509e-01 -4.58101302e-01 -2.65180934e-02 -6.20087504e-01 -6.81411773e-02 7.82875001e-01 5.11865914e-02 -1.69295833e-01 3.13337706e-02 2.44014841e-02 2.38095462e-01 7.16528416e-01 -8.29535484e-01 -4.44951564e-01 -8.41206431e-01 7.65233576e-01 -2.75747389e-01 -7.67673790e-01 2.04966038e-01 -1.94597140e-01 2.11390242e-01 7.69235313e-01 -6.83549568e-02 2.47936994e-01 -1.01838976e-01 -5.71042359e-01 2.44910166e-01 2.34075114e-02 1.47676229e-01
1.41577035e-01 -4.10335034e-01 -2.70691574e-01 4.00332391e-01 2.44686261e-01 -6.01523757e-01 1.04274750e-01 1.30182896e-02 2.40433097e-01 -2.60775775e-01 -2.39934683e-01 4.56349403e-01 3.60176504e-01 -2.86276609e-01 2.57018507e-01 -5.19717455e-01 -3.44884574e-01 -7.18634367e-01 3.87132257e-01 -4.10511911e-01 -2.38966629e-01 -5.40206060e-02 3.58308136e-01 6.48703575e-01 -1.14049494e-01 -3.14474344e-01 4.32701498e-01 -7.79432431e-02 -9.82412174e-02 -4.20983285e-01 7.98314959e-02 2.13081300e-01
-6.64620772e-02 -9.28923264e-02 8.38898063e-01 3.10019422e-02 -1.19034016e+00 -2.68920928e-01 2.15908021e-01 -3.42963785e-02 6.64675534e-01 6.17931128e-01 -1.91168278e-01 -3.35550457e-01 9.13326517e-02 6.67688012e-01 7.88895413e-02 -2.27602625e+00 -3.70587140e-01 -2.81723428e+00 -1.42865826e-03 1.64635088e-02 -6.73401415e-01 7.31388271e-01 2.50932217e-01 8.47401619e-02 3.60747814e-01 2.07947373e-01 2.53054410e-01 -2.56251078e-02 -8.87894258e-03 -8.24370503e-01 -7.16989517e-01 3.33547145e-02
-1.83520421e-01 -2.17541277e-01 -2.53111959e-01 -2.85776079e-01 -2.99228102e-01 5.42395771e-01 1.71708986e-01 -1.01663619e-01 -1.10938452e-01 3.60298276e-01 -2.00372562e-01 1.81923956e-01 6.10623211e-02 -2.64463365e-01 -1.64489612e-01 -5.48568130e-01 3.33744258e-01 -6.74110830e-01 -2.84000725e-01 4.33928631e-02 -3.44949901e-01 3.85014772e-01 -1.53113469e-01 3.42417866e-01 3.75251532e-01 -5.13653636e-01 4.77453619e-01 6.55536354e-02 8.11930597e-02 1.16921514e-01 -1.41495824e-01 2.29701884e-02
4.44929659e-01 6.67358458e-01 6.59045637e-01 -3.95687550e-01 2.24123165e-01 1.75638974e-01 1.28319710e-01 -1.06298670e-01 -7.99938023e-01 9.48865056e-01 -2.86876351e-01 -2.39308730e-01 -4.42222029e-01 1.12796772e+00 1.73879340e-01 1.47753045e-01 1.16507458e-02 -8.93103838e-01 2.60613590e-01 -2.92753547e-01 7.31688067e-02 6.83446288e-01 -1.17776766e-01 -3.85535806e-01 7.00818300e-01 -7.65750408e-01 4.95579839e-01 -1.05725087e-01 -2.72243947e-01 -5.93175769e-01 -2.24296991e-02 -5.21328628e-01
-5.78701347e-02 -3.64587098e-01 1.91316977e-01 -1.79347962e-01 -1.86909124e-01 1.46909684e-01 3.08163706e-02 -2.74842232e-01 -4.52615052e-01 -3.32587361e-01 -9.82591659e-02 -9.84404050e-03 -9.33169201e-02 3.92679423e-01 5.02915442e-01 3.23565364e-01 2.88768798e-01 -4.10806775e-01 1.62409730e-02 1.69386223e-01 -2.34761611e-01 3.04936081e-01 -3.71572942e-01 1.97991475e-01 -3.43474448e-02 -2.52220452e-01 4.00483012e-01 6.97809696e-01 -3.78418148e-01 -4.62609231e-01 2.89571404e-01 3.10176700e-01
-1.14789867e+00 3.59603316e-01 1.00535050e-01 -1.20575094e+00 -3.74701947e-01 -2.11743593e-01 3.06352019e-01 4.27873433e-01 4.29733008e-01 4.00773227e-01 -9.39620972e-01 9.94516551e-01 9.81748343e-01 5.28155565e-01 -8.46591771e-01 -8.11803937e-02 7.40946889e-01 -8.39755952e-01 -1.64114460e-01 9.18849349e-01 -6.85604930e-01 -3.91702086e-01 -5.17790973e-01 4.56496775e-02 4.92300004e-01 8.83289874e-01 9.60577965e-01 7.62132406e-01 4.00823534e-01 -9.82815325e-01 -2.30254576e-01 3.21617335e-01
-9.53960344e-02 8.35135132e-02 3.06171656e-01 -4.51096483e-02 3.41828644e-01 -1.04084693e-01 -1.13636088e-02 3.07149086e-02 -5.16497605e-02 1.79587364e-01 2.53017209e-02 1.23198917e-02 -1.28869228e-02 -1.48183241e-01 9.71854255e-02 -1.45024508e-01 8.91727209e-02 6.78676218e-02 6.36603404e-03 -4.14209366e-01 1.37093008e-01 -9.71394554e-02 2.24543437e-02 -3.89689486e-03 1.42672256e-01 -2.03385614e-02 7.67529234e-02 1.53416410e-01 2.78873965e-02 -8.32564160e-02 -1.39905801e-02 6.00777753e-02
-1.12350188e-01 2.22508132e-01 2.99007803e-01 -1.46161497e-01 2.56372273e-01 1.10618778e-01 6.81117594e-01 3.21696937e-01 9.32979882e-02 -1.18724895e+00 -3.66328776e-01 5.53459644e-01 6.83486402e-01 -2.93422103e-01 -4.49807703e-01 2.80524909e-01 4.87558335e-01 -1.86114952e-01 -5.01163006e-02 -5.33794343e-01 1.04065096e+00 -2.73443311e-01 3.43133211e-02 -1.26873231e+00 -1.35910258e-01 5.68094432e-01 -1.01354921e+00 -9.22550499e-01 3.01767170e-01 -1.21659905e-01 -2.69116201e-02 -2.76056260e-01
6.05568588e-01 -3.23970079e-01 -2.91968584e-01 4.59240377e-01 -8.50845799e-02 -5.42044491e-02 -4.63563576e-02 -1.69456825e-01 4.84852403e-01 -9.08822641e-02 -9.17907953e-02 -7.02984706e-02 7.38019347e-01 -3.39113832e-01 3.72460693e-01 -3.58701110e-01 -4.82553206e-02 -5.24508893e-01 2.50728965e-01 -9.47690234e-02 -3.27712327e-01 1.04548030e-01 1.58292875e-01 1.69176280e-01 -7.28153735e-02 -2.35667020e-01 8.13919604e-01 5.04966319e-01 -3.77265990e-01 3.55900556e-01 1.63750127e-01 3.52501214e-01
-1.99705794e-01 3.24705809e-01 -1.55553639e-01 -5.93635924e-02 -5.60750306e-01 -2.20109046e-01 1.01707354e-01 4.47547466e-01 -6.01876266e-02 -5.21323264e-01 -2.07385451e-01 3.20255235e-02 -3.31126481e-01 2.16497198e-01 2.44379252e-01 -1.65088341e-01 -1.04116753e-01 2.52463073e-01 5.55099919e-02 3.59039307e-01 -2.22663105e-01 -5.27137928e-02 -3.33526470e-02 -2.85144784e-02 -8.74170065e-02 -8.67295712e-02 2.58215427e-01 -3.23542774e-01 1.05070546e-01 4.68439190e-03 5.80884814e-02 1.40344322e-01
4.17801961e-02 -5.31676054e-01 -1.06620677e-01 -1.10758267e-01 -7.99782723e-02 -1.44262463e-01 -1.87070556e-02 -1.60276920e-01 -4.03783292e-01 4.64888036e-01 -1.55025525e-02 8.15826431e-02 3.58356208e-01 3.19253117e-01 -1.45857498e-01 -6.53766572e-01 -2.01688468e-01 -1.53142452e-01 -1.96923241e-02 5.90186492e-02 1.17697880e-01 -4.06775326e-02 5.96007347e-01 1.17369080e-02 -3.17802519e-01 2.35060751e-01 3.33895504e-01 4.01789397e-02 -5.20309135e-02 1.19830482e-01 -7.51011968e-02 -2.63769269e-01
1.04897320e+00 3.17709148e-02 -6.59057677e-01 2.12353617e-01 3.60442460e-01 7.25105181e-02 4.48707759e-01 1.52184650e-01 -2.87105322e-01 -9.65346158e-01 -8.14626873e-01 1.33841980e+00 7.19298422e-02 -9.60490227e-01 2.74137229e-01 7.77126193e-01 7.97667131e-02 6.34169996e-01 -1.61990166e-01 1.88248053e-01 -1.45891917e+00 -4.51510280e-01 -8.12550068e-01 -2.74931967e-01 -2.46708244e-01 2.11327448e-02 2.66597599e-01 3.99109840e-01 -6.04892857e-02 8.21503624e-02 -1.01343445e-01 2.61060596e-01
-1.52274773e-01 6.04160652e-02 -9.70436931e-01 -5.41928560e-02 3.51451546e-01 3.80440533e-01 1.24032997e-01 3.53326835e-02 -1.07347526e-01 5.18081844e-01 -4.08204168e-01 -1.17207837e+00 3.68335694e-01 3.68142515e-01 -3.31172317e-01 7.33868062e-01 -5.76549433e-02 1.43167877e+00 -4.91622448e-01 1.19129479e-01 3.07540506e-01 -1.32404730e-01 5.46038561e-02 6.37674212e-01 -1.61752701e-01 7.92800248e-01 -8.09633583e-02 -3.12059999e-01 9.24274102e-02 1.54168442e-01 6.80562377e-01 -1.60894200e-01
-1.26285711e-02 4.09120679e-01 -1.69365928e-01 -6.12007201e-01 -9.47148278e-02 7.20116258e-01 2.91706055e-01 7.80235708e-01 3.44648570e-01 3.06943446e-01 9.62198496e-01 -2.68169641e-01 7.70866051e-02 2.73443520e-01 1.74533308e-03 -7.63283610e-01 3.02265614e-01 -9.42622498e-02 -2.93873578e-01 -5.51384926e-01 -4.69346195e-02 -2.36190766e-01 2.23667368e-01 1.54061407e-01 -2.29820773e-01 1.60445958e-01 3.83067168e-02 -8.06047115e-03 -5.59464693e-01 2.49405831e-01 -2.83811986e-01 1.16566248e-01
6.79245442e-02 2.29585115e-02 -1.35225177e-01 1.16778603e-02 -5.58863357e-02 4.74963561e-02 2.26954427e-02 7.46157616e-02 -1.98011417e-02 -5.91717511e-02 -6.47778586e-02 -3.66367519e-01 2.37462133e-01 2.59424776e-01 -9.52565763e-03 1.17394172e-01 5.58212586e-02 -3.63460071e-02 1.14757992e-01 2.36432746e-01 1.04933731e-01 2.81308144e-01 -2.93310429e-03 2.14221418e-01 -1.00579932e-01 -2.96584219e-01 -1.74424231e-01 -1.41289502e-01 -2.84111530e-01 -1.51197851e-01 1.65351424e-02 -2.84087956e-01
3.97619277e-01 2.64502633e-02 5.68554103e-01 3.83446276e-01 3.22314352e-01 4.50475335e-01 9.34682608e-01 -3.35836053e-01 7.83659577e-01 -4.37812656e-02 -6.22117579e-01 1.60211742e-01 -5.05843103e-01 -3.88018399e-01 9.50936787e-03 2.08427146e-01 -6.12782359e-01 -5.07181466e-01 2.39867076e-01 1.46061881e-03 -7.37759545e-02 5.91925621e-01 2.59609729e-01 6.36976779e-01 5.58285639e-02 -1.12437800e-01 -2.44950831e-01 1.41567960e-01 2.01909721e-01 4.03578192e-01 9.44919661e-02 -2.03010049e-02
-2.56167322e-01 -5.06346762e-01 1.51184559e+00 1.09434672e-01 -1.03705013e+00 -2.11456671e-01 -1.20422900e+00 -1.01058102e+00 3.37414742e-01 1.06372976e+00 8.96625500e-03 -4.42115188e-01 -3.08386326e-01 1.04819787e+00 5.96650243e-01 -2.23989582e+00 1.53370962e-01 -2.99996829e+00 1.83406186e+00 7.88437545e-01 -6.06415272e-01 1.68298042e+00 -4.72717851e-01 2.94937372e-01 2.97512919e-01 -7.17743635e-01 -2.38144428e-01 4.39470708e-01 1.67814240e-01 3.70819680e-02 6.91059351e-01 2.07940802e-01
2.84934063e-02 -1.68406740e-02 5.39194942e-02 3.88911143e-02 4.15057838e-01 -1.04909753e-02 8.20363685e-03 2.18751281e-02 5.60871772e-02 6.70663489e-04 -1.40679860e-02 -5.75403534e-02 1.08143508e-01 -1.79675012e-03 -1.30109768e-02 -5.68517596e-02 1.00971805e-02 -4.60539125e-02 -7.30789900e-02 7.59237111e-02 1.62616387e-01 3.31792608e-02 -2.22715195e-02 2.56665740e-02 -1.37930736e-01 -1.35133073e-01 1.12453261e-02 3.13136697e-01 -3.39219086e-02 -6.26395494e-02 2.46223230e-02 -2.33071789e-01
-4.57154661e-01 -2.67451946e-02 -1.96447238e-01 6.19875640e-02 -2.08621696e-01 1.04936168e-01 -3.32161963e-01 6.08578205e-01 1.14945911e-01 -1.35356328e-03 1.38260797e-01 3.17797549e-02 3.56503218e-01 2.38346756e-01 3.64335775e-01 -1.88343287e-01 -2.08319530e-01 1.45737808e-02 -1.15118384e-01 -1.66566148e-01 1.76561445e-01 -7.22669482e-01 -5.56970537e-02 -3.23385447e-01 -8.33573714e-02 -2.78570324e-01 -4.73652154e-01 9.33698043e-02 -3.04249406e-01 -5.34744114e-02 -1.14700675e-01 2.81288177e-01
1.88830700e-02 -1.86662078e-01 5.89101672e-01 2.71153450e-01 -6.88322842e-01 2.46285185e-01 3.85966569e-01 -6.19277894e-01 5.47801435e-01 3.66613239e-01 -3.65138054e-02 3.65670383e-01 -1.11452259e-01 1.62948012e-01 1.85331434e-01 -2.29008746e+00 1.04468659e-01 -1.15222299e+00 9.70918387e-02 1.69852048e-01 3.49727161e-02 1.42037049e-01 2.52991170e-01 9.61610824e-02 -1.46187440e-01 -5.47726870e-01 -6.16318695e-02 -3.15517664e-01 -4.07481402e-01 -4.73907262e-01 4.27666098e-01 -3.55551451e-01
-1.71453670e-01 5.97147383e-02 -8.50630850e-02 1.18012033e-01 -2.46716455e-01 -2.81575769e-02 3.28341424e-01 -1.66450173e-01 -5.52185535e-01 1.79402077e+00 -4.06401575e-01 -5.45250736e-02 -2.39762679e-01 1.33340681e+00 -2.45670021e-01 -4.53504287e-02 2.14562099e-02 -1.19805731e-01 -1.18459091e-01 -2.81360000e-01 3.15891355e-02 2.51637310e-01 -9.51922759e-02 -2.12381184e-01 -1.95858583e-01 9.51358154e-02 3.97502124e-01 4.76736188e-01 1.57633439e-01 -4.92299557e-01 2.03286052e-01 -3.17395441e-02
-9.47904289e-02 -1.84916437e-01 6.32906616e-01 4.71519321e-01 -1.47009194e-01 -3.92321140e-01 -1.13814199e+00 1.40460119e-01 2.88517386e-01 4.06073272e-01 7.79840723e-02 -4.42641936e-02 1.24576986e-01 1.75774187e-01 -2.55780220e-01 4.82959747e-01 3.45111005e-02 2.02129424e-01 -1.09983400e-01 -3.05814683e-01 8.56239974e-01 3.95883471e-01 3.26178759e-01 -6.27440870e-01 8.64424556e-02 3.72760482e-02 -2.13180453e-01 2.40407318e-01 -1.05700091e-01 3.19504678e-01 -1.70539767e-01 -3.61205965e-01
1.43069911e+00 -4.03267920e-01 4.14676309e-01 1.00371432e+00 -2.89558321e-01 1.69522479e-01 -7.54266083e-01 -6.53396130e-01 5.41702092e-01 -9.40947294e-01 -2.73937136e-01 7.35869229e-01 -1.25612700e+00 -1.73114479e-01 7.01140940e-01 -4.65735972e-01 -9.86979380e-02 -1.14118367e-01 7.87225962e-01 7.40508378e-01 2.47205585e-01 -5.14292300e-01 -2.04818153e+00 -4.70648348e-01 4.26679164e-01 5.22644043e-01 -7.77633727e-01 -2.43557185e-01 -2.71144658e-01 1.27251148e+00 -6.35593474e-01 -4.61132377e-02
-1.45469382e-02 1.75925240e-01 -4.53514084e-02 -4.82946970e-02 -1.48003191e-01 -2.80647352e-02 2.67155375e-02 -5.10847792e-02 -5.14392443e-02 -2.67261709e-03 3.66659686e-02 9.00569335e-02 8.33816826e-02 -7.01164156e-02 1.66492507e-01 -1.45200387e-01 1.07417084e-01 1.71254888e-01 -1.08434875e-02 -2.71937490e-01 1.44164965e-01 4.24980782e-02 -6.34978758e-03 -3.98571417e-02 -2.99772918e-01 -3.68993469e-02 2.45061610e-02 -8.76222104e-02 -4.63969782e-02 4.06531151e-03 6.18003251e-04 -2.19528362e-01
1.19705267e-01 3.93869340e-01 1.60805047e+00 4.00739729e-01 -1.10146546e+00 1.40894651e-01 -2.27396995e-01 -5.06737590e-01 8.76631618e-01 5.25167584e-01 2.25745767e-01 -4.03769612e-01 -8.43716383e-01 9.08450782e-01 -5.81922829e-02 -3.27200150e+00 -1.42357945e-01 -4.34622908e+00 3.35780889e-01 1.90608561e-01 -1.22134745e+00 9.67324257e-01 3.24322045e-01 2.02169850e-01 1.19836569e-01 -1.08341105e-01 -5.69697738e-01 6.07640803e-01 -1.58331543e-01 -6.27027750e-02 3.82437743e-02 1.06958628e-01
-8.09768379e-01 2.31529906e-01 1.35049582e-01 -7.38896251e-01 -7.52854943e-02 -1.81574658e-01 -1.97602823e-01 4.58888143e-01 -1.87644586e-02 1.32462941e-03 1.18510731e-01 -2.99863815e-01 4.09282207e-01 4.34735119e-01 -4.41053361e-01 -4.69581097e-01 2.47286797e-01 -2.61972427e-01 -2.93997675e-01 1.79214209e-01 5.29059162e-03 6.97929502e-01 1.60247758e-01 -2.68020123e-01 -1.67214170e-01 2.47669905e-01 -7.06040680e-01 1.79082900e-01 5.58426417e-02 -5.84082067e-01 -1.25746280e-01 -6.34592474e-01

layers.2.bias:
-1.39855134e+00
-8.08752298e-01
7.75704384e-01
-5.46272337e-01
1.64107561e-01
-3.08138460e-01
2.55775839e-01
2.17119598e+00
5.25564849e-01
8.45489502e-01
-9.13900197e-01
-1.38163340e+00
-2.31111571e-01
9.15769458e-01
-2.85498619e-01
-7.41246939e-01
-6.37933686e-02
-7.71455705e-01
3.23001593e-01
-8.31102654e-02
-1.89087212e-01
7.71688402e-01
7.11114109e-01
-1.40786946e-01
-4.12254184e-01
1.07653832e+00
-9.73443687e-01
-1.09072852e+00
4.97952908e-01
-1.18363214e+00
-1.55217135e-02
-7.45681152e-02
7.81488538e-01
1.17637068e-01
-3.81800652e-01
-1.20123718e-02
-1.43747583e-01
1.38974822e+00
1.03730142e+00
-1.73941433e-01
9.87235785e-01
-2.12646469e-01
-5.38729727e-01
1.48620033e+00
2.58529842e-01
-9.95698214e-01
1.04899347e+00
-3.54312569e-01
7.90951133e-01
1.82020772e+00
1.86467826e-01
3.00566494e-01
1.04319118e-01
-6.47486567e-01
2.10692555e-01
-1.60030350e-02
6.24163806e-01
-1.26840800e-01
-8.88889059e-02
-6.19967639e-01
7.13829100e-01
6.81365207e-02
-2.08353251e-01
7.18766809e-01

layers.4.weight:
3.40495288e-01 1.47639830e-02 -5.00375554e-02 1.86609197e-02 -3.06645483e-02 4.37214710e-02 1.85949539e-04 -7.04423606e-01 -3.76074538e-02 -3.81094247e-01 6.99554533e-02 9.02108014e-01 -1.58420169e+00 -1.01367325e-01 1.31101627e-02 -1.45031130e+00 -2.31723781e-04 6.42810464e-02 -3.75861564e-04 -5.70377626e-04 1.85743044e-03 -7.29058087e-02 4.85155033e-04 2.27408007e-01 -6.07611574e-02 -3.06514744e-02 3.74403186e-02 7.59756923e-01 -3.93819660e-01 3.84098709e-01 -2.64823604e-02 -1.41328916e-01 -2.24386062e-02 5.98422659e-04 7.05297068e-02 -6.64307852e-04 1.43473590e-04 -1.83703005e-01 -7.89047219e-03 1.42725050e-01 -4.62271087e-02 2.72843868e-01 2.58324053e-02 -1.20785534e-01 -1.59886586e-05 1.32476851e-01 -1.29740341e-02 8.53832316e-05 -9.86355394e-02 -6.59486711e-01 -6.70391768e-02 -2.92785540e-02 3.92888120e-04 1.14039229e-02 -1.11767745e+00 -4.02835169e-04 -5.82796638e-04 -3.07856917e-01 -7.54476562e-02 1.41480416e-02 -7.98562989e-02 5.92504766e-05 7.66708791e-01 -1.50473835e-02

layers.4.bias:
-1.08509207e+00

