layers.0.weight:
3.31696361e-01 -5.67613244e-01 7.97264636e-01
5.69172144e-01 -8.09445798e-01 -5.80563486e-01
-8.31293464e-02 -6.13938749e-01 -5.77727258e-01
-1.07055378e+00 1.15616508e-01 4.58123112e+00
2.67282110e-02 4.11940843e-01 1.16166264e-01
-5.79876065e-01 8.58121514e-01 -1.84879377e-01
-1.31842160e+00 4.86020595e-01 -9.88645032e-02
-6.01682402e-02 7.88846374e-01 -9.23566997e-01
6.03414774e-01 -9.26082134e-01 5.12713566e-02
-1.11527514e+00 5.86289167e-02 -1.64189592e-01
7.53551662e-01 -9.85680073e-02 1.41279221e+00
-7.16238439e-01 -1.31785080e-01 -1.29353356e+00
-4.30584475e-02 7.12955832e-01 -1.57757306e+00
-1.16726887e+00 2.10410804e-02 5.00053525e-01
-6.46977663e-01 1.09646142e+00 7.52028525e-01
-1.81771189e-01 9.48456824e-01 1.64468549e-02
5.46070874e-01 -6.33792400e-01 -1.45019031e+00
-1.15504665e-02 1.12846863e+00 1.84981868e-01
8.07071701e-02 -9.54183042e-01 5.35116851e-01
3.41117471e-01 -1.28724232e-01 -8.64976227e-01
2.23475501e-01 1.65966094e-01 -5.10879010e-02
-3.24195027e-01 -2.56797969e-01 -1.00232065e+00
-4.64660525e-01 1.65601885e+00 -4.46076952e-02
-1.56447518e+00 4.06930357e-01 1.75152493e+00
1.05132234e+00 3.79940838e-01 -7.78481364e-01
2.59609371e-01 6.71772659e-01 -1.17486012e+00
-1.16151750e-01 -2.13369340e-01 1.90187418e+00
-3.97779703e-01 -2.44972542e-01 1.92939892e-01
3.22416067e-01 7.57217348e-01 -1.46468067e+00
-1.04933763e-02 4.65525806e-01 1.70563948e+00
-2.89658904e+00 2.84448242e+00 -1.78299040e-01
-1.26738083e+00 -5.19488692e-01 1.02004325e+00

layers.0.bias:
8.77201200e-01
4.81547834e-03
-1.42384720e+00
-6.34384930e-01
7.07518518e-01
-2.04255387e-01
-3.54310095e-01
2.86240637e-01
-7.45998621e-01
-1.59115899e+00
1.64644122e-01
1.80825554e-02
2.46107668e-01
-1.21306002e+00
-2.90836543e-01
1.43946290e+00
9.34610724e-01
1.82654703e+00
-6.68276668e-01
5.78918040e-01
-1.44309163e-01
-1.35729384e+00
1.02535832e+00
-7.05530941e-02
1.36946186e-01
5.60703695e-01
8.80503118e-01
-1.57881156e-01
-4.88352716e-01
7.31267482e-02
8.91685039e-02
-6.70209900e-02

layers.2.weight:
-4.04046237e-01 2.98331112e-01 2.35572666e-01 -5.04845381e-01 -5.83371937e-01 -9.13504213e-02 1.59871336e-02 -4.34487499e-02 2.71737069e-01 3.07058978e+00 8.16289261e-02 9.20459628e-02 -2.03843981e-01 2.36724973e+00 -2.98570931e-01 7.07063824e-03 -3.94159481e-02 8.65023397e-03 1.58074826e-01 -2.62283742e-01 2.77971834e-01 -2.18617395e-02 -7.12396741e-01 5.64990342e-01 -4.08741832e-02 6.33634329e-01 -8.13593149e-01 -1.79862425e-01 -1.26343548e-01 -2.45073959e-01 -4.79111910e-01 2.11527139e-01
-3.67223881e-02 1.49969012e-01 -8.49753499e-01 -1.71993710e-02 -3.12887162e-01 1.02953576e-01 -6.52137876e-01 -4.35072690e-01 4.35875177e-01 6.32995665e-01 2.64995933e-01 -1.64556324e-01 3.12281013e-01 -1.30478078e-02 -3.11245292e-01 4.77653533e-01 -3.34401131e-01 3.73334885e-01 -4.88456547e-01 -1.07993996e-02 5.20506084e-01 -1.09622695e-01 -3.80283028e-01 -7.16892630e-02 -3.26159187e-02 -9.24999081e-03 -3.90822321e-01 -4.56894636e-01 1.05062090e-01 -2.92405069e-01 1.90260001e-02 2.13273689e-01
3.08675431e-02 8.02458003e-02 -2.41362434e-02 -6.67257905e-01 -7.69466877e-01 -9.31155309e-02 -5.71331084e-01 2.42793053e-01 5.64252734e-01 6.60678685e-01 -4.58361596e-01 -1.82734326e-01 7.73157775e-02 -4.59223762e-02 -1.52859107e-01 -1.07600892e+00 1.86329521e-02 -1.07594693e+00 -1.16454037e-02 6.38477266e-01 -4.08970654e-01 -3.25079292e-01 3.21497470e-01 -1.50102830e+00 -4.27680351e-02 3.39103162e-01 -1.08562803e+00 -1.52398914e-01 3.46030563e-01 -3.02300602e-01 1.46376472e-02 2.39474311e-01
2.34483093e-01 -1.06405213e-01 7.12724701e-02 1.33254600e+00 6.26446605e-01 3.97297084e-01 6.71947002e-01 -2.25606397e-01 -1.71993971e-01 -3.07527855e-02 1.47805139e-01 -5.03017120e-02 -5.62701881e-01 1.74125865e-01 6.42613053e-01 1.02530301e+00 -3.61937791e-01 1.03583086e+00 2.95276225e-01 -1.06995833e+00 -6.95438743e-01 -1.38844594e-01 3.87095213e-01 1.50800455e+00 1.61061838e-01 -5.27945876e-01 4.84995663e-01 6.12524711e-02 -6.53194964e-01 -1.58839554e-01 -1.02699706e-02 2.68528551e-01
1.82031602e-01 -4.29770112e-01 3.18584681e-01 -4.75579500e-01 1.07005849e-01 -3.77326518e-01 -1.37980723e+00 1.67487830e-01 7.72043318e-02 -6.19078219e-01 4.04541433e-01 -7.41616666e-01 8.30380857e-01 -8.71191084e-01 -3.15016042e-03 -5.75139940e-01 -3.96793902e-01 -6.56399727e-01 -8.23845193e-02 -9.59311500e-02 9.01854634e-01 -5.19328415e-01 1.39770240e-01 -3.67925018e-01 -6.63427889e-01 6.73625350e-01 6.83209375e-02 -6.90743566e-01 -2.08745822e-01 5.98547459e-01 -3.53308648e-01 -9.69976485e-02
-3.53047222e-01 3.70391667e-01 3.63649189e-01 1.65508077e-01 -7.68440247e-01 -3.69210184e-01 -6.17797017e-01 2.68132567e-01 5.60583174e-01 -8.49597752e-02 6.94600880e-01 1.35001898e-01 -8.08043256e-02 -3.81566435e-01 -4.88220006e-01 -1.12326002e+00 -2.58442998e-01 -1.41327572e+00 6.85601890e-01 -1.67750895e-01 -5.45189500e-01 -3.50347385e-02 -6.25820398e-01 -2.16055050e-01 -1.71397075e-01 7.61610717e-02 1.56542510e-01 1.04645073e+00 -2.87218511e-01 -4.33475286e-01 -8.00337732e-01 5.91266394e-01
-2.30799951e-02 1.19278682e-02 -2.04106748e-01 -3.26933432e-03 -1.97775751e-01 1.86271861e-01 -9.97148082e-02 -4.11263585e-01 -1.60091579e-01 1.79322317e-01 2.99982786e-01 3.20972428e-02 2.83883005e-01 -4.04558470e-03 -1.37996469e-02 -2.40061238e-01 1.95515323e-02 1.46969661e-01 -2.54096892e-02 -3.18544775e-01 -3.86296839e-01 1.28987536e-01 7.03300908e-02 1.79466028e-02 1.58256724e-01 2.52128810e-01 -3.54995310e-01 -3.85618806e-01 -1.42196313e-01 7.80607387e-02 -9.45090950e-02 1.37186199e-01
2.43617237e-01 1.90005526e-01 6.23694882e-02 3.54585826e-01 -7.27775574e-01 -6.87216520e-01 1.93981960e-01 4.50916231e-01 3.36752385e-01 2.42239878e-01 -1.29748508e-01 9.71768796e-01 3.09154093e-01 -2.83393115e-01 -2.39078090e-01 -2.33146772e-01 4.73995864e-01 -4.45137233e-01 4.47882354e-01 4.40560549e-01 -1.43719316e+00 -7.51803696e-01 -1.42940849e-01 3.12525928e-01 2.06394028e-02 7.12966681e-01 6.01818144e-01 6.89936638e-01 -6.67627633e-01 4.89843339e-01 2.78750092e-01 -7.68325254e-02
-1.78554710e-02 1.62142664e-01 -6.56323493e-01 -2.09240869e-01 1.57916868e+00 -2.97565699e-01 -6.25210166e-01 -2.79605389e-01 -8.82979453e-01 1.96581617e-01 4.50520217e-01 2.71086305e-01 6.53756380e-01 -4.72478539e-01 2.03970373e-01 2.11857772e+00 2.47242808e-01 1.73947573e+00 -7.34622896e-01 -1.95567459e-01 1.86286390e-01 -3.31484526e-01 2.48374388e-01 2.85766840e-01 3.25733721e-01 4.02320325e-01 8.41418058e-02 -1.23164520e-01 1.33429110e-01 2.12439552e-01 2.54396772e+00 -5.59962332e-01
-6.74363315e-01 1.51890486e-01 -6.06236942e-02 -5.80343366e-01 4.30125803e-01 6.99801445e-02 -1.32331327e-01 4.28709358e-01 4.31403041e-01 -1.70180887e-01 -3.14224884e-02 2.42487848e-01 2.41007239e-01 6.00461066e-02 -3.40339959e-01 -6.57069981e-01 4.38168496e-01 -3.64514858e-01 -4.68095481e-01 1.00849651e-01 -5.49640954e-01 -1.77506387e-01 1.67389214e-01 -1.27212450e-01 -1.56149030e-01 -3.66012119e-02 -2.32077613e-01 1.24097899e-01 3.22080910e-01 1.08973362e-01 7.98297748e-02 -4.58940528e-02
-3.87405753e-02 -3.79695743e-01 -1.28482550e-01 -3.06975633e-01 -4.89107251e-01 -1.87746242e-01 -1.98466748e-01 9.25335810e-02 3.48207057e-01 4.45015728e-01 -4.79171187e-01 -1.63617060e-01 7.99804091e-01 -2.15636581e-01 -1.48823172e-01 -3.11223239e-01 -6.85150564e-01 -8.40735316e-01 2.08515879e-02 -9.10790563e-02 1.05140376e+00 -2.92376965e-01 -7.63785899e-01 2.39814460e-01 -2.86950648e-01 -1.22360393e-01 -3.75752091e-01 -4.64032203e-01 1.82789654e-01 -3.42793196e-01 1.50175571e-01 5.48608720e-01
-1.24665387e-01 -1.17667049e-01 1.70516133e+00 -8.62378359e-01 -9.86870646e-01 1.44741133e-01 6.53490936e-03 -3.86708438e-01 1.54908493e-01 2.43434238e+00 1.50387157e-02 3.72905284e-02 2.85595864e-01 3.25201511e+00 6.53756633e-02 -8.99779618e-01 2.70221800e-01 -2.74191689e+00 5.76970458e-01 -3.64674509e-01 2.95598328e-01 5.99564791e-01 -3.35985214e-01 8.52436960e-01 -2.00910214e-02 -5.50281942e-01 3.00699234e-01 -1.32079750e-01 1.29096702e-01 3.94157134e-02 2.50453144e-01 -4.01165366e-01
-6.84680223e-01 -6.71463683e-02 9.70240116e-01 3.47993165e-01 -5.98279178e-01 6.56590462e-01 2.05429159e-02 -8.62137854e-01 3.78476858e-01 4.27501619e-01 2.37876952e-01 3.02268043e-02 -4.41863835e-01 -2.31256168e-02 3.46646816e-01 -4.17229891e+00 -4.76107327e-03 -5.92001581e+00 5.56801200e-01 -9.19346631e-01 -6.80576265e-01 5.00529289e-01 6.61150753e-01 -8.62966999e-02 -3.19783300e-01 -1.89958304e-01 -4.16608483e-01 6.37009621e-01 -6.24453545e-01 -3.84762406e-01 -1.17034256e+00 -2.31172308e-01
6.45057708e-02 -2.11791903e-01 -6.40870631e-01 -8.82035866e-02 -5.25325872e-02 -5.71774272e-03 2.55299091e-01 3.37790102e-01 2.57249057e-01 -2.75018215e-01 4.84614849e-01 -1.33044824e-01 3.51919979e-01 -8.19532096e-01 -2.05411717e-01 8.54233727e-02 -2.51994699e-01 3.52588356e-01 -1.02005348e-01 1.43612713e-01 -4.41379659e-02 -1.38190225e-01 1.28462493e-01 -2.37918124e-01 -1.11323878e-01 7.76531160e-01 -2.83099040e-02 4.95981053e-02 -1.77028269e-01 2.41046324e-01 9.94271562e-02 3.37326527e-01
-1.08155382e+00 2.21004903e-01 -8.70791152e-02 3.22497845e-01 -8.24605953e-03 7.42785990e-01 -3.07208657e-01 -6.80288002e-02 3.34861547e-01 -1.44569546e-01 -7.85534322e-01 2.58223802e-01 1.74586251e-01 -3.36055756e-01 -2.89808005e-01 -5.93659163e-01 2.46719852e-01 -5.39853990e-01 -4.87996280e-01 3.34464401e-01 1.34074628e+00 9.67188239e-01 -2.03037821e-03 1.64209574e-01 -4.06566828e-01 1.24275424e-01 -6.08093977e-01 6.71812817e-02 8.08961749e-01 -2.61760354e-01 -4.89943884e-02 1.77588895e-01
-5.84318578e-01 -1.90271232e-02 2.92647276e-02 1.31263390e-01 -3.14721078e-01 2.83344030e-01 -9.32667673e-01 -7.26458505e-02 1.43596202e-01 5.20385218e+00 5.60454965e-01 4.40385878e-01 2.24073306e-01 2.65862989e+00 -8.47803950e-02 -5.56283370e-02 -3.93342078e-01 -1.37025073e-01 3.33096273e-02 -1.92804053e-01 -7.25339770e-01 4.03640121e-01 1.74093753e-01 2.84921318e-01 -3.98139715e-01 -4.16824609e-01 -6.37482107e-01 3.54901493e-01 -7.50131011e-02 -6.67828262e-01 4.21088561e-02 -2.38869801e-01
-1.41393254e-02 1.31602451e-01 -7.93846697e-02 3.79026979e-02 4.93184067e-02 -5.51965460e-03 3.10295448e-02 -5.63903488e-02 4.41416018e-02 -8.99938717e-02 5.65293916e-02 8.47048014e-02 4.45022509e-02 6.20520785e-02 1.02550931e-01 4.99922447e-02 2.82736160e-02 -7.62091670e-03 -1.72630008e-02 1.01212032e-01 2.73258150e-01 9.33611915e-02 -6.02959841e-02 4.85759787e-02 6.98960572e-02 2.37890352e-02 5.97850233e-02 2.34129786e-01 4.62101866e-03 2.52872799e-03 2.41929162e-02 2.52873898e-02
1.37880117e-01 -1.03401951e-01 -5.89287877e-01 6.61458522e-02 5.72737679e-02 -2.17412814e-01 -1.93260327e-01 -3.00628543e-01 3.27007353e-01 -6.80308402e-01 1.01850852e-01 -6.19434007e-02 1.89075097e-01 6.78551942e-02 -1.46257192e-01 2.65339278e-02 -3.04342180e-01 2.98870772e-01 -1.39231578e-01 9.03161883e-01 2.95739830e-01 8.21408480e-02 -5.16916692e-01 -1.02933772e-01 -1.76344335e-01 -4.48252261e-01 8.59428465e-01 -4.99123842e-01 2.31938332e-01 3.24047536e-01 -1.22429192e-01 2.61184841e-01
-2.54479796e-01 -1.90140203e-01 -4.08218354e-01 -1.31815955e-01 6.82806015e-01 8.47339854e-02 1.46856412e-01 5.83461784e-02 3.21316034e-01 -4.30032849e-01 -8.44765604e-02 -1.02244747e+00 3.99165720e-01 -2.13340476e-01 -6.00281730e-02 3.95671219e-01 -2.08509639e-01 6.25984788e-01 1.67288259e-01 -1.41815558e-01 1.80619508e-02 -2.63640523e-01 6.19602501e-01 -2.62759566e-01 2.08952561e-01 1.27911866e-01 -1.02554269e-01 3.12143832e-01 2.08666571e-03 4.32708681e-01 5.20425439e-01 1.70239612e-01
5.35267815e-02 1.95635125e-01 3.82091128e-03 6.14412241e-02 -1.07521079e-01 1.16930380e-01 -5.69819696e-02 -9.09298286e-02 6.00079969e-02 7.57449493e-02 6.43368289e-02 9.89978611e-02 -6.34768456e-02 -3.90669629e-02 1.00795038e-01 4.73248035e-01 6.98097721e-02 -2.35604152e-01 7.74586499e-02 -9.36920121e-02 -1.23963349e-01 -1.04060963e-01 2.90090423e-02 -1.81050729e-02 3.13703716e-02 1.20639734e-01 -2.02975445e-03 4.35076244e-02 1.15887485e-01 7.60360295e-03 -2.89130863e-02 3.31094302e-02
4.36950535e-01 -1.89757496e-01 7.62394965e-01 5.31441212e-01 -4.25674379e-01 -1.61117315e-01 -6.88852608e-01 -1.13512784e-01 -3.00325096e-01 -7.38881111e-01 -8.40238184e-02 9.28331792e-01 4.90276635e-01 -4.10710424e-01 7.82228291e-01 4.48606223e-01 -1.11860424e-01 -3.33797902e-01 4.50958788e-01 4.30153161e-01 -4.09058392e-01 1.51614025e-01 6.12151742e-01 2.13908583e-01 5.72641306e-02 -3.73143226e-01 9.38647091e-02 3.27875853e-01 -9.97136608e-02 -7.48752728e-02 1.06162161e-01 4.63526785e-01
2.47708499e-01 -1.07220396e-01 5.58134578e-02 1.72030821e-01 -3.21568958e-02 1.43669829e-01 8.48274231e-01 3.58301625e-02 5.43598652e-01 2.61939973e-01 3.52850050e-01 3.51483762e-01 -4.21659768e-01 -5.67533195e-01 1.04794204e-01 -1.09348428e+00 -6.06492423e-02 -7.55051434e-01 -1.20956665e-02 -4.65360999e-01 -4.96776581e-01 -2.21038666e-02 2.18877584e-01 -1.65550951e-02 1.38128608e-01 -4.43683147e-01 -6.85427725e-01 4.24101681e-01 -9.12468135e-02 -1.65754884e-01 2.22786382e-01 -1.42018467e-01
5.73808029e-02 7.57220834e-02 -1.95918381e-01 3.86011243e-01 -2.33489439e-01 3.33636880e-01 3.18215698e-01 -2.66505629e-01 -2.13035673e-01 3.96303147e-01 -8.94695334e-03 1.21013269e-01 4.52802837e-01 5.46005249e-01 -2.62209803e-01 -8.23666155e-01 5.84916830e-01 -3.87059629e-01 1.06126644e-01 -2.41486982e-01 -3.98145080e-01 9.17961448e-02 -4.91220355e-01 1.85391992e-01 -3.78387243e-01 -1.02728188e-01 -7.67614618e-02 -4.07701582e-01 7.41112754e-02 -1.41056031e-01 -1.52479587e-02 -2.70055830e-01
7.84038305e-01 -8.58486146e-02 -3.33654672e-01 2.35597342e-01 1.70198128e-01 -5.01850843e-01 -2.93026790e-02 2.62717575e-01 2.88716048e-01 -2.74183345e+00 1.74973726e-01 1.29383564e-01 3.10737491e-01 -1.57236934e+00 1.35496333e-01 3.16766530e-01 7.67749250e-02 2.58418679e-01 -2.01403886e-01 -6.94670156e-02 4.85379308e-01 -2.82521993e-01 -2.46323347e-01 2.34530233e-02 -3.59800071e-01 -2.60636628e-01 1.26707135e-02 -1.57372877e-01 2.19270051e-01 1.70354575e-01 -8.18900415e-04 -1.88957274e-01
-7.52659500e-01 1.24499939e-01 -7.01532215e-02 1.43803373e-01 2.93471050e-02 -3.90317768e-01 9.76803184e-01 -1.69779673e-01 -1.08347142e+00 7.02151000e-01 -7.51363277e-01 8.90639499e-02 1.38681561e-01 8.49265531e-02 -6.68013453e-01 6.48608506e-01 5.78332961e-01 6.19022846e-01 5.02983987e-01 2.19993573e-03 -4.64367270e-01 3.54010463e-01 5.46484411e-01 9.75944221e-01 -3.89794260e-01 4.89063978e-01 -5.93514442e-01 1.28621593e-01 8.12565982e-01 -4.31910902e-01 2.58886248e-01 -5.93986250e-02
-6.10301137e-01 5.07844687e-01 3.12795565e-02 -2.12959334e-01 4.62791800e-01 2.38881588e-01 6.60257638e-02 5.79465806e-01 -3.94740850e-01 5.42619526e-01 -2.06739036e-03 -9.35970694e-02 2.88506597e-01 2.85767585e-01 -4.45195615e-01 -2.51121670e-01 -2.10296705e-01 -1.56407073e-01 3.35543334e-01 -4.18296754e-01 1.39543405e-02 -2.02766895e-01 9.26551446e-02 -4.17039812e-01 5.76240569e-02 -1.38752311e-01 -6.36006892e-01 -4.61874962e-01 2.40935728e-01 -4.34914708e-01 -2.51360774e-01 -2.54278928e-01
-1.71873286e-01 1.74455777e-01 4.04785097e-01 3.57368529e-01 -7.08319768e-02 -2.43870139e-01 -6.97155446e-02 3.74436751e-02 1.65800631e-01 -4.68956321e-01 -5.79455018e-01 -8.39924365e-02 -2.61352956e-01 -3.21148992e-01 1.18190512e-01 9.24961567e-01 -1.08813785e-01 3.92864436e-01 1.72547638e-01 2.12180510e-01 1.22840047e-01 -7.58613765e-01 2.88368940e-01 1.12283401e-01 2.60383785e-01 1.75782844e-01 1.02159176e-02 -6.24825835e-01 -2.51192302e-01 -1.17182903e-01 9.39431265e-02 -2.33757541e-01
-8.20424497e-01 4.51930583e-01 -6.68038607e-01 -9.96880889e-01 -9.10782292e-02 -2.15058833e-01 -3.71695250e-01 4.34128493e-01 9.68662724e-02 4.07116652e-01 -3.11591923e-02 1.61102459e-01 1.71821401e-01 2.53575951e-01 4.22217185e-03 1.24141431e+00 6.74103498e-01 1.33754122e+00 -1.00696588e+00 6.33285642e-02 6.07189953e-01 -7.96467423e-01 -6.10988200e-01 4.10198390e-01 -1.68139532e-01 -4.37467396e-01 2.88718075e-01 2.08913580e-01 5.95211506e-01 -8.00599396e-01 1.94751114e-01 -2.14752898e-01
1.65238917e-01 -5.64410150e-01 -1.52927730e-03 -1.42697424e-01 -5.89947045e-01 5.64544499e-01 1.37759196e-02 -4.69825149e-01 5.55493355e-01 9.05320346e-01 -2.38168269e-01 1.11213192e-01 5.73748589e-01 3.73154253e-01 7.82107413e-02 -1.10168505e+00 -4.48686630e-01 -1.07358551e+00 6.34545237e-02 2.32712835e-01 2.89608002e-01 3.74367446e-01 2.73612678e-01 1.29128441e-01 3.55175167e-01 1.26840562e-01 -4.39020187e-01 -3.52431834e-01 -2.57929385e-01 -3.58832926e-01 4.80160743e-01 2.15332896e-01
6.29970431e-03 -9.51505661e-01 3.14063251e-01 1.64724898e+00 1.20589741e-01 2.89443228e-02 -1.08383998e-01 -3.26790184e-01 -1.85512781e-01 2.19284251e-01 1.13820028e+00 -1.00938189e+00 -1.16724598e+00 -3.56890708e-01 1.45220816e-01 -1.71192482e-01 -1.21447158e+00 5.20934105e-01 6.92817211e-01 -7.25683212e-01 7.97217727e-01 1.31224930e-01 -6.42483607e-02 4.33751792e-02 -8.36128145e-02 -5.71497917e-01 2.69701183e-01 7.48969391e-02 -9.43510592e-01 1.32380188e+00 -6.59827411e-01 6.10566847e-02
-8.25083435e-01 -3.21886122e-01 7.19552338e-01 2.44402096e-01 -1.20569348e+00 3.50569695e-01 3.03676009e-01 -2.40153804e-01 -3.75938058e-01 -3.89896445e-02 -8.70490909e-01 1.31922409e-01 3.35996419e-01 2.25201726e-01 3.63559425e-01 -8.98086548e-01 2.05043450e-01 -1.23003137e+00 5.15477657e-01 -4.80869204e-01 -9.39114153e-01 5.30163407e-01 4.16538678e-02 -5.82926035e-01 3.60314623e-02 4.45959449e-01 9.31450224e-04 3.07360381e-01 -6.59034848e-01 -1.05202928e-01 9.01127793e-03 1.43755242e-01
-3.73372406e-01 -3.85204613e-01 -6.65699467e-02 -1.80704892e-01 -2.39799306e-01 5.13325855e-02 1.57186568e-01 3.08372468e-01 -6.57296062e-01 1.45490146e+00 -1.76247656e-01 -1.14989445e-01 -4.70457733e-01 4.38296974e-01 -2.00945865e-02 6.51261434e-02 6.91991206e-03 2.53498822e-01 -7.00869560e-02 -1.77956715e-01 2.87068784e-01 2.11943179e-01 4.81014490e-01 -1.08278543e-02 1.19815439e-01 -2.25867685e-02 -2.23506197e-01 1.25229031e-01 3.45846206e-01 2.90940613e-01 2.98060864e-01 3.67168747e-02
-3.32369022e-02 -3.53537053e-01 2.48576719e-02 -1.18500769e-01 -4.07186747e-01 4.51898724e-01 -2.67371267e-01 -4.55411613e-01 1.70157999e-01 -2.84327447e-01 -1.09105268e-02 4.91357148e-01 2.11417899e-01 3.92534077e-01 3.36499244e-01 -5.90711296e-01 -4.47394550e-01 -1.24524057e+00 3.51965949e-02 -3.16393167e-01 -1.24247506e-01 8.71872902e-01 3.83059353e-01 5.95207691e-01 -4.28488672e-01 1.42273441e-01 1.11477837e-01 -2.37438992e-01 -3.66421580e-01 -2.76860386e-01 -1.25192761e-01 -1.28383145e-01
2.27915719e-02 -4.07039262e-02 1.73325613e-01 -1.04297414e-01 1.74828708e-01 -9.47753266e-02 -1.24678910e-02 -3.40535790e-01 -2.12708056e-01 2.55472600e-01 1.54472888e-01 1.24189936e-01 8.85411352e-02 -2.59742469e-01 -6.39448166e-02 -2.50322104e-01 6.41218722e-02 1.92322552e-01 -1.37187049e-01 -5.30785739e-01 1.44190326e-01 -1.17903680e-01 -5.54994941e-02 -4.08612639e-02 -4.23301980e-02 2.12516278e-01 -7.49206468e-02 5.58459312e-02 1.18991897e-01 5.92833832e-02 -6.17843308e-02 1.40243312e-02
-3.66242565e-02 -4.98618573e-01 -2.73620427e-01 7.36151338e-01 -3.14115256e-01 -4.38636631e-01 2.74260670e-01 -8.31727013e-02 -1.60539851e-01 3.23611927e+00 -6.04789078e-01 1.05968356e+00 6.82263374e-01 8.81058455e-01 6.04579508e-01 1.42673627e-01 9.28894058e-02 2.62040943e-01 5.35838068e-01 3.88810009e-01 1.89437583e-01 1.79022193e-01 -4.65137333e-01 1.04941249e+00 -2.31050365e-02 1.77247524e-01 -3.36431563e-01 3.20610374e-01 1.73258021e-01 1.19445345e-03 5.94633937e-01 -6.38543686e-04
-1.07722886e-01 1.62219524e-01 9.99326259e-02 7.14905486e-02 9.57128704e-02 -4.63700891e-02 3.56453806e-02 1.19176298e-01 1.51258567e-02 -6.39894931e-03 1.71069667e-01 8.94477218e-02 9.36834440e-02 -2.91953925e-02 1.60887212e-01 1.77739888e-01 3.42930183e-02 -1.70685202e-01 -4.02378403e-02 9.58581269e-02 -1.38146907e-01 -7.88963288e-02 -3.15099061e-02 1.42716980e-02 -4.62346733e-01 -2.17880815e-01 4.48775366e-02 -1.66030258e-01 -6.93724453e-02 -5.83003871e-02 1.11815343e-02 -4.48291868e-01
7.28774164e-03 -7.19858408e-02 -5.26706725e-02 2.02266593e-02 -2.19607055e-01 2.86504198e-02 -2.17395332e-02 1.53794676e-01 6.27938733e-02 -2.71308217e-02 -1.65776052e-02 -1.87726375e-02 -6.38386384e-02 2.94242669e-02 -5.85475527e-02 2.11229250e-01 -1.04969837e-01 -1.16469711e-01 4.11792360e-02 3.36263269e-01 -2.46095106e-01 -9.88710001e-02 2.49634627e-02 -4.91021713e-03 1.27422260e-02 -9.45119858e-02 -6.77048936e-02 -6.66388571e-02 -6.11703545e-02 4.94282804e-02 1.51959704e-02 -6.25724345e-03
6.53482020e-01 -2.29269609e-01 4.01918203e-01 2.81943500e-01 -5.32045960e-01 5.36869541e-02 -3.81802917e-01 1.25923246e-01 5.54219723e-01 1.89691365e-01 -2.46004909e-01 1.06590346e-01 1.20533004e-01 2.68163919e-01 7.01917708e-01 -5.34807920e-01 -4.07790512e-01 -8.01823139e-01 2.70193905e-01 -2.31778800e-01 -7.59386837e-01 3.09587091e-01 -1.57777771e-01 1.51533693e-01 7.82789648e-01 2.83315517e-02 1.62564248e-01 -1.01268835e-01 -4.27030563e-01 1.68772578e-01 6.89080954e-02 1.16091140e-01
1.50137171e-01 -4.46809262e-01 -1.95759803e-01 4.16280121e-01 -1.50046535e-02 -5.89081824e-01 5.64711094e-02 -6.26716912e-02 3.00249487e-01 -2.32630566e-01 -2.24016309e-01 4.43034023e-01 3.37510139e-01 -2.44671181e-01 2.96491086e-01 -8.83028150e-01 -3.74535799e-01 -1.04038703e+00 6.32954180e-01 -4.34968740e-01 -2.20331967e-01 -5.24753854e-02 3.62839878e-01 6.90598607e-01 -9.50114429e-02 -3.38938504e-01 4.48591799e-01 -6.31662458e-02 -1.28089696e-01 -4.10219491e-01 7.22959414e-02 1.67598769e-01
5.57214208e-02 5.30012287e-02 7.29061961e-01 1.26360238e-01 -1.33075047e+00 -3.28130007e-01 1.11200236e-01 -1.64245874e-01 8.13238025e-01 6.91859007e-01 -1.46589458e-01 -3.61145377e-01 -1.05327629e-02 5.24115384e-01 -8.54847282e-02 -2.72498965e+00 -2.26273909e-01 -3.26628304e+00 2.12605238e-01 3.46210971e-02 -8.18748593e-01 6.40518486e-01 1.81645259e-01 1.18655428e-01 1.93562195e-01 1.10945620e-01 3.55938435e-01 1.60792455e-01 -1.51154518e-01 -7.59566188e-01 -2.94728249e-01 2.43166700e-01
-1.42261103e-01 -2.42519349e-01 -2.44639516e-01 -2.63757497e-01 -3.71600449e-01 5.27085900e-01 1.69287190e-01 -1.50813490e-01 -7.36577958e-02 4.27803695e-01 -2.03643352e-01 1.98234871e-01 3.56257670e-02 -2.06288084e-01 -1.31971166e-01 -6.20403707e-01 2.82402158e-01 -6.94699168e-01 -1.98464617e-01 -6.48365309e-03 -4.03216869e-01 3.82217348e-01 -2.11474836e-01 3.82976592e-01 3.39396536e-01 -5.42897701e-01 4.99593705e-01 1.49471700e-01 4.83737215e-02 1.47653550e-01 -5.39276600e-02 5.73500060e-02
3.31232816e-01 7.37250268e-01 7.20635176e-01 -4.18884128e-01 1.55839697e-02 1.36170432e-01 3.09497386e-01 -5.30483201e-02 -8.77892077e-01 1.09942222e+00 -3.04328799e-01 -2.06035212e-01 -4.15384114e-01 1.12992084e+00 7.44385347e-02 1.20171353e-01 5.90699352e-02 -1.07220900e+00 2.07622796e-01 -2.65227765e-01 2.97685675e-02 7.29445279e-01 -2.49636129e-01 -4.16099250e-01 5.53816795e-01 -7.42917538e-01 4.72473711e-01 -2.60723382e-02 -2.42736772e-01 -6.23424530e-01 -7.23484233e-02 -3.47898155e-01
-1.18249953e-01 -4.99264568e-01 2.10797265e-01 -2.23705679e-01 4.60171374e-03 2.63765424e-01 2.86354661e-01 -2.17857510e-01 -1.02903724e+00 -9.73147824e-02 -1.75766334e-01 7.95380026e-02 -4.68890071e-02 4.63549644e-01 6.96415901e-01 6.01342738e-01 2.43342340e-01 -2.31195495e-01 -8.55870843e-02 1.82312056e-01 -2.23150238e-01 3.50931108e-01 -1.74908757e-01 1.23502560e-01 -1.72959566e-02 -2.06006691e-01 3.56691420e-01 6.74966991e-01 -3.50544006e-01 -4.99393553e-01 9.36180949e-01 3.06044340e-01
-1.33849359e+00 1.39498770e-01 2.06593484e-01 -1.39264536e+00 -1.00229926e-01 2.30400972e-02 1.05703086e-01 6.27123058e-01 1.06731556e-01 3.33855718e-01 -1.05311489e+00 7.12185502e-01 1.17226231e+00 2.71471441e-01 -5.93697548e-01 3.51524979e-01 6.29424810e-01 -3.54447335e-01 -3.92640620e-01 1.10403204e+00 -4.68531877e-01 -2.22972482e-01 -2.27254987e-01 -1.32462561e-01 6.80791795e-01 1.07910371e+00 7.73204148e-01 5.39888203e-01 5.87828100e-01 -1.10749424e+00 1.47359952e-01 1.35229066e-01
-1.06952831e-01 1.08480074e-01 3.26393157e-01 -5.57581596e-02 2.73359865e-01 -9.67197046e-02 -3.67985182e-02 2.77417880e-02 -6.26664311e-02 1.46719307e-01 3.16195898e-02 -1.74532235e-02 -5.30232815e-03 -7.38193393e-02 6.47338182e-02 -1.22948922e-01 9.19504911e-02 1.12421967e-01 3.26264724e-02 -4.15277958e-01 1.38690412e-01 -7.38897249e-02 4.08192687e-02 5.67175867e-03 1.32457271e-01 -1.74392164e-02 6.54562563e-02 1.71884581e-01 5.20586744e-02 -9.57248062e-02 -3.25808898e-02 5.34428880e-02
-4.88673709e-02 2.70322353e-01 2.44751081e-01 -7.03847930e-02 3.33539128e-01 4.14800644e-02 6.09275281e-01 2.44544983e-01 1.72442406e-01 -1.25719416e+00 -2.96521604e-01 4.83656675e-01 6.07789040e-01 -3.59778285e-01 -4.97554630e-01 1.31317228e-01 4.88369256e-01 -2.76303980e-02 3.11012305e-02 -6.52981937e-01 1.09198606e+00 -3.37462693e-01 -3.86725292e-02 -1.31958425e+00 3.81581038e-01 4.74902153e-01 -9.44684386e-01 -1.14857435e+00 2.39058301e-01 -5.76544218e-02 -1.11653626e-01 -4.33722228e-01
6.89248919e-01 -3.22037548e-01 -2.37637252e-01 4.63814825e-01 -2.70091325e-01 -9.01669115e-02 -1.73923865e-01 -2.64488578e-01 6.12194479e-01 -1.10129789e-01 -8.23296085e-02 -7.62982741e-02 7.23756671e-01 -3.41866881e-01 3.77263755e-01 -8.51278245e-01 -5.19899726e-02 -8.26745689e-01 8.52028787e-01 -9.58581418e-02 -3.00693452e-01 8.39562118e-02 1.27576113e-01 1.68717012e-01 3.98248546e-02 -2.47052073e-01 8.18992257e-01 4.28778976e-01 -4.30674225e-01 3.60542506e-01 1.40409797e-01 2.10686967e-01
-1.81142434e-01 2.95216054e-01 -1.86603233e-01 -5.03686033e-02 -5.19509912e-01 -2.29389757e-01 1.40845686e-01 4.60078299e-01 -4.49497662e-02 -5.39876938e-01 -1.93845689e-01 3.46211679e-02 -3.37239116e-01 1.76518425e-01 3.01300347e-01 -2.31581047e-01 -1.12420134e-01 1.70558393e-01 1.36204939e-02 3.61166686e-01 -2.56089181e-01 -9.12573189e-02 -4.89116013e-02 -5.10474630e-02 -9.55376923e-02 -9.30044502e-02 2.66630381e-01 -2.92080283e-01 1.08384416e-01 1.72664714e-03 7.31016025e-02 1.53137207e-01
5.45826033e-02 -5.02379537e-01 -2.64646336e-02 -1.27289712e-01 -2.56168664e-01 -1.78189188e-01 -9.13885608e-02 -1.68712795e-01 -2.67571181e-01 4.85807925e-01 -3.08477562e-02 9.41859558e-02 3.72413605e-01 2.92517424e-01 -1.69397920e-01 -7.85919607e-01 -1.82205915e-01 -2.48906314e-01 4.39700857e-02 6.97392747e-02 1.06060833e-01 -2.72839214e-03 4.87085164e-01 1.54865505e-02 -3.10576946e-01 2.47170120e-01 3.16043288e-01 6.69014156e-02 -3.00594401e-02 1.04170986e-01 -9.33303833e-02 -2.78848201e-01
9.96440768e-01 7.23477677e-02 -5.89701593e-01 1.61059007e-01 1.88683689e-01 1.17927909e-01 4.69835192e-01 1.83731899e-01 -2.60997146e-01 -9.14512455e-01 -8.68929863e-01 1.37951827e+00 1.20091163e-01 -9.89695311e-01 2.82628924e-01 4.68056291e-01 1.88187063e-01 4.66749072e-01 -1.51847064e-01 2.91020304e-01 -1.45876491e+00 -3.85438561e-01 -8.18817079e-01 -3.54956955e-01 -3.26362431e-01 3.21340375e-02 2.12824181e-01 4.70490932e-01 -1.56144518e-02 2.30692942e-02 -5.69852255e-02 4.20570225e-01
-1.57708898e-01 1.28511131e-01 -1.01558518e+00 2.06141290e-03 4.14925635e-01 3.85706693e-01 -9.68730748e-02 -1.92936100e-02 1.23998314e-01 3.61029744e-01 -3.17036211e-01 -1.33718956e+00 3.07810903e-01 8.60919729e-02 -3.50655586e-01 6.01474345e-01 -1.72753055e-02 1.53387880e+00 -4.12253708e-01 8.82828608e-02 3.20428759e-01 -1.83685169e-01 3.17684002e-02 7.36229181e-01 -3.39663267e-01 7.08036542e-01 -2.68170703e-02 -2.80902386e-01 7.89316297e-02 1.97907865e-01 5.92609763e-01 2.25059092e-02
-2.45268308e-02 4.19314981e-01 -1.70310870e-01 -6.26194954e-01 -7.19631165e-02 7.82513559e-01 3.08272928e-01 7.96812534e-01 3.18438828e-01 3.70737433e-01 9.22774494e-01 -2.30942920e-01 9.43708196e-02 2.34431416e-01 1.94815677e-02 -7.15971053e-01 3.61660630e-01 -2.09862683e-02 -3.12195718e-01 -5.05621672e-01 -6.20507635e-02 -2.26077199e-01 2.75096059e-01 1.23557784e-01 -2.26748392e-01 1.78199053e-01 2.50964761e-02 -6.77642552e-03 -5.43081224e-01 2.42685184e-01 -1.34714887e-01 1.22455172e-01
7.83519670e-02 2.55053826e-02 -1.54719159e-01 2.66599897e-02 -2.98692156e-02 2.89337151e-02 9.73904580e-02 8.53289217e-02 -5.61620928e-02 -4.49024588e-02 -5.10331206e-02 -3.61159295e-01 2.31145740e-01 1.75680876e-01 2.05544080e-03 6.44920319e-02 7.44748712e-02 -1.24732211e-01 7.52825513e-02 2.36425117e-01 1.24403618e-01 2.46610552e-01 -4.24892306e-02 2.05138996e-01 -7.38115460e-02 -2.88377792e-01 -1.60421222e-01 -1.94828749e-01 -2.97962844e-01 -1.27498507e-01 4.61847968e-02 -2.90443689e-01
5.15230715e-01 3.19340438e-01 4.41143632e-01 3.63080233e-01 5.82529008e-01 3.40805322e-01 7.98038661e-01 -3.18720967e-01 7.53722608e-01 -2.47244164e-01 -6.30215168e-01 2.01576531e-01 -4.84984726e-01 -6.83125854e-01 -2.15888962e-01 5.28644860e-01 -3.47297430e-01 -1.89241543e-01 2.09121183e-01 1.50840327e-01 -1.31433651e-01 5.15969455e-01 2.59308428e-01 5.29727161e-01 1.70755550e-01 -7.82694295e-02 -2.61218995e-01 5.29037416e-02 2.39867866e-01 3.77335310e-01 2.89104339e-02 -1.27062440e-01
-2.64883190e-01 -5.50222933e-01 1.53237188e+00 5.13753332e-02 -9.10604239e-01 -1.90502137e-01 -1.08412194e+00 -9.70154464e-01 2.75108337e-01 1.00589597e+00 -2.58191135e-02 -4.20238137e-01 -2.60446489e-01 1.10439634e+00 6.26043558e-01 -1.98593283e+00 1.24318220e-01 -2.72082806e+00 1.79317820e+00 8.24778199e-01 -5.86529791e-01 1.72659254e+00 -4.21621084e-01 2.37384632e-01 4.17470098e-01 -6.50431633e-01 -2.87509620e-01 3.97208244e-01 2.14289472e-01 4.29037400e-03 5.36018610e-01 6.58878386e-02
1.62445642e-02 -2.78747566e-02 5.12508191e-02 4.28456068e-02 4.33956414e-01 -1.28076831e-02 2.55370066e-02 2.17156932e-02 6.80595636e-02 3.51985618e-02 -1.25190010e-02 -5.33945300e-02 1.02635451e-01 -2.42103878e-02 -1.40148429e-02 -4.54547405e-02 -8.40114139e-04 -5.52006811e-02 -7.88873062e-02 8.06825981e-02 1.60735518e-01 2.94318460e-02 -4.54038419e-02 7.79324910e-03 -1.32784858e-01 -1.38591498e-01 1.66827086e-02 3.18223953e-01 -3.93607318e-02 -5.72455376e-02 1.46752419e-02 -2.33451188e-01
-4.51511472e-01 -1.04070641e-01 -5.43243699e-02 -1.54775158e-01 -1.84208751e-01 2.28970140e-01 7.65558425e-03 7.33347952e-01 -4.23390001e-01 2.25498781e-01 -3.13375533e-01 8.76892090e-01 5.74099123e-01 3.27045590e-01 6.36430919e-01 2.94243336e-01 -1.42964378e-01 2.02806145e-01 -1.68786258e-01 1.42881637e-02 -1.19128823e-01 -5.17891228e-01 1.99881807e-01 -2.88440496e-01 -3.00944090e-01 -1.10849433e-01 -6.90498590e-01 4.15444970e-01 -2.09170908e-01 -3.23121279e-01 4.06922460e-01 4.65452492e-01
-1.22154146e-01 -1.73319921e-01 8.21087956e-01 1.67839170e-01 -8.97278011e-01 3.29407722e-01 3.29821438e-01 -5.23360848e-01 5.49904585e-01 3.99725199e-01 -1.59704775e-01 4.27918017e-01 -4.21912363e-03 8.74259919e-02 2.01929554e-01 -2.36606956e+00 1.61929965e-01 -1.36524403e+00 1.39059097e-01 2.41084978e-01 1.85394380e-02 3.38101685e-01 3.25931638e-01 8.20522979e-02 -1.89950272e-01 -4.48816299e-01 -1.71077877e-01 -2.69507796e-01 -3.62484008e-01 -5.67382336e-01 4.36172694e-01 -3.40454996e-01
-2.12958574e-01 8.85877982e-02 -1.72976747e-01 1.39031306e-01 -1.62943065e-01 -9.02081802e-02 4.60368454e-01 -1.65490448e-01 -7.06898451e-01 1.75646973e+00 -3.90576482e-01 -2.23772936e-02 -2.58965492e-01 1.33693659e+00 -3.49314362e-01 8.38831589e-02 5.48724681e-02 1.65401120e-02 -1.24793679e-01 -2.81447411e-01 -5.05743213e-02 2.05366999e-01 -1.02815993e-01 -1.74449846e-01 -2.22432628e-01 8.25346112e-02 4.17115360e-01 5.36748588e-01 2.14389041e-01 -4.81066406e-01 3.40240419e-01 -1.36972666e-02
-7.88372234e-02 -1.97994485e-01 5.03378093e-01 5.04432440e-01 1.38608545e-01 -3.99861485e-01 -1.06070042e+00 1.11374408e-01 1.70611605e-01 3.75927269e-01 1.16023324e-01 -7.31581748e-02 8.96094367e-02 1.53833777e-01 -2.65506357e-01 9.73288417e-01 1.99348275e-02 4.57099408e-01 -1.53547689e-01 -3.10094416e-01 8.14171910e-01 3.04481119e-01 3.70211035e-01 -5.89534342e-01 -1.91797875e-02 7.74665782e-03 -1.75401971e-01 2.91861981e-01 -1.59912631e-01 3.54665697e-01 -1.91474721e-01 -2.46475384e-01
8.31149578e-01 -3.86360198e-01 5.53468287e-01 9.72169518e-01 -5.99410951e-01 3.08078974e-01 -9.56028104e-01 -6.21515512e-01 1.05072582e+00 -9.60719049e-01 -2.38214344e-01 6.52945638e-01 -1.24183607e+00 -3.24005455e-01 6.97228670e-01 -9.68186736e-01 -9.27113965e-02 -6.04942918e-01 6.56822741e-01 7.29932010e-01 4.73946542e-01 -4.79769856e-01 -1.90149748e+00 -5.39734244e-01 6.31034911e-01 5.39852381e-01 -8.19662213e-01 -5.39315820e-01 -7.00641144e-03 1.25227392e+00 -9.26136374e-01 -1.11634620e-01
-2.22253110e-02 1.71368748e-01 -3.29517089e-02 -5.31368516e-02 -1.56693131e-01 -3.59096825e-02 2.82341465e-02 -4.54767644e-02 -2.15397123e-02 -3.16454185e-04 4.54496033e-02 9.15522277e-02 8.83484632e-02 -3.60413082e-02 1.42025724e-01 -1.30271509e-01 8.99029374e-02 1.94588989e-01 -1.18148429e-02 -2.81076759e-01 1.58214539e-01 4.12833281e-02 -3.10479738e-02 -1.23241628e-02 -3.13130975e-01 -3.45020182e-02 1.58754196e-02 -9.80390906e-02 -1.35567384e-02 -1.06158610e-02 -1.51140860e-03 -2.06096277e-01
1.05133995e-01 3.18755716e-01 1.69754708e+00 4.32027131e-01 -1.59647679e+00 1.30225718e-01 -2.50557512e-01 -5.34039497e-01 9.18748438e-01 6.47443712e-01 5.16211614e-02 -1.58189684e-01 -8.75797212e-01 8.67163301e-01 1.80605408e-02 -3.88858914e+00 -2.20411822e-01 -5.15621328e+00 3.66495550e-01 1.11353174e-01 -1.30623746e+00 1.04490137e+00 3.01084012e-01 1.81483075e-01 2.74894118e-01 -1.43157139e-01 -5.38372159e-01 7.44983375e-01 -1.62729427e-01 -3.30989249e-02 1.81047454e-01 -4.89299931e-02
-8.19275379e-01 1.52294233e-01 1.72217697e-01 -7.18853354e-01 -1.26549959e-01 -1.44727513e-01 -2.26950541e-01 4.70087826e-01 -3.24731171e-02 3.95114496e-02 1.39248490e-01 -3.22442830e-01 4.14557636e-01 4.86528486e-01 -3.61703873e-01 -3.74691516e-01 1.71196714e-01 -3.38096708e-01 -3.10106128e-01 1.39805809e-01 1.05887242e-01 7.05096900e-01 2.58183390e-01 -2.15287700e-01 -1.14520378e-01 2.92200148e-01 -6.88960493e-01 8.14689621e-02 6.84037507e-02 -5.38317561e-01 -1.56242162e-01 -7.46788681e-01

layers.2.bias:
-1.45817530e+00
-6.99066401e-01
7.33024776e-01
-5.86547136e-01
1.53094754e-01
-3.40845287e-01
2.04567894e-01
1.97039270e+00
5.18591404e-01
7.73643672e-01
-9.77200031e-01
-1.42667639e+00
-3.37885857e-01
9.63365078e-01
-3.01673502e-01
-6.88450158e-01
-5.06471321e-02
-7.85544395e-01
3.16352844e-01
-1.06531441e-01
-2.89424807e-01
7.52324700e-01
7.76562989e-01
-1.33773327e-01
-2.99710423e-01
9.70193982e-01
-9.70577061e-01
-1.09592152e+00
4.93398428e-01
-1.07940364e+00
-1.26340032e-01
-1.33649215e-01
7.97737837e-01
7.60297254e-02
-3.27171087e-01
2.70553515e-03
-1.34420171e-01
1.37610865e+00
9.97462153e-01
-7.56966546e-02
9.87197936e-01
-2.06621975e-01
-5.38428724e-01
1.29826593e+00
2.21073031e-01
-9.65605438e-01
1.04458833e+00
-3.03811193e-01
7.68008411e-01
1.75933814e+00
1.71330675e-01
3.12209964e-01
1.22409247e-01
-4.47481632e-01
2.10617766e-01
-1.35226687e-02
7.63701260e-01
-1.80424094e-01
-2.66654021e-03
-5.43814898e-01
5.12476146e-01
5.74867018e-02
-2.70228177e-01
6.66022539e-01

layers.4.weight:
3.42438310e-01 4.31211840e-04 -4.88357209e-02 8.60367622e-03 -2.15564631e-02 1.03574082e-01 -6.69756788e-04 -6.87781453e-01 -8.05956200e-02 -3.79676104e-01 -9.92890680e-04 1.09393919e+00 -1.65776527e+00 -6.73070550e-02 9.93145257e-03 -1.51247513e+00 4.73004096e-04 8.48476961e-02 -2.93150470e-02 6.03959314e-04 -8.77028040e-04 -1.15548246e-01 -5.28083667e-02 2.87113875e-01 -2.25566961e-02 -3.27176712e-02 3.53324674e-02 8.39050293e-01 -4.16779727e-01 3.86345297e-01 -4.66454364e-02 -2.35560536e-01 -5.55089563e-02 -3.72987270e-04 1.06382109e-01 5.65733295e-04 1.56431182e-04 -1.78498998e-01 -6.20471574e-02 2.73501247e-01 -7.71219879e-02 2.54364103e-01 9.09700692e-02 -1.23652630e-01 2.55162187e-04 1.30786568e-01 -5.46264015e-02 5.14992389e-05 -4.38123867e-02 -6.42418444e-01 -8.12754780e-02 -5.09165367e-03 -9.65786603e-06 1.62440629e-04 -1.08356595e+00 4.28169937e-04 -4.04857732e-02 -3.87945950e-01 -1.13166660e-01 3.97485308e-03 4.01941203e-02 -9.31319024e-04 9.43794966e-01 -1.77345742e-02

layers.4.bias:
-1.06755877e+00

