layers.0.weight:
3.31696361e-01 -5.67613244e-01 7.97264636e-01
5.69172144e-01 -8.09445798e-01 -5.80563486e-01
-8.31293464e-02 -6.13938749e-01 -5.77727258e-01
-1.07055378e+00 1.15616508e-01 4.58123112e+00
2.67282110e-02 4.11940843e-01 1.16166264e-01
-5.79876065e-01 8.58121514e-01 -1.84879377e-01
-1.31842160e+00 4.86020595e-01 -9.88645032e-02
-6.01682402e-02 7.88846374e-01 -9.23566997e-01
6.03414774e-01 -9.26082134e-01 5.12713566e-02
-1.11527514e+00 5.86289167e-02 -1.64189592e-01
7.53551662e-01 -9.85680073e-02 1.41279221e+00
-7.16238439e-01 -1.31785080e-01 -1.29353356e+00
-4.30584475e-02 7.12955832e-01 -1.57757306e+00
-1.16726887e+00 2.10410804e-02 5.00053525e-01
-6.46977663e-01 1.09646142e+00 7.52028525e-01
-1.81771189e-01 9.48456824e-01 1.64468549e-02
5.46070874e-01 -6.33792400e-01 -1.45019031e+00
-1.15504665e-02 1.12846863e+00 1.84981868e-01
8.07071701e-02 -9.54183042e-01 5.35116851e-01
3.41117471e-01 -1.28724232e-01 -8.64976227e-01
2.23475501e-01 1.65966094e-01 -5.10879010e-02
-3.24195027e-01 -2.56797969e-01 -1.00232065e+00
-4.64660525e-01 1.65601885e+00 -4.46076952e-02
-1.56447518e+00 4.06930357e-01 1.75152493e+00
1.05132234e+00 3.79940838e-01 -7.78481364e-01
2.59609371e-01 6.71772659e-01 -1.17486012e+00
-1.16151750e-01 -2.13369340e-01 1.90187418e+00
-3.97779703e-01 -2.44972542e-01 1.92939892e-01
3.22416067e-01 7.57217348e-01 -1.46468067e+00
-1.04933763e-02 4.65525806e-01 1.70563948e+00
-2.89658904e+00 2.84448242e+00 -1.78299040e-01
-1.26738083e+00 -5.19488692e-01 1.02004325e+00

layers.0.bias:
8.77201200e-01
4.81547834e-03
-1.42384720e+00
-6.34384930e-01
7.07518518e-01
-2.04255387e-01
-3.54310095e-01
2.86240637e-01
-7.45998621e-01
-1.59115899e+00
1.64644122e-01
1.80825554e-02
2.46107668e-01
-1.21306002e+00
-2.90836543e-01
1.43946290e+00
9.34610724e-01
1.82654703e+00
-6.68276668e-01
5.78918040e-01
-1.44309163e-01
-1.35729384e+00
1.02535832e+00
-7.05530941e-02
1.36946186e-01
5.60703695e-01
8.80503118e-01
-1.57881156e-01
-4.88352716e-01
7.31267482e-02
8.91685039e-02
-6.70209900e-02

layers.2.weight:
-4.02140349e-01 1.84776619e-01 1.52926296e-01 -4.66540545e-01 -3.05908293e-01 -2.13564932e-02 2.29633879e-02 -9.74363014e-02 7.85425582e-05 3.04129100e+00 1.13984525e-01 1.23490915e-01 -2.68477768e-01 2.45312929e+00 -2.31259912e-01 2.29714200e-01 -1.17989622e-01 4.67159599e-01 1.67016581e-01 -3.33439857e-01 2.69076407e-01 -4.67107072e-02 -5.39873242e-01 6.46581650e-01 -3.79082523e-02 5.77781320e-01 -7.84862101e-01 -1.55589446e-01 -8.80442858e-02 -1.98309049e-01 -2.50338286e-01 2.03541622e-01
-3.99570577e-02 1.80099383e-01 -8.55023086e-01 -1.79703347e-02 -3.92812163e-01 8.38321894e-02 -6.41122103e-01 -4.45034325e-01 5.45440495e-01 6.76099241e-01 2.70735532e-01 -1.38907477e-01 3.11642528e-01 5.54597415e-02 -3.48691642e-01 3.67321640e-01 -3.24835688e-01 3.62239033e-01 -4.48280931e-01 -1.55018009e-02 5.72387576e-01 -1.33233145e-01 -4.44392890e-01 -7.79337958e-02 6.77807117e-03 -7.78977806e-03 -3.92565489e-01 -4.86282140e-01 1.23938896e-01 -2.96469033e-01 1.12427333e-02 1.78163856e-01
4.41820472e-02 9.02291611e-02 1.35410264e-01 -6.56166553e-01 -7.86830664e-01 -1.14140809e-01 -5.76343417e-01 2.27910057e-01 5.74594557e-01 7.07440078e-01 -4.49143618e-01 -1.91336527e-01 6.55166432e-02 6.76766112e-02 -1.76731929e-01 -8.23848963e-01 -2.54323959e-01 -5.52048028e-01 -5.31538250e-03 4.75273207e-02 -5.47252223e-02 -2.63263196e-01 2.87418693e-01 -1.49050891e+00 6.64411843e-01 3.39870274e-01 -1.07565200e+00 -5.39776981e-01 3.20268571e-01 -2.66653180e-01 1.36842513e-02 -2.68470854e-01
2.16293097e-01 -1.10266246e-01 1.21635765e-01 1.31883097e+00 3.02927166e-01 4.16177183e-01 6.87064648e-01 -2.15008199e-01 -1.76583514e-01 -1.60899833e-02 1.33336782e-01 -3.41893956e-02 -5.49583972e-01 1.91098273e-01 6.63680613e-01 5.13190985e-01 -3.32297057e-01 2.79125154e-01 2.98823386e-01 -1.06701446e+00 -9.15785432e-01 -1.24514863e-01 4.10590380e-01 1.55364430e+00 -1.53123713e+00 -5.34870207e-01 4.70619023e-01 7.21942306e-01 -6.34880900e-01 -1.93957657e-01 4.24051238e-03 8.60979021e-01
1.81917399e-01 -2.43953139e-01 2.27614045e-01 -4.32855994e-01 8.94233510e-02 -4.21394646e-01 -1.22195733e+00 5.58556765e-02 2.23055124e-01 -7.20929801e-01 4.62784141e-01 -7.91854501e-01 7.55813420e-01 -9.08304870e-01 -2.35384405e-01 -8.45675766e-01 -2.74112523e-01 -8.42823982e-01 -1.73096042e-02 -8.34624246e-02 7.76645184e-01 -5.90649664e-01 1.46196172e-01 -3.23237628e-01 -9.12228584e-01 5.80879450e-01 1.12550065e-01 -4.84101385e-01 -3.12056363e-01 6.25887573e-01 -3.11019033e-01 1.77781865e-01
-4.71969545e-01 2.24877656e-01 4.53505903e-01 2.08390057e-01 -1.17061281e+00 -2.04269439e-01 -4.00354415e-01 2.39887461e-01 6.86064005e-01 9.87862349e-02 6.73135579e-01 2.00396061e-01 -1.25115365e-01 -1.77275136e-01 -2.74234712e-01 -1.56975377e+00 -3.97933543e-01 -1.83027732e+00 7.22782850e-01 -3.03086609e-01 -4.89414483e-01 -1.50659671e-02 -6.02484584e-01 -2.31192410e-01 1.18379153e-01 3.26434970e-02 1.90373495e-01 1.02766931e+00 -1.88470483e-01 -3.90104800e-01 -1.03997374e+00 2.80682802e-01
1.12277888e-01 -7.79493526e-03 -2.83570409e-01 -1.51265375e-02 -7.49839619e-02 1.11030445e-01 -4.85209338e-02 -3.96348178e-01 -1.07361712e-01 2.73710817e-01 2.62223482e-01 1.50237307e-01 3.09093416e-01 -8.58020689e-03 -1.72737669e-02 -3.03985178e-01 2.69154981e-02 1.13724776e-01 2.46152340e-04 -2.86879629e-01 -4.04704720e-01 4.11399342e-02 -2.54999120e-02 -3.23235840e-02 2.32369572e-01 3.12187791e-01 -3.62385243e-01 -4.65126514e-01 -1.49943113e-01 6.12613410e-02 -7.35437796e-02 7.30426833e-02
2.07848862e-01 8.64260867e-02 -4.15000498e-01 3.55106115e-01 3.50190341e-01 -5.28178036e-01 1.21212237e-01 5.11165917e-01 4.80121933e-02 -2.82273710e-01 -1.27898782e-01 9.57537115e-01 3.17173988e-01 -4.48497772e-01 -1.55870259e-01 2.16450796e-01 5.16829789e-01 2.30395809e-01 1.78022146e-01 4.96897906e-01 -1.43763840e+00 -9.00322139e-01 2.29932755e-01 4.03779805e-01 2.11341411e-01 7.53018916e-01 6.01827383e-01 5.12623727e-01 -5.42758465e-01 4.94097888e-01 1.89141944e-01 -2.76992142e-01
1.52244896e-01 2.81523287e-01 -5.99088252e-01 -2.67968625e-01 1.30186141e+00 -4.91836011e-01 -3.59156579e-01 -3.34013432e-01 -7.54691243e-01 2.32917070e-01 4.13951159e-01 4.07254785e-01 6.97437584e-01 -1.26675591e-01 7.15770274e-02 1.83891809e+00 3.25282335e-01 1.39999008e+00 -5.51808596e-01 -1.23704970e-01 1.27707154e-01 -3.42805177e-01 7.45667145e-03 1.94279641e-01 1.75049305e-01 4.11469579e-01 3.86693478e-02 -1.56576131e-02 3.42317037e-02 1.37242243e-01 2.22958302e+00 -4.10663337e-01
-6.40521169e-01 1.92681998e-01 -5.82596511e-02 -5.46491027e-01 3.22533458e-01 8.42715148e-03 -1.26136422e-01 3.80365610e-01 5.15995383e-01 -1.84283048e-01 -1.76749076e-03 2.44256705e-01 1.98685095e-01 2.13621959e-01 -4.53236550e-01 -7.66987324e-01 3.22539210e-01 -5.53219080e-01 -4.24309909e-01 -5.08708954e-02 -6.48710251e-01 -2.01457933e-01 1.09470911e-01 -1.88304707e-02 -2.32929677e-01 -8.94457772e-02 -1.98099434e-01 2.66225666e-01 2.84423947e-01 1.36537716e-01 2.47698557e-02 -1.18967872e-02
1.37057707e-01 -3.50304544e-01 -2.20362201e-01 -3.81081790e-01 -1.77078277e-01 -3.95902634e-01 -3.38088036e-01 1.81344777e-01 5.10328650e-01 7.68968761e-02 -5.44924140e-01 -1.00582346e-01 8.76033008e-01 -7.98540354e-01 -1.41241521e-01 -2.90058732e-01 -6.24827206e-01 -7.26883650e-01 -9.23211724e-02 -1.33306896e-02 1.09916937e+00 -2.92619765e-01 -8.13788593e-01 -3.87452133e-02 2.10533869e-02 -1.72714517e-02 -4.57889199e-01 -6.70493901e-01 5.57669103e-01 -4.13291901e-01 -1.83831379e-01 2.66379833e-01
-1.62458688e-01 -1.14229478e-01 1.57387340e+00 -8.74780536e-01 -5.99593759e-01 2.77825892e-01 1.21911675e-01 -3.42219263e-01 -1.01693071e-01 2.16467881e+00 -5.12949016e-04 -2.99418289e-02 3.01909477e-01 3.36742926e+00 -8.42841640e-02 -5.15096724e-01 3.21007431e-01 -2.23110962e+00 4.71496016e-01 -3.28538179e-01 1.97825998e-01 5.84606826e-01 -1.41218737e-01 9.13817167e-01 -1.33232981e-01 -5.31312585e-01 2.94373095e-01 -4.68739904e-02 1.64203390e-01 2.46866141e-02 2.50271171e-01 -2.85962880e-01
-5.04781127e-01 -1.16802484e-01 8.48576546e-01 3.91624779e-01 -3.69183153e-01 5.21942079e-01 -7.77737703e-03 -9.48019385e-01 3.29021543e-01 5.40788054e-01 1.51405990e-01 2.58648485e-01 -4.91064578e-01 -1.69805467e-01 3.87815773e-01 -3.69865847e+00 -2.98634190e-02 -5.52949476e+00 6.41649663e-01 -9.20306981e-01 -7.70742178e-01 4.06856298e-01 5.10701954e-01 -1.14987791e-01 -2.54008383e-01 -2.32502192e-01 -3.67960036e-01 6.07429802e-01 -6.76153660e-01 -3.46619457e-01 -5.79872429e-01 -2.51719564e-01
-3.07355449e-02 -1.58873856e-01 -6.10884607e-01 -9.59323347e-02 -8.16771239e-02 6.29144162e-02 2.56476998e-01 3.90185982e-01 2.82581002e-01 -3.91598582e-01 5.46746671e-01 -3.69998693e-01 3.68061692e-01 -7.97243118e-01 -2.45426521e-01 -9.84815648e-04 -2.09840715e-01 2.79291362e-01 -1.88339278e-01 1.58684686e-01 2.13846825e-02 -1.10178247e-01 2.21811280e-01 -2.14825362e-01 -1.43953338e-01 7.93924034e-01 -3.76580469e-02 1.68135222e-02 -1.57842368e-01 2.32275859e-01 2.30043754e-01 3.77497196e-01
-6.94049537e-01 4.78232205e-01 1.09285727e-01 4.34109539e-01 -5.12998998e-01 3.28458190e-01 -6.22524321e-01 -2.60227323e-01 6.28452182e-01 -1.52062982e-01 -6.66927457e-01 1.41540691e-01 5.35456017e-02 -3.91788483e-01 -4.70054477e-01 -1.00345778e+00 2.91539818e-01 -1.06838238e+00 -1.62423894e-01 3.29588145e-01 1.28775120e+00 9.49044585e-01 -2.75976717e-01 1.53988391e-01 -5.48597991e-01 -1.26397228e-02 -4.89980489e-01 1.60378322e-01 5.75412989e-01 -1.66965529e-01 -1.07341036e-01 3.58240336e-01
-4.26608294e-01 -1.62085220e-02 2.10082665e-01 1.52920738e-01 -3.55785578e-01 7.91110843e-02 -1.13412642e+00 -8.38520452e-02 3.99071127e-01 4.56236124e+00 6.80417895e-01 1.86609879e-01 2.15086505e-01 2.36210728e+00 8.16897079e-02 -2.66421407e-01 -4.74171132e-01 -4.01382685e-01 8.52279142e-02 -2.26453483e-01 -5.75143099e-01 4.23582047e-01 -7.52224773e-02 1.22289784e-01 -2.92553544e-01 -4.11542684e-01 -6.27029657e-01 2.16708824e-01 -1.59745201e-01 -6.25619769e-01 -1.76063776e-01 -3.40567619e-01
-8.70800093e-02 1.79183632e-01 9.68741532e-03 3.23427767e-02 -9.99099612e-02 4.16388512e-02 -3.14280693e-03 -8.10011551e-02 3.92782688e-02 -2.44403034e-01 9.04517174e-02 -1.70959383e-02 3.32925767e-02 1.18076526e-01 8.06296691e-02 2.89873825e-03 5.15417494e-02 -3.11239604e-02 -4.51954454e-03 9.65041667e-02 2.38675684e-01 1.73920155e-01 4.96138632e-02 7.44055882e-02 -4.03933600e-03 -1.66541096e-02 5.03712669e-02 3.35990369e-01 1.82475317e-02 -1.17446191e-03 3.52801606e-02 8.50429237e-02
4.33746040e-01 -1.25954121e-01 -7.52136171e-01 7.96743110e-02 2.88384914e-01 -4.27059293e-01 -3.94996136e-01 -3.77569318e-01 3.26747745e-01 -8.83871973e-01 5.30332066e-02 7.15984106e-02 1.75279543e-01 4.64469977e-02 -1.00327499e-01 3.26245278e-01 -3.18108380e-01 6.27672374e-01 1.04992231e-02 9.15491581e-01 1.11081213e-01 -5.22279106e-02 -5.96422911e-01 -9.17653218e-02 1.65758748e-02 -4.38463241e-01 8.77731860e-01 -4.78033453e-01 2.30963826e-01 3.35733265e-01 -1.19985759e-01 1.16782663e-02
-1.69989184e-01 -2.84787416e-01 -5.19511104e-01 -9.52812955e-02 8.39367747e-01 -3.16188904e-03 1.65251777e-01 3.21167968e-02 2.66072094e-01 -4.36912984e-01 -6.10341430e-02 -9.76636410e-01 3.65305424e-01 -1.60832539e-01 -1.47793777e-02 5.51519096e-01 -2.86881745e-01 8.57127547e-01 1.98073000e-01 -2.00015053e-01 -2.55616009e-02 -3.49875003e-01 5.45797467e-01 -2.33434945e-01 2.29797781e-01 1.03191659e-01 -6.78650960e-02 3.41924816e-01 -1.29622789e-02 4.66372311e-01 5.88864744e-01 1.28766015e-01
8.89502540e-02 1.50918245e-01 -8.23238194e-02 8.77254009e-02 2.34851651e-02 1.01501830e-01 -6.05434645e-03 -4.62030731e-02 1.33066205e-02 1.36946216e-01 5.32019623e-02 1.49249852e-01 -6.56041577e-02 -1.30095497e-01 1.60933539e-01 4.20181155e-01 5.63619509e-02 -3.09288919e-01 1.16326157e-02 -1.02028698e-01 -9.22762230e-02 -1.76388517e-01 -3.02895494e-02 -5.88907599e-02 8.01241174e-02 1.54250816e-01 2.60473602e-02 -2.50664409e-02 9.15572122e-02 3.01161483e-02 -4.53109778e-02 -1.94049801e-03
6.98304772e-01 -1.66114494e-01 4.48992789e-01 5.58958828e-01 6.47635534e-02 -3.87014419e-01 -5.70027530e-01 -1.03524700e-01 -4.03495401e-01 -1.05436957e+00 -7.77809247e-02 9.79778588e-01 4.90633994e-01 -6.62737250e-01 7.40675449e-01 8.36280048e-01 -6.51869699e-02 1.36171281e-01 4.63017464e-01 4.83305424e-01 -5.69150209e-01 -2.13051736e-02 4.54928219e-01 5.40148355e-02 3.33031863e-02 -3.26963603e-01 1.30118906e-01 3.68657738e-01 -1.43425420e-01 -5.41519225e-02 8.62212200e-03 5.01352072e-01
1.51306853e-01 -2.26847678e-01 1.32901549e-01 1.79078206e-01 -1.78373143e-01 2.51382172e-01 1.02851045e+00 3.48978415e-02 4.24095929e-01 4.18626040e-01 3.53238136e-01 3.74988884e-01 -4.37485456e-01 -2.20888108e-01 2.24689320e-01 -1.07073748e+00 -1.60297349e-01 -8.94877791e-01 -8.58858898e-02 -5.25532246e-01 -4.49316055e-01 3.90819507e-03 3.74653906e-01 5.95071502e-02 1.72043845e-01 -4.74572539e-01 -6.79508924e-01 4.11905557e-01 -7.73285851e-02 -1.57893941e-01 3.95535380e-01 -1.83415443e-01
-4.74545248e-02 -7.13842958e-02 -2.21312821e-01 4.18769151e-01 6.96435124e-02 4.81801093e-01 1.11699767e-01 -2.24839374e-01 -2.26657718e-01 2.51614243e-01 8.52017403e-02 -6.79777414e-02 4.28727657e-01 2.67562866e-01 -5.51750734e-02 -5.24978876e-01 5.09599328e-01 -1.28675252e-01 -6.62385076e-02 -2.65507162e-01 -7.69978240e-02 4.93507758e-02 -2.25610614e-01 1.87332839e-01 -2.15190947e-01 -9.63800177e-02 -5.33113070e-02 -7.65114725e-01 1.39075547e-01 -8.81469473e-02 -1.20067127e-01 -3.93372774e-01
7.24542022e-01 5.07107489e-02 -3.22555810e-01 1.26416102e-01 3.29395801e-01 -4.10914987e-01 8.28763321e-02 4.20478582e-01 1.32131040e-01 -2.79785275e+00 6.28848374e-02 2.09427267e-01 4.50523287e-01 -1.66717339e+00 7.47935567e-03 5.48931122e-01 2.28163764e-01 4.51885432e-01 -3.40751886e-01 6.64582327e-02 4.25583184e-01 -2.07405701e-01 -2.17279792e-01 -7.54013658e-02 -4.40746963e-01 -1.09502383e-01 -8.88729393e-02 -1.39725327e-01 2.85866410e-01 5.89891970e-02 -1.86615229e-01 -9.41005573e-02
-9.53715801e-01 1.44697964e-01 2.74004322e-02 1.26855090e-01 -5.78844324e-02 -2.96117067e-01 1.02145243e+00 -9.24044102e-03 -9.78679061e-01 7.70052552e-01 -6.92957282e-01 -1.07209450e-02 1.72595650e-01 8.62037539e-02 -6.87597811e-01 6.31197512e-01 5.91859043e-01 4.98547137e-01 -1.42919943e-01 4.96158283e-03 -4.53177243e-02 3.82718235e-01 5.40081203e-01 9.61556017e-01 -4.41771984e-01 5.24650991e-01 -6.17115915e-01 -1.49614930e-01 8.96272421e-01 -4.45928365e-01 1.20568193e-01 3.36138979e-02
-6.44603431e-01 5.53235948e-01 5.55494651e-02 -2.43407592e-01 4.74037409e-01 2.54357249e-01 5.64043932e-02 6.11690164e-01 -3.64307314e-01 5.79497278e-01 -3.11208274e-02 -8.11399147e-02 3.17659616e-01 2.74925828e-01 -4.71462190e-01 -2.40390018e-01 -1.56194568e-01 -1.42624199e-01 2.96023756e-01 -3.63028049e-01 6.21407405e-02 -1.72938451e-01 1.07578792e-01 -4.88131702e-01 1.16617344e-01 -1.11141585e-01 -6.65948510e-01 -4.98260260e-01 2.64670581e-01 -4.65393543e-01 -1.61598101e-01 -3.22251886e-01
-4.82488163e-02 1.85081109e-01 4.31930393e-01 3.45808566e-01 -3.00270587e-01 -3.84977251e-01 1.22617140e-01 -2.39047240e-02 1.59341380e-01 -4.20423597e-01 -6.50309443e-01 9.79617536e-02 -2.58318752e-01 -5.51801026e-02 1.87943298e-02 7.53610253e-01 -1.36982009e-01 2.03612834e-01 3.49802136e-01 1.84008092e-01 -1.30026549e-01 -7.61509180e-01 2.07400061e-02 1.46564633e-01 1.97056517e-01 1.62887603e-01 4.51989146e-03 -3.54306996e-01 -2.90062070e-01 -1.41055763e-01 1.39778703e-01 -2.01340124e-01
-7.36719429e-01 4.85397518e-01 -5.60848296e-01 -1.02925110e+00 -3.46145093e-01 -2.77157873e-01 -3.53988826e-01 3.71886700e-01 1.42234638e-01 4.82372761e-01 -8.40121582e-02 2.24177137e-01 1.94454551e-01 2.89183199e-01 -3.48937437e-02 9.47198212e-01 7.06821203e-01 1.02841890e+00 -4.86959159e-01 9.27343667e-02 5.02549589e-01 -7.19966650e-01 -6.93742275e-01 3.86147857e-01 -1.95901781e-01 -4.26940024e-01 2.60858983e-01 3.16126317e-01 5.18875122e-01 -8.35027635e-01 1.87721550e-01 -2.06246838e-01
-7.30173066e-02 -5.73780417e-01 8.17152187e-02 -7.53343105e-02 -7.77503014e-01 6.88645363e-01 -6.21696822e-02 -4.49118853e-01 6.27317548e-01 1.01160598e+00 -1.43952161e-01 -8.45071860e-03 5.16455591e-01 5.11774778e-01 8.00194964e-02 -1.22911358e+00 -5.13675570e-01 -1.25481045e+00 -8.63763466e-02 1.52101874e-01 4.16500568e-01 3.56035024e-01 2.64193952e-01 2.31105745e-01 3.99418741e-01 6.77544326e-02 -3.76558185e-01 -4.26019400e-01 -2.65161306e-01 -2.91278303e-01 4.94416922e-01 1.64190859e-01
2.53350902e-02 -9.99700904e-01 2.81435251e-01 1.66817415e+00 1.86781168e-01 2.96105761e-02 -9.40650925e-02 -3.43832105e-01 -2.40212649e-01 2.14812204e-01 1.16027522e+00 -1.04282796e+00 -1.18650353e+00 -3.63798827e-01 2.04524219e-01 -9.92735922e-02 -1.23734033e+00 6.21518970e-01 7.05456197e-01 -7.03691363e-01 7.98421860e-01 1.08829379e-01 -4.78699207e-02 -4.83875610e-02 -4.94843647e-02 -5.89942336e-01 2.89755106e-01 4.76348996e-02 -9.63577032e-01 1.34715247e+00 -5.46267748e-01 7.40293562e-02
-8.08902025e-01 -1.75646365e-01 1.19574106e+00 1.77378461e-01 -9.92355824e-01 2.46334940e-01 1.80969492e-01 -3.03615928e-01 -3.95736873e-01 -1.82597205e-01 -1.13309419e+00 3.32005143e-01 3.62123370e-01 1.66753992e-01 2.28921741e-01 -1.07763839e+00 2.64251620e-01 -1.11300504e+00 6.93010151e-01 -4.43527788e-01 -1.13249421e+00 9.14211631e-01 1.31359389e-02 -6.27386630e-01 2.29204997e-01 4.31133986e-01 -6.66878074e-02 3.01579833e-01 -5.15358031e-01 -1.77570537e-01 -2.16774896e-01 -8.68140310e-02
-4.06315595e-01 -4.30406034e-01 -3.11767254e-02 -1.88040778e-01 -2.57558405e-01 1.83680356e-01 1.35641336e-01 3.21913421e-01 -7.48288155e-01 1.56652105e+00 -1.70429230e-01 -1.54702887e-01 -4.65878338e-01 6.08905137e-01 8.67108181e-02 1.06637299e-01 -5.66396769e-03 2.31022224e-01 -1.21678233e-01 -1.81811035e-01 3.38083595e-01 2.32257962e-01 6.95318818e-01 9.87760201e-02 1.10147648e-01 -3.01187038e-02 -2.29358271e-01 1.06227227e-01 3.15919101e-01 2.85884380e-01 1.47705629e-01 4.14296724e-02
-2.26029828e-01 -2.61620075e-01 1.76001623e-01 -1.79496378e-01 -6.03332341e-01 5.59394002e-01 -2.55867183e-01 -3.50756526e-01 1.85913131e-01 -4.01107937e-01 1.87172107e-02 3.78391892e-01 2.67149955e-01 4.20841545e-01 2.34024212e-01 -7.40453660e-01 -3.84809017e-01 -1.47475016e+00 -1.51283979e-01 -2.70324707e-01 -2.96127778e-02 9.92924690e-01 5.19257486e-01 5.74563801e-01 -4.68267947e-01 1.85127035e-01 4.42260727e-02 -2.77824968e-01 -2.98577577e-01 -3.34799916e-01 -2.11475566e-01 -7.18952343e-02
9.87914279e-02 -4.75712195e-02 5.90089075e-02 -8.40645432e-02 3.35416764e-01 -1.49397895e-01 4.97849993e-02 -3.04546177e-01 -1.57842845e-01 3.79297674e-01 1.26610845e-01 2.32211798e-01 9.02060196e-02 -3.80305350e-01 -6.75005987e-02 -3.06235075e-01 8.07847083e-02 1.70228496e-01 -1.66189745e-01 -5.16007543e-01 1.58425704e-01 -2.13473946e-01 -1.98674843e-01 -1.26676992e-01 6.08811155e-02 2.54460305e-01 -5.35059161e-02 -4.88480963e-02 1.07477099e-01 7.48892277e-02 -8.23554993e-02 -6.18882366e-02
-3.71495262e-02 -5.86476386e-01 -3.77588153e-01 8.29657495e-01 -1.05274171e-01 -2.82649636e-01 2.62657627e-02 -6.59298822e-02 4.99777794e-02 2.88308668e+00 -4.78843361e-01 8.74586880e-01 6.14398479e-01 9.04519796e-01 7.41672218e-01 2.91602053e-02 2.53393855e-02 1.86631426e-01 4.33632404e-01 3.06747139e-01 3.38131696e-01 7.42935315e-02 -3.55717004e-03 1.16580498e+00 6.84053153e-02 1.37023151e-01 -2.44816989e-01 1.70392483e-01 1.31602973e-01 9.61671323e-02 6.14239037e-01 -1.09317638e-01
-1.74071297e-01 2.23021299e-01 2.04999372e-01 6.74463958e-02 -7.00618848e-02 -1.73064750e-02 -1.61934309e-02 9.19214636e-02 3.39823216e-02 -9.13295820e-02 1.82170883e-01 3.25416028e-02 8.19944218e-02 -1.80481058e-02 1.18387073e-01 2.00229272e-01 5.28530292e-02 -1.74004883e-01 -1.41052110e-02 8.69820043e-02 -1.89065680e-01 6.88654697e-03 1.81398261e-02 4.91838790e-02 -5.42301595e-01 -2.57811368e-01 3.71741205e-02 -5.80044016e-02 -5.65671325e-02 -6.05409369e-02 2.23850440e-02 -3.79314065e-01
1.02342777e-02 -9.71819758e-02 -1.15330920e-01 3.36714052e-02 -1.66327879e-01 3.02472916e-02 -1.70307644e-02 2.02377021e-01 1.72097497e-02 1.55045465e-02 -2.90074125e-02 2.53292150e-03 -5.69400750e-02 2.01645885e-02 -3.06383409e-02 1.57718241e-01 -1.09462522e-01 -1.67022407e-01 -2.38695331e-02 3.28933626e-01 -2.37623587e-01 -1.36195928e-01 -2.55598221e-02 -1.12056062e-02 2.05742419e-02 -6.91725239e-02 -5.00845984e-02 -6.96571991e-02 -8.08716714e-02 5.87823093e-02 -5.20426370e-02 -2.06091851e-02
8.71388674e-01 -2.67265409e-01 4.21233386e-01 3.45934570e-01 -6.24759853e-01 -4.67009060e-02 -6.49110079e-01 -1.26474798e-01 9.11725581e-01 3.39078568e-02 -1.95389718e-01 5.62168621e-02 1.93635356e-02 2.26358622e-01 7.42398441e-01 -1.20466328e+00 -4.61085737e-01 -1.05108023e+00 1.00036585e+00 -2.82114297e-01 -7.56207585e-01 2.54998684e-01 -1.82851076e-01 2.06866130e-01 8.00081432e-01 -9.59950611e-02 2.28574768e-01 -1.32179826e-01 -5.49720347e-01 2.31809333e-01 3.32640931e-02 1.25043437e-01
-4.51587141e-02 -4.80871916e-01 -2.04214469e-01 3.27788770e-01 2.07954466e-01 -4.62840855e-01 1.91407949e-01 1.48020789e-01 1.40318006e-01 -1.57494456e-01 -3.22716177e-01 5.24869442e-01 4.40379530e-01 -2.36183882e-01 3.33632290e-01 -4.93849695e-01 -3.45334619e-01 -8.10526013e-01 1.87609509e-01 -3.86901408e-01 -1.90646380e-01 4.09285016e-02 4.68116701e-01 6.15397036e-01 -2.41839010e-02 -2.26932138e-01 3.54215294e-01 -1.36972100e-01 7.54333884e-02 -4.94041711e-01 1.18085742e-01 1.01461679e-01
-1.91283509e-01 -1.97322611e-02 9.18728769e-01 2.36464404e-02 -1.36705828e+00 -2.88262188e-01 2.17546940e-01 -3.10441218e-02 6.35594606e-01 6.71954513e-01 -2.41139382e-01 -3.06191891e-01 9.52372253e-02 4.28415596e-01 5.22922017e-02 -2.31724906e+00 -2.92525232e-01 -3.14321256e+00 7.34316139e-03 6.81741014e-02 -7.06172466e-01 7.83025265e-01 1.78129181e-01 -1.22162700e-01 4.41578150e-01 2.16990501e-01 2.47586861e-01 6.86127879e-03 -4.05658362e-03 -8.46077502e-01 -4.30311561e-01 -3.32988612e-02
-2.95491517e-01 -1.59957871e-01 -1.24266587e-01 -3.84737104e-01 -4.08961356e-01 6.55738711e-01 1.03665419e-01 -3.30948527e-03 -2.29451321e-02 3.16846490e-01 -2.69536495e-01 1.38752371e-01 1.56603023e-01 -3.48728687e-01 -1.51692867e-01 -6.43316805e-01 4.00336206e-01 -7.96011627e-01 -3.96504253e-01 1.18742526e-01 -2.24112332e-01 5.03333032e-01 -4.62994836e-02 2.74006456e-01 4.36893880e-01 -4.25014704e-01 3.76445919e-01 -4.39461917e-02 1.76430628e-01 3.00303213e-02 -1.10486262e-01 -3.50369662e-02
4.60721403e-01 5.97083330e-01 5.96152365e-01 -3.28956604e-01 1.72695577e-01 1.54042020e-01 1.26325697e-01 -1.78274736e-01 -7.04919219e-01 1.09472263e+00 -2.49361008e-01 -2.25021318e-01 -5.13498008e-01 1.11788356e+00 2.45917797e-01 7.01582199e-03 -6.98163807e-02 -9.67970669e-01 3.27643663e-01 -3.71294200e-01 1.14736266e-01 6.08810961e-01 -1.22326128e-01 -3.99795711e-01 7.49135435e-01 -8.31806004e-01 5.61032772e-01 -1.42269105e-01 -2.60004073e-01 -5.29982030e-01 -6.99687302e-02 -5.62635005e-01
-6.83784708e-02 -4.76913124e-01 9.79107991e-02 -1.94557235e-01 7.67230988e-02 2.17953324e-01 1.91278651e-01 -2.30311155e-01 -7.19930589e-01 -3.20836216e-01 -1.30455866e-01 2.59803236e-02 -6.83769807e-02 4.34178919e-01 5.89193225e-01 6.33237898e-01 2.61489332e-01 -5.48927039e-02 -3.61967757e-02 1.80573806e-01 -2.33884722e-01 2.91382581e-01 -2.56040543e-01 1.40079930e-01 -3.21997069e-02 -2.20169991e-01 3.87153029e-01 6.82006180e-01 -3.80371958e-01 -4.73509967e-01 3.62931520e-01 3.05416763e-01
-1.33680749e+00 1.69258326e-01 2.04803482e-01 -1.38170564e+00 -1.46966785e-01 -3.06256283e-02 1.34685040e-01 6.00260139e-01 1.75512776e-01 2.74788320e-01 -1.03091836e+00 7.30229974e-01 1.17850780e+00 3.25135767e-01 -7.29805648e-01 2.78939575e-01 6.16686463e-01 -4.42538917e-01 -3.56385201e-01 1.08107734e+00 -4.59912986e-01 -2.33538836e-01 -3.01543087e-01 -9.20120031e-02 6.51342213e-01 1.09574056e+00 7.85145223e-01 5.38191676e-01 5.78281105e-01 -1.09858441e+00 5.29554859e-02 1.53018638e-01
-4.63805795e-02 6.71638325e-02 2.30084807e-01 -3.41053009e-02 4.35596704e-01 -1.21796027e-01 1.46937054e-02 5.95204569e-02 -7.25174919e-02 2.63299018e-01 8.25764332e-03 6.40082359e-02 -6.49591489e-03 -1.66718915e-01 1.17754698e-01 -1.36683762e-01 8.54518935e-02 9.47332382e-02 -7.11377664e-03 -4.11516726e-01 1.61182374e-01 -1.53300628e-01 -2.89830044e-02 -5.73460869e-02 2.04745010e-01 1.60204601e-02 8.91287997e-02 8.81600007e-02 2.20205560e-02 -7.64336586e-02 -1.79113317e-02 1.63186539e-03
-5.56808114e-02 8.53681564e-02 3.74058574e-01 -4.88992967e-02 4.57673123e-05 -8.03686529e-02 5.36757529e-01 2.47737199e-01 3.07764947e-01 -1.53217411e+00 -2.74288863e-01 4.61395532e-01 5.88928521e-01 -7.53859818e-01 -1.98100433e-01 -2.85825998e-01 3.06100845e-01 -6.63370371e-01 2.41979416e-02 -6.74740970e-01 1.15727746e+00 -3.74571055e-01 -7.43348747e-02 -1.57052779e+00 1.54259756e-01 4.79420364e-01 -9.43852127e-01 -1.17037439e+00 5.37447214e-01 -3.41665559e-02 -1.88937724e-01 -4.60947484e-01
6.09007716e-01 -3.67156982e-01 -3.38553995e-01 5.00764012e-01 -2.68371366e-02 -2.16512550e-02 -4.92062122e-02 -2.13919714e-01 4.87943143e-01 -6.88440353e-02 -7.00282976e-02 -1.03485890e-01 6.96870267e-01 -3.39473277e-01 4.22623575e-01 -3.92026186e-01 -8.93192664e-02 -5.28232932e-01 3.15525174e-01 -1.34111658e-01 -2.94959992e-01 7.42986426e-02 1.87768981e-01 1.64482847e-01 -4.75297458e-02 -2.79137850e-01 8.56267452e-01 4.75704610e-01 -4.81419444e-01 3.97587627e-01 2.18763515e-01 3.20978463e-01
-3.01997840e-01 3.26966763e-01 -1.29699439e-01 -3.73563096e-02 -6.29620910e-01 -1.67576522e-01 6.27410710e-02 4.20888275e-01 -5.68778701e-02 -6.13444686e-01 -1.47940949e-01 -8.71537849e-02 -3.69587898e-01 1.84309632e-01 2.82074362e-01 -1.91514954e-01 -1.07994452e-01 2.40897641e-01 2.93700527e-02 3.39129895e-01 -2.16691822e-01 -2.01480817e-02 6.20833188e-02 -5.49276546e-03 -1.48661420e-01 -1.59384400e-01 2.78543681e-01 -2.58163273e-01 1.13262035e-01 1.95843186e-02 9.41652209e-02 2.00851500e-01
1.17635820e-02 -5.77686012e-01 -6.63122311e-02 -7.51405954e-02 -1.73857316e-01 -7.74361119e-02 -3.02776806e-02 -1.96066469e-01 -3.87163907e-01 5.00408053e-01 1.95948463e-02 4.74394858e-02 3.22729707e-01 4.80208457e-01 -1.01263866e-01 -6.64489329e-01 -2.63058126e-01 -2.34506458e-01 -8.84523895e-03 7.59101333e-03 1.16662793e-01 -3.83309200e-02 6.57119274e-01 1.39205426e-01 -3.53294432e-01 1.93019807e-01 3.70305389e-01 7.64893293e-02 -8.15777183e-02 1.56476229e-01 5.63400891e-03 -2.36471355e-01
9.73758459e-01 1.68294787e-01 -3.61135930e-01 2.10936651e-01 -1.00748904e-01 -1.74191352e-02 5.11178255e-01 -8.32191110e-02 -3.82252261e-02 -7.43314505e-01 -8.33181560e-01 1.36733234e+00 4.11348371e-03 -6.90096259e-01 1.74305007e-01 1.91284329e-01 2.42937542e-02 1.74935743e-01 1.52881011e-01 -5.63355200e-02 -1.72311914e+00 -2.79528677e-01 -1.06213462e+00 -2.80549675e-01 -6.11338258e-01 -2.35736385e-01 2.58861840e-01 8.51515114e-01 -9.68112648e-02 6.50974736e-02 -1.79789782e-01 6.59189284e-01
-5.25081120e-02 1.58602998e-01 -9.81729925e-01 -6.05229549e-02 3.61845762e-01 2.45359719e-01 1.03008419e-01 -9.10212379e-03 -1.35677699e-02 4.53125328e-01 -4.00585890e-01 -1.16808617e+00 3.64376217e-01 1.84698626e-01 -4.38329428e-01 9.58540738e-01 -1.72252767e-02 1.56387866e+00 -3.63262206e-01 1.35615960e-01 1.74922198e-01 -1.52673528e-01 -1.65025115e-01 7.28009045e-01 -4.04720426e-01 7.53123462e-01 -8.19473490e-02 -1.52964458e-01 3.29008736e-02 1.28073320e-01 6.41078234e-01 6.83374852e-02
-4.62293811e-02 3.14305067e-01 -1.22642189e-01 -6.18337631e-01 -5.72166964e-02 8.11309397e-01 3.31161588e-01 7.97501683e-01 2.20815375e-01 2.93419212e-01 9.95155036e-01 -3.60477239e-01 8.53552222e-02 3.87479752e-01 9.21392143e-02 -5.60227931e-01 2.52137989e-01 3.65907997e-02 -3.54710251e-01 -5.61865866e-01 -6.55596256e-02 -1.86826244e-01 3.89670849e-01 2.50546902e-01 -3.04185808e-01 1.60791233e-01 3.24545316e-02 3.07115652e-02 -5.78422070e-01 2.56282687e-01 -6.25927225e-02 1.81818694e-01
1.23245448e-01 1.62037648e-02 -1.71299905e-01 1.65497195e-02 -4.31280863e-03 3.45046744e-02 6.31395774e-03 8.62055942e-02 -4.68247123e-02 4.11165319e-02 -6.91414103e-02 -3.49841684e-01 2.46819288e-01 2.08549112e-01 2.75956560e-02 9.75095555e-02 6.95421100e-02 -7.21562281e-02 1.04857542e-01 2.53499061e-01 1.34088978e-01 2.46924877e-01 -1.91848613e-02 2.20919535e-01 -9.28754807e-02 -2.68041819e-01 -1.64228112e-01 -1.98034853e-01 -3.43465924e-01 -1.35782257e-01 4.00138684e-02 -2.85473049e-01
4.98137683e-01 2.63416797e-01 4.84025568e-01 3.66355360e-01 5.94475508e-01 3.42198670e-01 8.47902656e-01 -3.61300111e-01 7.66102552e-01 -1.92830294e-01 -6.15451634e-01 1.54098764e-01 -5.02910852e-01 -5.63270092e-01 -1.84457541e-01 5.40305257e-01 -2.26919726e-01 -1.55844077e-01 2.84897804e-01 2.65702009e-01 -7.85270035e-02 5.44318616e-01 1.57176554e-01 4.51990813e-01 1.69100747e-01 -1.04692712e-01 -2.57582664e-01 1.60689261e-02 1.93067253e-01 3.88028532e-01 -4.33781557e-03 -9.27133709e-02
-4.25009787e-01 -5.11887312e-01 1.54204440e+00 1.10178858e-01 -9.85458553e-01 -1.09334081e-01 -1.14715767e+00 -9.36743140e-01 4.13765579e-01 8.69687319e-01 9.31595564e-02 -5.98263919e-01 -3.05941612e-01 9.99543071e-01 5.94300330e-01 -2.10886002e+00 1.23518839e-01 -2.88457870e+00 1.69256639e+00 7.79035807e-01 -4.85462040e-01 1.72626388e+00 -3.65440965e-01 2.14227334e-01 3.36672753e-01 -6.91631258e-01 -2.36744687e-01 3.28904688e-01 2.30741277e-01 6.36582971e-02 3.71889740e-01 1.76618919e-01
-2.94334181e-02 1.19036948e-02 1.41151235e-01 3.06383818e-02 3.10201108e-01 7.46451225e-03 -1.81782283e-02 -5.23099909e-03 7.57044703e-02 -6.99570403e-02 -7.06530688e-03 -1.01261236e-01 9.76151824e-02 1.65608674e-02 -4.06725109e-02 -9.18368902e-03 1.12586170e-02 -5.50655946e-02 -5.72181940e-02 8.03128183e-02 1.03206404e-01 1.07344531e-01 1.31305940e-02 3.95535715e-02 -1.91208258e-01 -1.72499031e-01 1.73728087e-03 4.21714246e-01 -3.47464308e-02 -6.73001334e-02 2.47307513e-02 -1.88617393e-01
-4.45770264e-01 7.63351191e-03 -7.91269019e-02 -9.62803364e-02 -4.12742436e-01 1.34633899e-01 3.72988842e-02 7.63591647e-01 -1.77672863e-01 5.59426069e-01 -2.92460054e-01 1.04772174e+00 5.38734615e-01 3.65845948e-01 1.99320704e-01 -6.45017577e-03 -1.49781168e-01 -1.53060213e-01 -2.24126488e-01 -4.60744388e-02 -1.53879166e-01 -5.71145117e-01 -1.55732438e-01 -2.30990678e-01 -3.30893278e-01 -1.33728623e-01 -6.34053588e-01 4.46283370e-01 -2.34231904e-01 -2.81799525e-01 -8.41435567e-02 4.97930467e-01
-1.76924720e-01 -1.94209337e-01 6.61820292e-01 2.28810281e-01 -6.54231846e-01 3.91437888e-01 2.94860363e-01 -4.86648023e-01 5.56873918e-01 3.13469261e-01 -8.38009194e-02 3.78573954e-01 -5.45217097e-02 7.79004246e-02 1.83222070e-01 -2.10663795e+00 1.31327197e-01 -1.03804779e+00 -1.57740816e-01 1.90969467e-01 3.46651822e-02 2.21098006e-01 3.80370557e-01 1.65484503e-01 -1.23521492e-01 -4.78540629e-01 -1.14201151e-01 -3.32333773e-01 -2.34089732e-01 -5.11523902e-01 3.94034505e-01 -4.06752110e-01
-2.20891625e-01 1.31455446e-02 -9.21315253e-02 1.85885802e-01 -2.67743170e-01 -3.15820202e-02 1.32360563e-01 -2.58241177e-01 -4.94577050e-01 1.77806640e+00 -3.16196561e-01 -1.63445622e-01 -3.30615580e-01 1.32936585e+00 -1.62781551e-01 -8.54901522e-02 -3.24987508e-02 -8.71852934e-02 -7.59384930e-02 -3.42126042e-01 9.66205671e-02 2.00126782e-01 2.13477109e-02 -1.41978353e-01 -1.23330250e-01 -6.66889083e-03 4.60870087e-01 4.27186936e-01 1.80805102e-01 -4.23366487e-01 6.25138581e-01 -1.19070396e-01
-3.03450637e-02 -1.39359608e-01 6.05049193e-01 5.00149786e-01 -1.03712402e-01 -4.57098484e-01 -1.10845661e+00 1.08337149e-01 2.40791693e-01 3.88317555e-01 1.01217493e-01 -6.83342442e-02 9.61814448e-02 1.36547133e-01 -3.00476342e-01 6.33453786e-01 6.25820458e-02 2.59926647e-01 -1.02056973e-01 -2.79154062e-01 7.30046153e-01 3.90339822e-01 2.74550855e-01 -6.24006510e-01 -1.72164403e-02 1.84852686e-02 -1.75173759e-01 3.73991936e-01 -2.29385123e-01 3.46353918e-01 -2.54016966e-01 -2.43714064e-01
1.04733324e+00 -1.88216329e-01 3.74195784e-01 8.81564140e-01 -2.61064440e-01 -1.36249095e-01 -7.43772149e-01 -4.77058530e-01 3.98581654e-01 -1.54752898e+00 -3.67021263e-01 8.62066746e-01 -1.13697934e+00 -4.29315805e-01 3.77495736e-01 -2.19452500e-01 5.22269756e-02 1.88644797e-01 5.28826654e-01 8.66284013e-01 1.76911682e-01 -4.43979830e-01 -2.34334207e+00 -6.29509568e-01 6.18958175e-01 6.70665681e-01 -9.04481232e-01 -3.55182648e-01 1.02012061e-01 1.14514899e+00 -4.96029794e-01 -1.67595372e-01
-4.71741147e-02 1.95566937e-01 1.75272468e-02 -6.10303767e-02 -2.40421012e-01 -3.12924050e-02 3.23141105e-02 -6.50112778e-02 -1.74468402e-02 -9.47892666e-02 5.41329011e-02 7.23247826e-02 8.15942287e-02 -1.90418884e-02 1.33218527e-01 -1.02708787e-01 9.66480300e-02 1.74080312e-01 -3.27271316e-03 -2.85505325e-01 1.10196136e-01 7.47409537e-02 1.21684670e-02 7.43476255e-03 -3.41717452e-01 -6.17778711e-02 4.06888127e-03 -3.28597575e-02 1.07182125e-02 -1.86176654e-02 9.18503106e-03 -1.84687391e-01
8.47183764e-02 3.94410521e-01 1.59775913e+00 4.59970444e-01 -1.18224144e+00 1.92686126e-01 -2.88387388e-01 -5.43566287e-01 8.90612960e-01 5.78548014e-01 1.87796608e-01 -3.93090576e-01 -9.04103518e-01 8.75802338e-01 -4.34200577e-02 -3.47424388e+00 -1.39805436e-01 -4.54426098e+00 3.40395123e-01 1.55103505e-01 -1.24074876e+00 9.69538450e-01 3.63473177e-01 1.76458105e-01 2.30193034e-01 -1.70767546e-01 -5.10519445e-01 6.60167217e-01 -1.96138769e-01 2.97723268e-03 2.58227792e-02 -1.26143533e-03
-8.30831707e-01 2.20967755e-01 2.33222023e-01 -7.58419394e-01 -1.47769168e-01 -1.92584708e-01 -1.68828845e-01 4.43550080e-01 7.71597726e-03 8.51312056e-02 9.47811306e-02 -2.67598510e-01 4.37736362e-01 5.75898647e-01 -4.37133759e-01 -3.61157745e-01 1.79169044e-01 -2.86915511e-01 -2.74740338e-01 1.24080352e-01 4.28903662e-02 7.69362450e-01 1.73341468e-01 -1.88325375e-01 -1.89637810e-01 2.54622191e-01 -7.27371275e-01 2.18415558e-01 8.16648751e-02 -5.80973983e-01 -1.80279583e-01 -7.09507287e-01

layers.2.bias:
-1.47370267e+00
-7.35550582e-01
5.61900795e-01
-6.05844975e-01
2.20234424e-01
-5.53428352e-01
3.40379238e-01
2.15729594e+00
6.22011304e-01
7.97285736e-01
-9.22710359e-01
-1.29931343e+00
-1.75884157e-01
8.84544373e-01
-3.18985909e-01
-8.10136139e-01
-1.17408052e-01
-5.54755986e-01
3.78044277e-01
-6.15600981e-02
-2.35687159e-02
6.67138219e-01
6.52635992e-01
-1.08404681e-02
-4.72607374e-01
9.52622116e-01
-8.46097767e-01
-1.05062962e+00
3.27044725e-01
-1.05999291e+00
-6.90380335e-02
-2.03644156e-01
6.77922726e-01
1.75346255e-01
-4.19491738e-01
-5.73902689e-02
-1.23658009e-01
1.34868824e+00
9.87870574e-01
-1.87567621e-01
8.68011773e-01
-2.72706538e-01
-4.97287840e-01
1.31121385e+00
2.94093251e-01
-1.19877481e+00
1.01012981e+00
-4.34206635e-01
7.41713941e-01
1.49765062e+00
3.08590323e-01
2.84447789e-01
1.34983465e-01
-4.84118015e-01
8.69668126e-02
-4.94535901e-02
7.86076367e-01
-1.68606609e-01
-1.77863702e-01
-5.38250089e-01
8.80718887e-01
4.74567227e-02
-2.33295247e-01
6.47057712e-01

layers.4.weight:
4.95841056e-01 1.36057741e-03 -5.00462800e-02 1.84168294e-02 -5.70869446e-02 -1.05624028e-01 8.03114381e-03 -6.53023899e-01 -8.44740644e-02 -3.87235940e-01 4.79351021e-02 8.00024629e-01 -1.62154710e+00 -9.35964659e-02 -1.81649607e-02 -1.18080282e+00 -1.52128097e-03 8.88669193e-02 1.00579783e-01 5.24253410e-04 6.28861710e-02 -8.47469419e-02 9.91741777e-04 2.69982666e-01 -7.61422366e-02 -4.23360243e-02 1.66573649e-04 7.22769022e-01 -4.62956816e-01 4.01175380e-01 -4.98167835e-02 -1.98983356e-01 -1.33654431e-01 3.56321037e-02 5.63093796e-02 -6.47584326e-04 1.44168371e-04 -1.41410068e-01 -1.05913158e-03 1.34857357e-01 -4.18604389e-02 3.21971297e-01 1.17487581e-02 -1.38273910e-01 1.35235453e-03 2.67680556e-01 1.49740735e-02 -1.46770058e-02 -7.81359300e-02 -6.09082341e-01 4.95331585e-02 -7.90564492e-02 -8.53443169e-04 1.98031333e-03 -1.00905478e+00 -5.58391155e-04 7.25391135e-02 -3.16475064e-01 -6.34005666e-02 5.99546358e-03 -6.46126643e-02 -2.77259853e-04 6.93400323e-01 -3.22247557e-02

layers.4.bias:
-1.03409040e+00

