layers.0.weight:
3.31696361e-01 -5.67613244e-01 7.97264636e-01
5.69172144e-01 -8.09445798e-01 -5.80563486e-01
-8.31293464e-02 -6.13938749e-01 -5.77727258e-01
-1.07055378e+00 1.15616508e-01 4.58123112e+00
2.67282110e-02 4.11940843e-01 1.16166264e-01
-5.79876065e-01 8.58121514e-01 -1.84879377e-01
-1.31842160e+00 4.86020595e-01 -9.88645032e-02
-6.01682402e-02 7.88846374e-01 -9.23566997e-01
6.03414774e-01 -9.26082134e-01 5.12713566e-02
-1.11527514e+00 5.86289167e-02 -1.64189592e-01
7.53551662e-01 -9.85680073e-02 1.41279221e+00
-7.16238439e-01 -1.31785080e-01 -1.29353356e+00
-4.30584475e-02 7.12955832e-01 -1.57757306e+00
-1.16726887e+00 2.10410804e-02 5.00053525e-01
-6.46977663e-01 1.09646142e+00 7.52028525e-01
-1.81771189e-01 9.48456824e-01 1.64468549e-02
5.46070874e-01 -6.33792400e-01 -1.45019031e+00
-1.15504665e-02 1.12846863e+00 1.84981868e-01
8.07071701e-02 -9.54183042e-01 5.35116851e-01
3.41117471e-01 -1.28724232e-01 -8.64976227e-01
2.23475501e-01 1.65966094e-01 -5.10879010e-02
-3.24195027e-01 -2.56797969e-01 -1.00232065e+00
-4.64660525e-01 1.65601885e+00 -4.46076952e-02
-1.56447518e+00 4.06930357e-01 1.75152493e+00
1.05132234e+00 3.79940838e-01 -7.78481364e-01
2.59609371e-01 6.71772659e-01 -1.17486012e+00
-1.16151750e-01 -2.13369340e-01 1.90187418e+00
-3.97779703e-01 -2.44972542e-01 1.92939892e-01
3.22416067e-01 7.57217348e-01 -1.46468067e+00
-1.04933763e-02 4.65525806e-01 1.70563948e+00
-2.89658904e+00 2.84448242e+00 -1.78299040e-01
-1.26738083e+00 -5.19488692e-01 1.02004325e+00

layers.0.bias:
8.77201200e-01
4.81547834e-03
-1.42384720e+00
-6.34384930e-01
7.07518518e-01
-2.04255387e-01
-3.54310095e-01
2.86240637e-01
-7.45998621e-01
-1.59115899e+00
1.64644122e-01
1.80825554e-02
2.46107668e-01
-1.21306002e+00
-2.90836543e-01
1.43946290e+00
9.34610724e-01
1.82654703e+00
-6.68276668e-01
5.78918040e-01
-1.44309163e-01
-1.35729384e+00
1.02535832e+00
-7.05530941e-02
1.36946186e-01
5.60703695e-01
8.80503118e-01
-1.57881156e-01
-4.88352716e-01
7.31267482e-02
8.91685039e-02
-6.70209900e-02

layers.2.weight:
-3.57636392e-01 1.97425261e-01 8.55746791e-02 -5.06362021e-01 -3.73976193e-02 2.94606835e-02 8.36877897e-02 -4.16698903e-02 -1.10789388e-01 2.80910993e+00 6.77344501e-02 7.65615925e-02 -2.00959563e-01 2.38613081e+00 -1.40030295e-01 4.19539779e-01 -5.78041784e-02 6.53027296e-01 1.27344847e-01 -2.54823565e-01 2.66092986e-01 -5.61861545e-02 -5.23561537e-01 5.87256253e-01 -9.71740335e-02 6.35745406e-01 -8.12085211e-01 -1.58126682e-01 -1.87315673e-01 -2.37932175e-01 -9.19146240e-02 2.57569283e-01
-7.89760277e-02 1.55401304e-01 -8.67354333e-01 5.87294176e-02 -3.61968458e-01 1.35330215e-01 -7.55510926e-01 -4.97720897e-01 5.77125371e-01 6.73410356e-01 3.55574697e-01 -2.88866669e-01 2.37240225e-01 -9.08569023e-02 -3.15004081e-01 2.21203029e-01 -3.50079119e-01 3.75382036e-01 -4.17312443e-01 -6.45496324e-02 6.52549803e-01 -1.39018580e-01 -4.25143957e-01 -4.13892865e-02 -9.96659603e-03 -8.49853531e-02 -3.19215208e-01 -5.51935077e-01 5.95888756e-02 -2.12583363e-01 -3.28088664e-02 2.01129496e-01
1.41993780e-02 5.20838946e-02 -3.99551578e-02 -6.91776991e-01 -5.95921278e-01 -7.85415098e-02 -5.46930134e-01 2.69183457e-01 5.24524748e-01 6.64162040e-01 -4.84229475e-01 -1.54147878e-01 1.02157094e-01 -4.03171778e-02 -1.42372921e-01 -7.91324019e-01 -2.31557395e-02 -5.45325577e-01 -4.45634611e-02 5.14990687e-01 -4.04865295e-01 -3.14196378e-01 3.41582268e-01 -1.35369253e+00 -3.32610339e-01 3.70510936e-01 -1.11015058e+00 -1.54256806e-01 3.68064165e-01 -3.16579372e-01 2.79638469e-02 2.20182657e-01
2.26195425e-01 -1.31120071e-01 6.23063482e-02 1.32427490e+00 6.95990264e-01 4.08087790e-01 6.82007015e-01 -2.13370800e-01 -1.94258958e-01 -2.76774839e-02 1.38807938e-01 -4.10774350e-02 -5.53390861e-01 1.74764320e-01 6.57448530e-01 1.23846769e+00 -3.79934639e-01 1.08262312e+00 2.72048324e-01 -1.05096734e+00 -6.44968987e-01 -1.36087492e-01 4.05411959e-01 1.51941168e+00 4.18005347e-01 -5.09710550e-01 4.76599008e-01 -6.10369071e-02 -6.44126475e-01 -1.67068005e-01 -1.26875017e-03 8.87983441e-02
4.64334525e-02 -3.35308790e-01 2.90235341e-01 -4.50997174e-01 2.63648797e-02 -2.41450116e-01 -1.37095404e+00 1.80699706e-01 1.62345752e-01 -4.60897326e-01 4.36201125e-01 -7.83012688e-01 8.10593605e-01 -8.59883904e-01 -5.94363287e-02 -1.04783058e+00 -3.00479323e-01 -9.34368014e-01 -1.60671234e-01 -9.98824239e-02 9.39681947e-01 -5.43386757e-01 2.92521268e-01 -3.36367786e-01 -7.56701887e-01 6.50631070e-01 9.22926962e-02 -6.73908174e-01 -2.20292851e-01 6.15297914e-01 -1.28595129e-01 3.85552342e-03
-2.80965030e-01 2.16925368e-01 3.82195979e-01 1.37644619e-01 -1.08543253e+00 -3.32264036e-01 -6.76497295e-02 2.99076647e-01 4.40777987e-01 7.29537979e-02 5.78381717e-01 4.12408143e-01 -5.26129752e-02 1.86502665e-01 -2.84780443e-01 -1.33943665e+00 -3.47256482e-01 -1.50718081e+00 7.52540588e-01 -2.56796688e-01 -6.53744578e-01 -5.03608845e-02 -8.35278213e-01 -3.38089436e-01 1.36369824e-01 1.08209729e-01 1.20709710e-01 1.15497708e+00 -1.26958638e-01 -4.69746739e-01 -3.63272399e-01 2.41291642e-01
7.19597330e-03 -6.98894961e-03 -2.15670019e-01 -8.09720531e-03 -1.35269418e-01 1.75819591e-01 -1.03598438e-01 -4.20900911e-01 -1.12036414e-01 2.45902225e-01 2.88126707e-01 6.52656183e-02 2.86679387e-01 -3.17152590e-02 -1.91270560e-03 -2.46125475e-01 1.73014179e-02 1.09011330e-01 -1.29195945e-02 -3.16914111e-01 -3.82735014e-01 1.04818799e-01 6.28411621e-02 4.37216572e-02 1.60794884e-01 2.58929819e-01 -3.59877586e-01 -4.19827402e-01 -1.51616782e-01 7.40910023e-02 -2.99766138e-02 1.37037277e-01
3.56393814e-01 1.46442235e-01 -3.86574835e-01 3.58982772e-01 2.31714815e-01 -6.90415144e-01 1.36761978e-01 4.83835042e-01 6.06383719e-02 -3.32236230e-01 -1.25108615e-01 9.58667278e-01 3.10748279e-01 -5.63180089e-01 -2.16731057e-01 1.85639173e-01 5.20283222e-01 1.64335847e-01 2.59934992e-01 5.01545012e-01 -1.45745730e+00 -8.98957014e-01 1.32616267e-01 2.83663988e-01 1.83470786e-01 7.44242549e-01 6.06751978e-01 5.38554370e-01 -6.03147686e-01 4.96511102e-01 1.50309324e-01 -2.37824917e-01
8.45017433e-02 2.99826205e-01 -6.12393916e-01 -2.38059521e-01 1.42222953e+00 -4.38476145e-01 -5.91108203e-01 -3.40137511e-01 -6.76898062e-01 1.98548958e-01 5.01955152e-01 1.80998921e-01 6.71295464e-01 -3.22772294e-01 5.39032742e-02 2.09425116e+00 3.37695360e-01 1.56431389e+00 -5.76796830e-01 -1.23751417e-01 1.65957257e-01 -3.26637655e-01 5.92350662e-02 2.48828322e-01 8.12079906e-02 3.78292292e-01 6.62599802e-02 -4.95737493e-02 -1.49493571e-02 1.80288061e-01 2.16680884e+00 -3.20844352e-01
-6.17140889e-01 1.25637189e-01 -1.06458455e-01 -5.21752715e-01 4.33210522e-01 1.47818243e-02 -7.81977177e-02 3.74521911e-01 4.25751358e-01 -1.75089359e-01 1.43482843e-02 2.33592734e-01 1.83564350e-01 1.85929000e-01 -3.63255441e-01 -6.45019829e-01 3.57247829e-01 -4.00162131e-01 -4.16183114e-01 -1.56387202e-02 -6.31748259e-01 -2.33437464e-01 1.06785826e-01 -9.81268212e-02 -1.97431982e-01 -9.25370306e-02 -1.73430502e-01 2.09317416e-01 2.64364868e-01 1.65054336e-01 1.30671531e-01 -6.75082579e-03
1.91298991e-01 -2.83307910e-01 -6.18768744e-02 -3.69031012e-01 -6.34706557e-01 -3.42719883e-01 -2.77881086e-01 1.24464177e-01 4.88627315e-01 3.35200727e-01 -5.35113335e-01 -1.07741520e-01 8.59362423e-01 -3.14751506e-01 -2.37062842e-01 -3.70194882e-01 -6.01625562e-01 -1.21597517e+00 8.18156675e-02 -1.80049967e-02 9.79929090e-01 -2.43267581e-01 -8.82840335e-01 1.85178235e-01 -3.19046944e-01 -6.82546869e-02 -4.36693966e-01 -4.10086244e-01 1.73294812e-01 -4.07024473e-01 5.64479381e-02 5.79459608e-01
-9.03541744e-02 2.11275332e-02 1.67476404e+00 -8.62654865e-01 -8.81638587e-01 1.19933404e-01 -6.82051703e-02 -4.00019974e-01 5.96768558e-01 1.84347928e+00 5.52573465e-02 -1.62585407e-01 2.83288807e-01 3.23485065e+00 -5.82506061e-02 -1.05335689e+00 3.35255980e-01 -2.71385384e+00 5.87222159e-01 -3.32041144e-01 2.56374180e-01 5.88297486e-01 -2.92355180e-01 8.65518212e-01 -8.58964175e-02 -5.59726775e-01 3.04529190e-01 -9.70886648e-02 9.17089134e-02 4.16915789e-02 1.58495381e-02 -3.32198948e-01
-6.21790648e-01 -1.42751694e-01 9.12250459e-01 4.02458847e-01 -6.11119568e-01 6.05149746e-01 1.97784677e-02 -9.19075727e-01 3.41838330e-01 4.78866339e-01 2.25789994e-01 1.47099599e-01 -4.97880816e-01 -1.08264245e-01 4.27481920e-01 -4.19286394e+00 -7.58790001e-02 -5.98151207e+00 5.77536404e-01 -9.85265076e-01 -6.96509659e-01 4.29363817e-01 6.14550114e-01 -1.06167793e-01 -2.85356611e-01 -2.33464703e-01 -3.63623351e-01 6.37447476e-01 -6.21152103e-01 -3.36125135e-01 -1.06873167e+00 -2.38020271e-01
4.43569049e-02 -1.33962363e-01 -6.31296813e-01 -4.49489355e-02 -1.88408852e-01 -6.48977309e-02 2.42820948e-01 3.18620622e-01 3.76135051e-01 -2.31090456e-01 5.54963410e-01 -2.17752889e-01 3.12382817e-01 -8.15455914e-01 -3.73422831e-01 -8.73523280e-02 -2.66213208e-01 1.91164076e-01 -8.42727870e-02 1.02184042e-01 -2.87020653e-02 -1.57332718e-01 2.48040315e-02 -2.05871999e-01 -1.50330678e-01 7.39288270e-01 1.25677548e-02 5.81707321e-02 -1.97455704e-01 2.79296756e-01 7.52422884e-02 3.84112984e-01
-1.01207769e+00 2.42460847e-01 -9.41310897e-02 3.00851017e-01 -1.50939124e-02 6.51585877e-01 -3.93439233e-01 -5.51027916e-02 4.42420304e-01 -1.74185053e-01 -7.92285979e-01 2.72504240e-01 1.95417926e-01 -3.61634791e-01 -3.05431575e-01 -6.39776707e-01 2.69872308e-01 -5.43851018e-01 -4.67136592e-01 3.58101279e-01 1.34253180e+00 9.61103976e-01 -4.25493307e-02 1.66953385e-01 -3.58896315e-01 1.49819955e-01 -6.31329715e-01 2.34168079e-02 8.60364556e-01 -2.84771055e-01 -9.20114219e-02 1.28189191e-01
-5.40421069e-01 -5.58709279e-02 6.68466166e-02 1.40446499e-01 -2.78279155e-01 2.83454388e-01 -9.41304088e-01 -9.45265815e-02 9.78764445e-02 5.22472668e+00 5.69517255e-01 4.18917835e-01 2.13811234e-01 2.66846037e+00 -1.72799751e-02 -4.04903553e-02 -4.34641451e-01 -1.36257544e-01 4.96276654e-02 -2.09390655e-01 -6.93116486e-01 4.09644306e-01 2.33838201e-01 2.72305191e-01 -3.91039252e-01 -4.31515425e-01 -6.27703130e-01 3.32345903e-01 -1.27415389e-01 -6.54881775e-01 1.91536233e-01 -2.43007541e-01
-2.02772170e-02 1.46714166e-01 -7.08172619e-02 3.30402665e-02 1.81735698e-02 1.08488919e-02 2.97416598e-02 -5.52983321e-02 1.03346547e-02 -1.87457547e-01 6.88860267e-02 4.14768085e-02 4.87066880e-02 9.78222489e-02 1.11026853e-01 1.15374103e-02 4.53889444e-02 1.77273192e-02 -1.46790836e-02 1.13291256e-01 2.60220051e-01 1.12106003e-01 -1.98799791e-03 2.59639379e-02 5.82175441e-02 2.23374739e-02 5.53830639e-02 2.64684469e-01 8.79727770e-03 -2.37287791e-03 1.14412038e-02 2.81332154e-02
1.81071460e-01 -1.06329009e-01 -5.92143297e-01 2.33497154e-02 2.03167483e-01 -2.18416989e-01 -1.72193751e-01 -2.90267587e-01 2.60003388e-01 -6.84668899e-01 2.50209924e-02 1.41417803e-02 2.26891771e-01 4.57779095e-02 -9.32661891e-02 2.78112501e-01 -2.83247888e-01 5.12556970e-01 -1.42432913e-01 9.40788865e-01 1.89075738e-01 1.25889510e-01 -4.78084445e-01 -1.45125493e-01 -1.80426121e-01 -4.20615107e-01 8.20091486e-01 -4.26371247e-01 2.24928960e-01 2.85778135e-01 -7.46695176e-02 2.56182641e-01
-2.78984398e-01 -1.03333488e-01 -2.83855468e-01 -2.26536527e-01 3.51072788e-01 2.11145654e-02 1.76887929e-01 1.32790372e-01 4.14976358e-01 -4.16913420e-01 -1.82218954e-01 -8.82645845e-01 4.91957605e-01 -1.18953943e-01 -1.72180027e-01 7.75115937e-02 -1.69285253e-01 2.22998545e-01 1.41792312e-01 -9.74583626e-02 -3.22644822e-02 -1.77521065e-01 4.79766637e-01 -2.90330708e-01 2.31101736e-01 2.11093158e-01 -1.96210817e-01 3.66238266e-01 6.53189197e-02 3.29001307e-01 4.10641491e-01 1.23790279e-01
6.40186742e-02 1.77038655e-01 -6.24142168e-03 6.84712082e-02 -5.53037263e-02 1.01879701e-01 -1.88817028e-02 -7.90081695e-02 4.84195352e-02 7.61075318e-02 6.88342899e-02 1.12418897e-01 -6.57642558e-02 -7.25396797e-02 1.15678459e-01 4.53912497e-01 6.02592267e-02 -3.01650703e-01 4.16128226e-02 -9.43965688e-02 -1.03194505e-01 -1.30578011e-01 -3.09646549e-03 -3.20534445e-02 3.84351127e-02 1.28447771e-01 4.71606106e-03 2.18602177e-03 1.06934659e-01 1.36988405e-02 -1.26711763e-02 4.21192311e-02
5.48077226e-01 -1.56068861e-01 6.88250840e-01 5.14097989e-01 -2.60981023e-01 -2.80953676e-01 -7.05151141e-01 -1.20261759e-01 -2.47118548e-01 -8.59354734e-01 -1.09024197e-01 9.78566468e-01 5.06095648e-01 -4.46523517e-01 7.52816319e-01 5.45103967e-01 -7.46767968e-02 -2.61401266e-01 4.94043201e-01 4.69860137e-01 -4.49273199e-01 9.50622484e-02 4.76702094e-01 1.61411375e-01 1.44788533e-01 -3.56416374e-01 7.82064795e-02 2.91853875e-01 -1.08255044e-01 -9.43452492e-02 6.08722754e-02 3.75633776e-01
2.66183823e-01 -1.05108708e-01 1.99867543e-02 1.79955274e-01 6.48034588e-02 1.42001674e-01 9.44175243e-01 4.56792079e-02 4.59270388e-01 2.44273812e-01 3.65685880e-01 3.41875762e-01 -4.25991446e-01 -5.24836540e-01 8.83351043e-02 -9.98042881e-01 -6.87557086e-02 -6.70646966e-01 -5.64326085e-02 -4.66198683e-01 -5.37707686e-01 -3.36063728e-02 2.61939704e-01 -1.97083578e-02 5.96773438e-02 -4.49152648e-01 -6.75706089e-01 4.51766968e-01 -1.27011985e-01 -1.58726260e-01 2.49669254e-01 -3.85446288e-02
2.18851063e-02 -4.00503986e-02 -2.72704154e-01 4.13614333e-01 3.74164656e-02 4.16347474e-01 3.05273235e-01 -2.44437829e-01 -3.10242653e-01 3.58280152e-01 3.96231189e-02 5.24814762e-02 4.34051543e-01 4.78246808e-01 -1.24635361e-01 -6.04276717e-01 5.27443469e-01 -1.44325495e-01 -4.77619935e-03 -2.52352357e-01 -2.36692414e-01 4.44703661e-02 -3.07845265e-01 1.77593395e-01 -2.64617801e-01 -1.02669641e-01 -5.25242463e-02 -6.61437452e-01 8.92395675e-02 -1.04251988e-01 6.06338261e-03 -3.57635111e-01
7.81079292e-01 -5.75142726e-02 -2.71111101e-01 1.67429909e-01 1.74408674e-01 -4.96936858e-01 -3.82054821e-02 3.14985275e-01 2.78353781e-01 -2.61984682e+00 1.10581607e-01 1.65862486e-01 3.78442198e-01 -1.61973298e+00 1.58514753e-01 3.43635470e-01 1.33351013e-01 2.59732157e-01 -2.01260090e-01 -7.97266327e-03 4.80787545e-01 -2.14963555e-01 -3.32198083e-01 -3.51880528e-02 -3.74530911e-01 -1.97783440e-01 -5.63874692e-02 -1.51098818e-01 2.11491391e-01 1.07810810e-01 -8.80127624e-02 -1.72905922e-01
-9.06433880e-01 1.64489120e-01 2.63578957e-03 1.11155421e-01 5.40110376e-03 -3.36125523e-01 1.10648215e+00 -1.25646293e-02 -1.07317758e+00 7.52687573e-01 -7.48958051e-01 5.55181764e-02 1.84092805e-01 7.40111917e-02 -7.20897794e-01 9.25674200e-01 6.14932239e-01 6.20459676e-01 -4.49830830e-01 2.51411740e-02 -2.78206021e-01 4.47182178e-01 5.32426357e-01 9.46621478e-01 -4.93014485e-01 5.28648317e-01 -6.29823029e-01 1.04480363e-01 8.75901520e-01 -4.64243680e-01 8.97088721e-02 8.84708837e-02
-5.44507563e-01 5.84232926e-01 -4.41802181e-02 -1.37511566e-01 5.37456453e-01 1.68859184e-01 2.48304964e-03 5.16664922e-01 -3.24494779e-01 4.92753297e-01 7.06888363e-02 -1.61449313e-01 2.15870202e-01 2.26232201e-01 -5.22020102e-01 -3.00276130e-01 -1.47968143e-01 -1.20682389e-01 3.89250666e-01 -4.03221101e-01 -3.95250879e-03 -2.77919739e-01 2.89329514e-02 -5.17474830e-01 7.81621709e-02 -2.05273494e-01 -5.60609102e-01 -4.95426565e-01 1.68819144e-01 -3.61665308e-01 -2.15025276e-01 -2.34487310e-01
-9.90248621e-02 3.41220111e-01 4.88380343e-01 3.07873666e-01 -3.26725185e-01 -3.69633883e-01 -1.38381407e-01 1.10091791e-02 3.38084310e-01 -5.07731915e-01 -6.40200078e-01 -1.09740039e-02 -2.23513022e-01 -4.24043447e-01 -3.41389962e-02 5.65987051e-01 3.14566158e-02 1.33378342e-01 3.08291197e-01 2.94532686e-01 -3.39665599e-02 -7.04710543e-01 6.90361038e-02 6.55677840e-02 2.07977921e-01 1.96963578e-01 -3.48157547e-02 -4.74999160e-01 -2.61927158e-01 -1.76463410e-01 -2.52396278e-02 -1.88300580e-01
-7.94147372e-01 4.49685842e-01 -6.45941794e-01 -9.89008188e-01 -1.74082860e-01 -2.21555382e-01 -3.65409583e-01 3.87632430e-01 1.01318106e-01 4.39739615e-01 -3.95661965e-02 1.66770652e-01 1.58940896e-01 2.82014161e-01 4.36576875e-03 1.13130987e+00 6.69843435e-01 1.24421442e+00 -7.27299035e-01 5.61603606e-02 5.59591293e-01 -7.76205242e-01 -6.26691163e-01 4.20937866e-01 -1.53141484e-01 -4.54800278e-01 2.99160033e-01 2.86180049e-01 5.47030866e-01 -7.93550551e-01 2.23228499e-01 -2.62698293e-01
1.64855123e-01 -5.26865482e-01 -3.62274498e-02 -1.11593604e-01 -6.52967572e-01 5.24006248e-01 1.03870086e-01 -4.68262613e-01 5.05836368e-01 9.02914107e-01 -2.10849136e-01 1.09340541e-01 5.47627747e-01 4.01678503e-01 -2.02554790e-03 -1.04514050e+00 -4.56036896e-01 -1.04367030e+00 3.86535376e-02 2.09042698e-01 2.45609611e-01 3.46164376e-01 2.04443783e-01 1.43481225e-01 2.45686978e-01 1.02440111e-01 -4.07429308e-01 -2.63699949e-01 -2.49492496e-01 -3.35020691e-01 4.15940493e-01 3.46273482e-01
-3.32707874e-02 -9.52319205e-01 3.43205601e-01 1.60908246e+00 1.38021231e-01 7.18069822e-02 -1.55103564e-01 -2.86795884e-01 -1.96636021e-01 2.06688449e-01 1.11311829e+00 -1.01640129e+00 -1.12840545e+00 -4.07972604e-01 1.73729137e-01 -1.09927475e-01 -1.19998229e+00 5.69578588e-01 6.47775292e-01 -7.58052051e-01 8.28241885e-01 1.67537346e-01 -3.74067551e-03 1.16695955e-01 -1.34166509e-01 -5.31172633e-01 2.30128244e-01 1.12705253e-01 -9.04563844e-01 1.28761208e+00 -6.42252088e-01 4.67838496e-02
-7.31937706e-01 -2.08259538e-01 3.84105533e-01 2.22754911e-01 -4.40594077e-01 2.62376577e-01 2.98716187e-01 -8.87617394e-02 -4.54958022e-01 -2.16938138e-01 -8.79145861e-01 1.74378380e-01 3.75618726e-01 1.04222119e-01 1.98683038e-01 -5.17222404e-01 3.10309678e-01 -5.87005675e-01 1.44169822e-01 -4.25783187e-01 -8.95103276e-01 2.81324387e-01 4.40193266e-02 -6.60914123e-01 1.00244343e-01 5.03715217e-01 -2.39573810e-02 2.19006643e-01 -5.21542907e-01 -1.33662403e-01 -1.68715939e-01 7.94938356e-02
-2.90591657e-01 -3.64026397e-01 -1.81468606e-01 -1.35112658e-01 -1.96219757e-01 -4.44810353e-02 2.52862245e-01 2.51569957e-01 -6.71886027e-01 1.33355689e+00 -1.37135938e-01 -1.01668693e-01 -5.17609775e-01 5.03907382e-01 -1.39280871e-01 4.41145003e-02 8.39062687e-03 1.71821088e-01 -1.27560943e-02 -1.99197873e-01 2.14318722e-01 1.24780290e-01 3.57167363e-01 4.82856296e-02 4.49582189e-02 -7.38119632e-02 -1.73276410e-01 1.94507405e-01 2.69373715e-01 3.25839192e-01 -6.82676360e-02 1.09533697e-01
-7.15965480e-02 -4.13780630e-01 8.78646225e-03 -1.01729840e-01 -3.82247686e-01 4.71747845e-01 -1.20014459e-01 -4.26117063e-01 2.66022291e-02 -3.83479834e-01 2.87515800e-02 4.43889797e-01 2.02864513e-01 6.04436457e-01 3.51531237e-01 -5.48896074e-01 -5.30734062e-01 -1.25572646e+00 -5.52538261e-02 -3.66659552e-01 -1.22592039e-01 8.69250000e-01 4.48171675e-01 6.24782205e-01 -4.78011906e-01 1.37096897e-01 1.28530115e-01 -2.00101927e-01 -3.76733452e-01 -2.61320949e-01 -1.19521908e-01 -7.45371804e-02
3.10529880e-02 -5.65477051e-02 1.39721811e-01 -9.06665325e-02 2.29295403e-01 -1.06844455e-01 2.07812358e-02 -3.35810363e-01 -1.74263149e-01 3.50341022e-01 1.41732648e-01 1.77356362e-01 7.84244612e-02 -3.02520931e-01 -6.52478337e-02 -2.82414854e-01 5.32890074e-02 1.34080470e-01 -1.56738311e-01 -5.45514584e-01 1.42864034e-01 -1.53622076e-01 -1.27151430e-01 -3.40847485e-02 -1.12466142e-02 2.10167572e-01 -6.18603341e-02 2.85013653e-02 1.06045805e-01 7.09559917e-02 -2.16241945e-02 -5.28699858e-03
8.83816853e-02 -5.80440879e-01 -2.20338240e-01 7.52247989e-01 -1.85071364e-01 -4.51775432e-01 1.80121660e-01 -1.35852888e-01 -3.41199428e-01 2.92277551e+00 -5.67672372e-01 9.62880790e-01 6.62294269e-01 8.28213096e-01 8.35488737e-01 2.60800034e-01 3.17072161e-02 2.50601530e-01 5.51383138e-01 3.74105722e-01 2.53752291e-01 1.73580050e-01 -1.39654309e-01 1.04539299e+00 -2.25944612e-02 1.47958755e-01 -3.17288160e-01 2.63165176e-01 6.27068281e-02 2.75242645e-02 1.27337790e+00 1.13955364e-04
-1.06369734e-01 1.70724571e-01 1.18237279e-01 7.21257329e-02 5.40775247e-02 -4.11516726e-02 2.32318733e-02 1.13960318e-01 4.67922864e-03 -2.01740135e-02 1.69327751e-01 7.83408210e-02 9.26390439e-02 3.55718471e-03 1.64758459e-01 1.84382513e-01 3.63477170e-02 -1.24725796e-01 -2.02305689e-02 9.69375372e-02 -1.55003294e-01 -6.06080443e-02 -2.85986867e-02 -9.22947284e-03 -4.59225029e-01 -2.22186178e-01 4.55674268e-02 -1.38630539e-01 -6.37439713e-02 -5.75105734e-02 4.67927475e-03 -4.59454834e-01
6.76291157e-03 -7.93173984e-02 -5.00528589e-02 2.23395824e-02 -2.24285945e-01 2.31418535e-02 -3.81064564e-02 1.67123258e-01 6.93608448e-02 -3.81478891e-02 -1.19926184e-02 -1.87454522e-02 -6.28738999e-02 4.32482660e-02 -6.55115023e-02 2.20078468e-01 -1.14101574e-01 -1.11481436e-01 1.41174020e-02 3.32255632e-01 -2.47445434e-01 -1.02806225e-01 6.46732328e-03 -2.26361933e-03 9.40797944e-03 -8.93917605e-02 -6.59631416e-02 -6.59356192e-02 -4.98647764e-02 5.02394810e-02 3.17259170e-02 -1.61214976e-03
8.69077623e-01 -2.84599304e-01 3.85822773e-01 3.58695865e-01 -5.76718926e-01 2.86761601e-03 -6.21852458e-01 -5.43931797e-02 7.75071800e-01 6.17194623e-02 -1.82565808e-01 3.72143127e-02 3.48759852e-02 2.43359581e-01 7.62341678e-01 -1.17250979e+00 -4.76321518e-01 -1.06446004e+00 9.36803460e-01 -2.87855685e-01 -7.68821716e-01 2.50293344e-01 -1.46641091e-01 2.22953603e-01 7.89070904e-01 -5.29794954e-02 2.43578598e-01 -9.40178987e-03 -5.92297614e-01 2.44989336e-01 1.11563638e-01 1.15459420e-01
9.19081643e-02 -4.52079654e-01 -1.97882876e-01 3.98825377e-01 3.88965197e-02 -5.57213128e-01 1.37861684e-01 2.11059675e-02 2.18626797e-01 -2.09953740e-01 -2.39682123e-01 4.59388703e-01 3.63082081e-01 -2.29926899e-01 2.97924906e-01 -7.05075920e-01 -3.79537910e-01 -9.68475580e-01 3.79996717e-01 -4.35736835e-01 -2.21405044e-01 -3.09935138e-02 3.98539692e-01 6.90407157e-01 -1.65718436e-01 -3.13797295e-01 4.29460078e-01 -3.63257602e-02 -5.82333095e-02 -4.28205013e-01 1.11708194e-01 2.60535806e-01
6.56069070e-02 4.95896563e-02 7.23538876e-01 1.19422205e-01 -1.23720598e+00 -3.67924303e-01 2.21340165e-01 -1.56027079e-01 7.54778683e-01 5.90044379e-01 -1.06334500e-01 -4.27130789e-01 -3.11768590e-03 6.22715592e-01 -6.57944679e-02 -2.59169626e+00 -2.29336366e-01 -3.08471084e+00 2.04892963e-01 3.33765745e-02 -8.08389306e-01 6.39987171e-01 1.32424697e-01 1.49018422e-01 1.87006265e-01 1.00178093e-01 3.50778848e-01 1.84404969e-01 -1.89908817e-01 -7.63809502e-01 -6.77700639e-01 2.12491706e-01
-1.87012687e-01 -2.48073235e-01 -2.68337607e-01 -2.69661188e-01 -2.49522179e-01 5.61706722e-01 1.56601265e-01 -1.06910989e-01 -1.26470327e-01 3.61227661e-01 -1.81483477e-01 1.45977437e-01 4.81896922e-02 -2.65089720e-01 -1.28250837e-01 -4.91482198e-01 2.98832178e-01 -5.99775970e-01 -2.94558823e-01 1.73059683e-02 -3.25068325e-01 3.76699656e-01 -1.21183805e-01 3.53804022e-01 3.68193597e-01 -5.22434354e-01 4.93307441e-01 5.20633571e-02 6.76809102e-02 1.44925043e-01 -9.46686119e-02 4.29097004e-02
4.64029223e-01 6.94847286e-01 6.77330434e-01 -4.07493979e-01 1.89712018e-01 1.40069336e-01 1.56250358e-01 -1.04717843e-01 -8.10103834e-01 9.56579030e-01 -2.92617798e-01 -2.36174941e-01 -4.32787567e-01 1.12193358e+00 1.48618758e-01 1.54921070e-01 3.59135531e-02 -9.07190859e-01 2.81585753e-01 -2.73144573e-01 4.57098708e-02 6.99469924e-01 -1.59915879e-01 -3.99463952e-01 6.51821733e-01 -7.60845959e-01 4.86191094e-01 -6.49306998e-02 -3.08972746e-01 -6.06595576e-01 5.19500289e-04 -4.70084667e-01
-5.08113690e-02 -3.94209772e-01 1.89750895e-01 -1.72997594e-01 -1.72029704e-01 1.50049224e-01 7.40464479e-02 -2.84729362e-01 -4.68573213e-01 -3.17160100e-01 -1.01156630e-01 -7.37779029e-03 -1.01167724e-01 3.71344179e-01 5.33884943e-01 3.40108484e-01 2.74926811e-01 -4.25241351e-01 3.19439396e-02 1.64251015e-01 -2.20281065e-01 3.05237770e-01 -3.45398307e-01 1.73856258e-01 -3.03832479e-02 -2.64065742e-01 4.07396913e-01 6.85030639e-01 -3.92806888e-01 -4.54126954e-01 2.86336690e-01 3.07374746e-01
-1.24716270e+00 -7.66907856e-02 2.88503841e-02 -1.21889985e+00 1.07314318e-01 6.88311085e-02 3.48649979e-01 6.21598780e-01 -7.29825646e-02 4.68943477e-01 -9.76232111e-01 6.77930832e-01 1.06386197e+00 4.99417841e-01 -4.83817130e-01 5.24891913e-01 4.02373672e-01 -2.03006402e-01 -4.36843544e-01 8.91359329e-01 -5.93714356e-01 -3.97254974e-01 -1.95305407e-01 2.53236350e-02 4.98279393e-01 9.81057286e-01 9.48300660e-01 6.72177374e-01 4.20344919e-01 -9.30518031e-01 3.11789364e-01 3.22647482e-01
-9.80817005e-02 8.64765495e-02 3.05335760e-01 -4.89539318e-02 3.38792652e-01 -1.04914717e-01 -1.44235073e-02 3.35734487e-02 -4.84681167e-02 2.02396214e-01 1.98962763e-02 2.00478919e-02 -9.41086933e-03 -1.23015389e-01 8.72538164e-02 -1.36212736e-01 8.36484581e-02 4.89180721e-02 9.47957486e-03 -4.21998441e-01 1.44928917e-01 -1.00464687e-01 2.76719709e-03 7.20444554e-03 1.47205546e-01 -1.60975866e-02 7.22031444e-02 1.44568458e-01 3.40219885e-02 -8.96180198e-02 -1.49835683e-02 4.99037616e-02
-1.22177400e-01 2.27495536e-01 3.01184654e-01 -1.62813976e-01 3.11361551e-01 1.13280207e-01 7.03596294e-01 3.30828220e-01 7.71629736e-02 -1.17757213e+00 -3.88881415e-01 5.76948345e-01 6.99688554e-01 -2.94973999e-01 -4.64122534e-01 2.89199382e-01 4.98849481e-01 -3.79541069e-02 -5.28639443e-02 -4.88889158e-01 9.66313183e-01 -2.58417577e-01 3.09778545e-02 -1.27307451e+00 6.54877946e-02 5.65501809e-01 -1.03492832e+00 -9.69893277e-01 3.07643950e-01 -1.54485375e-01 -4.28707199e-03 -3.10471773e-01
6.27879739e-01 -3.23934764e-01 -2.91705936e-01 4.58004922e-01 -8.96305442e-02 -5.72840013e-02 -7.62646943e-02 -1.75786495e-01 5.14934421e-01 -1.04449421e-01 -9.25225690e-02 -6.89949766e-02 7.39257514e-01 -3.38924766e-01 3.70023876e-01 -4.28879350e-01 -4.63196598e-02 -5.71171224e-01 3.49581867e-01 -9.26445350e-02 -3.20934236e-01 9.94795263e-02 1.68479949e-01 1.68030813e-01 -4.48599495e-02 -2.33665258e-01 8.13081264e-01 4.76730019e-01 -3.80211890e-01 3.54598075e-01 1.54102504e-01 3.24142009e-01
-2.20393240e-01 3.19434136e-01 -1.68535829e-01 -5.56556955e-02 -5.73648274e-01 -2.12377176e-01 9.53022093e-02 4.63969886e-01 -7.28081018e-02 -5.71434319e-01 -1.88402951e-01 4.81296098e-03 -3.33035469e-01 2.04842627e-01 2.59938776e-01 -1.62548035e-01 -1.17098980e-01 2.64337659e-01 1.83267128e-02 3.63297671e-01 -2.47696653e-01 -5.40029630e-02 -1.49064027e-02 -4.12297770e-02 -1.05434954e-01 -9.28812772e-02 2.61939287e-01 -2.75673240e-01 1.20609328e-01 -2.21712003e-03 4.78169927e-03 1.61924839e-01
4.32833210e-02 -5.51045895e-01 -1.01826645e-01 -1.11115448e-01 -6.06479533e-02 -1.37807801e-01 -2.02983711e-02 -1.55855983e-01 -4.23469126e-01 4.62545693e-01 -1.57798044e-02 8.29578862e-02 3.61161947e-01 3.63179952e-01 -1.42012313e-01 -6.06918871e-01 -2.14394450e-01 -9.41992253e-02 -2.64385939e-02 5.13545573e-02 8.72626081e-02 -3.40326130e-02 5.98681033e-01 3.69539782e-02 -3.59313190e-01 2.40192816e-01 3.33452910e-01 8.59363303e-02 -5.30941859e-02 1.20384917e-01 -4.23670933e-02 -2.24240243e-01
1.07564664e+00 6.26343116e-02 -6.45413697e-01 2.20565334e-01 2.38798186e-01 4.83782738e-02 4.29226577e-01 1.14823043e-01 -2.51618505e-01 -9.84076381e-01 -8.03827643e-01 1.33443809e+00 5.89603484e-02 -9.56834972e-01 2.45738924e-01 5.35625994e-01 9.72254798e-02 4.45580065e-01 -9.71477330e-02 1.82756245e-01 -1.54741204e+00 -4.58431602e-01 -8.49663377e-01 -3.02041799e-01 -3.44023883e-01 -1.73808075e-02 2.73728728e-01 5.16861439e-01 -7.78146461e-02 8.04140195e-02 -1.18788660e-01 4.34363544e-01
-7.28010312e-02 1.15605265e-01 -1.01227176e+00 -2.44552195e-02 3.28713506e-01 2.87414610e-01 9.47975963e-02 -2.26175934e-02 -4.72500175e-03 4.43989694e-01 -3.76573265e-01 -1.18934810e+00 3.31150621e-01 3.25778812e-01 -3.89059514e-01 8.30165744e-01 -6.09051287e-02 1.46467328e+00 -3.80835265e-01 6.91844821e-02 1.91975981e-01 -1.81670412e-01 -7.46644288e-02 7.75947452e-01 -3.48006815e-01 7.26016879e-01 -4.82288338e-02 -1.60508558e-01 5.80292009e-02 1.61664233e-01 6.28574848e-01 2.13457015e-03
-1.28936041e-02 3.83906692e-01 -1.72721386e-01 -6.18564665e-01 -6.62459284e-02 7.36823559e-01 3.02917600e-01 7.97653735e-01 3.08943391e-01 2.98580676e-01 9.51145649e-01 -2.64696389e-01 8.78549293e-02 2.42765769e-01 1.69468857e-02 -7.22654402e-01 3.02729756e-01 -4.53541912e-02 -3.25987279e-01 -5.26334763e-01 -5.10471426e-02 -2.30615795e-01 2.74877012e-01 1.30594343e-01 -2.39178240e-01 1.76897854e-01 3.23210284e-02 -1.66083202e-02 -5.53386927e-01 2.50116199e-01 -2.13652089e-01 1.39502808e-01
7.51057640e-02 2.90843789e-02 -1.39125004e-01 1.36704650e-02 -3.42255794e-02 4.94402237e-02 5.21226786e-02 7.53156170e-02 -2.96019744e-02 -4.33309190e-02 -5.53460382e-02 -3.85372281e-01 2.39532650e-01 2.33448118e-01 1.53638665e-02 7.81981722e-02 9.16293785e-02 -7.47226775e-02 1.06269941e-01 2.51765132e-01 1.17747955e-01 2.79564351e-01 -6.18662033e-03 1.96639106e-01 -9.15497392e-02 -2.92319417e-01 -1.72082528e-01 -1.67542547e-01 -3.13741297e-01 -1.37619168e-01 2.04909313e-02 -2.83956528e-01
4.27063346e-01 1.16570815e-01 5.53571224e-01 3.97778362e-01 3.09555560e-01 4.03873146e-01 9.11578953e-01 -3.66063207e-01 7.90806234e-01 -7.60412440e-02 -6.06706321e-01 1.54486611e-01 -5.24832189e-01 -5.05113721e-01 -7.43359402e-02 1.53011367e-01 -4.81935531e-01 -5.16857028e-01 2.90300161e-01 1.93799492e-02 -1.05427466e-01 5.75007081e-01 1.88714802e-01 6.43595338e-01 2.83841733e-02 -1.38251573e-01 -2.30039537e-01 1.70003057e-01 1.79903865e-01 4.16389495e-01 -1.24305397e-01 3.75593640e-03
-3.49277258e-01 -5.99012434e-01 1.59749901e+00 2.69001946e-02 -9.33960438e-01 -1.17410012e-01 -1.14344323e+00 -9.16804969e-01 2.36194789e-01 1.11833811e+00 -3.31131257e-02 -4.26538736e-01 -2.30858192e-01 1.12861037e+00 6.96461737e-01 -1.98108578e+00 9.65418369e-02 -2.74635553e+00 1.71471727e+00 8.15492690e-01 -4.93950903e-01 1.76522338e+00 -3.71347785e-01 2.37915903e-01 4.12934601e-01 -6.27475679e-01 -3.16117287e-01 3.03144932e-01 2.55475014e-01 -1.47954896e-02 7.56070316e-01 7.99422339e-02
1.23271951e-02 -2.23849714e-02 5.19644767e-02 4.15875129e-02 4.20079082e-01 -2.27474445e-03 2.03776080e-02 2.06385553e-02 4.56503592e-02 -7.21784960e-03 -1.36144934e-02 -7.00642243e-02 1.03512965e-01 -3.80456884e-04 3.08164419e-03 -7.01058358e-02 1.32760983e-02 -4.50770520e-02 -7.42510036e-02 8.80222544e-02 1.43478081e-01 4.11082655e-02 -2.32951622e-02 -8.83762632e-03 -1.32943511e-01 -1.43912241e-01 1.58798285e-02 3.44581217e-01 -4.63399664e-02 -5.85630275e-02 9.37683228e-03 -2.42034867e-01
-3.78653973e-01 2.26530358e-01 -1.52761966e-01 -5.90739772e-02 -1.79634139e-01 -3.16998996e-02 -2.49366313e-01 6.86515927e-01 2.73277555e-02 -1.17704615e-01 -1.50224209e-01 6.37353420e-01 4.87570465e-01 8.77000391e-02 1.46162197e-01 1.00971185e-01 2.63215564e-02 1.28956184e-01 -1.37738720e-01 4.79590558e-02 -8.00106749e-02 -6.36258364e-01 -1.97240323e-01 -3.19903940e-01 -2.72911131e-01 -1.83422819e-01 -5.97450078e-01 3.28651190e-01 -2.66163558e-01 -2.36355990e-01 -2.55790502e-01 4.71467853e-01
-2.83847209e-02 -2.20586792e-01 6.59538388e-01 2.20450699e-01 -6.76089585e-01 2.86422491e-01 3.75403643e-01 -5.59560537e-01 5.00845850e-01 3.73885542e-01 -1.14242710e-01 4.46729958e-01 -5.45120724e-02 1.85237810e-01 2.05678686e-01 -2.10828400e+00 1.00602902e-01 -1.09614742e+00 3.34725380e-02 1.87215433e-01 -4.50698799e-03 2.14381874e-01 2.85582811e-01 1.35026857e-01 -1.39323160e-01 -4.92277205e-01 -1.17797516e-01 -3.05116355e-01 -3.34662378e-01 -5.20640194e-01 4.16051954e-01 -3.78358632e-01
-1.74023405e-01 -1.60460651e-03 -1.77155420e-01 1.38732612e-01 -5.42300986e-03 -2.22132411e-02 2.87419468e-01 -1.81305066e-01 -6.79347038e-01 1.58246017e+00 -3.88667852e-01 -5.59566356e-02 -2.60767430e-01 1.22114074e+00 -1.87099621e-01 1.27780601e-01 7.25152437e-03 1.46931782e-01 -1.34010479e-01 -2.84834892e-01 5.54569624e-02 2.02603295e-01 8.35847016e-03 -1.98299587e-01 -1.05794281e-01 8.51388797e-02 4.17305917e-01 4.10679251e-01 2.07576230e-01 -4.73136842e-01 2.15061486e-01 -1.21633515e-01
-8.60035419e-02 -1.85726598e-01 5.98789871e-01 4.88850623e-01 -1.63729433e-02 -3.98464084e-01 -1.11094165e+00 1.24745369e-01 2.75060803e-01 4.06617671e-01 9.42621157e-02 -6.45964593e-02 1.05215922e-01 1.68404937e-01 -2.60015130e-01 6.48525774e-01 2.76967622e-02 3.36659402e-01 -1.14209563e-01 -3.14956397e-01 8.75268996e-01 3.75808716e-01 3.32331419e-01 -6.25378430e-01 8.14061314e-02 1.92561857e-02 -1.93741649e-01 1.99634671e-01 -1.43248081e-01 3.41707349e-01 -2.02667788e-01 -3.50689769e-01
1.29309249e+00 -3.45283836e-01 4.78683025e-01 9.32417274e-01 -3.46422702e-01 1.16825804e-01 -6.75362766e-01 -5.71927905e-01 4.82886076e-01 -1.12628579e+00 -3.30746174e-01 7.93607414e-01 -1.19377303e+00 -2.71140099e-01 6.38117552e-01 -3.40853870e-01 -4.82450426e-02 -4.16833088e-02 6.92129910e-01 7.85197318e-01 2.06212372e-01 -4.39268202e-01 -2.11150098e+00 -5.59143126e-01 4.61741090e-01 5.94754636e-01 -8.55355322e-01 -2.44346932e-01 -1.13906883e-01 1.20758319e+00 -7.62738883e-01 -2.60108709e-02
-2.61227060e-02 1.67611733e-01 -5.73519506e-02 -4.80952710e-02 -1.44069821e-01 -2.66289022e-02 4.42110412e-02 -3.86442505e-02 -5.90442643e-02 -2.51705907e-02 4.31121103e-02 9.37549323e-02 8.55443254e-02 -4.41281758e-02 1.71066836e-01 -1.51477575e-01 1.01927489e-01 1.72236562e-01 -2.80022714e-02 -2.78328329e-01 1.43326506e-01 2.93170642e-02 -1.49016706e-02 -2.93337759e-02 -3.03774089e-01 -3.91962044e-02 2.10361015e-02 -8.50357190e-02 -2.04328969e-02 -7.05901906e-03 -2.57484000e-02 -2.19313323e-01
4.35957499e-02 3.54162961e-01 1.63918471e+00 4.34034884e-01 -1.25110674e+00 2.13105455e-01 -1.89316973e-01 -5.09325027e-01 8.22460949e-01 5.97100616e-01 1.52806252e-01 -3.41670632e-01 -8.76231730e-01 8.00393999e-01 2.30475143e-02 -3.48439860e+00 -1.33434534e-01 -4.61013079e+00 3.03269684e-01 1.68158337e-01 -1.17901921e+00 1.01465023e+00 4.02237236e-01 1.69091031e-01 2.14533359e-01 -1.40516192e-01 -5.38055480e-01 6.11972570e-01 -1.54243395e-01 -2.39101909e-02 7.85037354e-02 1.35720614e-02
-8.08319628e-01 1.61028191e-01 1.41518489e-01 -7.24444747e-01 -8.40376318e-02 -1.55725062e-01 -2.05344543e-01 4.94686782e-01 -7.57611543e-02 -7.60110701e-03 1.30001619e-01 -3.13006699e-01 4.23896343e-01 4.48466003e-01 -3.71294469e-01 -4.01381046e-01 1.72929436e-01 -3.21699500e-01 -3.51070046e-01 1.32042348e-01 9.37388390e-02 6.98275328e-01 2.43334994e-01 -2.47530177e-01 -1.48387283e-01 3.03741962e-01 -6.94029331e-01 1.22764833e-01 7.40559995e-02 -5.45646191e-01 -1.49123222e-01 -7.17916310e-01

layers.2.bias:
-1.41482484e+00
-8.11691642e-01
7.43334591e-01
-5.79121947e-01
1.00840636e-01
-3.42335731e-01
2.45913520e-01
2.16945362e+00
5.86354554e-01
8.33141148e-01
-8.96452487e-01
-1.35675776e+00
-3.25704247e-01
9.13948476e-01
-2.75410533e-01
-7.25281119e-01
-6.03431612e-02
-7.31658578e-01
3.19604427e-01
-8.37360695e-02
-1.87811449e-01
8.14204454e-01
7.65014887e-01
-1.27067268e-01
-3.83098066e-01
1.03996646e+00
-9.08250570e-01
-1.08890140e+00
5.05426526e-01
-1.11994433e+00
7.25571662e-02
-4.11487333e-02
7.74592340e-01
1.11472696e-01
-3.57260227e-01
-1.08734760e-02
-1.34725645e-01
1.38154554e+00
9.85289991e-01
-8.07243958e-02
9.76878345e-01
-1.92369133e-01
-5.50581515e-01
1.47636342e+00
2.53812999e-01
-9.76755500e-01
1.05145955e+00
-3.50228548e-01
8.10198009e-01
1.83462584e+00
2.62500376e-01
3.08321744e-01
1.11787938e-01
-6.17253125e-01
1.40261367e-01
-1.59030911e-02
8.26751649e-01
-1.25881970e-01
-7.26736635e-02
-6.12205207e-01
7.51881063e-01
7.08441883e-02
-2.96782285e-01
6.89624071e-01

layers.4.weight:
3.24897677e-01 3.81926224e-02 -4.94008474e-02 3.22349556e-02 -3.98564711e-02 1.10878833e-01 1.32032740e-03 -7.02373922e-01 1.55305788e-01 -3.69085848e-01 6.30140975e-02 9.05981123e-01 -1.50634968e+00 -9.92773995e-02 7.81571399e-03 -1.45464683e+00 -7.14773545e-04 7.66273886e-02 7.85361568e-04 2.27549172e-05 2.26381468e-03 -5.01721315e-02 -9.83192702e-04 2.37011179e-01 -6.29312024e-02 -3.07520051e-02 1.52515955e-02 7.68940270e-01 -3.79794478e-01 3.89914423e-01 -2.10478697e-02 -1.29664287e-01 -5.09022139e-02 2.51418515e-03 9.54681039e-02 -1.85410332e-04 -2.39438479e-04 -1.89875141e-01 -2.22030990e-02 3.13426465e-01 -6.30717212e-03 2.76961446e-01 4.08310303e-03 -1.26927972e-01 5.09380538e-04 1.27151296e-01 -1.02338567e-02 8.18641711e-05 -1.13486968e-01 -6.57733262e-01 -7.48381168e-02 -7.59385107e-03 -1.42337405e-03 6.64114312e-04 -1.10899234e+00 -1.42610841e-03 -1.10319867e-04 -2.91876197e-01 -5.05662486e-02 1.78651176e-02 -2.49974839e-02 7.41706288e-04 9.02429163e-01 -2.09357534e-02

layers.4.bias:
-1.08327568e+00

