layers.0.weight:
3.31696361e-01 -5.67613244e-01 7.97264636e-01
5.69172144e-01 -8.09445798e-01 -5.80563486e-01
-8.31293464e-02 -6.13938749e-01 -5.77727258e-01
-1.07055378e+00 1.15616508e-01 4.58123112e+00
2.67282110e-02 4.11940843e-01 1.16166264e-01
-5.79876065e-01 8.58121514e-01 -1.84879377e-01
-1.31842160e+00 4.86020595e-01 -9.88645032e-02
-6.01682402e-02 7.88846374e-01 -9.23566997e-01
6.03414774e-01 -9.26082134e-01 5.12713566e-02
-1.11527514e+00 5.86289167e-02 -1.64189592e-01
7.53551662e-01 -9.85680073e-02 1.41279221e+00
-7.16238439e-01 -1.31785080e-01 -1.29353356e+00
-4.30584475e-02 7.12955832e-01 -1.57757306e+00
-1.16726887e+00 2.10410804e-02 5.00053525e-01
-6.46977663e-01 1.09646142e+00 7.52028525e-01
-1.81771189e-01 9.48456824e-01 1.64468549e-02
5.46070874e-01 -6.33792400e-01 -1.45019031e+00
-1.15504665e-02 1.12846863e+00 1.84981868e-01
8.07071701e-02 -9.54183042e-01 5.35116851e-01
3.41117471e-01 -1.28724232e-01 -8.64976227e-01
2.23475501e-01 1.65966094e-01 -5.10879010e-02
-3.24195027e-01 -2.56797969e-01 -1.00232065e+00
-4.64660525e-01 1.65601885e+00 -4.46076952e-02
-1.56447518e+00 4.06930357e-01 1.75152493e+00
1.05132234e+00 3.79940838e-01 -7.78481364e-01
2.59609371e-01 6.71772659e-01 -1.17486012e+00
-1.16151750e-01 -2.13369340e-01 1.90187418e+00
-3.97779703e-01 -2.44972542e-01 1.92939892e-01
3.22416067e-01 7.57217348e-01 -1.46468067e+00
-1.04933763e-02 4.65525806e-01 1.70563948e+00
-2.89658904e+00 2.84448242e+00 -1.78299040e-01
-1.26738083e+00 -5.19488692e-01 1.02004325e+00

layers.0.bias:
8.77201200e-01
4.81547834e-03
-1.42384720e+00
-6.34384930e-01
7.07518518e-01
-2.04255387e-01
-3.54310095e-01
2.86240637e-01
-7.45998621e-01
-1.59115899e+00
1.64644122e-01
1.80825554e-02
2.46107668e-01
-1.21306002e+00
-2.90836543e-01
1.43946290e+00
9.34610724e-01
1.82654703e+00
-6.68276668e-01
5.78918040e-01
-1.44309163e-01
-1.35729384e+00
1.02535832e+00
-7.05530941e-02
1.36946186e-01
5.60703695e-01
8.80503118e-01
-1.57881156e-01
-4.88352716e-01
7.31267482e-02
8.91685039e-02
-6.70209900e-02

layers.2.weight:
-3.55821013e-01 1.99986383e-01 1.01915583e-01 -5.09314895e-01 -5.46834022e-02 2.16501802e-02 9.07626525e-02 -4.38674241e-02 -1.25905707e-01 2.81885743e+00 6.48615062e-02 7.57147074e-02 -1.98677346e-01 2.39014530e+00 -1.32822827e-01 4.29494441e-01 -5.86176664e-02 6.27508759e-01 1.31935775e-01 -2.51948148e-01 2.63733417e-01 -4.96246405e-02 -5.56191146e-01 5.83692908e-01 -1.11335181e-01 6.35056257e-01 -8.14288735e-01 -1.52249172e-01 -2.03559130e-01 -2.40091830e-01 -7.84401298e-02 2.72058189e-01
-9.60426480e-02 1.13852315e-01 -8.74785960e-01 5.76893650e-02 -3.20317835e-01 1.54052839e-01 -7.21255720e-01 -4.83235717e-01 5.21343052e-01 6.87813699e-01 3.45266461e-01 -2.86865473e-01 2.40603089e-01 -7.75312334e-02 -2.75931954e-01 3.45463932e-01 -3.67417693e-01 4.30496126e-01 -4.40633059e-01 -6.94811419e-02 6.73937261e-01 -1.35080084e-01 -3.90397877e-01 -4.60720845e-02 8.54672212e-03 -8.07880834e-02 -3.21064860e-01 -5.70389390e-01 6.84749857e-02 -2.12055817e-01 -3.47505361e-02 1.81928366e-01
-4.03862968e-02 -1.32206483e-02 4.47446154e-03 -7.46420503e-01 -5.66043019e-01 -2.31049769e-02 -4.92137492e-01 3.25203449e-01 4.63630944e-01 7.18031645e-01 -5.39058685e-01 -9.90282223e-02 1.57076716e-01 1.46927908e-02 -8.38046670e-02 -6.27446651e-01 -9.80844125e-02 -3.38827193e-01 -1.04812533e-01 4.12864059e-01 -3.28521580e-01 -2.60301024e-01 3.98024172e-01 -1.25504839e+00 -1.62677765e-01 4.29078132e-01 -1.16477811e+00 -1.92144513e-01 4.22707796e-01 -3.66615683e-01 8.20421651e-02 1.19709603e-01
2.11863667e-01 -1.59547582e-01 6.21500984e-02 1.30958152e+00 7.44124293e-01 4.23968494e-01 6.98331535e-01 -1.96004316e-01 -2.19835445e-01 -1.68067887e-02 1.23813540e-01 -2.50756070e-02 -5.38165152e-01 1.88443407e-01 6.76949382e-01 1.47520506e+00 -4.07880008e-01 1.13107681e+00 2.46074066e-01 -1.06532657e+00 -5.95368981e-01 -1.25700012e-01 4.27413076e-01 1.54218173e+00 6.88082635e-01 -4.87229705e-01 4.62060332e-01 -1.42473191e-01 -6.29078150e-01 -1.79467738e-01 1.33666350e-02 -1.11252218e-01
2.40723208e-01 -1.26381844e-01 1.25591472e-01 -4.76338416e-01 2.76642770e-01 -4.83328491e-01 -1.37314689e+00 1.94782376e-01 3.54543984e-01 -8.94726813e-01 4.03998524e-01 -7.07499683e-01 8.37610245e-01 -1.01152611e+00 -3.51976842e-01 -6.60528660e-01 -1.80237293e-01 -6.23332798e-01 -1.31801963e-01 -1.35017401e-02 7.42736340e-01 -6.07315421e-01 7.72934332e-02 -3.75605971e-01 -8.09137881e-01 6.87178314e-01 7.25719184e-02 -5.32985628e-01 -2.07542181e-01 5.75970411e-01 -5.23609161e-01 5.96480332e-02
-2.77651399e-01 2.51811236e-01 4.25922930e-01 1.48582563e-01 -1.18552065e+00 -3.70636523e-01 -7.90261105e-02 2.78383881e-01 5.65153182e-01 1.57227322e-01 6.04506493e-01 3.72702271e-01 -6.46510869e-02 7.81171992e-02 -3.51904780e-01 -1.39213109e+00 -3.42386007e-01 -1.64498591e+00 7.97733128e-01 -2.69746304e-01 -6.52135015e-01 -3.58127467e-02 -9.54541862e-01 -2.37856224e-01 3.00056464e-03 8.94701183e-02 1.32692233e-01 1.18744075e+00 -1.65514499e-01 -4.59014982e-01 -4.11072135e-01 3.87766510e-01
7.79042719e-03 -1.44078920e-03 -2.16904715e-01 -8.55767354e-03 -1.34288013e-01 1.76380888e-01 -1.10732235e-01 -4.18185830e-01 -1.05053976e-01 2.47455314e-01 2.90754050e-01 6.43300191e-02 2.87520111e-01 -8.54485761e-03 -8.07169266e-03 -2.36773133e-01 1.86587460e-02 1.15121648e-01 -1.49653377e-02 -3.15402538e-01 -3.80106211e-01 1.02103598e-01 6.13461398e-02 3.69775258e-02 1.54123709e-01 2.58897394e-01 -3.60289007e-01 -4.22306001e-01 -1.50436774e-01 7.34641999e-02 -2.30300240e-02 1.46902233e-01
3.48949701e-01 1.42765552e-01 -3.81704062e-01 3.57124716e-01 2.17623562e-01 -6.66612625e-01 6.27132282e-02 4.87963021e-01 1.59918562e-01 -3.19650531e-01 -1.21583156e-01 9.54015911e-01 3.13626975e-01 -5.70835590e-01 -2.09386706e-01 8.49961713e-02 5.22186041e-01 1.16655931e-01 2.66627520e-01 5.00299156e-01 -1.42284930e+00 -9.01294947e-01 1.45452544e-01 2.85528570e-01 2.34321207e-01 7.50194132e-01 6.03442252e-01 4.89696383e-01 -5.81650555e-01 4.94917184e-01 1.66724414e-01 -2.91069955e-01
1.16256252e-01 -4.92590070e-02 -7.01943576e-01 -1.75913379e-01 1.34282959e+00 -3.86567503e-01 -1.82019100e-01 -3.72344971e-01 -9.81184900e-01 2.49614269e-01 4.98104900e-01 3.16673726e-01 6.13243639e-01 3.56449217e-01 2.72150397e-01 2.06288004e+00 1.20099569e-02 1.49077713e+00 -5.71462274e-01 -3.58347416e-01 1.08789755e-02 -4.21397090e-01 1.72781050e-01 4.46350306e-01 9.63672623e-02 3.26896399e-01 1.24309205e-01 1.71355084e-01 3.88146490e-02 2.29374453e-01 2.17885876e+00 -3.97608638e-01
-5.95714629e-01 1.62747204e-01 -1.21379830e-01 -5.01239836e-01 4.10642266e-01 -9.03788675e-03 -1.06322318e-01 3.52424711e-01 4.66524333e-01 -1.94740772e-01 3.43400054e-02 2.17240632e-01 1.62838086e-01 1.99763775e-01 -3.99791330e-01 -7.75245070e-01 3.68971378e-01 -4.38080043e-01 -3.88800412e-01 -4.95635085e-02 -6.69986725e-01 -2.53256530e-01 7.23946095e-02 -7.09454566e-02 -2.32147232e-01 -1.15192033e-01 -1.52872190e-01 2.59588778e-01 2.43351534e-01 1.83810785e-01 1.02857351e-01 1.88579112e-02
2.70082355e-01 -2.14082703e-01 -5.02112471e-02 -4.07391220e-01 -6.25630498e-01 -4.77770567e-01 -3.76432061e-01 1.61268756e-01 5.46181560e-01 1.97478697e-01 -5.67931473e-01 -7.36211091e-02 8.97480428e-01 -3.84695083e-01 -2.89112508e-01 -3.70132953e-01 -5.57618082e-01 -1.25491333e+00 3.35497223e-02 2.25343537e-02 9.68386471e-01 -2.41511971e-01 -1.00664818e+00 1.48229986e-01 -1.84791550e-01 -3.16407681e-02 -4.75859761e-01 -4.62984622e-01 2.24845961e-01 -4.46985930e-01 -2.13265315e-01 4.48170751e-01
-1.03973016e-01 1.26713842e-01 1.65207887e+00 -8.32337022e-01 -8.84817839e-01 1.43388927e-01 -1.58830166e-01 -4.07257527e-01 9.07177567e-01 1.78630710e+00 9.44359154e-02 -2.16805518e-01 2.55669445e-01 3.23490810e+00 -1.06168233e-01 -1.14026427e+00 3.31623197e-01 -2.75294566e+00 5.71130872e-01 -3.58918548e-01 2.91057527e-01 5.60256183e-01 -2.64511824e-01 8.93638551e-01 -5.43037876e-02 -5.79859197e-01 3.32672685e-01 -1.28374860e-01 1.07802309e-01 7.13334233e-02 2.02353615e-02 -3.65688205e-01
-6.59316182e-01 -1.82626784e-01 9.50047672e-01 4.29676205e-01 -8.07283461e-01 6.53433740e-01 1.01771289e-02 -9.53449368e-01 3.71733308e-01 4.93951231e-01 2.54522204e-01 1.10222414e-01 -5.27721465e-01 -9.44842845e-02 4.88700688e-01 -4.56846714e+00 -1.14611946e-01 -6.34940243e+00 6.08571291e-01 -1.03139269e+00 -6.60007715e-01 4.42485809e-01 6.66474283e-01 -1.10395290e-01 -3.04198831e-01 -2.65530229e-01 -3.38080406e-01 6.56249106e-01 -6.54665887e-01 -3.09152484e-01 -1.06649125e+00 -2.07411602e-01
2.67293993e-02 -1.37380674e-01 -6.14442825e-01 -5.34868650e-02 -2.25115225e-01 -5.99687137e-02 2.09983259e-01 3.27089339e-01 4.37232971e-01 -2.20781326e-01 5.46212733e-01 -2.08308578e-01 3.20824981e-01 -8.28971803e-01 -3.63015354e-01 -1.64090335e-01 -2.57129550e-01 1.35551900e-01 -8.97038281e-02 1.07672736e-01 -3.83656751e-03 -1.43755868e-01 2.58741211e-02 -2.12825149e-01 -1.32630229e-01 7.46674597e-01 3.66224675e-03 3.99651676e-02 -1.87749550e-01 2.70779222e-01 7.25724176e-02 3.65422606e-01
-1.06192148e+00 9.19797495e-02 -2.54802972e-01 4.65646207e-01 1.00179859e-01 7.70771921e-01 -5.07271409e-01 -2.19222173e-01 4.64233369e-01 -1.22023866e-01 -6.29726887e-01 1.08868748e-01 3.07116453e-02 -2.26481542e-01 -1.55821815e-01 -7.78258920e-01 1.08842596e-01 -4.90804851e-01 -3.20090085e-01 1.97227359e-01 1.50308073e+00 7.96536326e-01 1.27742440e-01 3.20012122e-01 -2.87235737e-01 -1.01653961e-02 -4.67082441e-01 -1.10357411e-01 7.41395593e-01 -1.20238073e-01 -7.87396133e-02 3.95440273e-02
-5.67732036e-01 -5.70463277e-02 5.05809933e-02 1.39299870e-01 -2.56385863e-01 2.95433223e-01 -9.49087203e-01 -8.83912966e-02 1.02512896e-01 5.22632122e+00 5.69586277e-01 4.20494109e-01 2.15488568e-01 2.66801858e+00 -2.12865993e-02 -4.09334861e-02 -4.30216640e-01 -1.13924742e-01 4.37628627e-02 -2.08295822e-01 -6.85523987e-01 4.07073081e-01 2.54195243e-01 2.76953846e-01 -3.76471370e-01 -4.27750409e-01 -6.29656553e-01 3.21659446e-01 -1.14449844e-01 -6.56474531e-01 1.92523941e-01 -2.58354723e-01
-1.46989049e-02 1.45560265e-01 -7.13127628e-02 3.29154730e-02 1.71022061e-02 4.65233997e-03 3.95335853e-02 -5.77339008e-02 7.20798876e-03 -1.83898017e-01 6.88312948e-02 4.37534302e-02 4.85375598e-02 9.20616090e-02 1.12121627e-01 9.02071688e-03 4.52818237e-02 1.66226458e-02 -9.09912214e-03 1.12676606e-01 2.62098342e-01 1.11126080e-01 -8.69747344e-03 2.83828638e-02 6.67921156e-02 2.31616534e-02 5.51992729e-02 2.60092318e-01 1.03349574e-02 -2.66709388e-03 1.54452780e-02 1.88039504e-02
1.23785503e-01 -1.58090055e-01 -7.33940780e-01 7.04664588e-02 4.92317438e-01 -1.55979142e-01 -1.47938728e-01 -2.94727683e-01 2.08378613e-01 -6.49363995e-01 8.64105821e-02 -4.54284884e-02 1.83608368e-01 8.70338231e-02 -4.40755486e-02 4.29283291e-01 -3.26687247e-01 7.95544863e-01 -2.51308769e-01 8.95214140e-01 3.16249073e-01 1.97441522e-02 -3.70461375e-01 -9.67002586e-02 -1.60752952e-01 -4.58186477e-01 8.64306092e-01 -5.30942619e-01 2.38382250e-01 3.33124965e-01 1.76608115e-02 2.35807613e-01
-2.84599006e-01 -9.34836417e-02 -3.10623318e-01 -2.22476929e-01 4.59333390e-01 2.52369922e-02 2.28359982e-01 1.40192538e-01 3.44501644e-01 -4.06332433e-01 -1.78272173e-01 -8.96692395e-01 4.89837378e-01 -1.97278038e-01 -1.69520825e-01 3.10512125e-01 -1.38517156e-01 3.84744555e-01 1.18660785e-01 -7.05402941e-02 -1.18445717e-02 -1.80884451e-01 4.88860369e-01 -3.19808215e-01 2.26878256e-01 2.11192504e-01 -1.91464961e-01 3.36474746e-01 5.70970178e-02 3.34844410e-01 4.80870903e-01 1.37461454e-01
6.83022216e-02 1.76208168e-01 -6.43718615e-03 7.03989789e-02 -5.57556562e-02 1.02161482e-01 -2.31572911e-02 -8.08658898e-02 5.47642447e-02 7.23365396e-02 6.88353926e-02 1.12446561e-01 -6.77351803e-02 -6.76424503e-02 1.18568912e-01 4.58183289e-01 5.87925464e-02 -2.96708614e-01 4.27015498e-02 -9.64071825e-02 -1.08796559e-01 -1.30822778e-01 6.13034889e-03 -3.51833776e-02 4.07130495e-02 1.26531795e-01 6.63522352e-03 6.49521966e-03 1.05304003e-01 1.57168861e-02 -7.88480043e-03 3.96933220e-02
3.99300873e-01 -1.70365810e-01 7.13223934e-01 5.70747375e-01 -4.12663251e-01 -8.69299769e-02 -7.10862875e-01 -1.28082961e-01 -2.32137129e-01 -7.18149602e-01 -4.77696732e-02 8.88390362e-01 4.54660237e-01 -3.49288791e-01 7.72254646e-01 2.79896498e-01 -7.39636943e-02 -4.36643302e-01 4.53419566e-01 4.23426539e-01 -3.73068005e-01 1.03326283e-01 6.49708748e-01 1.25492483e-01 1.17346674e-01 -4.05522823e-01 1.30083695e-01 2.72550106e-01 -9.56125185e-02 -3.67910489e-02 1.45509303e-01 4.25326556e-01
2.75018632e-01 -6.49716482e-02 4.59415093e-02 1.57341465e-01 3.31757730e-03 1.23135433e-01 8.92949820e-01 6.02466315e-02 4.94026601e-01 2.20258400e-01 3.43473732e-01 3.64593446e-01 -4.04290646e-01 -5.62883139e-01 5.58105670e-02 -1.14331591e+00 -3.02463546e-02 -7.58392751e-01 -6.07542098e-02 -4.40009087e-01 -5.68227828e-01 -1.15301963e-02 2.44713694e-01 -3.84834595e-02 7.74596408e-02 -4.27386343e-01 -6.97626233e-01 4.64257419e-01 -1.12011559e-01 -1.84039176e-01 2.62469471e-01 -6.22045472e-02
5.61161526e-02 -1.05064875e-02 -2.30869085e-01 3.82306278e-01 -6.86791614e-02 3.75484109e-01 3.65636706e-01 -2.42626965e-01 -3.25565010e-01 3.50894243e-01 7.13042566e-04 1.05482817e-01 4.61745590e-01 5.11428177e-01 -1.59849867e-01 -6.70341015e-01 5.51740348e-01 -2.66896755e-01 2.90216226e-02 -2.30465159e-01 -3.74680907e-01 8.16104040e-02 -3.70894939e-01 1.55513182e-01 -3.57662320e-01 -8.47073048e-02 -8.03450420e-02 -4.76737350e-01 7.06904083e-02 -1.39583811e-01 -6.24708505e-03 -2.74748534e-01
7.95852959e-01 -4.31967489e-02 -2.39809856e-01 1.57170847e-01 1.48615077e-01 -5.16542375e-01 -3.32455821e-02 3.19302052e-01 2.79004604e-01 -2.60795212e+00 1.01845875e-01 1.70213148e-01 3.87370437e-01 -1.63370466e+00 1.54966593e-01 3.40099692e-01 1.39271736e-01 2.30504170e-01 -1.99250937e-01 1.33332319e-03 4.71821606e-01 -1.98642224e-01 -3.66262823e-01 -5.24287447e-02 -3.88764888e-01 -1.90877050e-01 -6.65121824e-02 -1.40249059e-01 1.99832484e-01 9.84814614e-02 -8.71317014e-02 -1.57043770e-01
-8.98791015e-01 1.75990447e-01 8.76099467e-02 9.91200060e-02 -2.15392083e-01 -3.45540851e-01 1.14290619e+00 -3.73974070e-02 -1.06029677e+00 7.65976965e-01 -7.60311604e-01 6.76939264e-02 1.92622364e-01 7.02058673e-02 -7.32385814e-01 6.75402522e-01 6.26504302e-01 4.30191398e-01 -2.05962826e-02 3.49137299e-02 -3.73394758e-01 5.22141576e-01 4.93048400e-01 9.34994638e-01 -5.90332508e-01 5.24351776e-01 -6.39071345e-01 2.85879165e-01 8.06646943e-01 -4.76415783e-01 7.82164931e-02 1.95638046e-01
-5.32322764e-01 6.19015753e-01 -5.03289402e-02 -1.32311672e-01 5.23326933e-01 1.52555093e-01 -1.77478492e-02 5.06094277e-01 -2.92329371e-01 4.77926850e-01 7.60800615e-02 -1.65892959e-01 2.09671378e-01 2.15871111e-01 -5.50973117e-01 -4.14363265e-01 -1.04416385e-01 -1.36625126e-01 4.07933682e-01 -3.68584007e-01 -2.02535987e-02 -2.84740329e-01 2.41127075e-03 -5.81418157e-01 9.00837630e-02 -2.13960201e-01 -5.55085540e-01 -4.88935649e-01 1.60814658e-01 -3.57325643e-01 -2.26602942e-01 -2.36873686e-01
-1.43834800e-01 2.57005692e-01 4.64884430e-01 3.39309603e-01 -2.88944215e-01 -3.14130932e-01 1.35502499e-02 1.63446572e-02 2.15578213e-01 -4.34330016e-01 -6.16858006e-01 -3.16263177e-02 -2.49722600e-01 -2.74813801e-01 2.16024853e-02 7.45314300e-01 -5.90711869e-02 2.02714264e-01 2.75225282e-01 2.13135496e-01 -3.63124572e-02 -7.14604080e-01 1.28486589e-01 1.37343764e-01 1.30379021e-01 1.68215573e-01 -5.90263074e-03 -4.11183119e-01 -2.68998027e-01 -1.42181948e-01 2.86867879e-02 -1.20523423e-01
-7.99299181e-01 4.47335720e-01 -6.81423664e-01 -9.79625165e-01 -1.07422255e-01 -2.11022809e-01 -3.90183687e-01 3.78712207e-01 9.23595726e-02 4.39270616e-01 -3.21104452e-02 1.60253167e-01 1.50051370e-01 2.86339581e-01 1.62825291e-03 1.19176507e+00 6.68751776e-01 1.31928861e+00 -7.46769369e-01 5.28981574e-02 5.66323698e-01 -7.98330486e-01 -6.15039289e-01 4.32628602e-01 -1.19665630e-01 -4.60773528e-01 3.08800012e-01 2.51766682e-01 5.51689684e-01 -7.84545898e-01 2.87430167e-01 -3.02493542e-01
1.72419474e-01 -5.32027960e-01 -2.43292283e-02 -1.15641631e-01 -6.75624371e-01 5.23928523e-01 8.06362480e-02 -4.87865567e-01 5.27498126e-01 8.85609865e-01 -2.10772887e-01 1.12073317e-01 5.48928618e-01 3.98279160e-01 4.37692087e-03 -1.10702264e+00 -4.53325301e-01 -1.10293901e+00 1.21746644e-01 2.12482706e-01 2.36630246e-01 3.53782326e-01 2.04017520e-01 1.44353628e-01 2.14910328e-01 1.00709505e-01 -4.10926372e-01 -2.32042611e-01 -2.79185355e-01 -3.38809192e-01 4.23406035e-01 3.82439286e-01
-2.28845030e-02 -9.37826872e-01 3.37904006e-01 1.61858010e+00 1.15381218e-01 6.00124709e-02 -1.66067526e-01 -2.98542202e-01 -1.83219537e-01 1.95675626e-01 1.12340844e+00 -1.02616036e+00 -1.13871682e+00 -4.17009950e-01 1.61245450e-01 -1.57221958e-01 -1.18170583e+00 5.00935137e-01 6.61542177e-01 -7.39293754e-01 8.12736511e-01 1.58201069e-01 -1.56354085e-02 8.09168667e-02 -1.41463935e-01 -5.43036640e-01 2.39646003e-01 1.34013161e-01 -9.14243102e-01 1.29479492e+00 -6.53304815e-01 6.31004721e-02
-7.15928495e-01 -2.39271462e-01 6.46497428e-01 2.12251395e-01 -1.15435600e+00 2.50071853e-01 3.04277569e-01 -2.17447221e-01 -3.97254229e-01 -1.68873906e-01 -8.85583222e-01 1.92517549e-01 3.75051558e-01 1.39631838e-01 2.43062094e-01 -6.46266520e-01 2.73401439e-01 -9.08962190e-01 6.34961724e-01 -4.25067604e-01 -1.04432452e+00 4.63907987e-01 -7.82178119e-02 -6.30583048e-01 1.29541606e-01 5.07243216e-01 -3.05564553e-02 2.27332741e-01 -5.72936654e-01 -1.43925160e-01 -1.71518922e-01 4.32395935e-02
-3.07643503e-01 -3.85088742e-01 -2.03378618e-01 -1.33266985e-01 -1.50818467e-01 -7.99912587e-03 2.64519215e-01 2.56295353e-01 -6.96597755e-01 1.36424434e+00 -1.37927830e-01 -9.71302316e-02 -5.18655956e-01 5.18288434e-01 -1.19448327e-01 4.08914946e-02 3.95463780e-03 1.93508416e-01 -3.39453220e-02 -2.03455538e-01 2.25532532e-01 1.21973053e-01 4.23300564e-01 5.80844991e-02 4.92430031e-02 -7.29574114e-02 -1.71314538e-01 1.85894176e-01 2.74659097e-01 3.27183157e-01 1.34183550e-02 1.05905019e-01
-5.36913238e-02 -3.71988893e-01 3.37728187e-02 -1.26541108e-01 -4.13135201e-01 4.39486682e-01 -2.44366378e-01 -4.20387179e-01 1.37981772e-01 -4.30608273e-01 1.88634712e-02 4.57362980e-01 2.24989727e-01 4.88699824e-01 3.21934700e-01 -6.59842372e-01 -4.97934133e-01 -1.31269467e+00 -4.42713127e-02 -3.33974272e-01 -9.25236568e-02 8.79677176e-01 4.35934663e-01 6.01647377e-01 -4.36025947e-01 1.62177622e-01 1.03732951e-01 -2.53446192e-01 -3.58044326e-01 -2.85696596e-01 -1.68562740e-01 -1.11577578e-01
2.94728931e-02 -5.12819625e-02 1.34946927e-01 -9.22147408e-02 2.36961499e-01 -1.05089359e-01 2.84508169e-02 -3.31223458e-01 -1.67947635e-01 3.60915065e-01 1.38885319e-01 1.79106265e-01 8.05834159e-02 -3.03702801e-01 -6.29490763e-02 -2.84449309e-01 6.12673648e-02 1.30490661e-01 -1.60345435e-01 -5.42543590e-01 1.47902891e-01 -1.57468423e-01 -1.30560726e-01 -2.39776950e-02 -1.92005113e-02 2.10660726e-01 -6.32891133e-02 2.64474284e-02 1.04927205e-01 6.89937025e-02 -2.12649889e-02 6.94409187e-04
8.64364654e-02 -5.85725784e-01 -1.92706689e-01 7.53291011e-01 -2.33050659e-01 -4.69700187e-01 2.39623576e-01 -1.36163279e-01 -4.67775643e-01 3.00115514e+00 -5.69378793e-01 9.67855096e-01 6.60543680e-01 8.75361681e-01 8.46388340e-01 2.92676032e-01 2.54396126e-02 1.89394549e-01 5.45160651e-01 3.71259242e-01 2.28030175e-01 1.81933418e-01 -1.84654474e-01 1.05464232e+00 -6.48868755e-02 1.41769528e-01 -3.15122992e-01 2.95664400e-01 5.42849787e-02 2.91290302e-02 1.40845799e+00 4.48523238e-02
-9.87363160e-02 1.70541972e-01 1.18214965e-01 7.36973137e-02 5.00073396e-02 -4.08446267e-02 2.37273797e-02 1.08310454e-01 3.29906843e-03 -2.22198758e-02 1.67398468e-01 8.14592093e-02 9.04353410e-02 -6.61779800e-03 1.67073727e-01 1.76028386e-01 3.36165801e-02 -1.23571843e-01 -1.22872749e-02 9.53981727e-02 -1.65764332e-01 -6.15878180e-02 -1.67825297e-02 -7.54442532e-03 -4.49562073e-01 -2.23279342e-01 4.71609160e-02 -1.38601050e-01 -6.44772798e-02 -5.61820790e-02 7.16811232e-03 -4.69340622e-01
1.14302449e-02 -7.92306587e-02 -4.48509641e-02 2.26192772e-02 -2.34150350e-01 3.12182903e-02 -4.68416028e-02 1.60994232e-01 6.79364502e-02 -4.05137651e-02 -8.75599217e-03 -1.93496179e-02 -6.41499385e-02 4.60302755e-02 -7.30198324e-02 2.04589814e-01 -1.19954921e-01 -1.04276426e-01 2.07407437e-02 3.29712689e-01 -2.57473797e-01 -1.01149216e-01 2.22429316e-02 -6.93092542e-03 1.18747279e-02 -8.89859125e-02 -6.56083450e-02 -6.50304779e-02 -4.89143468e-02 5.07290773e-02 3.17797028e-02 -3.67301842e-03
8.13058257e-01 -3.03311050e-01 3.49026948e-01 3.66468757e-01 -4.92352515e-01 3.44476178e-02 -6.14661336e-01 -3.56887653e-02 6.90851748e-01 7.26631358e-02 -1.75232098e-01 2.87093129e-02 2.90100239e-02 2.51834869e-01 7.79428780e-01 -9.44785833e-01 -4.88775074e-01 -9.07084703e-01 6.88182950e-01 -2.98951805e-01 -7.45056510e-01 2.40853578e-01 -1.00120775e-01 2.30416328e-01 8.13530028e-01 -5.53419180e-02 2.50135452e-01 -6.95147142e-02 -5.68497837e-01 2.53190607e-01 1.16833478e-01 7.86684453e-02
1.54078498e-01 -4.27921861e-01 -2.14714721e-01 4.08838302e-01 4.94054109e-02 -6.02193177e-01 5.62840365e-02 -3.49269845e-02 2.91594803e-01 -2.66681254e-01 -2.25580826e-01 4.48214501e-01 3.48452926e-01 -2.73118615e-01 2.75633723e-01 -8.01455200e-01 -3.59332651e-01 -9.71008837e-01 5.73660433e-01 -4.22863215e-01 -2.27263913e-01 -5.17575406e-02 3.60097617e-01 6.65287077e-01 -1.36086479e-01 -3.28954995e-01 4.41087782e-01 -5.78141548e-02 -1.09242767e-01 -4.18959737e-01 4.34757322e-02 2.35137865e-01
3.68931033e-02 7.10835084e-02 7.34381139e-01 1.25447020e-01 -1.30921435e+00 -3.18203211e-01 2.05824956e-01 -1.59507215e-01 7.83835709e-01 6.50702000e-01 -8.85912031e-02 -4.62030530e-01 -8.82430281e-03 6.34096920e-01 -8.29682276e-02 -2.81352353e+00 -1.98630184e-01 -3.23635507e+00 2.12182403e-01 3.10525317e-02 -7.91190505e-01 6.42914355e-01 1.66799560e-01 1.79522842e-01 1.32714301e-01 8.98474678e-02 3.56915742e-01 1.88706070e-01 -2.05804780e-01 -7.59045780e-01 -5.51505327e-01 2.71871626e-01
-1.76949278e-01 -1.80829316e-01 -2.37133250e-01 -2.87617505e-01 -3.46410483e-01 5.38576066e-01 1.00603223e-01 -1.04914367e-01 -4.61631007e-02 3.45765978e-01 -1.97283894e-01 1.67434633e-01 6.37081787e-02 -2.85178125e-01 -1.84051484e-01 -7.26932645e-01 3.53759110e-01 -7.28908777e-01 -2.78391302e-01 4.36168872e-02 -3.52900594e-01 3.94949079e-01 -1.67780459e-01 3.33353847e-01 3.67047131e-01 -5.09765029e-01 4.76590514e-01 7.44519010e-02 7.20557719e-02 1.23212084e-01 -1.14708304e-01 4.13630232e-02
4.50044215e-01 7.13368833e-01 6.94696963e-01 -4.27465320e-01 1.89338595e-01 1.37469769e-01 2.28983372e-01 -7.82304630e-02 -8.60823929e-01 9.72544014e-01 -3.14777255e-01 -2.16533676e-01 -4.11774129e-01 1.10711002e+00 1.32841706e-01 2.13084489e-01 5.54632619e-02 -8.93347800e-01 2.52445161e-01 -2.53176093e-01 2.68902462e-02 7.20676780e-01 -1.73754796e-01 -4.19930369e-01 6.31434500e-01 -7.41167307e-01 4.66434568e-01 -5.09496331e-02 -2.93657243e-01 -6.26394451e-01 -1.60196796e-02 -4.43421304e-01
-7.92998895e-02 -4.50920850e-01 2.22665608e-01 -1.98909000e-01 -2.02905893e-01 1.70523658e-01 2.47346431e-01 -2.64910936e-01 -5.86339533e-01 -2.67614305e-01 -1.33395553e-01 3.69747244e-02 -7.60144070e-02 4.89321083e-01 5.83927631e-01 4.08840477e-01 2.44153410e-01 -4.32680249e-01 1.90869644e-02 1.69392869e-01 -2.19324276e-01 3.33860070e-01 -3.49745542e-01 1.43302113e-01 -2.65876763e-02 -2.43429706e-01 3.81766587e-01 6.94162190e-01 -3.77317131e-01 -4.78859156e-01 2.67728031e-01 3.05258334e-01
-1.12287033e+00 -1.33949697e-01 -9.79515538e-03 -1.21458006e+00 2.67584920e-01 1.51487067e-01 3.83604228e-01 5.33001661e-01 -1.57776341e-01 6.89993739e-01 -1.06343579e+00 8.87418389e-01 9.88457441e-01 5.19525111e-01 -3.72745633e-01 6.66911602e-01 3.70798022e-01 -6.65548667e-02 -4.86114204e-01 8.61160278e-01 -6.91823483e-01 -4.37026322e-01 -1.04309253e-01 2.62003262e-02 4.92743075e-01 9.02698696e-01 9.54956770e-01 7.35604644e-01 3.92779827e-01 -9.23074424e-01 4.25251037e-01 3.24135125e-01
-1.00481108e-01 9.00514200e-02 3.01839679e-01 -4.80893888e-02 3.44840676e-01 -1.03523120e-01 -1.49495378e-02 3.63068096e-02 -3.85761559e-02 2.07119524e-01 2.02031713e-02 1.90084986e-02 -9.68444906e-03 -1.19912036e-01 8.87323245e-02 -1.26708016e-01 8.62887949e-02 4.82173562e-02 6.58684922e-03 -4.22127068e-01 1.49469182e-01 -1.04134180e-01 1.15081039e-03 1.25751449e-02 1.44283444e-01 -1.71261989e-02 7.29961246e-02 1.42426610e-01 3.26420367e-02 -8.87781158e-02 -1.75990518e-02 5.26062921e-02
-1.28684059e-01 2.34604284e-01 3.23719531e-01 -1.77665889e-01 2.48019338e-01 1.17432438e-01 7.20792592e-01 3.41595083e-01 6.74099848e-02 -1.16337299e+00 -4.03752804e-01 5.92103004e-01 7.14067400e-01 -2.82698810e-01 -4.68585312e-01 2.12909222e-01 5.09752095e-01 -1.47886351e-01 -5.76006658e-02 -4.51685071e-01 9.10731494e-01 -2.42189437e-01 2.99575720e-02 -1.27719367e+00 -8.40221345e-02 5.75513244e-01 -1.04879487e+00 -8.68006051e-01 3.12268615e-01 -1.72711506e-01 1.25979679e-02 -2.11677849e-01
6.72549725e-01 -3.08842063e-01 -2.64627755e-01 4.47368592e-01 -1.58227980e-01 -8.66984949e-02 -1.56461790e-01 -2.09223598e-01 5.77834129e-01 -1.44632831e-01 -9.27399993e-02 -6.20885342e-02 7.45542347e-01 -3.62617046e-01 3.60136241e-01 -6.01301372e-01 -3.51966843e-02 -6.72539771e-01 5.99572420e-01 -8.00103769e-02 -3.12838227e-01 9.42812338e-02 1.37746766e-01 1.52168080e-01 -6.76575489e-03 -2.25231528e-01 8.02274585e-01 4.35128182e-01 -3.83960366e-01 3.43973279e-01 1.04846120e-01 2.82260984e-01
-2.05243617e-01 3.08807701e-01 -1.63951010e-01 -5.82372583e-02 -5.74058712e-01 -2.20814422e-01 1.06247023e-01 4.55422282e-01 -7.40874559e-02 -5.68170428e-01 -1.91743225e-01 1.19794477e-02 -3.32019180e-01 1.96065828e-01 2.71016151e-01 -1.68284789e-01 -1.22116648e-01 2.54887521e-01 3.32571194e-02 3.62639815e-01 -2.52230912e-01 -5.51205687e-02 -2.29035709e-02 -3.63694467e-02 -9.89127383e-02 -9.09956470e-02 2.59560615e-01 -2.79743105e-01 1.17581904e-01 -4.07787971e-03 2.09288318e-02 1.50362879e-01
6.95198402e-02 -5.52655041e-01 -9.05264765e-02 -1.00614786e-01 -1.16627894e-01 -1.62055060e-01 -8.18499699e-02 -1.80825040e-01 -3.48867744e-01 4.43669885e-01 -6.90881920e-04 7.15291128e-02 3.48280251e-01 3.65936488e-01 -1.44209072e-01 -7.65441656e-01 -2.34088108e-01 -1.75845101e-01 1.13469474e-02 3.26924250e-02 8.47183093e-02 -4.06852700e-02 5.69118679e-01 4.98537272e-02 -3.59086007e-01 2.26847455e-01 3.43979269e-01 9.76873562e-02 -6.77324161e-02 1.30890936e-01 -4.27807271e-02 -2.27667898e-01
1.01072192e+00 7.83874691e-02 -5.32158375e-01 1.90124229e-01 -7.89990649e-02 9.38002765e-02 5.26262105e-01 7.32065216e-02 -1.91634104e-01 -8.86119068e-01 -8.45845819e-01 1.37770104e+00 7.12404624e-02 -8.53188932e-01 2.24864051e-01 1.85515836e-01 1.03267163e-01 1.17577426e-01 1.23661524e-02 2.60246042e-02 -1.68491423e+00 -3.78161579e-01 -9.36994016e-01 -2.43644848e-01 -5.78308225e-01 -8.15311894e-02 2.42126614e-01 8.18726063e-01 -7.08515495e-02 4.65546437e-02 5.78131946e-03 6.24300241e-01
-6.41320124e-02 1.41585746e-03 -1.00833845e+00 -1.46967424e-02 3.26047122e-01 2.88618624e-01 1.11894637e-01 -3.56365182e-02 -9.82508343e-03 4.46719438e-01 -3.64643544e-01 -1.20361793e+00 3.20867509e-01 4.28137302e-01 -3.39892447e-01 9.16567147e-01 -2.17673257e-01 1.53111756e+00 -3.65238845e-01 6.13213424e-03 1.66776925e-01 -1.80126011e-01 -9.45463479e-02 8.44128668e-01 -4.18526709e-01 7.12098062e-01 -3.83550711e-02 -1.00462973e-01 4.77201156e-02 1.74531519e-01 6.65165246e-01 6.06850050e-02
-1.52036874e-02 3.89787644e-01 -1.65187016e-01 -6.15931630e-01 -1.09691642e-01 7.40490556e-01 2.69495994e-01 7.93392897e-01 3.53819966e-01 2.97671258e-01 9.56300497e-01 -2.69287676e-01 8.47572163e-02 2.53902704e-01 2.21049227e-02 -8.68311703e-01 3.06363821e-01 -1.12383693e-01 -3.17998916e-01 -5.38298309e-01 -3.76843959e-02 -2.31452733e-01 2.76178688e-01 1.28056318e-01 -2.22893894e-01 1.72636628e-01 3.44191603e-02 -2.24879682e-02 -5.51762521e-01 2.51670003e-01 -2.04188347e-01 1.19921163e-01
7.36004189e-02 2.95975003e-02 -1.46085158e-01 1.44955926e-02 -2.50721928e-02 5.14581539e-02 5.70098907e-02 7.94240907e-02 -2.67570168e-02 -4.07655127e-02 -5.30012846e-02 -3.87793720e-01 2.39541799e-01 2.36238226e-01 1.39502287e-02 7.25954399e-02 9.39778909e-02 -7.10270852e-02 1.00868754e-01 2.54087001e-01 1.25097007e-01 2.71975785e-01 -3.20188631e-03 1.96529642e-01 -9.40495506e-02 -2.92562634e-01 -1.71498775e-01 -1.78622469e-01 -3.10954094e-01 -1.37282401e-01 8.48327857e-03 -2.79160947e-01
4.20522779e-01 4.62446623e-02 5.42502284e-01 4.13194627e-01 3.36603314e-01 4.20355111e-01 9.74097610e-01 -3.72269928e-01 7.46736884e-01 -5.19230030e-02 -5.94230235e-01 1.43323854e-01 -5.38859904e-01 -4.62162733e-01 -2.96660885e-02 2.20654055e-01 -5.42765439e-01 -4.77012604e-01 2.88955629e-01 -1.10067977e-02 -9.22176391e-02 5.64997196e-01 2.02731520e-01 6.57191634e-01 2.94500906e-02 -1.50575593e-01 -2.15851054e-01 1.61381721e-01 1.75949663e-01 4.33799654e-01 -1.03757784e-01 7.27273943e-03
-4.19648260e-01 -6.26920462e-01 1.64682567e+00 3.12783048e-02 -9.89600956e-01 -6.22406118e-02 -1.16827953e+00 -9.17887628e-01 2.09063262e-01 1.13738310e+00 -3.16730626e-02 -4.36294556e-01 -2.36167252e-01 1.11709630e+00 7.40081608e-01 -2.06058741e+00 7.98963532e-02 -2.77626085e+00 1.70029497e+00 8.04519773e-01 -4.61203873e-01 1.81280184e+00 -3.16932172e-01 2.36230671e-01 4.06758338e-01 -6.36241794e-01 -3.12092870e-01 3.15889686e-01 2.43289784e-01 -7.98591599e-03 7.76982307e-01 9.29858983e-02
1.98584981e-02 -1.96589939e-02 5.02191074e-02 4.12643701e-02 4.16994035e-01 -1.11324228e-02 2.64617559e-02 1.83010362e-02 4.48938794e-02 -5.09572728e-03 -1.12327123e-02 -6.80678114e-02 1.03449471e-01 -3.82788293e-03 5.26280259e-04 -7.24496841e-02 1.18763624e-02 -4.13066931e-02 -6.89452291e-02 8.70726109e-02 1.49365380e-01 3.58848497e-02 -2.97042560e-02 9.46704356e-04 -1.24606818e-01 -1.42199203e-01 1.53545216e-02 3.34431350e-01 -3.96424383e-02 -5.93690835e-02 2.07334757e-02 -2.51231879e-01
-4.24905002e-01 1.84389368e-01 -8.02392215e-02 -1.26714110e-01 -3.16595227e-01 8.98675714e-03 -1.98864147e-01 7.44379938e-01 -9.42190120e-04 -6.50056526e-02 -2.21738905e-01 7.37020552e-01 5.54072201e-01 2.57984489e-01 1.54360235e-01 -1.51796229e-02 -5.62955849e-02 -2.05725394e-02 -1.84484035e-01 3.31079066e-02 -9.45020616e-02 -5.75222492e-01 -1.76550999e-01 -2.68979371e-01 -2.93819010e-01 -1.22404955e-01 -6.64359093e-01 3.70651037e-01 -2.04230681e-01 -3.08081955e-01 -2.72307456e-01 4.67535198e-01
-4.80854996e-02 -2.23442152e-01 7.08656907e-01 2.02842996e-01 -7.36948311e-01 2.80511469e-01 3.39551806e-01 -5.45990109e-01 5.06122410e-01 3.39192867e-01 -1.38028175e-01 4.66659188e-01 -3.79193239e-02 1.58022985e-01 2.14176729e-01 -2.12236643e+00 9.77117717e-02 -1.13081086e+00 2.46800110e-02 1.92463130e-01 -1.34459808e-02 2.61374086e-01 2.83655792e-01 1.22873373e-01 -1.45791441e-01 -4.79153186e-01 -1.35455325e-01 -2.74225831e-01 -3.44367325e-01 -5.36713123e-01 3.72056425e-01 -3.72979224e-01
-2.09959969e-01 -8.73407796e-02 -2.26196215e-01 1.81761399e-01 7.64610916e-02 4.97488789e-02 2.41151750e-01 -2.00370952e-01 -6.47893906e-01 1.59829521e+00 -3.43936294e-01 -1.03898741e-01 -3.01595151e-01 1.26937091e+00 -1.07223190e-01 9.12810117e-02 -5.04173860e-02 2.08756551e-01 -1.52036130e-01 -3.40653390e-01 1.06447749e-01 1.62363097e-01 1.27129212e-01 -1.52640313e-01 -5.97041734e-02 5.19664027e-02 4.57048208e-01 3.67949337e-01 2.21998781e-01 -4.28442627e-01 2.87298560e-01 -1.73044458e-01
-1.14030883e-01 -2.19872847e-01 5.30641437e-01 5.33606470e-01 8.51767138e-02 -3.66438776e-01 -1.10071957e+00 9.02296305e-02 2.58438855e-01 4.30691659e-01 1.38923600e-01 -1.12389028e-01 6.03981726e-02 1.89592421e-01 -2.32007131e-01 7.16387272e-01 -9.25562344e-03 4.51764107e-01 -1.27820626e-01 -3.54001522e-01 9.72975075e-01 3.17865103e-01 3.90608937e-01 -5.76889575e-01 1.02178238e-01 -1.89177506e-02 -1.50682017e-01 1.34231806e-01 -1.55307025e-01 3.87690574e-01 -1.67490900e-01 -3.75009596e-01
6.77415252e-01 -2.87476033e-01 6.99084878e-01 8.57670844e-01 -7.46888995e-01 3.19655538e-01 -8.93579841e-01 -4.37469423e-01 1.29115450e+00 -8.06471884e-01 -3.76522273e-01 8.02503109e-01 -1.11416292e+00 -3.74869347e-01 6.21550977e-01 -9.31865335e-01 3.24160652e-03 -6.21424258e-01 4.19940263e-01 8.26799035e-01 4.23032343e-01 -3.12492490e-01 -2.05302024e+00 -6.44287169e-01 7.60342300e-01 6.87084854e-01 -9.37507331e-01 -5.50873518e-01 1.64484873e-01 1.13676417e+00 -1.00584912e+00 -2.59218454e-01
-3.35397795e-02 1.71664685e-01 -6.40064925e-02 -4.66534272e-02 -1.36555746e-01 -3.19952853e-02 6.37533143e-02 -3.62882651e-02 -6.00364879e-02 -2.56725792e-02 4.05053496e-02 9.41016003e-02 8.47196057e-02 -5.85086308e-02 1.76035285e-01 -1.49824694e-01 1.10224709e-01 1.57065704e-01 -3.04944571e-02 -2.76007861e-01 1.49695083e-01 2.61135157e-02 -2.88619064e-02 -2.40202956e-02 -3.00007850e-01 -4.09228876e-02 2.24047601e-02 -8.37472677e-02 -2.28794925e-02 -6.04824349e-03 -2.96086799e-02 -2.23993301e-01
2.27624085e-02 3.30992401e-01 1.66358697e+00 4.51585591e-01 -1.33988166e+00 2.38565758e-01 -2.07181171e-01 -5.35669267e-01 8.24653387e-01 6.01158202e-01 1.74628913e-01 -3.70171607e-01 -8.96065533e-01 7.67160296e-01 5.54218329e-02 -3.66465306e+00 -1.56239808e-01 -4.78822947e+00 3.28076214e-01 1.41829178e-01 -1.15978956e+00 1.02269948e+00 4.25927579e-01 1.84673160e-01 2.03421742e-01 -1.59507677e-01 -5.21445215e-01 6.26661241e-01 -1.73739344e-01 -4.38463688e-03 8.66408274e-02 2.44315807e-02
-8.16560447e-01 1.47027478e-01 1.46693721e-01 -7.24031568e-01 -9.50214639e-02 -1.43075615e-01 -2.39134684e-01 4.89979774e-01 -4.78214957e-02 -6.80118427e-03 1.34495988e-01 -3.15298229e-01 4.22019422e-01 4.71107155e-01 -3.58902127e-01 -4.40549642e-01 1.57277375e-01 -2.92613655e-01 -3.43924701e-01 1.17337719e-01 1.28826812e-01 6.94706202e-01 2.60191977e-01 -2.43874893e-01 -5.47588728e-02 3.00388575e-01 -6.95174575e-01 6.40464872e-02 9.54928622e-02 -5.43332934e-01 -1.50922701e-01 -8.03157091e-01

layers.2.bias:
-1.41483736e+00
-8.23229730e-01
6.90857589e-01
-5.82270801e-01
3.40813667e-01
-3.65880042e-01
2.50023037e-01
2.14596462e+00
5.84022641e-01
8.53651583e-01
-8.52753639e-01
-1.39058602e+00
-4.04716402e-01
8.85430634e-01
-4.35525179e-01
-7.31349587e-01
-6.23482652e-02
-7.80142188e-01
3.27177465e-01
-8.06445107e-02
-3.14227313e-01
8.38931978e-01
8.17497432e-01
-1.20464467e-01
-3.73519629e-01
1.05263352e+00
-9.37718928e-01
-1.08421719e+00
5.09455502e-01
-1.11045134e+00
1.93038844e-02
-5.44086136e-02
7.68348813e-01
1.14175901e-01
-3.41582686e-01
-4.71951533e-03
-1.24795519e-01
1.36437666e+00
1.01195931e+00
-1.04409300e-01
9.88128006e-01
-1.74753830e-01
-5.64160645e-01
1.56157148e+00
2.53897369e-01
-9.79030848e-01
1.06239092e+00
-3.44114453e-01
7.98755586e-01
1.73756397e+00
2.49603167e-01
2.91141897e-01
1.17263652e-01
-6.30750775e-01
8.69664922e-02
-1.80527363e-02
7.85900593e-01
-1.35640725e-01
-1.26335785e-01
-6.44942403e-01
5.35406291e-01
6.04752675e-02
-3.34287673e-01
6.58582270e-01

layers.4.weight:
3.28739852e-01 3.45163830e-02 -5.81999160e-02 4.98806871e-02 4.81546298e-02 1.35246441e-01 -3.55100783e-04 -6.96381986e-01 -7.19888583e-02 -4.06607538e-01 4.29093949e-02 9.02390003e-01 -1.64841712e+00 -9.41947028e-02 -7.83533440e-04 -1.45155311e+00 -4.48708539e-04 9.54533666e-02 9.57289711e-03 -2.73713486e-05 -7.61163828e-04 -1.07901268e-01 -3.87794315e-03 2.39084333e-01 -7.59201124e-02 -4.77396138e-02 2.74990925e-05 8.16346049e-01 -3.97199988e-01 3.98705453e-01 -3.58796604e-02 -1.33293599e-01 -1.02612272e-01 -5.75903279e-04 1.08111434e-01 -3.94455739e-04 9.88241984e-04 -2.11284414e-01 -4.25247438e-02 3.66115183e-01 -6.41121045e-02 2.91431874e-01 3.79614756e-02 -1.35876462e-01 -9.28688969e-04 1.18308298e-01 -3.27648781e-02 9.59580531e-04 -1.06672622e-01 -6.51746392e-01 -7.63835162e-02 -1.37854824e-02 -2.93596881e-04 4.14328650e-03 -1.17748117e+00 -1.40358927e-04 -1.37283523e-02 -3.16726804e-01 -5.31164743e-02 2.40728706e-02 -5.75876907e-02 -9.84225073e-04 9.84595656e-01 -2.97256038e-02

layers.4.bias:
-1.07727098e+00

