layers.0.weight:
3.31696361e-01 -5.67613244e-01 7.97264636e-01
5.69172144e-01 -8.09445798e-01 -5.80563486e-01
-8.31293464e-02 -6.13938749e-01 -5.77727258e-01
-1.07055378e+00 1.15616508e-01 4.58123112e+00
2.67282110e-02 4.11940843e-01 1.16166264e-01
-5.79876065e-01 8.58121514e-01 -1.84879377e-01
-1.31842160e+00 4.86020595e-01 -9.88645032e-02
-6.01682402e-02 7.88846374e-01 -9.23566997e-01
6.03414774e-01 -9.26082134e-01 5.12713566e-02
-1.11527514e+00 5.86289167e-02 -1.64189592e-01
7.53551662e-01 -9.85680073e-02 1.41279221e+00
-7.16238439e-01 -1.31785080e-01 -1.29353356e+00
-4.30584475e-02 7.12955832e-01 -1.57757306e+00
-1.16726887e+00 2.10410804e-02 5.00053525e-01
-6.46977663e-01 1.09646142e+00 7.52028525e-01
-1.81771189e-01 9.48456824e-01 1.64468549e-02
5.46070874e-01 -6.33792400e-01 -1.45019031e+00
-1.15504665e-02 1.12846863e+00 1.84981868e-01
8.07071701e-02 -9.54183042e-01 5.35116851e-01
3.41117471e-01 -1.28724232e-01 -8.64976227e-01
2.23475501e-01 1.65966094e-01 -5.10879010e-02
-3.24195027e-01 -2.56797969e-01 -1.00232065e+00
-4.64660525e-01 1.65601885e+00 -4.46076952e-02
-1.56447518e+00 4.06930357e-01 1.75152493e+00
1.05132234e+00 3.79940838e-01 -7.78481364e-01
2.59609371e-01 6.71772659e-01 -1.17486012e+00
-1.16151750e-01 -2.13369340e-01 1.90187418e+00
-3.97779703e-01 -2.44972542e-01 1.92939892e-01
3.22416067e-01 7.57217348e-01 -1.46468067e+00
-1.04933763e-02 4.65525806e-01 1.70563948e+00
-2.89658904e+00 2.84448242e+00 -1.78299040e-01
-1.26738083e+00 -5.19488692e-01 1.02004325e+00

layers.0.bias:
8.77201200e-01
4.81547834e-03
-1.42384720e+00
-6.34384930e-01
7.07518518e-01
-2.04255387e-01
-3.54310095e-01
2.86240637e-01
-7.45998621e-01
-1.59115899e+00
1.64644122e-01
1.80825554e-02
2.46107668e-01
-1.21306002e+00
-2.90836543e-01
1.43946290e+00
9.34610724e-01
1.82654703e+00
-6.68276668e-01
5.78918040e-01
-1.44309163e-01
-1.35729384e+00
1.02535832e+00
-7.05530941e-02
1.36946186e-01
5.60703695e-01
8.80503118e-01
-1.57881156e-01
-4.88352716e-01
7.31267482e-02
8.91685039e-02
-6.70209900e-02

layers.2.weight:
-3.48539174e-01 2.05718070e-01 7.36392885e-02 -4.91272867e-01 -3.24350595e-02 2.06903629e-02 9.81749892e-02 -6.08115867e-02 -1.18717164e-01 2.78424954e+00 8.10039192e-02 6.80791587e-02 -2.16880769e-01 2.40583682e+00 -1.64749101e-01 4.40567970e-01 -6.80426285e-02 6.67544067e-01 1.39135271e-01 -2.66541094e-01 2.47669697e-01 -6.93234727e-02 -5.16808808e-01 5.98921478e-01 -1.25195876e-01 6.18230939e-01 -7.96010315e-01 -1.35836542e-01 -2.13916540e-01 -2.23808005e-01 -1.52950823e-01 2.87120223e-01
-4.90500815e-02 1.48685902e-01 -8.96833301e-01 7.90993571e-02 -3.53880972e-01 1.12096533e-01 -7.44446278e-01 -5.18470943e-01 6.10887408e-01 6.56061947e-01 3.82388741e-01 -3.07364464e-01 2.17048511e-01 -3.47129814e-03 -3.32793355e-01 1.87517241e-01 -3.80564272e-01 3.80410194e-01 -3.89158547e-01 -9.97724012e-02 6.31833076e-01 -1.76394179e-01 -4.61098760e-01 -2.49224808e-02 -2.78748702e-02 -1.06787004e-01 -2.99295425e-01 -5.26263654e-01 4.38620895e-02 -1.93233833e-01 -5.28077148e-02 2.18933657e-01
3.86884362e-02 7.35131279e-02 2.41823792e-01 -6.54678166e-01 -1.17565191e+00 -1.01014361e-01 -5.45478940e-01 2.28907481e-01 5.55128217e-01 7.71480858e-01 -4.51882780e-01 -1.89745516e-01 6.46539778e-02 1.59862399e-01 -1.80988923e-01 -8.98458183e-01 -3.48958313e-01 -9.67870057e-01 -2.85514467e-03 -1.69599310e-01 -1.65341541e-01 -2.08290532e-01 2.99176216e-01 -1.34394729e+00 -5.77222347e-01 3.31306338e-01 -1.07594085e+00 2.91639656e-01 3.22465569e-01 -2.60893792e-01 4.18430045e-02 2.80275345e-01
2.17174113e-01 -1.40728742e-01 7.88682029e-02 1.31593776e+00 6.56722963e-01 4.16941106e-01 6.90702081e-01 -2.05185011e-01 -2.02348739e-01 -1.62924007e-02 1.30253091e-01 -3.26809213e-02 -5.44978976e-01 1.87347665e-01 6.67943180e-01 1.25121009e+00 -3.96892011e-01 1.00567043e+00 2.64934629e-01 -1.08172464e+00 -6.33752108e-01 -1.25267088e-01 4.13048744e-01 1.53317738e+00 2.52786040e-01 -5.02722085e-01 4.67991263e-01 -5.68846706e-03 -6.35644138e-01 -1.76031128e-01 7.34874606e-03 1.05098374e-01
2.21369341e-01 -2.15805277e-01 1.79298729e-01 -4.71842647e-01 1.58609375e-01 -4.33990449e-01 -1.19811285e+00 1.66651368e-01 2.46134654e-01 -7.22154796e-01 4.05909806e-01 -7.15956926e-01 8.28657329e-01 -9.21995938e-01 -2.40626872e-01 -7.89990067e-01 -2.34567732e-01 -7.80338049e-01 -8.79537612e-02 -4.14644592e-02 7.73208082e-01 -5.76717317e-01 1.18932657e-01 -3.69079083e-01 -8.45719039e-01 6.66085124e-01 7.78269470e-02 -5.26850939e-01 -2.51904994e-01 5.85070729e-01 -4.20834213e-01 9.89442617e-02
-2.48024061e-01 1.84356287e-01 3.92925680e-01 1.36688739e-01 -1.05424690e+00 -3.09469283e-01 -6.01347573e-02 2.89576977e-01 3.92000258e-01 6.47516549e-02 5.83930373e-01 4.05955255e-01 -5.28460406e-02 7.59664625e-02 -2.40873039e-01 -1.25842011e+00 -3.66278708e-01 -1.45713902e+00 7.54921794e-01 -2.54984468e-01 -6.37998939e-01 -5.26094884e-02 -7.73280919e-01 -3.29393446e-01 1.19445346e-01 1.07781008e-01 1.21056281e-01 1.12156236e+00 -1.41829729e-01 -4.67746705e-01 -2.52466589e-01 2.74773598e-01
5.31920828e-02 -1.47616277e-02 -2.28309959e-01 -1.17798997e-02 -1.32327750e-01 1.58565685e-01 -6.39944598e-02 -4.33825463e-01 -8.90150145e-02 2.52863586e-01 2.91644722e-01 8.50175470e-02 2.88398504e-01 3.13143656e-02 1.08412271e-02 -3.11022103e-01 1.55793885e-02 8.70499685e-02 1.87211484e-02 -3.12200785e-01 -3.80393952e-01 7.25056902e-02 3.48047279e-02 2.36767642e-02 1.84384972e-01 2.61805177e-01 -3.63407731e-01 -4.46895182e-01 -1.48201138e-01 6.91367239e-02 5.34130167e-03 1.15623891e-01
3.07091266e-01 1.11696497e-01 -4.01820868e-01 3.57454449e-01 2.82890409e-01 -6.44608140e-01 1.11770809e-01 4.96097505e-01 6.10929728e-02 -3.16405773e-01 -1.23701319e-01 9.53920960e-01 3.13587904e-01 -5.68073392e-01 -1.72004521e-01 1.78565398e-01 5.15365243e-01 1.64879948e-01 2.38798141e-01 4.98548627e-01 -1.42143631e+00 -9.04429972e-01 1.61300555e-01 2.92962432e-01 2.33640343e-01 7.50570714e-01 6.03442192e-01 4.87032026e-01 -5.70661247e-01 4.96492267e-01 1.76874757e-01 -2.92192966e-01
1.02012835e-01 3.19754571e-01 -6.26245379e-01 -2.40048572e-01 1.38636923e+00 -4.54710603e-01 -5.90147078e-01 -3.39867473e-01 -6.32599950e-01 1.75367236e-01 5.02092421e-01 1.96749866e-01 6.73093677e-01 -2.54708648e-01 3.03523540e-02 1.92903352e+00 3.58694047e-01 1.51147628e+00 -5.68468332e-01 -1.22977301e-01 1.40455365e-01 -3.42161208e-01 3.30067389e-02 2.58937389e-01 1.07773386e-01 3.82163405e-01 6.42626435e-02 -2.72715911e-02 7.83595350e-03 1.73766747e-01 2.13528848e+00 -3.58063668e-01
-6.19260788e-01 1.15721866e-01 -1.04217179e-01 -5.24060071e-01 4.35716540e-01 1.43432962e-02 -8.21916014e-02 3.75936538e-01 4.18577522e-01 -1.74389035e-01 1.20966071e-02 2.37048283e-01 1.85605288e-01 1.80233061e-01 -3.60203922e-01 -6.17290556e-01 3.33187312e-01 -3.93190026e-01 -4.18375909e-01 -2.51163077e-02 -6.33805037e-01 -2.31001094e-01 1.08906522e-01 -8.97211730e-02 -1.98829204e-01 -9.04277638e-02 -1.75626546e-01 2.14621350e-01 2.66538113e-01 1.63153917e-01 1.19395137e-01 -1.14883436e-02
8.42359513e-02 -3.03721547e-01 -5.89861125e-02 -3.76432836e-01 -5.62914193e-01 -2.92242765e-01 -2.67993093e-01 1.52151346e-01 4.13706958e-01 3.12580645e-01 -5.44933319e-01 -9.92643610e-02 8.69107187e-01 -3.08287799e-01 -2.18250602e-01 -3.15546453e-01 -6.16258621e-01 -1.00624311e+00 -2.16843840e-03 -2.13707630e-02 1.00381219e+00 -2.28159398e-01 -8.22163045e-01 1.68927521e-01 -1.84485480e-01 -5.34895100e-02 -4.46155697e-01 -4.67246264e-01 2.46837690e-01 -4.12531853e-01 1.31969266e-02 4.47296619e-01
-9.27317962e-02 -3.20875980e-02 1.67254961e+00 -8.67121339e-01 -8.25080335e-01 1.25026062e-01 -4.44876924e-02 -3.97633016e-01 3.32027197e-01 1.83782887e+00 4.78021428e-02 -1.50179669e-01 2.87209183e-01 3.23253489e+00 -1.42453667e-02 -8.24014544e-01 3.26980799e-01 -2.57550526e+00 5.83138824e-01 -3.26987714e-01 2.58480728e-01 5.91141760e-01 -2.86121130e-01 8.60738337e-01 -8.23699087e-02 -5.56005895e-01 3.00808549e-01 -1.02066115e-01 9.41190869e-02 3.83443423e-02 2.30176654e-02 -3.34376335e-01
-6.48553789e-01 -1.65403634e-01 9.39595282e-01 3.84417742e-01 -6.03786647e-01 6.29893839e-01 4.05347999e-03 -9.13386464e-01 3.33234161e-01 4.52522695e-01 2.40731046e-01 1.11212693e-01 -4.81761664e-01 -7.72421882e-02 4.40197438e-01 -4.18376541e+00 -1.10793509e-01 -5.95077896e+00 5.76547563e-01 -9.81413305e-01 -6.53993785e-01 4.47563320e-01 6.40522182e-01 -1.43283427e-01 -2.87592709e-01 -2.18781963e-01 -3.81698132e-01 6.10738039e-01 -6.19965672e-01 -3.49977404e-01 -1.08837676e+00 -2.27688119e-01
1.29511571e-02 -1.50604025e-01 -6.11856520e-01 -6.30358681e-02 -2.13124245e-01 -5.26842289e-02 2.38833010e-01 3.39742541e-01 3.78406137e-01 -2.18818724e-01 5.40345490e-01 -2.07987234e-01 3.30805838e-01 -8.24095488e-01 -3.48098993e-01 -1.23044163e-01 -2.51610875e-01 1.52135342e-01 -1.02638848e-01 1.18302055e-01 3.50075192e-03 -1.37499630e-01 3.00258547e-02 -2.20993772e-01 -1.22758225e-01 7.58331537e-01 -6.34140149e-03 2.85820514e-02 -1.73584551e-01 2.61505455e-01 9.22627524e-02 3.55406851e-01
-9.56896544e-01 2.49368161e-01 -6.90617040e-02 3.07346880e-01 -8.20522234e-02 6.29400313e-01 -3.78159165e-01 -7.34340325e-02 4.44222331e-01 -1.68110430e-01 -7.85774589e-01 2.66832530e-01 1.87766999e-01 -3.51567507e-01 -3.13237101e-01 -6.72674417e-01 2.62618005e-01 -6.24478996e-01 -4.21709955e-01 3.51386517e-01 1.33515716e+00 9.71411586e-01 -4.77499701e-02 1.68140158e-01 -3.82683367e-01 1.40453175e-01 -6.24357581e-01 5.60645275e-02 8.39735568e-01 -2.78836191e-01 -1.05557963e-01 1.51581600e-01
-5.52335322e-01 -6.54228032e-02 5.09284846e-02 1.36684179e-01 -2.49833629e-01 2.73037881e-01 -9.24901068e-01 -9.59062874e-02 9.10126120e-02 5.22610426e+00 5.64058185e-01 4.28311676e-01 2.17096403e-01 2.67181349e+00 -4.41015186e-03 -3.21664624e-02 -4.28792685e-01 -1.42097726e-01 5.99343330e-02 -2.03882128e-01 -7.04893053e-01 4.06390846e-01 1.99447051e-01 2.78592348e-01 -3.96949470e-01 -4.30084914e-01 -6.31146908e-01 3.39264393e-01 -1.30555645e-01 -6.58954620e-01 1.89142540e-01 -2.38824159e-01
-2.27205381e-02 1.48540005e-01 -6.59538135e-02 3.61363254e-02 3.52073065e-03 5.62447542e-03 3.33569199e-02 -5.66076115e-02 2.86050583e-03 -1.97360873e-01 6.85464442e-02 3.94769572e-02 4.58088815e-02 8.83559510e-02 1.10593811e-01 1.29106697e-02 4.36978117e-02 1.40714161e-02 -1.58731733e-02 1.09071873e-01 2.51992345e-01 1.19172685e-01 4.05352563e-03 2.07853597e-02 6.41194433e-02 1.99723914e-02 5.83587550e-02 2.79485732e-01 1.04901679e-02 3.46526795e-04 4.40291548e-03 2.10252814e-02
1.63945735e-01 -1.20264240e-01 -6.24246120e-01 3.56274657e-02 2.73768485e-01 -1.94895118e-01 -1.39710352e-01 -2.93645144e-01 2.20343858e-01 -6.70966208e-01 4.03949656e-02 6.32329495e-04 2.15750873e-01 5.99968210e-02 -8.24301690e-02 3.45358074e-01 -2.96890289e-01 6.15674794e-01 -1.58796638e-01 9.28388059e-01 1.87958106e-01 1.11910708e-01 -4.42406803e-01 -1.33035198e-01 -1.91525996e-01 -4.31141347e-01 8.32391322e-01 -4.11603957e-01 2.22228795e-01 2.98129559e-01 -4.58801687e-02 2.62823313e-01
-2.97896594e-01 -8.90043452e-02 -2.87786007e-01 -2.14111328e-01 3.76332790e-01 3.03576700e-02 1.40632525e-01 1.31321281e-01 4.24563110e-01 -4.11565512e-01 -1.68530092e-01 -9.13183689e-01 4.80979711e-01 -1.83166355e-01 -1.68704927e-01 1.21859908e-01 -1.48485154e-01 2.49322385e-01 1.31377548e-01 -8.79624411e-02 8.68036877e-03 -1.78875551e-01 4.89394784e-01 -3.17300290e-01 2.54040062e-01 2.03297034e-01 -1.84826657e-01 3.16052198e-01 6.38692826e-02 3.43866944e-01 4.56326842e-01 1.11704148e-01
6.83760867e-02 1.78740546e-01 -5.54033229e-03 6.93789870e-02 -6.11009039e-02 1.01518951e-01 -2.51219012e-02 -7.85733238e-02 4.89124395e-02 7.95345455e-02 6.69384226e-02 1.15959987e-01 -6.64099231e-02 -7.82487094e-02 1.18427232e-01 4.54361230e-01 5.89385554e-02 -3.00313622e-01 4.20223065e-02 -9.87420231e-02 -1.09574288e-01 -1.30057737e-01 -2.45102099e-03 -2.75063217e-02 3.66697833e-02 1.27635509e-01 5.48978196e-03 1.09749110e-02 1.06973335e-01 1.44416410e-02 -9.02268570e-03 4.30170409e-02
4.39672530e-01 -2.17656478e-01 7.31530130e-01 5.32495737e-01 -3.60575616e-01 -1.49768382e-01 -6.57174647e-01 -1.05643384e-01 -3.15679193e-01 -7.41234779e-01 -9.41907763e-02 9.52431202e-01 4.91522193e-01 -3.52897346e-01 8.09039295e-01 4.97558773e-01 -1.25372574e-01 -3.45860928e-01 4.41473931e-01 4.19756502e-01 -4.22787726e-01 1.20221689e-01 6.05461001e-01 1.94043949e-01 9.55061242e-02 -3.71331394e-01 9.29964483e-02 3.22889417e-01 -8.26827288e-02 -7.36432299e-02 1.24297246e-01 4.23993051e-01
2.66434491e-01 -1.22760303e-01 1.75928883e-02 1.80458501e-01 8.80635828e-02 1.40872240e-01 9.20697331e-01 4.13476452e-02 4.59747106e-01 2.34570220e-01 3.66489619e-01 3.37210983e-01 -4.27303284e-01 -5.56884825e-01 1.09501429e-01 -9.55264986e-01 -7.40367770e-02 -6.50596976e-01 -5.49877696e-02 -4.64865029e-01 -5.23858607e-01 -3.19238454e-02 2.71138579e-01 -1.57159381e-02 6.57336488e-02 -4.49710876e-01 -6.75068259e-01 4.40619439e-01 -1.32534727e-01 -1.57298282e-01 2.53591835e-01 -4.82035205e-02
2.14704834e-02 -4.19753380e-02 -2.59753764e-01 4.06070471e-01 1.73563361e-02 4.07293051e-01 3.51971656e-01 -2.40750805e-01 -3.39399397e-01 3.59680384e-01 2.44491827e-02 7.38537461e-02 4.41017002e-01 5.01292050e-01 -1.27548486e-01 -5.48534274e-01 5.24723291e-01 -1.62894487e-01 -1.07759126e-02 -2.52530783e-01 -2.84243882e-01 5.70515990e-02 -3.23608488e-01 1.91119552e-01 -3.12867969e-01 -9.89727825e-02 -5.90102784e-02 -5.68424404e-01 8.51857215e-02 -1.13187820e-01 -3.86851927e-04 -3.29415798e-01
7.82575548e-01 -4.77913544e-02 -2.68038601e-01 1.65119007e-01 1.69993788e-01 -4.88674998e-01 -3.69656123e-02 3.18993032e-01 2.68543214e-01 -2.59467793e+00 1.08225375e-01 1.66713208e-01 3.81226033e-01 -1.61076343e+00 1.43649504e-01 3.50276977e-01 1.32449836e-01 2.68408328e-01 -2.14682192e-01 -6.81225117e-03 4.80711460e-01 -2.08580986e-01 -3.05319667e-01 -4.22694236e-02 -3.78046453e-01 -1.95017129e-01 -5.85813522e-02 -1.49291992e-01 2.06826881e-01 1.05722249e-01 -1.13340631e-01 -1.67513818e-01
-9.01193202e-01 1.59798026e-01 3.61925326e-02 1.16095826e-01 -1.16411865e-01 -3.34357262e-01 1.11527121e+00 -4.79003601e-02 -1.05258584e+00 7.67647028e-01 -7.45185912e-01 5.07824272e-02 1.76531792e-01 8.23481083e-02 -7.15007901e-01 6.80714965e-01 6.09628797e-01 4.81353104e-01 -1.46499034e-02 1.96355451e-02 -2.86318481e-01 4.60938871e-01 5.33915579e-01 9.52005088e-01 -5.19191265e-01 5.18027127e-01 -6.24444783e-01 6.54199645e-02 8.50761712e-01 -4.59394574e-01 9.46170539e-02 1.27647370e-01
-5.67044377e-01 5.61183333e-01 -1.69208851e-02 -1.63839594e-01 5.02873659e-01 1.89795583e-01 2.23506298e-02 5.41197360e-01 -3.47412586e-01 5.13724208e-01 4.37444299e-02 -1.32379055e-01 2.41877079e-01 2.42754310e-01 -4.98428971e-01 -3.31064105e-01 -1.64701968e-01 -1.65873319e-01 3.66378903e-01 -4.00636911e-01 -4.36068163e-04 -2.52634346e-01 5.23526035e-02 -5.07307529e-01 8.19370896e-02 -1.79690927e-01 -5.86907387e-01 -4.86313581e-01 1.94246814e-01 -3.89012843e-01 -1.97200656e-01 -2.51559108e-01
-1.16852291e-01 3.48913312e-01 5.34750283e-01 2.67256618e-01 -3.72183979e-01 -3.70336682e-01 -1.00698188e-01 6.12853132e-02 3.29567820e-01 -5.02935529e-01 -6.84342623e-01 3.41866165e-02 -1.81290731e-01 -3.86169463e-01 -4.14267592e-02 5.67350507e-01 3.74454744e-02 9.93196666e-02 2.67033279e-01 3.10934037e-01 -3.69978324e-02 -6.55461669e-01 6.22378103e-02 1.49898743e-02 2.50346780e-01 2.38316417e-01 -7.68640786e-02 -4.98802334e-01 -2.18362108e-01 -2.15123117e-01 -5.52827604e-02 -2.24255726e-01
-7.93370545e-01 4.51281190e-01 -6.48958147e-01 -9.92349744e-01 -1.71050414e-01 -2.19180599e-01 -3.54816496e-01 3.88383090e-01 1.03214182e-01 4.47180927e-01 -3.88693810e-02 1.69984370e-01 1.62368655e-01 2.86598802e-01 3.24830529e-03 1.10367155e+00 6.72411561e-01 1.24272203e+00 -7.12796926e-01 5.87727651e-02 5.60292959e-01 -7.79139519e-01 -6.23712480e-01 4.17918980e-01 -1.61581323e-01 -4.52004910e-01 2.96097398e-01 2.84176290e-01 5.43370605e-01 -7.96884298e-01 2.12123707e-01 -2.53590077e-01
1.68556988e-01 -5.37956059e-01 -4.14905176e-02 -1.09775655e-01 -6.41952991e-01 5.17858386e-01 9.03395265e-02 -4.75576252e-01 5.13649940e-01 8.86741102e-01 -2.11776748e-01 1.09459929e-01 5.45168638e-01 3.98363024e-01 1.51196439e-02 -1.04582095e+00 -4.57817316e-01 -1.06549227e+00 5.01132421e-02 2.07473934e-01 2.46222198e-01 3.43532383e-01 1.90935731e-01 1.49241596e-01 2.57500082e-01 9.92055535e-02 -4.05692816e-01 -2.63470322e-01 -2.65877813e-01 -3.33001256e-01 4.09528494e-01 3.31593096e-01
-3.90076376e-02 -9.60244596e-01 3.49716038e-01 1.60393989e+00 1.29422978e-01 7.85446763e-02 -1.44640058e-01 -2.81266689e-01 -2.04825163e-01 2.13580713e-01 1.10747492e+00 -1.01071608e+00 -1.12301290e+00 -3.99479300e-01 1.82103723e-01 -1.03611469e-01 -1.20592701e+00 5.56878865e-01 6.42765939e-01 -7.40132809e-01 8.38012934e-01 1.73218489e-01 3.25306738e-03 9.97487381e-02 -1.17901482e-01 -5.26554167e-01 2.24548563e-01 8.82693678e-02 -8.99230480e-01 1.28150594e+00 -6.30839288e-01 5.04816175e-02
-8.38788509e-01 -2.41051406e-01 6.01483047e-01 1.86242193e-01 -9.61998343e-01 3.16955715e-01 3.50533009e-01 -1.35163292e-01 -5.66713095e-01 -1.76092878e-01 -9.60480094e-01 2.36169636e-01 4.04594958e-01 1.21719070e-01 2.34048352e-01 -3.74948114e-01 2.98225969e-01 -8.31447840e-01 5.20140767e-01 -4.02708381e-01 -1.25708497e+00 6.55595899e-01 1.00227319e-01 -6.50864482e-01 1.48149863e-01 5.34617484e-01 -5.67717105e-02 2.71834195e-01 -5.38997471e-01 -1.69396058e-01 -1.42993286e-01 8.94215051e-03
-2.85832912e-01 -3.54130238e-01 -1.92123085e-01 -1.35370553e-01 -1.94121078e-01 -5.57746403e-02 2.30954066e-01 2.48654693e-01 -6.35803401e-01 1.31935418e+00 -1.36846364e-01 -1.03698179e-01 -5.17883062e-01 4.89001423e-01 -1.44735709e-01 2.73702033e-02 1.41941383e-02 1.56662643e-01 -8.83930363e-03 -1.94756582e-01 2.15586036e-01 1.21440046e-01 3.56831431e-01 4.92976457e-02 4.18955795e-02 -7.44969547e-02 -1.72863513e-01 1.93121180e-01 2.65185535e-01 3.25260580e-01 -2.96198968e-02 1.12868726e-01
-7.27398992e-02 -3.70682597e-01 1.30049344e-02 -1.09766096e-01 -3.67187947e-01 4.61438537e-01 -2.16699213e-01 -4.21824455e-01 8.53823647e-02 -4.11562294e-01 3.17876860e-02 4.30963844e-01 2.10475624e-01 4.30208206e-01 3.34293932e-01 -5.58509886e-01 -4.76617306e-01 -1.26077652e+00 -5.68115786e-02 -3.32019657e-01 -8.70620310e-02 8.69290590e-01 4.54287410e-01 6.11684322e-01 -4.50936347e-01 1.48655444e-01 1.19992174e-01 -2.60978192e-01 -3.62498224e-01 -2.68891513e-01 -1.17017552e-01 -9.36860219e-02
4.84018177e-02 -4.99170311e-02 1.30226836e-01 -9.23309028e-02 2.46125832e-01 -1.08243637e-01 4.36580293e-02 -3.38335186e-01 -1.61884308e-01 3.71987432e-01 1.43441796e-01 1.83795810e-01 7.98179582e-02 -2.95840442e-01 -6.10131845e-02 -2.93524235e-01 6.65538684e-02 1.41463920e-01 -1.46722108e-01 -5.36661029e-01 1.53588653e-01 -1.68571085e-01 -1.42401785e-01 -3.94517891e-02 -1.32026309e-02 2.10996598e-01 -6.32229075e-02 1.00289471e-02 1.03548832e-01 6.91965818e-02 7.87245762e-03 6.95849536e-04
5.71929403e-02 -5.78650177e-01 -1.77606165e-01 7.47211874e-01 -2.43045405e-01 -4.25899804e-01 1.81749120e-01 -1.11451186e-01 -2.88694292e-01 2.96946096e+00 -5.71452260e-01 9.62358892e-01 6.69647932e-01 8.54483604e-01 8.36230099e-01 1.75291821e-01 3.19702178e-02 1.64136678e-01 4.95721281e-01 3.71654332e-01 2.67166704e-01 1.92518890e-01 -1.27308473e-01 1.04490530e+00 -1.53747173e-02 1.56022936e-01 -3.24269950e-01 2.51529634e-01 9.34920907e-02 2.31609792e-02 1.21300423e+00 -7.34425895e-03
-1.19936720e-01 1.89232424e-01 1.31372735e-01 7.59868026e-02 2.85950154e-02 -3.19837667e-02 -1.38975028e-02 1.14816777e-01 -1.19227210e-04 -1.52353290e-02 1.68942779e-01 6.96548671e-02 8.92425254e-02 -4.11371812e-02 1.45323142e-01 1.94524273e-01 3.85318324e-02 -1.11941203e-01 -2.88906787e-02 9.31856707e-02 -1.68472826e-01 -3.86828557e-02 8.78862265e-05 1.50790368e-03 -4.76728916e-01 -2.27194741e-01 4.98835780e-02 -1.18721224e-01 -7.00680390e-02 -5.40237129e-02 1.25553925e-02 -4.38916236e-01
7.52203725e-03 -7.76965693e-02 -4.57275547e-02 2.52011027e-02 -2.36092165e-01 2.45339405e-02 -4.33715284e-02 1.63889617e-01 6.46057725e-02 -3.26112024e-02 -9.34250094e-03 -2.02969331e-02 -6.59578145e-02 5.14521673e-02 -7.89592266e-02 2.17406332e-01 -1.18610710e-01 -1.07116818e-01 1.59608442e-02 3.29666793e-01 -2.51750946e-01 -9.71283317e-02 1.66278463e-02 -1.19606555e-02 1.48600740e-02 -9.12018269e-02 -6.29830882e-02 -6.43304139e-02 -5.14801480e-02 5.28322272e-02 2.25553568e-02 -4.94310213e-03
8.50946486e-01 -2.91203678e-01 3.56632173e-01 3.59160185e-01 -5.12656331e-01 1.10447453e-02 -6.09944820e-01 -3.14476639e-02 7.38760293e-01 5.67382127e-02 -1.83114782e-01 3.68065163e-02 3.62979956e-02 2.40128204e-01 7.65809476e-01 -9.18899596e-01 -4.78167057e-01 -9.69488978e-01 6.80193067e-01 -2.88967490e-01 -7.49422252e-01 2.34390855e-01 -1.28733307e-01 2.25031361e-01 8.09325397e-01 -4.86566760e-02 2.43233562e-01 -1.24191172e-01 -5.58667660e-01 2.45597944e-01 1.12367161e-01 9.80447680e-02
1.31831869e-01 -4.36209291e-01 -2.47734576e-01 4.17894036e-01 1.24384403e-01 -5.86560309e-01 9.42990705e-02 -1.83375068e-02 2.51700789e-01 -2.52147377e-01 -2.22008735e-01 4.41747487e-01 3.42182547e-01 -2.62552768e-01 2.80440688e-01 -6.48286521e-01 -3.63519520e-01 -9.03074622e-01 4.56230372e-01 -4.28528100e-01 -2.27017924e-01 -6.29720539e-02 3.78240705e-01 6.73572183e-01 -1.39022455e-01 -3.32419693e-01 4.50139016e-01 -6.13690242e-02 -1.01242401e-01 -4.10255194e-01 9.37492549e-02 2.42566571e-01
6.37852475e-02 5.74004240e-02 7.15417922e-01 1.24245144e-01 -1.24118400e+00 -3.63084018e-01 2.38459945e-01 -1.62763909e-01 7.42390156e-01 6.31300390e-01 -1.01614513e-01 -4.18933064e-01 -8.33320245e-03 6.10475838e-01 -7.40916878e-02 -2.59069800e+00 -2.17374444e-01 -3.09907031e+00 2.15412706e-01 4.46418598e-02 -8.06998372e-01 6.32038116e-01 1.24055110e-01 1.35029942e-01 1.82376310e-01 9.25476849e-02 3.56681615e-01 1.74792379e-01 -2.06725582e-01 -7.60540009e-01 -6.50282979e-01 2.24032983e-01
-1.97511971e-01 -2.22443774e-01 -2.42598847e-01 -2.92912513e-01 -2.85424024e-01 5.53215027e-01 1.33581087e-01 -9.01488587e-02 -1.13889709e-01 3.54162693e-01 -2.08878145e-01 1.72489688e-01 7.03589320e-02 -2.96692729e-01 -1.51248962e-01 -5.07105947e-01 3.25315595e-01 -6.34984493e-01 -3.05084795e-01 4.47594672e-02 -3.32687378e-01 4.04470295e-01 -1.36628553e-01 3.32124263e-01 3.85383636e-01 -5.00831485e-01 4.70964670e-01 5.17720170e-02 8.34095106e-02 1.20896980e-01 -1.09378561e-01 2.20812242e-02
4.77912962e-01 7.01215029e-01 6.85599744e-01 -4.17407304e-01 1.92758828e-01 1.34420142e-01 1.71251193e-01 -9.75763947e-02 -8.24724853e-01 9.55845237e-01 -3.04020315e-01 -2.24615991e-01 -4.23345029e-01 1.11130440e+00 1.42669916e-01 1.74307257e-01 4.42027785e-02 -8.97992492e-01 2.79576749e-01 -2.63360709e-01 3.22926715e-02 7.09119678e-01 -1.61357060e-01 -4.09828544e-01 6.47850811e-01 -7.51944423e-01 4.76764947e-01 -5.19489311e-02 -3.05203527e-01 -6.16370320e-01 -2.55837236e-02 -4.67173606e-01
-5.08736521e-02 -3.88064533e-01 1.97282255e-01 -1.63731754e-01 -2.42365286e-01 1.50414482e-01 9.46152434e-02 -3.04663837e-01 -4.60816026e-01 -3.02031785e-01 -9.40908641e-02 -9.74715687e-03 -1.11975484e-01 4.34676737e-01 5.30115604e-01 2.71671534e-01 2.71495104e-01 -4.92296308e-01 5.63146211e-02 1.56280339e-01 -2.29287595e-01 2.98089445e-01 -3.53143960e-01 1.77932724e-01 -4.89724353e-02 -2.79587954e-01 4.18296218e-01 7.09385633e-01 -4.15451735e-01 -4.47177559e-01 2.82548875e-01 3.24782044e-01
-1.25720263e+00 7.98043236e-02 1.21500082e-01 -1.29636204e+00 -8.14562514e-02 -4.60199714e-02 2.16058046e-01 5.60683787e-01 8.04112405e-02 3.94158572e-01 -9.84676898e-01 7.08489120e-01 1.08886468e+00 3.82328719e-01 -6.28146946e-01 3.22268277e-01 5.44275343e-01 -3.71017098e-01 -3.28142017e-01 1.01801896e+00 -5.51485538e-01 -3.17841977e-01 -3.17497373e-01 -7.06436336e-02 5.97662628e-01 9.97906029e-01 8.71560872e-01 6.19585931e-01 4.92563069e-01 -1.01474440e+00 1.73850149e-01 2.23976970e-01
-8.14765617e-02 9.08968225e-02 2.97420382e-01 -5.08047342e-02 3.52582335e-01 -1.05832823e-01 -7.65522616e-03 3.10691427e-02 -3.35060991e-02 2.14914754e-01 1.91031061e-02 2.72581000e-02 -7.89944176e-03 -1.18973404e-01 9.51151550e-02 -1.42817289e-01 9.24120098e-02 5.24597652e-02 1.96136422e-02 -4.16996777e-01 1.50085583e-01 -1.13490425e-01 -9.77507420e-03 9.68754850e-03 1.45730421e-01 -1.53415632e-02 7.06290230e-02 1.34446993e-01 3.14569026e-02 -9.15363133e-02 1.61411930e-02 5.23098782e-02
-1.18299440e-01 2.38249093e-01 3.08543891e-01 -1.64632350e-01 2.64904708e-01 1.07622325e-01 7.04269826e-01 3.29391152e-01 8.08772966e-02 -1.17901182e+00 -3.90769303e-01 5.79172790e-01 7.01072633e-01 -2.96408623e-01 -4.73089427e-01 2.35846862e-01 5.06957650e-01 -1.31952405e-01 -4.71155830e-02 -4.91204262e-01 9.33095038e-01 -2.56390125e-01 2.39192266e-02 -1.27269292e+00 -5.86257391e-02 5.63711762e-01 -1.03652000e+00 -9.00010645e-01 3.04561853e-01 -1.58438206e-01 -7.98497722e-03 -2.29456052e-01
6.41188383e-01 -3.22500199e-01 -2.92729646e-01 4.57542062e-01 -9.38715786e-02 -6.59226552e-02 -1.05941869e-01 -1.83366090e-01 5.29362440e-01 -1.22823551e-01 -9.05473754e-02 -6.91004470e-02 7.39024401e-01 -3.51493984e-01 3.70667666e-01 -4.39567000e-01 -4.51770835e-02 -6.08234346e-01 3.55632573e-01 -9.08456594e-02 -3.11932415e-01 9.19859111e-02 1.60946801e-01 1.65250778e-01 -2.34692171e-02 -2.31055796e-01 8.12353551e-01 4.50058371e-01 -3.76874924e-01 3.54140788e-01 1.57428309e-01 3.03260803e-01
-2.53820986e-01 3.35126191e-01 -1.69119075e-01 -4.75730114e-02 -5.74264526e-01 -1.98644564e-01 8.70595202e-02 4.70839083e-01 -9.74935815e-02 -5.74088931e-01 -1.85809195e-01 -1.47518776e-02 -3.39367390e-01 1.58375770e-01 2.46466905e-01 -1.48347855e-01 -9.78564620e-02 2.75686860e-01 -4.61732782e-03 3.65281492e-01 -2.54692882e-01 -3.73600610e-02 9.66577791e-03 -4.62418906e-02 -1.23206712e-01 -1.00160845e-01 2.69919664e-01 -2.55744785e-01 1.15592144e-01 5.81839820e-03 7.95269664e-03 1.79263607e-01
5.84329292e-02 -5.48856378e-01 -1.13411926e-01 -1.00080974e-01 -3.86999510e-02 -1.50728852e-01 -6.04585074e-02 -1.69686392e-01 -3.94423783e-01 4.46830332e-01 -3.40776704e-03 6.76660761e-02 3.49752545e-01 3.09784353e-01 -1.40492439e-01 -6.19291902e-01 -2.14611083e-01 -8.01464915e-02 -1.36556961e-02 4.74912077e-02 9.57729965e-02 -4.57853749e-02 5.89478433e-01 5.29240072e-02 -3.59304488e-01 2.29758278e-01 3.44801217e-01 7.49543235e-02 -6.47874922e-02 1.31702021e-01 -3.72258164e-02 -2.25537464e-01
1.05634284e+00 4.24219482e-02 -6.29754305e-01 2.03231171e-01 2.34187096e-01 6.76702261e-02 4.45186466e-01 1.33066162e-01 -2.70590037e-01 -9.67934489e-01 -8.21121454e-01 1.35114396e+00 7.63850957e-02 -9.49881732e-01 2.68307954e-01 5.61026931e-01 8.83417428e-02 4.33222622e-01 -1.17555484e-01 1.83946162e-01 -1.52532256e+00 -4.41489518e-01 -8.27744603e-01 -2.96777219e-01 -3.18702310e-01 7.79576949e-04 2.56046087e-01 4.99312282e-01 -5.90811372e-02 6.33794218e-02 -1.03418171e-01 4.04370397e-01
-7.93071315e-02 9.85990986e-02 -1.00802243e+00 -2.47142054e-02 2.99277186e-01 2.97854334e-01 8.92719328e-02 -1.92935262e-02 -3.77719081e-03 4.64503556e-01 -3.79545599e-01 -1.18632627e+00 3.31788450e-01 3.13900083e-01 -3.73538464e-01 6.90037727e-01 -8.02767649e-02 1.40942001e+00 -3.90507191e-01 6.34190515e-02 2.07628384e-01 -1.78879648e-01 -6.92598745e-02 7.78316259e-01 -3.37054968e-01 7.27956951e-01 -4.85866368e-02 -1.67185038e-01 6.82797804e-02 1.60795033e-01 6.60337389e-01 -1.23893125e-02
-7.81357568e-03 3.54890198e-01 -1.84228376e-01 -6.03529751e-01 -4.38232049e-02 7.32196271e-01 2.79474795e-01 7.86310196e-01 3.11624318e-01 2.83578038e-01 9.68306661e-01 -2.85317719e-01 7.32323527e-02 2.26243705e-01 4.33130972e-02 -7.06245780e-01 2.73530066e-01 -3.07083018e-02 -3.20031941e-01 -5.51587403e-01 -4.20062467e-02 -2.43784562e-01 2.81088829e-01 1.60393909e-01 -2.36516371e-01 1.63914219e-01 4.69226614e-02 -2.07326487e-02 -5.63799918e-01 2.66483963e-01 -2.11671382e-01 1.27855018e-01
8.24887380e-02 2.14149989e-02 -1.37628719e-01 1.33400701e-03 -1.42547358e-02 5.62421679e-02 1.48893138e-02 8.00178200e-02 -7.75191979e-03 -4.51248325e-02 -5.68437874e-02 -3.88586968e-01 2.51139611e-01 2.26311222e-01 2.05503963e-02 8.40527117e-02 8.49963948e-02 -7.12760314e-02 1.10113092e-01 2.55910486e-01 1.36471540e-01 2.73882747e-01 -7.81381316e-03 2.31676176e-01 -1.12423062e-01 -2.81805456e-01 -1.84331179e-01 -1.89480841e-01 -3.09421420e-01 -1.48787424e-01 2.68652420e-02 -2.66752064e-01
4.12068307e-01 3.20167281e-02 5.59228659e-01 4.02357996e-01 2.95372605e-01 4.32101876e-01 9.98859823e-01 -3.62034976e-01 7.47621775e-01 -3.77911478e-02 -6.08246624e-01 1.64583862e-01 -5.27999222e-01 -3.44381452e-01 -2.68975534e-02 1.69262722e-01 -5.77098072e-01 -5.24183273e-01 2.81513721e-01 -2.38136370e-02 -1.00413032e-01 5.77326477e-01 2.05321774e-01 6.48381829e-01 3.28799561e-02 -1.41141191e-01 -2.26871416e-01 1.79022521e-01 1.85041204e-01 4.22145069e-01 -9.61820111e-02 -8.72998498e-04
-3.33903164e-01 -5.85863888e-01 1.57456458e+00 4.63344455e-02 -9.12136197e-01 -1.26796678e-01 -1.15518320e+00 -9.48904991e-01 2.46933714e-01 1.09881353e+00 -1.38140479e-02 -4.39055324e-01 -2.52016962e-01 1.11600339e+00 6.78893864e-01 -1.95843005e+00 1.03447407e-01 -2.71902227e+00 1.75383484e+00 8.11595857e-01 -5.22648811e-01 1.74060404e+00 -3.83305550e-01 2.60830432e-01 3.81714433e-01 -6.49317563e-01 -2.95225710e-01 3.37419212e-01 2.35941216e-01 2.56193406e-03 7.37928867e-01 1.10453673e-01
1.35308104e-02 -1.80350468e-02 5.92076890e-02 4.22340222e-02 4.04348344e-01 -7.05381576e-03 1.63097493e-02 1.91084091e-02 4.33479697e-02 -1.22918775e-02 -1.28421886e-02 -7.24319518e-02 1.02661245e-01 -1.13344323e-02 -5.84727750e-05 -6.22986667e-02 7.72428699e-03 -4.42569219e-02 -7.34470263e-02 8.42594802e-02 1.41798452e-01 4.60475124e-02 -1.77660454e-02 -7.28861801e-03 -1.32046491e-01 -1.44456863e-01 1.63778663e-02 3.53072762e-01 -4.20898385e-02 -5.78837804e-02 5.82452258e-03 -2.44287640e-01
-4.06250715e-01 9.03200656e-02 -1.00654706e-01 -1.06370576e-01 -2.80929267e-01 -1.51465628e-02 -1.52297661e-01 7.23554015e-01 -6.47628084e-02 -8.07846785e-02 -2.01671511e-01 7.16887355e-01 5.33275604e-01 2.62919784e-01 1.71728119e-01 8.31962600e-02 -1.01039879e-01 3.02618928e-02 -1.61084503e-01 7.93392304e-03 -1.12085298e-01 -5.93188822e-01 -2.00079799e-01 -2.43914083e-01 -3.14038336e-01 -1.43598750e-01 -6.44226074e-01 3.90311509e-01 -2.23874658e-01 -2.87182122e-01 -2.75224924e-01 4.87387061e-01
-1.39512271e-02 -2.20353574e-01 6.43173933e-01 2.32727706e-01 -6.68040216e-01 2.75156856e-01 3.71371835e-01 -5.80845058e-01 4.93388414e-01 3.52510065e-01 -1.04536690e-01 4.40118551e-01 -6.76728338e-02 1.79397702e-01 2.02170432e-01 -2.07140517e+00 9.61490199e-02 -1.08744919e+00 7.30893165e-02 1.79536223e-01 -2.13421099e-02 2.04250097e-01 2.75167614e-01 1.47698134e-01 -1.63990095e-01 -5.07176816e-01 -1.04533903e-01 -2.69525319e-01 -3.68634224e-01 -5.09647965e-01 4.17586952e-01 -3.57906699e-01
-1.63200796e-01 3.52014229e-02 -1.62994370e-01 1.21729061e-01 -4.21917029e-02 -4.82005626e-02 2.86061108e-01 -1.68702975e-01 -6.25216424e-01 1.60705471e+00 -4.02445078e-01 -4.52410132e-02 -2.43822172e-01 1.21608222e+00 -2.24120274e-01 7.76687413e-02 3.70047316e-02 6.24614879e-02 -1.26109332e-01 -2.66100705e-01 3.12081575e-02 2.19493076e-01 -2.33819112e-02 -2.13194206e-01 -1.38420895e-01 1.00492127e-01 4.00494665e-01 4.39189196e-01 1.97058424e-01 -4.91521597e-01 2.76278198e-01 -9.11297351e-02
-9.56732854e-02 -1.84674665e-01 5.77113926e-01 4.76742774e-01 1.84111658e-03 -3.87091547e-01 -1.08640623e+00 1.38150588e-01 2.59981126e-01 4.12969321e-01 8.96377638e-02 -5.56857958e-02 1.17587253e-01 1.70173675e-01 -2.62238920e-01 6.21494055e-01 3.26398350e-02 3.28830749e-01 -1.28152460e-01 -3.09778661e-01 8.80583346e-01 3.64997745e-01 3.47754836e-01 -6.20521665e-01 5.70109487e-02 3.11616696e-02 -2.06056774e-01 2.26595923e-01 -1.26463905e-01 3.27644497e-01 -1.93750530e-01 -3.24560255e-01
1.11801982e+00 -3.38884711e-01 5.08240879e-01 9.20244694e-01 -4.00459200e-01 1.84005708e-01 -6.81095541e-01 -5.22985101e-01 5.00734925e-01 -9.86161411e-01 -3.38109970e-01 7.96019673e-01 -1.17840981e+00 -2.92956382e-01 6.28952503e-01 -3.82827640e-01 -3.75368074e-02 -7.78761283e-02 5.79348683e-01 7.91812718e-01 2.46645063e-01 -4.17624831e-01 -2.10446930e+00 -5.68855584e-01 4.51831311e-01 6.16980910e-01 -8.68945479e-01 -2.70209014e-01 1.50977392e-02 1.19612885e+00 -6.18826926e-01 -2.20981464e-02
-2.64268052e-02 1.73450410e-01 -5.49284145e-02 -4.71139774e-02 -1.50246829e-01 -3.09297182e-02 4.94018830e-02 -3.93305384e-02 -5.71688078e-02 -3.21326479e-02 4.01435718e-02 9.33955014e-02 8.46508741e-02 -6.25279099e-02 1.76078573e-01 -1.56664580e-01 1.05658710e-01 1.67451441e-01 -2.77270097e-02 -2.79128104e-01 1.38566047e-01 3.22684944e-02 -1.72063820e-02 -2.73692794e-02 -3.05665851e-01 -4.13979329e-02 2.20352709e-02 -7.42371082e-02 -2.22265013e-02 -6.03295770e-03 -1.56260468e-02 -2.18467072e-01
6.63391128e-02 3.33375156e-01 1.64674079e+00 4.36624378e-01 -1.28079474e+00 1.94548666e-01 -1.51046857e-01 -5.29757082e-01 8.25054586e-01 6.02785051e-01 1.56539574e-01 -3.22619468e-01 -8.81960809e-01 8.64967048e-01 2.54689027e-02 -3.54028749e+00 -1.74900740e-01 -4.66013241e+00 3.34853888e-01 1.53476864e-01 -1.19749486e+00 1.00707984e+00 3.78332227e-01 1.30090266e-01 2.40487710e-01 -1.44537136e-01 -5.35291195e-01 6.25628114e-01 -1.65309906e-01 -2.10112948e-02 7.95007795e-02 -4.31867084e-03
-8.08845401e-01 1.51955158e-01 1.18761167e-01 -7.10475445e-01 -2.32018325e-02 -1.45920351e-01 -2.45155618e-01 4.83468831e-01 -6.27056733e-02 -1.84472296e-02 1.46343559e-01 -3.29259217e-01 4.10176128e-01 4.46524024e-01 -3.63312691e-01 -3.67338747e-01 1.78387269e-01 -2.29638457e-01 -3.48644286e-01 1.43778056e-01 1.14177026e-01 6.77533567e-01 2.62689352e-01 -2.43779540e-01 -5.42312711e-02 2.95850694e-01 -6.80561543e-01 4.46821339e-02 7.70328492e-02 -5.30600131e-01 -1.47992104e-01 -7.99565196e-01

layers.2.bias:
-1.40099597e+00
-7.90546179e-01
4.77671891e-01
-5.95065176e-01
2.71828383e-01
-3.28250289e-01
2.69374102e-01
2.14915681e+00
5.96357763e-01
8.31408501e-01
-9.17039692e-01
-1.35531235e+00
-3.53827477e-01
8.84129584e-01
-2.84239471e-01
-7.08864033e-01
-6.64942116e-02
-7.39125013e-01
3.00317287e-01
-8.61957371e-02
-2.72556573e-01
8.12120318e-01
7.85457492e-01
-1.29710987e-01
-3.92488539e-01
1.01912081e+00
-9.07520294e-01
-1.08742106e+00
5.05580604e-01
-1.12584972e+00
3.55765708e-02
-3.95080000e-02
7.69991815e-01
1.15250766e-01
-3.75350267e-01
-2.32954361e-02
-1.32047966e-01
1.37888026e+00
1.01266170e+00
-6.81793541e-02
9.79898095e-01
-1.79648042e-01
-5.53862572e-01
1.39758778e+00
2.57053703e-01
-9.75665331e-01
1.05320847e+00
-3.58660638e-01
8.06601942e-01
1.81968534e+00
2.40050390e-01
3.01007032e-01
1.13698967e-01
-6.39151812e-01
1.61704361e-01
-2.44949739e-02
8.03940237e-01
-1.18909180e-01
-5.18104024e-02
-6.13358378e-01
7.09122241e-01
6.43831566e-02
-2.76726753e-01
6.90632343e-01

layers.4.weight:
3.37199986e-01 4.62201349e-02 -5.35994247e-02 2.80432906e-02 3.51601355e-02 1.04698814e-01 -1.24265265e-04 -7.02938676e-01 1.38974205e-01 -3.86403650e-01 4.59111966e-02 9.04338479e-01 -1.60844123e+00 -1.02742590e-01 7.92331155e-03 -1.44645643e+00 -3.50144983e-05 7.34731779e-02 -5.61156252e-04 -1.46449442e-04 -3.07325303e-04 -5.79063669e-02 8.18965273e-05 2.32893154e-01 -6.94250390e-02 -4.00273316e-02 2.66236253e-02 7.82358289e-01 -3.77875775e-01 3.89687866e-01 -3.83756422e-02 -1.24605194e-01 -3.94225083e-02 -2.18827714e-04 9.67791677e-02 -1.90046077e-04 -3.63169878e-04 -1.95506871e-01 -2.52959654e-02 2.76847005e-01 -4.43380177e-02 2.95442283e-01 3.42202261e-02 -1.26604185e-01 -3.78843033e-05 1.27506852e-01 -1.61975771e-02 1.38053816e-04 -1.12773284e-01 -6.58291459e-01 -7.35201091e-02 -1.07800066e-02 -5.52514211e-05 1.75120402e-02 -1.12754166e+00 -3.75289674e-04 -3.79290641e-03 -2.96483904e-01 -5.46594262e-02 9.85037163e-03 -2.72746347e-02 4.62068507e-04 8.86228800e-01 -2.06121635e-02

layers.4.bias:
-1.08395481e+00

