layers.0.weight:
3.31696361e-01 -5.67613244e-01 7.97264636e-01
5.69172144e-01 -8.09445798e-01 -5.80563486e-01
-8.31293464e-02 -6.13938749e-01 -5.77727258e-01
-1.07055378e+00 1.15616508e-01 4.58123112e+00
2.67282110e-02 4.11940843e-01 1.16166264e-01
-5.79876065e-01 8.58121514e-01 -1.84879377e-01
-1.31842160e+00 4.86020595e-01 -9.88645032e-02
-6.01682402e-02 7.88846374e-01 -9.23566997e-01
6.03414774e-01 -9.26082134e-01 5.12713566e-02
-1.11527514e+00 5.86289167e-02 -1.64189592e-01
7.53551662e-01 -9.85680073e-02 1.41279221e+00
-7.16238439e-01 -1.31785080e-01 -1.29353356e+00
-4.30584475e-02 7.12955832e-01 -1.57757306e+00
-1.16726887e+00 2.10410804e-02 5.00053525e-01
-6.46977663e-01 1.09646142e+00 7.52028525e-01
-1.81771189e-01 9.48456824e-01 1.64468549e-02
5.46070874e-01 -6.33792400e-01 -1.45019031e+00
-1.15504665e-02 1.12846863e+00 1.84981868e-01
8.07071701e-02 -9.54183042e-01 5.35116851e-01
3.41117471e-01 -1.28724232e-01 -8.64976227e-01
2.23475501e-01 1.65966094e-01 -5.10879010e-02
-3.24195027e-01 -2.56797969e-01 -1.00232065e+00
-4.64660525e-01 1.65601885e+00 -4.46076952e-02
-1.56447518e+00 4.06930357e-01 1.75152493e+00
1.05132234e+00 3.79940838e-01 -7.78481364e-01
2.59609371e-01 6.71772659e-01 -1.17486012e+00
-1.16151750e-01 -2.13369340e-01 1.90187418e+00
-3.97779703e-01 -2.44972542e-01 1.92939892e-01
3.22416067e-01 7.57217348e-01 -1.46468067e+00
-1.04933763e-02 4.65525806e-01 1.70563948e+00
-2.89658904e+00 2.84448242e+00 -1.78299040e-01
-1.26738083e+00 -5.19488692e-01 1.02004325e+00

layers.0.bias:
8.77201200e-01
4.81547834e-03
-1.42384720e+00
-6.34384930e-01
7.07518518e-01
-2.04255387e-01
-3.54310095e-01
2.86240637e-01
-7.45998621e-01
-1.59115899e+00
1.64644122e-01
1.80825554e-02
2.46107668e-01
-1.21306002e+00
-2.90836543e-01
1.43946290e+00
9.34610724e-01
1.82654703e+00
-6.68276668e-01
5.78918040e-01
-1.44309163e-01
-1.35729384e+00
1.02535832e+00
-7.05530941e-02
1.36946186e-01
5.60703695e-01
8.80503118e-01
-1.57881156e-01
-4.88352716e-01
7.31267482e-02
8.91685039e-02
-6.70209900e-02

layers.2.weight:
-3.90363812e-01 1.79511815e-01 1.56069472e-01 -4.87740517e-01 -2.31526822e-01 3.35314870e-02 5.96401095e-02 -8.06074962e-02 -3.26313525e-02 3.17757869e+00 1.41351139e-02 1.19105205e-01 -2.53226519e-01 2.46620727e+00 -1.89626917e-01 2.89812088e-01 -1.24953158e-01 4.66579407e-01 1.36538267e-01 -3.25891852e-01 2.58139074e-01 -3.76068205e-02 -5.60905516e-01 6.06110990e-01 -5.72849773e-02 5.80535531e-01 -7.99160361e-01 -1.49230286e-01 -1.23106368e-01 -2.02385694e-01 -1.32492766e-01 2.25561574e-01
1.14720769e-01 1.51031956e-01 -9.07250524e-01 2.01133210e-02 -3.46853226e-01 5.60195465e-03 -4.12729591e-01 -5.08181572e-01 3.30340296e-01 6.89379811e-01 6.87436908e-02 2.91936457e-01 2.83729762e-01 1.49956211e-01 -3.72234792e-01 4.56076920e-01 -3.11090767e-01 4.09895599e-01 -3.76445413e-01 1.84261166e-02 3.87615532e-01 -1.81863740e-01 -4.94352996e-01 -3.22296955e-02 -1.17623493e-01 -4.46324646e-02 -3.46118003e-01 -3.34216624e-01 1.10952631e-02 -3.11666131e-01 7.73779303e-02 2.98585296e-01
7.52045438e-02 1.69311821e-01 6.13235831e-02 -6.54308438e-01 -9.08400714e-01 -1.49005353e-01 -6.05746269e-01 1.94672748e-01 6.34434402e-01 6.37995958e-01 -4.24339652e-01 -2.24665672e-01 3.98879796e-02 -3.42285708e-02 -2.47336864e-01 -1.16243029e+00 -3.76039669e-02 -7.54353166e-01 4.85747270e-02 4.87613112e-01 -3.54309559e-01 -2.94562668e-01 2.49773502e-01 -1.48457062e+00 2.84413788e-02 3.00404966e-01 -1.05566990e+00 -1.71137586e-01 3.02273214e-01 -2.48179108e-01 -2.26041283e-02 -3.84728014e-02
2.94631869e-01 -2.78992448e-02 5.53538427e-02 1.41549504e+00 3.54668736e-01 3.34586710e-01 6.14197612e-01 -3.01004916e-01 -1.03600740e-01 -8.90289694e-02 2.04370469e-01 -9.82715115e-02 -6.29962981e-01 1.19455524e-01 5.73007584e-01 5.56648076e-01 -2.55691022e-01 3.62912983e-01 3.93263191e-01 -9.63146865e-01 -1.11473334e+00 -1.95647880e-01 3.30098003e-01 1.44694245e+00 -8.88296723e-01 -6.53733313e-01 5.45762539e-01 6.75955772e-01 -7.21155882e-01 -1.42977968e-01 -7.09951594e-02 1.33454680e+00
1.88722327e-01 -1.28905907e-01 2.94078022e-01 -4.74895358e-01 -5.39907292e-02 -4.47649121e-01 -1.27645016e+00 1.19151324e-01 1.91397086e-01 -5.87427199e-01 3.96474719e-01 -6.65426433e-01 8.05734217e-01 -9.75964189e-01 -2.60640651e-01 -8.86245728e-01 -1.39180973e-01 -9.90574002e-01 -5.16686104e-02 2.06325743e-02 7.45509863e-01 -5.61750054e-01 1.02227166e-01 -3.78417552e-01 -8.55864227e-01 6.36377871e-01 7.60193393e-02 -5.07278800e-01 -2.88068414e-01 5.24496496e-01 -4.21534091e-01 9.91777256e-02
-4.73547816e-01 2.59303182e-01 5.04136562e-01 1.81475520e-01 -1.24455500e+00 -2.70360976e-01 -3.64854127e-01 2.33052343e-01 6.04881406e-01 -1.48766100e-01 7.95450270e-01 9.41218510e-02 -1.03485748e-01 -7.91381001e-02 -2.88971245e-01 -1.48001969e+00 -3.82287562e-01 -1.90220475e+00 7.54599333e-01 -2.93160886e-01 -5.10086775e-01 1.27444146e-02 -5.68918347e-01 -2.12199375e-01 6.77856803e-02 2.35873479e-02 1.65655404e-01 1.05499017e+00 -2.31087282e-01 -3.93121392e-01 -1.16525745e+00 3.02957743e-01
5.55394180e-02 -2.39140894e-02 -2.60830790e-01 6.42000290e-04 -1.17892653e-01 1.70870051e-01 -5.47066890e-02 -4.05716419e-01 -1.38934940e-01 2.44339526e-01 3.05538416e-01 2.46862993e-02 3.02725762e-01 -2.99825165e-02 2.07657982e-02 -3.12982351e-01 4.86319838e-03 2.64078658e-02 -3.53378020e-02 -3.13948900e-01 -3.86417031e-01 6.22809194e-02 5.14449552e-02 2.38069631e-02 1.42441913e-01 2.85855263e-01 -3.48585367e-01 -4.21207219e-01 -1.61898673e-01 7.43712336e-02 -7.63721764e-02 1.61822379e-01
2.64660239e-01 1.13850042e-01 -3.52558881e-01 3.30182999e-01 2.27546245e-01 -5.47390997e-01 1.39111578e-01 5.21551013e-01 4.28633094e-02 -2.51164556e-01 -1.57977894e-01 9.86407638e-01 3.40212375e-01 -4.45324987e-01 -1.81168452e-01 1.92216918e-01 5.45417130e-01 1.19423032e-01 2.07330897e-01 5.24000823e-01 -1.46660602e+00 -8.61686766e-01 2.02897400e-01 3.82442683e-01 1.94574431e-01 7.69801199e-01 5.77794135e-01 5.43691814e-01 -6.23970032e-01 4.65890080e-01 1.80627316e-01 -2.58758157e-01
2.01720864e-01 3.72215390e-01 -5.83486557e-01 -2.33821183e-01 1.15423334e+00 -5.29420376e-01 -5.02877057e-01 -4.14938390e-01 -5.07423639e-01 4.47848141e-01 3.47329527e-01 3.28407615e-01 6.40694082e-01 -1.77192822e-01 2.12064981e-02 1.44810843e+00 4.09777701e-01 1.15712559e+00 -4.39646721e-01 -7.40875676e-02 1.67969763e-01 -3.44458520e-01 -6.69459626e-02 1.26723260e-01 2.23920241e-01 3.64316255e-01 9.39622819e-02 -9.49245691e-02 -5.09637482e-02 1.40303284e-01 2.50988507e+00 -4.48052764e-01
-6.27274215e-01 2.59283125e-01 -6.43223673e-02 -5.39620638e-01 3.39249879e-01 -8.29400029e-03 -1.82175681e-01 3.77820969e-01 5.78277290e-01 -2.51071900e-01 3.72407734e-02 1.68802053e-01 1.85197279e-01 1.26247153e-01 -4.41884220e-01 -7.26852596e-01 4.33843255e-01 -5.14572918e-01 -4.19329375e-01 9.21801105e-03 -6.28369033e-01 -2.11580962e-01 1.05071619e-01 -4.19100225e-02 -2.14407936e-01 -9.28653702e-02 -1.90340132e-01 2.23505065e-01 2.67716140e-01 1.34904906e-01 -7.56263286e-02 -1.13166375e-02
2.69401222e-01 -3.19637120e-01 3.92271318e-02 -3.83913249e-01 -6.34872437e-01 -5.45464456e-01 -2.88843632e-01 1.18062139e-01 5.19283295e-01 2.62974799e-01 -5.46343207e-01 -1.12043574e-01 8.71364892e-01 -4.58516479e-01 -1.57136336e-01 -4.41859335e-01 -6.79509521e-01 -1.19209695e+00 9.74479839e-02 -6.19162917e-02 1.08323491e+00 -2.23925620e-01 -1.06028342e+00 8.70342776e-02 -1.52578831e-01 -5.36157973e-02 -4.55358356e-01 -5.49610257e-01 1.80955142e-01 -3.96938682e-01 9.85895470e-02 4.25467342e-01
-1.44249320e-01 -6.87668994e-02 1.68656540e+00 -8.87713969e-01 -8.09868038e-01 1.53179899e-01 1.24402028e-02 -3.60157281e-01 3.63026895e-02 1.92079151e+00 -2.29772851e-02 -1.09972708e-01 3.08680475e-01 3.14723921e+00 1.30202379e-02 -6.76278949e-01 3.04434419e-01 -2.52359295e+00 5.30632079e-01 -3.21354419e-01 2.97798067e-01 6.11978054e-01 -2.95402586e-01 7.67816246e-01 -1.16203008e-02 -5.20364523e-01 2.76032388e-01 -1.58833086e-01 1.90645590e-01 1.02763297e-02 3.37775797e-01 -3.96513462e-01
-5.23347020e-01 -1.65871814e-01 8.47480476e-01 3.64838451e-01 -2.69146681e-01 5.46728492e-01 9.55787450e-02 -9.17545319e-01 2.34036341e-01 5.23530483e-01 1.09073721e-01 2.91345984e-01 -4.62328821e-01 -2.55944803e-02 3.70440185e-01 -3.61185575e+00 -6.38462827e-02 -5.24934196e+00 5.93234360e-01 -8.99034142e-01 -7.35430479e-01 3.98102552e-01 5.42953551e-01 -1.23839647e-01 -1.95289239e-01 -1.96181968e-01 -3.93404245e-01 5.59839547e-01 -6.17256105e-01 -3.94798219e-01 -7.12613225e-01 -3.23098749e-01
-1.16127096e-02 -6.25997707e-02 -5.95534801e-01 -9.49945524e-02 -2.16120452e-01 -5.50300330e-02 2.54667550e-01 3.63038719e-01 3.46732557e-01 -3.68218929e-01 6.62962735e-01 -2.88896948e-01 3.61267716e-01 -8.31040919e-01 -3.93184453e-01 -8.76396149e-02 -8.18274096e-02 1.90742686e-01 -1.16253905e-01 2.03438923e-01 8.29070865e-04 -1.07491769e-01 8.99204761e-02 -2.20450774e-01 -1.47968531e-01 7.85640478e-01 -3.61099169e-02 3.25192139e-02 -1.65425256e-01 2.24880219e-01 1.16238065e-01 3.81155133e-01
-9.09463584e-01 2.72181571e-01 2.27538813e-02 3.45820040e-01 -3.44612151e-01 5.95001698e-01 -3.62103254e-01 -1.28015339e-01 4.29482609e-01 -9.53867063e-02 -7.66102076e-01 2.41877496e-01 1.46570817e-01 -3.04364771e-01 -3.46419543e-01 -6.88836098e-01 2.53887028e-01 -7.15553522e-01 -3.50087255e-01 3.31057340e-01 1.28590715e+00 9.86539602e-01 -5.65402806e-02 1.82644576e-01 -4.57267195e-01 8.97719637e-02 -5.80232620e-01 1.73507854e-01 6.96708858e-01 -2.48257533e-01 -9.16836560e-02 2.25829676e-01
-5.01754642e-01 -8.07654634e-02 1.98144346e-01 1.72124445e-01 -3.38901073e-01 1.85993627e-01 -1.06566775e+00 -9.24254134e-02 2.26606607e-01 4.81301451e+00 7.62517810e-01 2.37143368e-01 1.91669360e-01 2.42223787e+00 9.02144834e-02 -1.46654740e-01 -5.26225388e-01 -2.44123846e-01 7.93557763e-02 -2.87325919e-01 -6.00040257e-01 4.19758320e-01 2.18471557e-01 1.49395794e-01 -3.18864673e-01 -4.28362489e-01 -6.09229267e-01 2.42631391e-01 -9.48905572e-02 -5.66036284e-01 -1.24912962e-01 -3.12814534e-01
-5.10718971e-02 1.61916107e-01 -1.29599059e-02 3.26343514e-02 -4.91118543e-02 -1.20702048e-03 9.06317215e-03 -8.28830078e-02 3.87158692e-02 -2.00855196e-01 5.76586761e-02 8.40821788e-02 2.31139772e-02 1.39941052e-01 8.48289952e-02 3.45059708e-02 4.11935113e-02 7.15399235e-02 2.56118793e-02 9.88451988e-02 2.33700603e-01 1.49797082e-01 -3.78493010e-03 2.14938931e-02 8.25627446e-02 -1.32173691e-02 5.27532920e-02 2.95663267e-01 2.20623780e-02 5.84866060e-03 4.75421213e-02 -1.23706844e-03
2.30960563e-01 -2.40092859e-01 -7.36486435e-01 1.62644625e-01 3.05521041e-01 -1.85662568e-01 -1.04288206e-01 -4.25001383e-01 7.73718655e-02 -6.28450990e-01 9.84083265e-02 2.05025934e-02 1.04107976e-01 1.63248971e-01 -1.56349260e-02 2.66750038e-01 -3.99838328e-01 5.75031340e-01 -5.62130399e-02 8.35064828e-01 2.03042969e-01 -4.80903760e-02 -4.04146969e-01 -8.90370272e-03 -2.56626487e-01 -5.34183502e-01 9.59908187e-01 -3.85950178e-01 1.05273381e-01 4.13189948e-01 1.22318745e-01 3.27034175e-01
-2.50179499e-01 -2.93271780e-01 -4.02366459e-01 -1.80428267e-01 6.96028054e-01 1.27653077e-01 1.60557702e-01 1.35061800e-01 2.24868581e-01 -3.72659147e-01 -1.92443222e-01 -8.84699404e-01 4.55261648e-01 -8.16050470e-02 1.83435865e-02 4.84954059e-01 -3.09541851e-01 6.64578795e-01 7.58686885e-02 -1.89529732e-01 1.72356162e-02 -2.55760014e-01 7.20646203e-01 -2.29150847e-01 2.74496347e-01 1.94955140e-01 -1.57641426e-01 2.87699550e-01 7.21820965e-02 4.11702752e-01 5.23413479e-01 7.55788684e-02
7.51988813e-02 1.62505820e-01 -6.65297285e-02 7.35348314e-02 8.03749450e-03 1.21575579e-01 4.29619988e-03 -5.04128374e-02 8.22535343e-03 9.53036100e-02 6.32349998e-02 8.97028670e-02 -4.63861413e-02 -1.32150978e-01 1.49788469e-01 4.41216826e-01 7.06480965e-02 -3.60621989e-01 -8.78128875e-03 -8.58354867e-02 -8.97155255e-02 -1.63530812e-01 -4.69123758e-03 -3.38992849e-02 3.78954709e-02 1.57758549e-01 1.32602286e-02 -8.09423625e-03 9.58415493e-02 1.24374758e-02 -3.99996117e-02 4.06973362e-02
7.96258807e-01 -1.08367875e-01 5.69040895e-01 5.56548059e-01 -1.77867293e-01 -5.70764244e-01 -7.62443006e-01 -1.86657548e-01 -1.96594819e-01 -1.28610337e+00 -8.39649439e-02 9.76092637e-01 4.72166747e-01 -7.33778000e-01 7.03252316e-01 5.37209690e-01 -8.31291080e-02 -3.02684665e-01 5.98375559e-01 4.56938475e-01 -5.00918567e-01 -1.46224936e-02 2.52174467e-01 9.01203603e-02 1.38000816e-01 -3.83395314e-01 1.19215645e-01 3.13983023e-01 -1.27227157e-01 -6.74383789e-02 -1.54197767e-01 3.95635098e-01
1.60795003e-01 -2.10845396e-01 7.16932043e-02 2.19198152e-01 -5.12362197e-02 2.77258456e-01 9.63553607e-01 2.37198547e-02 3.92368048e-01 3.80137682e-01 3.81603777e-01 3.31900179e-01 -4.70949441e-01 -2.88524926e-01 1.76528484e-01 -9.44060862e-01 -1.43275574e-01 -7.14229941e-01 -7.20888376e-02 -5.50859392e-01 -4.98325765e-01 -2.27327049e-02 4.34461147e-01 1.23679399e-01 3.15435752e-02 -5.11964679e-01 -6.38961375e-01 4.89909828e-01 -1.44490927e-01 -1.22639269e-01 3.63410205e-01 -3.95594873e-02
-8.42881203e-02 -5.85210882e-02 -1.96373418e-01 3.92442614e-01 1.23669021e-02 4.39314306e-01 1.59284502e-01 -2.19463095e-01 -2.48576880e-01 2.82541305e-01 1.46067947e-01 -1.61392406e-01 4.46793556e-01 3.94744337e-01 -6.82365522e-02 -5.59073329e-01 4.87970680e-01 -1.13556623e-01 -2.46617459e-02 -2.64939785e-01 -1.02102786e-01 6.75626025e-02 -2.85923272e-01 1.10785171e-01 -1.99717790e-01 -7.74503723e-02 -7.80537352e-02 -7.63043582e-01 1.68364421e-01 -7.34279752e-02 -7.28012025e-02 -4.16044384e-01
7.22209632e-01 -7.95894042e-02 -3.20720077e-01 1.37427166e-01 3.19715440e-01 -4.15049493e-01 -4.86162603e-02 3.62671763e-01 2.40066662e-01 -2.83026433e+00 1.18397504e-01 1.23383127e-01 4.31569457e-01 -1.70301080e+00 1.65778235e-01 4.21170384e-01 1.86429620e-01 3.48172545e-01 -2.76901037e-01 6.82780519e-02 4.93609875e-01 -2.08580449e-01 -1.53393164e-01 -2.89222244e-02 -3.79400671e-01 -1.43100038e-01 -8.38271677e-02 -1.92472890e-01 2.51577437e-01 8.08806270e-02 -2.84453988e-01 -1.65708393e-01
-1.07840323e+00 1.81796253e-01 9.06411409e-02 6.06679432e-02 -2.04360604e-01 -2.62688100e-01 1.10896182e+00 9.34396014e-02 -9.81215715e-01 8.18013012e-01 -6.45352006e-01 -9.02319327e-02 2.14509323e-01 5.44138551e-02 -7.12363362e-01 3.00704718e-01 6.23316050e-01 3.89019430e-01 -1.15886472e-01 2.99927220e-02 1.38005510e-01 4.51661468e-01 5.68354607e-01 8.96842837e-01 -4.75396007e-01 5.62816799e-01 -6.88485026e-01 -2.54043430e-01 9.98975217e-01 -4.89997953e-01 5.27116209e-02 1.04800433e-01
-6.60796881e-01 5.31728029e-01 9.24182236e-02 -2.85164982e-01 4.25698400e-01 2.61261016e-01 7.59189129e-02 6.12732410e-01 -3.60691905e-01 5.92321754e-01 -2.85487510e-02 -5.69855459e-02 3.21839869e-01 3.08789760e-01 -4.64897335e-01 -1.69891655e-01 -2.11897537e-01 -1.47912800e-01 2.99563259e-01 -4.46182281e-01 9.70475003e-02 -1.38149187e-01 1.02637574e-01 -4.37756777e-01 1.03351176e-01 -1.06073238e-01 -6.98758185e-01 -4.89014924e-01 2.86653012e-01 -4.97305721e-01 -1.67314991e-01 -3.63919914e-01
-1.78533986e-01 3.20669532e-01 4.77723986e-01 3.41179430e-01 -3.71044666e-01 -2.70447791e-01 1.93286389e-01 2.11579055e-02 1.08320437e-01 -2.61526734e-01 -6.85374737e-01 3.75171304e-02 -2.44451538e-01 -1.64764673e-01 -8.88016000e-02 5.92361867e-01 5.07743694e-02 8.23910832e-02 2.70336241e-01 2.70634025e-01 -9.77014005e-02 -6.83045983e-01 1.00342892e-01 1.30373955e-01 -3.02012335e-03 1.57990217e-01 4.65183193e-03 -3.22533637e-01 -3.41029823e-01 -1.80134147e-01 1.56792477e-01 3.58409435e-02
-7.49768317e-01 4.53175008e-01 -5.68781555e-01 -9.98445570e-01 -3.73949498e-01 -2.72333235e-01 -3.41312110e-01 3.39517862e-01 1.81489989e-01 4.94440138e-01 -8.93315300e-02 2.48390511e-01 1.61895230e-01 3.21842641e-01 -1.65343117e-02 8.65526974e-01 6.65307045e-01 9.63486373e-01 -4.89592165e-01 4.46204729e-02 5.20683765e-01 -7.52825558e-01 -7.16162860e-01 4.22547162e-01 -1.86781958e-01 -4.64665860e-01 2.87611365e-01 3.23747963e-01 5.37667096e-01 -8.14512074e-01 2.27474540e-01 -2.14696333e-01
-1.01357475e-01 -5.83960533e-01 6.66355863e-02 -7.74495676e-02 -7.41352618e-01 6.75819576e-01 -4.67455620e-03 -4.71902043e-01 5.75913489e-01 9.64681387e-01 -1.09800212e-01 -2.34525986e-02 5.12598872e-01 4.73530054e-01 8.47151875e-02 -1.13078904e+00 -5.29474437e-01 -1.10725105e+00 -8.56852066e-03 1.39703974e-01 3.78713548e-01 3.61716360e-01 2.92920858e-01 2.03342706e-01 3.52683008e-01 6.15005307e-02 -3.76989782e-01 -3.86471033e-01 -2.07092658e-01 -2.75562197e-01 3.81183833e-01 2.22058415e-01
3.06455251e-02 -1.06626987e+00 2.43591815e-01 1.67745328e+00 3.35173935e-01 3.45635451e-02 -4.81684171e-02 -3.44655633e-01 -3.17065060e-01 3.55802834e-01 1.09813309e+00 -9.36450064e-01 -1.18836415e+00 -3.32750320e-01 1.93852827e-01 3.50993872e-02 -1.28574061e+00 9.33276474e-01 7.04865575e-01 -7.04466403e-01 8.29671383e-01 9.10777748e-02 -5.19071892e-02 1.45698979e-03 1.14871841e-02 -5.84890366e-01 3.05388451e-01 9.82666854e-03 -9.73496735e-01 1.38535607e+00 -3.83091986e-01 -2.48869695e-02
-5.37600875e-01 -3.80223282e-02 6.19087160e-01 1.66001081e-01 -5.93946397e-01 8.74815807e-02 1.22869566e-01 -1.87527478e-01 -9.43597686e-03 -1.59534007e-01 -8.77112746e-01 2.19036788e-01 1.73438504e-01 2.04206631e-01 1.22119665e-01 -7.46267378e-01 3.87456149e-01 -9.22385752e-01 1.71444207e-01 -4.64044869e-01 -9.00997221e-01 3.94231141e-01 -3.63745421e-01 -6.50716901e-01 5.41859791e-02 2.34253675e-01 -8.40039551e-02 3.46389532e-01 -5.68456888e-01 -2.07485080e-01 -6.04995012e-01 1.31533459e-01
-2.57142335e-01 -3.31578791e-01 -9.81455371e-02 -1.14538237e-01 -4.18873608e-01 -1.12533867e-01 2.53927380e-01 1.97303697e-01 -6.13149405e-01 1.46213651e+00 -1.42902195e-01 -7.02175871e-02 -5.52010655e-01 6.65263653e-01 -1.75060630e-01 -2.58764811e-02 2.25450452e-02 3.09880152e-02 6.87237456e-02 -2.15631545e-01 1.73927411e-01 1.30392149e-01 2.33120784e-01 1.19478494e-01 -1.24895545e-02 -1.28058523e-01 -1.50660411e-01 2.66800761e-01 1.99048057e-01 3.35739851e-01 6.13354445e-02 1.60856932e-01
-9.57040265e-02 -3.51840973e-01 -2.42698262e-03 -7.63870403e-02 -3.29516590e-01 4.92514461e-01 -1.64361477e-01 -4.53032255e-01 -4.57642712e-02 -3.55398625e-01 9.78247523e-02 3.95091146e-01 1.61777914e-01 5.53526700e-01 2.76428074e-01 -3.94134611e-01 -4.38824177e-01 -1.08548152e+00 -3.81110162e-02 -3.50894183e-01 -1.70842335e-01 8.74390602e-01 5.35738468e-01 7.08480179e-01 -5.86316109e-01 8.39931965e-02 1.53070688e-01 -1.37796670e-01 -4.26953048e-01 -2.26606801e-01 -1.00312427e-01 2.97305938e-02
6.80526122e-02 -6.20724671e-02 6.34791031e-02 -7.36119747e-02 3.41953397e-01 -8.76524001e-02 5.93098514e-02 -3.21741819e-01 -2.00154662e-01 3.53616536e-01 1.51802525e-01 1.38172016e-01 8.66115019e-02 -3.91037136e-01 -3.31148542e-02 -3.05715948e-01 7.02736750e-02 1.01740308e-01 -1.99447826e-01 -5.19524634e-01 1.67960674e-01 -2.12155759e-01 -1.13708764e-01 -9.63765308e-02 -7.19590951e-03 2.31865555e-01 -4.17400226e-02 -2.02176962e-02 9.19960290e-02 8.05199593e-02 3.01130163e-03 8.78381077e-03
1.71416804e-01 -5.95695555e-01 -2.85352498e-01 8.45281363e-01 -2.86889374e-01 -5.14112592e-01 8.23313892e-02 -2.65428066e-01 5.67949228e-02 2.88483715e+00 -4.66194451e-01 8.63576114e-01 5.72079718e-01 8.38421524e-01 8.07739615e-01 -1.38078909e-02 -4.66682874e-02 -6.19268604e-02 7.25658774e-01 2.96914846e-01 2.68021107e-01 6.85282871e-02 -2.61158168e-01 1.13525009e+00 -5.07931858e-02 5.26115671e-02 -2.17649326e-01 2.67470926e-01 -1.72400579e-01 1.29586473e-01 4.86849904e-01 1.66145377e-02
-1.41401187e-01 1.85033813e-01 1.81502402e-01 7.23911971e-02 -4.75077890e-03 -5.31606972e-02 -1.03963632e-02 8.91037062e-02 2.78580375e-02 -5.56549840e-02 1.49084300e-01 1.31155372e-01 6.87888637e-02 4.99216793e-03 1.46829695e-01 2.26443961e-01 1.92618277e-02 -5.68789728e-02 1.18428562e-02 7.54159242e-02 -1.73941225e-01 -1.96911581e-02 -1.76212303e-02 -5.58969285e-03 -4.37857598e-01 -2.55375326e-01 4.36423197e-02 -1.16396502e-01 -5.02714552e-02 -4.44997884e-02 4.72344123e-02 -4.83535916e-01
1.57725010e-02 -8.87097195e-02 -1.13971360e-01 2.95438804e-02 -1.87334731e-01 4.14451845e-02 -3.15303132e-02 1.96878910e-01 3.89361493e-02 3.17308260e-03 -2.64433250e-02 -1.87486280e-02 -4.73000184e-02 4.03257348e-02 -5.22366986e-02 2.03620076e-01 -9.89203602e-02 -1.79373145e-01 -3.01624108e-02 3.30639005e-01 -2.36139506e-01 -1.36814952e-01 -8.53830774e-04 2.52857935e-02 8.38295557e-03 -6.21061921e-02 -5.75492345e-02 -6.70510381e-02 -5.57529330e-02 4.24239151e-02 -2.36136466e-02 -7.06424937e-03
7.65695155e-01 -1.84298515e-01 4.50657666e-01 3.36215466e-01 -7.21802950e-01 -1.27645627e-01 -6.06479704e-01 -8.48875567e-02 8.89159858e-01 2.40074228e-02 -1.46165460e-01 1.91445146e-02 7.72420736e-03 2.58069426e-01 6.07604384e-01 -9.22200382e-01 -3.82110804e-01 -9.77799356e-01 7.97639489e-01 -2.62825400e-01 -7.62121797e-01 3.04347068e-01 -3.59892130e-01 2.20428094e-01 7.62233496e-01 -1.05023637e-01 2.20459536e-01 -1.22261748e-01 -5.27164757e-01 2.11324945e-01 -3.59126776e-02 1.36984542e-01
6.86159581e-02 -4.73564833e-01 -3.81903112e-01 4.86464173e-01 3.35792482e-01 -5.15749872e-01 1.06895126e-01 -8.41421857e-02 2.73525894e-01 -2.12497339e-01 -1.68577835e-01 3.75751764e-01 2.68345237e-01 -2.18999162e-01 3.24648529e-01 -6.72699690e-01 -3.75668436e-01 -7.77176142e-01 4.80211645e-01 -4.56119359e-01 -2.09324360e-01 -1.35742456e-01 3.93629432e-01 6.70361459e-01 -8.77165794e-02 -4.26042646e-01 5.15697181e-01 -6.30983561e-02 -1.85786366e-01 -3.54546696e-01 1.08940892e-01 1.98289856e-01
-1.75138101e-01 -1.35246545e-01 7.99815297e-01 6.34592921e-02 -1.07372224e+00 -1.14016168e-01 2.50399292e-01 -4.42121178e-02 6.14814401e-01 8.26173484e-01 -1.18505068e-01 -4.35115695e-01 5.81943542e-02 6.89210713e-01 1.36252522e-01 -2.32791209e+00 -4.10870939e-01 -2.62149405e+00 -3.66458818e-02 -2.14693230e-02 -6.41451240e-01 6.92086339e-01 3.65276515e-01 2.34541632e-02 3.64059895e-01 1.90241978e-01 2.83355147e-01 -2.25241389e-03 2.12494563e-02 -7.70773768e-01 -1.30400270e-01 5.02734110e-02
-2.21738338e-01 -3.54283184e-01 -2.67118126e-01 -2.92841613e-01 -8.03742334e-02 5.89374959e-01 3.74375731e-02 -6.33432940e-02 -1.21747270e-01 1.21955678e-01 -7.06756860e-02 4.54155088e-04 6.97591156e-02 -4.14230049e-01 8.22475273e-03 -2.97308356e-01 1.99927390e-01 -3.66010010e-01 -3.69174629e-01 -2.02960093e-02 -2.07955152e-01 3.94578427e-01 -1.34304701e-03 3.56864512e-01 4.37565744e-01 -4.89328295e-01 4.53910410e-01 -7.08794892e-02 1.26756206e-01 1.95442200e-01 -1.45962283e-01 -3.24265361e-02
4.78993446e-01 6.23028755e-01 6.53469026e-01 -4.09720242e-01 2.45487496e-01 2.07798809e-01 1.79171398e-01 -1.11186989e-01 -8.43055606e-01 1.14888859e+00 -3.81509036e-01 -1.72209322e-01 -4.28042084e-01 1.17927289e+00 2.37585276e-01 1.65068597e-01 -3.17775421e-02 -9.19167936e-01 2.69543827e-01 -2.95598745e-01 3.77767161e-02 6.89526439e-01 -1.46836504e-01 -3.93370599e-01 6.54504180e-01 -7.66773999e-01 4.86730278e-01 -6.67437389e-02 -3.22320670e-01 -6.01243377e-01 1.36738420e-01 -4.69591796e-01
-6.43389672e-02 -2.67324448e-01 1.63648427e-01 -2.17942387e-01 -4.23590355e-02 9.65986550e-02 -1.83863878e-01 -2.37898961e-01 -2.36019984e-01 -4.98071104e-01 -8.17894787e-02 -6.85169548e-02 -5.11650518e-02 5.98355383e-02 4.54978377e-01 2.22525030e-01 3.68850172e-01 -3.65231633e-01 -8.66334420e-03 2.70000368e-01 -1.53172418e-01 3.03808004e-01 -4.04223949e-01 2.21826807e-02 1.38990954e-01 -1.92028239e-01 3.63818288e-01 5.26345313e-01 -3.04712594e-01 -4.94082630e-01 5.38248122e-02 1.54116169e-01
-1.18281925e+00 1.54285267e-01 1.79867893e-01 -1.36612952e+00 -1.32198632e-01 4.19473974e-03 1.13512017e-01 6.08896911e-01 1.72980532e-01 3.21255624e-01 -1.03863132e+00 7.28716850e-01 1.06012046e+00 3.15487981e-01 -6.22409403e-01 2.87724048e-01 5.95668614e-01 -4.23221260e-01 -3.93591702e-01 1.07194936e+00 -5.09900689e-01 -2.53402770e-01 -2.51636237e-01 -1.08912885e-01 6.33935869e-01 9.74187970e-01 8.00255239e-01 6.20344579e-01 5.09310365e-01 -1.07041395e+00 -4.89078695e-03 1.77197784e-01
-6.80304393e-02 8.05393308e-02 2.50682384e-01 -3.72282602e-02 4.01461214e-01 -8.89320225e-02 3.11704399e-03 5.30840829e-02 -7.15581179e-02 2.07846746e-01 2.25901250e-02 -6.71628583e-03 4.57268395e-03 -1.91027090e-01 1.11922540e-01 -1.51026741e-01 9.32037458e-02 6.85179932e-03 -3.45002785e-02 -4.10076767e-01 1.62010938e-01 -1.41398922e-01 1.61678027e-02 -9.79021564e-03 1.33401990e-01 8.58539902e-03 8.57789516e-02 1.21274203e-01 2.21112389e-02 -8.66292194e-02 -2.72468403e-02 7.23285824e-02
-6.54209852e-02 7.82170147e-02 2.79357344e-01 7.35604903e-03 1.59258440e-01 2.60977875e-02 5.36434770e-01 2.13088617e-01 2.44246691e-01 -1.37404966e+00 -2.36587659e-01 4.22896892e-01 5.56360781e-01 -4.84598994e-01 -2.58976430e-01 -2.24058032e-01 3.03478271e-01 -4.97147024e-01 7.67295733e-02 -7.19775975e-01 1.11981046e+00 -4.14024472e-01 -3.82913388e-02 -1.31397557e+00 1.88776329e-02 3.85597050e-01 -8.96424830e-01 -1.06107306e+00 3.53271633e-01 2.33324226e-02 -2.31716022e-01 -3.23547274e-01
6.33164406e-01 -3.30283552e-01 -2.76513040e-01 4.72806841e-01 -1.31629854e-01 -8.68967846e-02 1.29837366e-02 -1.86480045e-01 4.72174853e-01 -1.21865310e-01 -1.04295298e-01 -7.33371526e-02 7.24841893e-01 -4.29735929e-01 3.90380174e-01 -3.71649325e-01 -6.36274293e-02 -6.58299506e-01 3.10346961e-01 -1.07306004e-01 -3.45678657e-01 1.27692387e-01 1.13370985e-01 1.15891494e-01 -1.01539239e-01 -2.49479979e-01 8.28258693e-01 5.62234521e-01 -4.73732263e-01 3.70085984e-01 2.52650052e-01 3.83208424e-01
-2.60289639e-01 3.35436612e-01 -1.26758605e-01 -6.01493418e-02 -6.35401726e-01 -2.22908959e-01 9.48615074e-02 4.37176108e-01 -5.20103537e-02 -5.54266751e-01 -2.18437985e-01 7.95831308e-02 -3.55346441e-01 2.40044147e-01 2.34431610e-01 -1.64364517e-01 -9.44654197e-02 2.99451947e-01 6.02470227e-02 3.46016228e-01 -2.57842511e-01 -1.59694795e-02 -3.14978324e-02 -9.13750567e-03 -1.01957753e-01 -1.31427422e-01 2.53083557e-01 -2.57760227e-01 1.22486822e-01 -4.49884636e-03 4.68858406e-02 1.48411751e-01
4.56393212e-02 -5.47672451e-01 -8.64466280e-02 -7.31335804e-02 -2.09837437e-01 -1.33349761e-01 -1.90145466e-02 -2.06541121e-01 -3.95107716e-01 4.66336668e-01 1.03623988e-02 7.55237937e-02 3.19341719e-01 4.27326411e-01 -1.44824073e-01 -6.23880565e-01 -2.08604410e-01 -1.90105975e-01 2.90135555e-02 2.34188791e-02 5.78142330e-02 -4.66075018e-02 5.98055124e-01 1.59129158e-01 -4.29956853e-01 1.85662389e-01 3.73684764e-01 1.50293350e-01 -1.09388188e-01 1.47170812e-01 -4.69937511e-02 -1.64846882e-01
9.95794535e-01 -6.76934570e-02 -4.04216677e-01 3.34984273e-01 -3.32018703e-01 1.40440464e-01 5.72754800e-01 -6.91797957e-02 -3.15894634e-01 -8.11805010e-01 -8.24106693e-01 1.30725026e+00 -5.15128411e-02 -7.97316194e-01 3.68113875e-01 5.43731093e-01 -8.57997686e-02 1.31514624e-01 1.52991161e-01 -6.23938330e-02 -2.21755981e+00 -1.91602081e-01 -7.89633989e-01 -1.17955126e-01 -5.35598516e-01 -1.46127194e-01 3.76085401e-01 8.80025864e-01 -2.25889653e-01 2.33318686e-01 -1.61312632e-02 5.96546352e-01
-1.26616448e-01 2.64234636e-02 -9.53603983e-01 -2.19122618e-01 7.58217752e-01 5.01113653e-01 1.97275311e-01 1.64727733e-01 -6.17627919e-01 3.12543273e-01 -5.62209785e-01 -1.15751541e+00 5.41626155e-01 9.95954201e-02 -1.59558266e-01 1.23100042e+00 8.09215941e-03 1.95664310e+00 -6.25775516e-01 3.56889039e-01 1.86296821e-01 7.85465818e-03 3.61569405e-01 5.17370462e-01 -4.43077654e-01 9.35912311e-01 -2.35467374e-01 -1.87001452e-01 5.05128913e-02 5.67745045e-02 6.38727903e-01 1.32743940e-01
-6.23177178e-02 4.45023358e-01 -6.47159740e-02 -6.49349570e-01 -2.53771693e-01 7.16098428e-01 2.94743866e-01 7.98674226e-01 3.39067101e-01 3.04477066e-01 9.90374804e-01 -2.79378802e-01 1.02045812e-01 3.56361270e-01 -6.03181347e-02 -7.44610071e-01 3.53776246e-01 -1.11966632e-01 -2.93297917e-01 -5.19980848e-01 -7.52964243e-02 -1.48959011e-01 2.49009252e-01 2.07753122e-01 -2.99178392e-01 1.78322747e-01 -4.93776659e-03 4.24075387e-02 -5.50818205e-01 2.19168603e-01 -2.49920651e-01 1.84485868e-01
4.77109738e-02 3.90117280e-02 -2.15961952e-02 -1.07601304e-02 -1.84696883e-01 2.45396458e-02 -1.95965376e-02 4.94598672e-02 1.14577133e-02 -6.01242259e-02 -4.59260046e-02 -3.68552834e-01 2.33890206e-01 3.03649664e-01 -3.59023064e-02 1.51680470e-01 4.68167551e-02 -1.13942333e-04 1.63049266e-01 2.27867275e-01 1.04104854e-01 3.48941654e-01 1.12992479e-02 2.92069972e-01 -1.45956248e-01 -3.10706258e-01 -1.98295370e-01 -1.38158217e-01 -2.95852214e-01 -1.52901560e-01 -3.26054543e-02 -2.41158739e-01
3.71152282e-01 5.52922301e-02 6.17426813e-01 3.49380970e-01 1.84638888e-01 5.02690732e-01 1.05497885e+00 -3.53488117e-01 5.91347992e-01 2.29376540e-01 -6.98660553e-01 2.48331398e-01 -5.06104350e-01 -2.73481384e-02 -1.18292116e-01 3.31264049e-01 -5.45560956e-01 -3.75828207e-01 2.75225490e-01 2.81900316e-02 -2.16459647e-01 6.66814327e-01 3.65628093e-01 7.35215604e-01 -1.38541356e-01 -1.52531222e-01 -2.72604764e-01 3.54081750e-01 1.44904628e-01 3.45384002e-01 3.12192142e-02 1.62908629e-01
-4.29324031e-01 -5.03069580e-01 1.56686521e+00 8.98320451e-02 -1.04818964e+00 -1.05371594e-01 -1.28024888e+00 -9.21495676e-01 4.24209148e-01 8.49981606e-01 1.55296385e-01 -6.38348222e-01 -2.77901620e-01 9.21579957e-01 6.28909945e-01 -2.13630176e+00 1.51900977e-01 -3.03754568e+00 1.69310677e+00 7.64228284e-01 -4.92182910e-01 1.73704612e+00 -3.43936652e-01 3.18883955e-01 2.74085492e-01 -6.78921342e-01 -2.69466281e-01 3.55352372e-01 2.53109694e-01 5.16724810e-02 3.59334350e-01 2.33063042e-01
-1.35283098e-02 -4.39594639e-03 1.18772715e-01 4.02216874e-02 3.57202142e-01 -1.69063620e-02 -2.00778414e-02 -4.61515971e-03 7.69879147e-02 -3.45941707e-02 -1.97767727e-02 -3.84868383e-02 8.17198381e-02 2.37852018e-02 -3.20077278e-02 -2.02071797e-02 -5.88620780e-03 2.54806671e-02 -3.76733169e-02 6.86411262e-02 1.19464256e-01 8.40688050e-02 -1.90307144e-02 -3.86882620e-03 -1.16587274e-01 -1.75734654e-01 1.20917056e-02 3.73531252e-01 -3.28729711e-02 -4.93005924e-02 4.49119285e-02 -2.61997461e-01
-4.22098219e-01 -8.99648219e-02 -8.75172541e-02 -1.41779900e-01 -2.10388005e-01 1.33601159e-01 -2.60542873e-02 8.10269892e-01 -2.89491475e-01 2.25198194e-01 -4.48673546e-01 9.20309663e-01 5.93013883e-01 2.87525952e-01 3.74504805e-01 1.75719157e-01 -2.40798712e-01 5.30023128e-02 -2.99719304e-01 -9.41457413e-03 -1.09659828e-01 -5.63401222e-01 -1.09445825e-01 -2.79003590e-01 -2.80627191e-01 -7.11606368e-02 -6.78165555e-01 3.75010520e-01 -1.96119711e-01 -3.19004297e-01 6.50345683e-01 4.51107353e-01
-1.42253414e-01 -1.54590264e-01 6.64093912e-01 2.56380856e-01 -7.50296712e-01 3.52568924e-01 2.85588980e-01 -5.39460897e-01 6.08384788e-01 2.94457853e-01 4.28375229e-02 2.61413962e-01 -8.83230194e-02 7.83654451e-02 1.76425412e-01 -2.25378799e+00 1.49018198e-01 -1.21758306e+00 -3.33495624e-02 1.90811604e-01 1.50935724e-02 2.07266152e-01 3.39950025e-01 1.26858890e-01 -2.04510719e-01 -5.26270628e-01 -8.52240995e-02 -2.77159363e-01 -3.68135780e-01 -4.72942293e-01 2.26024538e-01 -3.09397817e-01
-1.64683565e-01 7.04133660e-02 -1.76098913e-01 2.26805776e-01 -2.89507449e-01 -6.89717680e-02 1.56700209e-01 -3.01694721e-01 -5.06305635e-01 1.59936917e+00 -2.87335515e-01 -1.36970684e-01 -3.80336583e-01 1.38570201e+00 -2.77611494e-01 -2.63424148e-03 1.32365571e-02 8.10873732e-02 -8.71816278e-03 -3.53745878e-01 4.10562605e-02 1.51961595e-01 -3.65744829e-02 -1.32666782e-01 -1.64198428e-01 -4.68204133e-02 5.05080700e-01 4.84826177e-01 1.57661483e-01 -4.01372671e-01 4.77343410e-01 -7.47698843e-02
2.78282668e-02 -1.17862914e-02 7.79678285e-01 3.15541953e-01 -3.29104125e-01 -6.08643472e-01 -1.13666689e+00 2.31050983e-01 3.70199025e-01 2.38325313e-01 -5.63999452e-02 9.21107754e-02 2.68134773e-01 -7.52107576e-02 -3.91542703e-01 4.64193135e-01 1.64093152e-01 -7.29160532e-02 -1.13418810e-01 -1.48652568e-01 7.70191193e-01 5.05670786e-01 4.65713777e-02 -8.68052244e-01 1.83996782e-01 1.95866868e-01 -3.58989924e-01 2.31997222e-01 -3.46542224e-02 1.60992295e-01 -4.08526957e-01 -4.44132239e-01
8.77921045e-01 1.82438772e-02 4.82018679e-01 9.42297161e-01 -4.53038752e-01 -1.98715571e-02 -8.89662266e-01 -5.39834678e-01 9.53398705e-01 -2.10508895e+00 2.08205268e-01 3.62294734e-01 -1.20187235e+00 -3.13367724e-01 1.13398455e-01 -7.40376830e-01 2.95573592e-01 -2.86721885e-01 5.80741823e-01 8.96454990e-01 4.06133085e-01 -4.78269964e-01 -2.28232360e+00 -5.08922338e-01 6.08073831e-01 5.98085344e-01 -8.46074641e-01 -4.92792338e-01 9.51341912e-03 1.18107021e+00 -6.51483178e-01 -1.60692722e-01
-4.93997969e-02 1.98605776e-01 5.36914635e-03 -4.93064709e-02 -2.02154249e-01 -4.29036133e-02 3.21812816e-02 -6.88094124e-02 -2.23124903e-02 -4.04553600e-02 5.15902564e-02 1.05025150e-01 6.11804016e-02 -3.86323035e-02 1.34609789e-01 -1.32562622e-01 1.01327248e-01 2.40414381e-01 1.68996900e-02 -2.82099575e-01 1.33561060e-01 6.74563795e-02 -1.69444084e-02 -5.13267666e-02 -2.90494025e-01 -7.27558732e-02 1.90113112e-02 -7.39965141e-02 -1.31585328e-02 6.85322843e-03 3.82741541e-02 -2.29477316e-01
2.18861267e-01 2.65369236e-01 1.60860825e+00 4.28683549e-01 -1.24579704e+00 1.14330985e-01 -2.45526388e-01 -5.57210624e-01 8.66494358e-01 5.26633143e-01 8.75244290e-02 -1.89517915e-01 -8.75854909e-01 1.05655646e+00 5.43526262e-02 -3.39326167e+00 -2.84694195e-01 -4.63108015e+00 4.00888771e-01 8.52426216e-02 -1.26953030e+00 9.41464245e-01 3.21819425e-01 2.41648167e-01 3.05136800e-01 -1.31386414e-01 -5.44012666e-01 6.66219950e-01 -1.35912210e-01 -4.53712530e-02 1.37909144e-01 -1.09075181e-01
-8.87896121e-01 1.65159643e-01 2.21553728e-01 -8.22009444e-01 -7.80702531e-02 -1.09308295e-01 -1.48068160e-01 5.06271660e-01 -7.35675618e-02 7.50845745e-02 3.72552313e-02 -2.13898778e-01 4.78365868e-01 5.27665913e-01 -3.79288077e-01 -2.55609602e-01 1.86946526e-01 -2.48458296e-01 -3.61230075e-01 1.06219977e-01 9.33865160e-02 7.91089773e-01 2.40372062e-01 -1.76468089e-01 -1.43225342e-01 3.22767794e-01 -7.92015254e-01 1.38508946e-01 1.62859723e-01 -6.33360445e-01 -7.13245943e-02 -7.44446099e-01

layers.2.bias:
-1.44283259e+00
-5.66887796e-01
6.77582800e-01
-5.27271092e-01
2.58886665e-01
-5.19025326e-01
2.74139702e-01
2.17346835e+00
6.15675330e-01
8.07498336e-01
-9.85484362e-01
-1.38904822e+00
-1.83471590e-01
8.89939964e-01
-2.95178771e-01
-8.10054004e-01
-8.17538574e-02
-6.98852062e-01
3.30589920e-01
-7.32474551e-02
-1.03653058e-01
7.17552841e-01
6.54531896e-01
-9.00214911e-02
-5.63233137e-01
9.17972803e-01
-9.07259524e-01
-1.07550311e+00
3.56353164e-01
-1.04367352e+00
-5.10166362e-02
-4.25741225e-02
8.08973491e-01
1.44566298e-01
-3.78374338e-01
-3.85305732e-02
-1.22393087e-01
1.32649469e+00
9.98741984e-01
-2.32780799e-01
9.03668344e-01
-1.81912020e-01
-5.28606117e-01
1.32585835e+00
2.71277934e-01
-1.16023576e+00
1.03536570e+00
-3.74761164e-01
7.96952605e-01
1.64645183e+00
3.42986733e-01
2.74612039e-01
6.82701990e-02
-5.99408150e-01
7.63241425e-02
-3.77215669e-02
8.16377580e-01
-1.70027465e-01
-1.17073953e-01
-5.10356963e-01
6.25911415e-01
4.51594889e-02
-1.96448728e-01
6.29024923e-01

layers.4.weight:
4.51139420e-01 5.27292665e-04 -5.50681278e-02 2.32648514e-02 -6.59488663e-02 -2.07293749e-01 2.87957198e-04 -6.77252352e-01 -1.05671689e-01 -3.87281120e-01 5.99826127e-02 7.27264524e-01 -1.66468883e+00 -8.27748775e-02 -9.28153843e-03 -1.26234353e+00 -4.48054256e-04 7.53201395e-02 -1.69830527e-02 6.37296413e-04 5.96635081e-02 -7.42271319e-02 -9.94647780e-05 2.53275454e-01 -7.41089359e-02 -4.10022549e-02 3.33687494e-04 6.92036688e-01 -3.91799033e-01 4.03255135e-01 -5.44271171e-02 -1.21556714e-01 -9.25090462e-02 1.17801083e-03 3.25185508e-02 -2.95686652e-04 -2.56389787e-04 -1.33303538e-01 1.78061295e-02 9.09147784e-02 -1.17131136e-03 3.25348139e-01 -1.08827218e-04 -1.32728726e-01 5.51721023e-04 2.24320218e-01 2.34608855e-02 -7.02906458e-04 -8.57467875e-02 -6.33142352e-01 -1.63173154e-01 -4.26851064e-02 -1.37171696e-03 -1.82022043e-02 -1.11091626e+00 -2.65920273e-04 6.71358928e-02 -2.86086589e-01 -1.12139821e-01 4.52709943e-02 7.71174133e-02 2.56575469e-04 6.55360520e-01 -3.39550339e-02

layers.4.bias:
-1.05824184e+00

