layers.0.weight:
3.31696361e-01 -5.67613244e-01 7.97264636e-01
5.69172144e-01 -8.09445798e-01 -5.80563486e-01
-8.31293464e-02 -6.13938749e-01 -5.77727258e-01
-1.07055378e+00 1.15616508e-01 4.58123112e+00
2.67282110e-02 4.11940843e-01 1.16166264e-01
-5.79876065e-01 8.58121514e-01 -1.84879377e-01
-1.31842160e+00 4.86020595e-01 -9.88645032e-02
-6.01682402e-02 7.88846374e-01 -9.23566997e-01
6.03414774e-01 -9.26082134e-01 5.12713566e-02
-1.11527514e+00 5.86289167e-02 -1.64189592e-01
7.53551662e-01 -9.85680073e-02 1.41279221e+00
-7.16238439e-01 -1.31785080e-01 -1.29353356e+00
-4.30584475e-02 7.12955832e-01 -1.57757306e+00
-1.16726887e+00 2.10410804e-02 5.00053525e-01
-6.46977663e-01 1.09646142e+00 7.52028525e-01
-1.81771189e-01 9.48456824e-01 1.64468549e-02
5.46070874e-01 -6.33792400e-01 -1.45019031e+00
-1.15504665e-02 1.12846863e+00 1.84981868e-01
8.07071701e-02 -9.54183042e-01 5.35116851e-01
3.41117471e-01 -1.28724232e-01 -8.64976227e-01
2.23475501e-01 1.65966094e-01 -5.10879010e-02
-3.24195027e-01 -2.56797969e-01 -1.00232065e+00
-4.64660525e-01 1.65601885e+00 -4.46076952e-02
-1.56447518e+00 4.06930357e-01 1.75152493e+00
1.05132234e+00 3.79940838e-01 -7.78481364e-01
2.59609371e-01 6.71772659e-01 -1.17486012e+00
-1.16151750e-01 -2.13369340e-01 1.90187418e+00
-3.97779703e-01 -2.44972542e-01 1.92939892e-01
3.22416067e-01 7.57217348e-01 -1.46468067e+00
-1.04933763e-02 4.65525806e-01 1.70563948e+00
-2.89658904e+00 2.84448242e+00 -1.78299040e-01
-1.26738083e+00 -5.19488692e-01 1.02004325e+00

layers.0.bias:
8.77201200e-01
4.81547834e-03
-1.42384720e+00
-6.34384930e-01
7.07518518e-01
-2.04255387e-01
-3.54310095e-01
2.86240637e-01
-7.45998621e-01
-1.59115899e+00
1.64644122e-01
1.80825554e-02
2.46107668e-01
-1.21306002e+00
-2.90836543e-01
1.43946290e+00
9.34610724e-01
1.82654703e+00
-6.68276668e-01
5.78918040e-01
-1.44309163e-01
-1.35729384e+00
1.02535832e+00
-7.05530941e-02
1.36946186e-01
5.60703695e-01
8.80503118e-01
-1.57881156e-01
-4.88352716e-01
7.31267482e-02
8.91685039e-02
-6.70209900e-02

layers.2.weight:
-3.32090139e-01 1.40161440e-01 2.28738874e-01 -4.48284298e-01 -2.52552271e-01 1.07122645e-01 2.46761963e-02 -1.27219185e-01 -1.63284376e-01 3.14955544e+00 8.51312950e-02 -4.25204728e-03 -2.84672558e-01 2.52647328e+00 -4.77453433e-02 3.82231444e-01 -3.00861657e-01 5.60283542e-01 1.10949814e-01 -3.77337396e-01 3.16981435e-01 -4.78915200e-02 -4.70770627e-01 6.08118594e-01 -9.61551219e-02 5.40691376e-01 -7.53479779e-01 -1.56361714e-01 -2.58541882e-01 -1.25847071e-01 3.38346273e-01 2.70651668e-01
1.70461178e-01 2.08502844e-01 -8.98590863e-01 1.22697726e-01 -4.21181023e-01 -8.57788250e-02 -8.53650033e-01 -6.26909971e-01 8.90140831e-01 3.63455862e-01 4.92887497e-01 -3.75410914e-01 1.63684100e-01 -9.11667421e-02 -3.91954303e-01 9.50369835e-02 -2.79327005e-01 3.59557241e-01 -2.53769398e-01 -4.29229774e-02 5.16263247e-01 -2.31155455e-01 -6.69104159e-01 2.06895266e-02 -5.85499108e-02 -1.45513117e-01 -2.49606460e-01 -4.79949892e-01 -3.85430269e-02 -1.52723640e-01 -4.60383356e-01 2.55894780e-01
1.20133627e-02 1.94430396e-01 2.00738832e-01 -7.59726763e-01 -1.37936294e+00 -7.26871938e-02 -5.62925994e-01 2.60779977e-01 5.75392067e-01 7.28372216e-01 -5.03281057e-01 -1.68623596e-01 1.14806920e-01 3.47159915e-02 -3.07414711e-01 -1.52913940e+00 -2.69845426e-02 -1.64736331e+00 1.33123307e-03 6.05083287e-01 -5.09144843e-01 -1.79223821e-01 3.36491555e-01 -1.64370239e+00 -1.20328628e-02 3.35486382e-01 -1.13102710e+00 -4.36762202e-04 3.66095930e-01 -4.32623774e-01 9.21016037e-02 3.39208841e-01
2.95370996e-01 -5.64151537e-03 3.82091515e-02 1.38522184e+00 3.83960694e-01 3.36932421e-01 6.12104118e-01 -2.97054589e-01 -7.42191747e-02 -8.98597613e-02 2.06590608e-01 -1.08445287e-01 -6.24256551e-01 1.12695836e-01 5.74380934e-01 4.64679778e-01 -2.33684421e-01 4.68011945e-01 4.16914135e-01 -8.90852332e-01 -9.30586576e-01 -1.97187573e-01 2.93378234e-01 1.37134290e+00 -5.27556181e-01 -6.40241742e-01 5.44246256e-01 3.60263675e-01 -7.14506149e-01 -1.33636534e-01 -6.82219788e-02 5.36861897e-01
2.68937171e-01 -3.93873006e-01 3.14108402e-01 -4.24774617e-01 -3.27457413e-02 -3.71363342e-01 -1.17359853e+00 -4.87545542e-02 3.45699340e-01 -4.92605686e-01 5.06511271e-01 -7.76721358e-01 6.51718020e-01 -8.43176901e-01 -2.97452845e-02 -1.06188917e+00 -3.18553925e-01 -1.00178504e+00 8.05167854e-02 -8.90594795e-02 8.92758906e-01 -5.84460914e-01 1.70605689e-01 -3.25156778e-01 -8.54767740e-01 5.01678824e-01 1.20996729e-01 -6.30091488e-01 -3.55679691e-01 6.31062567e-01 2.10015546e-03 1.69436276e-01
-5.22650421e-01 3.06154609e-01 5.51733911e-01 1.13694057e-01 -1.15056384e+00 -1.64271921e-01 -3.60237658e-01 2.80261993e-01 8.01426351e-01 1.27872646e-01 9.90301728e-01 -1.43898234e-01 -4.16679531e-02 2.31481567e-02 -2.49772415e-01 -1.58032942e+00 -2.92084426e-01 -2.02475834e+00 6.75815582e-01 -1.67153195e-01 -3.89885098e-01 4.05310392e-02 -4.41697896e-01 -3.00361723e-01 4.52638865e-02 8.33212286e-02 1.11587428e-01 9.26562130e-01 -3.00522149e-01 -3.92730445e-01 -1.31554294e+00 3.53560925e-01
3.03082429e-02 -1.99867375e-02 -2.60004580e-01 4.24765563e-03 -1.27227738e-01 1.45340011e-01 -2.93777864e-02 -3.90934080e-01 -1.49703383e-01 1.77550435e-01 3.37661058e-01 2.03990042e-02 3.01532745e-01 1.69860236e-02 -9.23798792e-03 -3.27358663e-01 1.47984568e-02 6.04224484e-03 -5.77552989e-02 -3.11544776e-01 -3.82849216e-01 6.06505796e-02 2.58935057e-02 3.35711055e-02 1.52631685e-01 2.88359106e-01 -3.46837848e-01 -4.18431550e-01 -1.61091685e-01 7.24089816e-02 -4.94454429e-02 1.46502122e-01
2.43112296e-01 5.05362405e-03 -4.20866817e-01 3.86113882e-01 2.45997563e-01 -4.30232733e-01 8.45244229e-02 4.77558285e-01 5.89593053e-02 -1.39143407e-01 -8.51930305e-02 9.20138061e-01 2.85271317e-01 -2.66796082e-01 -9.02121216e-02 1.46189615e-01 4.78233099e-01 7.22671151e-02 2.42395476e-01 4.55468506e-01 -1.39198792e+00 -9.29391086e-01 2.54967213e-01 5.62663674e-01 2.70213097e-01 7.13551283e-01 6.33498907e-01 4.74371910e-01 -6.77625775e-01 5.25978386e-01 1.78654060e-01 -3.60345870e-01
3.07296753e-01 8.39446113e-02 -6.75529182e-01 -2.17889160e-01 1.46349192e+00 -5.46586454e-01 -4.03750598e-01 -3.55165601e-01 -8.44022453e-01 5.99420071e-01 1.59936756e-01 5.88696003e-01 6.53155982e-01 -5.56500144e-02 1.71942413e-01 2.14653683e+00 1.65004581e-01 1.51126051e+00 -5.65066278e-01 -2.40468055e-01 7.70355761e-02 -3.87290865e-01 1.20417967e-01 2.68935829e-01 2.67203361e-01 3.95944089e-01 8.73532221e-02 -4.92315628e-02 9.95139219e-03 1.55452535e-01 2.36270642e+00 -5.00972986e-01
-6.78386033e-01 2.28518069e-01 -5.25938161e-02 -5.88099360e-01 3.79918665e-01 7.27262124e-02 -2.93036699e-01 4.25178051e-01 5.71506679e-01 -1.56871796e-01 -4.66740951e-02 1.71420112e-01 2.24058062e-01 5.79198524e-02 -3.55440468e-01 -7.83409178e-01 4.10145253e-01 -4.45396274e-01 -4.72145438e-01 6.48920685e-02 -6.00986898e-01 -1.77442059e-01 1.84112638e-01 -1.87858567e-02 -2.27832019e-01 -6.95759207e-02 -2.36738637e-01 2.18207061e-01 2.90388703e-01 1.03383303e-01 -6.01499043e-02 3.75471963e-03
3.70907962e-01 -2.24179298e-01 1.01049796e-01 -4.29523915e-01 -9.51634526e-01 -6.58753753e-01 -3.71037930e-01 1.36684492e-01 6.26497388e-01 2.86670566e-01 -5.87052524e-01 -6.91051334e-02 9.18197334e-01 -4.35276598e-01 -2.14890957e-01 -5.76810002e-01 -6.21984780e-01 -1.68291795e+00 1.32811695e-01 -8.10982473e-03 1.09507906e+00 -2.57065505e-01 -1.23537111e+00 3.46009694e-02 -1.81232557e-01 -3.07750478e-02 -5.07056713e-01 -5.87570071e-01 1.53986156e-01 -4.72932547e-01 1.18487899e-03 4.42073405e-01
-2.25388929e-01 1.81311332e-02 1.70040381e+00 -8.42675686e-01 -1.09645128e+00 1.82988703e-01 2.44674794e-02 -3.33902866e-01 1.49471343e-01 2.26183414e+00 -2.72097979e-02 -6.20521009e-02 2.69936234e-01 3.16972923e+00 -1.13627017e-01 -9.83710408e-01 3.49224716e-01 -3.07081342e+00 4.59955662e-01 -3.84271562e-01 3.13529789e-01 5.84841549e-01 -3.07660490e-01 7.95636117e-01 5.80613688e-02 -5.30369818e-01 3.14882725e-01 -1.87621266e-01 3.15758467e-01 -1.34007325e-02 3.87276381e-01 -4.63392913e-01
-5.72111487e-01 -9.15520266e-02 8.57791066e-01 3.92208606e-01 -4.32842284e-01 5.59541166e-01 -2.56576780e-02 -9.12806571e-01 3.04034591e-01 4.61109191e-01 1.64717734e-01 2.10281566e-01 -4.88180250e-01 -1.27170771e-01 3.41309518e-01 -3.82920337e+00 8.29246733e-03 -5.64592075e+00 5.76836288e-01 -8.86498988e-01 -7.89298117e-01 4.32969272e-01 5.74893653e-01 -9.95608419e-02 -2.44468272e-01 -2.28272915e-01 -3.65852863e-01 6.87293828e-01 -6.57267869e-01 -3.76419365e-01 -6.65145338e-01 -2.76708752e-01
3.28709595e-02 -2.16386721e-01 -6.55246615e-01 -8.37363899e-02 -4.14101966e-02 5.86080775e-02 2.23960072e-01 3.49855423e-01 2.74510592e-01 -3.01991671e-01 5.07262051e-01 -2.01651528e-01 3.52285713e-01 -8.43613505e-01 -1.49019092e-01 5.04515916e-02 -2.48320371e-01 3.49107265e-01 -1.37333706e-01 1.74528971e-01 -3.48092392e-02 -1.39443129e-01 2.82741964e-01 -2.03099713e-01 -1.48139417e-01 7.73487031e-01 -2.32967883e-02 5.28320260e-02 -1.90213114e-01 2.60226071e-01 -2.17116158e-02 3.77751768e-01
-1.07411480e+00 1.49434879e-01 -1.75989851e-01 3.36853147e-01 -5.08815981e-02 7.48077095e-01 -3.23431343e-01 -6.85458630e-02 3.28721076e-01 -1.21424660e-01 -7.73364782e-01 2.42849454e-01 1.64147630e-01 -3.88715684e-01 -2.14637458e-01 -5.95052719e-01 2.29198679e-01 -5.06881177e-01 -4.92652178e-01 3.21152866e-01 1.39886558e+00 9.05047238e-01 1.03568882e-01 1.83520719e-01 -3.44565779e-01 1.19961984e-01 -5.95099449e-01 -1.12394011e-02 8.20819676e-01 -2.47972175e-01 -1.25425670e-03 1.15831673e-01
-5.31376779e-01 -1.05756260e-01 1.86059207e-01 1.61176324e-01 -4.05318797e-01 3.10664564e-01 -1.04410791e+00 -7.07766414e-02 2.49224380e-01 5.10087824e+00 6.52259767e-01 3.42375994e-01 2.05792740e-01 2.47688532e+00 1.07528545e-01 -1.81045085e-01 -5.77004492e-01 -2.92140305e-01 9.64321047e-02 -3.49817455e-01 -6.28870070e-01 4.47190374e-01 1.95262060e-01 1.09257050e-01 -3.07987958e-01 -4.16590899e-01 -6.24918699e-01 2.76727378e-01 -5.56054898e-02 -5.70536137e-01 -2.73371756e-01 -3.25897187e-01
-4.76574451e-02 1.64990991e-01 3.46606458e-03 2.42899694e-02 -7.74869919e-02 3.52794379e-02 -9.16338619e-03 -9.23935175e-02 4.24703583e-02 -1.54280946e-01 3.56994346e-02 7.38805532e-02 2.79221833e-02 8.75328034e-02 1.18583068e-01 3.26684378e-02 3.46111320e-02 4.76827286e-02 4.51997593e-02 9.03156176e-02 2.12585419e-01 1.76791683e-01 2.05639191e-02 3.42986137e-02 2.95798853e-02 -1.83646362e-02 4.47045416e-02 3.36167961e-01 1.55210290e-02 6.20378507e-03 -6.87709153e-02 5.38077280e-02
3.63840133e-01 5.85129261e-02 -6.63439929e-01 3.48852016e-02 3.16559821e-01 -4.47943479e-01 -5.08613884e-02 -2.14314774e-01 1.89779401e-01 -1.20525491e+00 6.58235177e-02 7.92911798e-02 2.92512953e-01 -8.94965976e-02 -3.65029752e-01 2.85515070e-01 -1.18396387e-01 4.54897016e-01 -2.75558978e-01 1.05572248e+00 8.14902931e-02 7.13032931e-02 -6.51993155e-01 -1.47107437e-01 -2.55290240e-01 -3.25454056e-01 8.37810874e-01 -4.11576867e-01 2.02393562e-01 2.42881700e-01 2.95554791e-02 3.50608945e-01
-3.06441277e-01 -3.53574641e-02 -3.65175426e-01 -2.07574144e-01 6.80380762e-01 4.93402146e-02 1.64946467e-01 2.28242129e-01 3.19728553e-01 -8.55258882e-01 -7.17192665e-02 -1.01593888e+00 4.92571026e-01 -4.37155724e-01 -2.04960585e-01 4.40416813e-01 -1.13568120e-01 5.46453059e-01 -1.66764259e-01 -5.67406900e-02 -2.75389012e-02 -1.90699086e-01 5.47962606e-01 -4.14642096e-01 1.67479321e-01 2.42108256e-01 -1.84275731e-01 3.40703756e-01 9.50998217e-02 3.65749091e-01 4.23456013e-01 1.81778088e-01
5.20649143e-02 1.61454707e-01 -7.07954317e-02 7.91287348e-02 -4.15841263e-04 8.92190784e-02 3.28997299e-02 -3.26298699e-02 2.37963162e-03 1.96843836e-02 9.78405103e-02 8.16431567e-02 -4.57255878e-02 -9.66430306e-02 1.20673582e-01 3.94509584e-01 8.26438442e-02 -4.17588025e-01 -3.23313177e-02 -8.80081877e-02 -7.77705759e-02 -1.74436942e-01 -3.76022123e-02 -2.03499757e-02 5.11324331e-02 1.62816286e-01 1.54542979e-02 -1.91892218e-02 9.85975266e-02 7.39156036e-03 4.65324819e-02 2.29932442e-02
6.08283222e-01 -1.79138362e-01 3.74368191e-01 5.63428640e-01 1.09931380e-01 -3.55263978e-01 -6.14799738e-01 -1.18452363e-01 -3.94666344e-01 -1.05819058e+00 -1.07797593e-01 1.00275505e+00 4.89999145e-01 -6.23594582e-01 7.39858687e-01 7.01908648e-01 -5.38488291e-02 -3.77681293e-02 4.63829726e-01 4.69645977e-01 -5.29681623e-01 -6.37979805e-02 5.09421945e-01 1.91445470e-01 9.65822786e-02 -3.65499586e-01 1.21856041e-01 3.23452771e-01 -6.51366785e-02 -7.65878409e-02 1.03521600e-01 4.33348745e-01
2.85076439e-01 -1.42583206e-01 1.13466069e-01 2.04893962e-01 -1.14878066e-01 1.71140254e-01 8.31279516e-01 3.48818749e-02 5.80500603e-01 3.23085368e-01 3.55930537e-01 3.53662789e-01 -4.34835613e-01 -4.56670552e-01 1.51439711e-01 -1.15786946e+00 -1.22007735e-01 -9.28435743e-01 -1.92118995e-02 -5.13051629e-01 -4.75123733e-01 -4.84665148e-02 3.19824338e-01 6.98653609e-02 1.41799077e-01 -4.56220508e-01 -6.52447999e-01 3.91852558e-01 -1.38908699e-01 -1.45888045e-01 2.63789713e-01 -1.20371073e-01
-6.01945035e-02 -7.63834789e-02 -1.83743596e-01 3.87386084e-01 -1.16688170e-01 4.30128723e-01 5.13406456e-01 -2.40994498e-01 -3.43269199e-01 4.47524160e-01 -4.05489281e-03 1.15753405e-01 4.58331913e-01 6.69690907e-01 -9.56202820e-02 -6.02573991e-01 4.75634873e-01 -2.70833790e-01 3.64951491e-02 -3.03401917e-01 -3.20006162e-01 8.37227181e-02 -3.88504416e-01 1.89186990e-01 -3.79810244e-01 -1.10985659e-01 -8.02105591e-02 -4.53173906e-01 1.16906695e-01 -1.21214800e-01 2.00310387e-02 -2.79294431e-01
7.01669991e-01 5.61876968e-02 -1.81411996e-01 9.96558219e-02 7.81797022e-02 -4.02992308e-01 -3.96310687e-02 4.23011094e-01 3.34959775e-01 -2.68695951e+00 6.10640012e-02 1.82354391e-01 4.81470108e-01 -1.64684236e+00 9.54784378e-02 2.54543334e-01 2.26361811e-01 5.88264354e-02 -3.38305563e-01 8.40066820e-02 4.80027199e-01 -1.48676112e-01 -2.09889576e-01 -6.08769730e-02 -3.93613935e-01 -9.24976319e-02 -1.19858429e-01 -1.71969593e-01 2.65907526e-01 1.91779137e-02 -1.33651584e-01 -1.44694731e-01
-6.60225511e-01 -1.12104945e-01 -5.27328700e-02 -1.93030629e-02 -1.26586169e-01 -4.11177784e-01 8.29172432e-01 -2.52085954e-01 -1.12872601e+00 1.67147100e+00 -1.61525917e+00 8.05923879e-01 9.51817036e-02 2.03257278e-01 -2.33809367e-01 7.00768530e-01 3.92647862e-01 9.80556190e-01 5.43909252e-01 2.22295113e-02 -2.42055669e-01 3.71642500e-01 6.62751198e-01 8.14430654e-01 -1.57536939e-01 4.02589411e-01 -7.60737181e-01 -5.72693273e-02 9.89717007e-01 -5.62403738e-01 8.50696385e-01 -2.96273112e-01
-5.97556353e-01 6.12162173e-01 4.13870253e-02 -2.26881444e-01 4.34419900e-01 1.96562842e-01 -3.48517522e-02 5.32288671e-01 -2.71452874e-01 5.55371284e-01 3.36334407e-02 -1.38053820e-01 2.35837653e-01 2.39952534e-01 -5.31669915e-01 -2.74181098e-01 -1.42674983e-01 -1.80961773e-01 3.65100503e-01 -3.69915664e-01 7.90990219e-02 -1.99738443e-01 5.54503575e-02 -5.79115212e-01 1.58649936e-01 -1.90445617e-01 -6.33825719e-01 -5.25156498e-01 2.06065640e-01 -4.33374733e-01 -2.61572540e-01 -3.56715053e-01
-3.98446359e-02 2.30439723e-01 3.71195555e-01 3.90344769e-01 -1.33353829e-01 -3.56672466e-01 -1.04661450e-01 -3.04368492e-02 2.50101566e-01 -6.62815154e-01 -5.52868187e-01 -6.21372983e-02 -2.91774035e-01 -3.52141410e-01 3.13200951e-02 6.82641447e-01 -3.29829566e-02 3.12591523e-01 3.09669197e-01 2.48503342e-01 4.15179599e-03 -8.16660106e-01 1.40493393e-01 1.35652184e-01 2.14509651e-01 1.53627336e-01 4.69641574e-02 -5.21847308e-01 -3.27986300e-01 -9.34122950e-02 -1.21401533e-01 -1.75469384e-01
-8.12185466e-01 4.70620841e-01 -6.02945805e-01 -9.79516566e-01 -3.25170040e-01 -2.91436881e-01 -3.22465986e-01 3.45807165e-01 1.07020780e-01 4.15327817e-01 -3.94013971e-02 1.91568404e-01 1.35254726e-01 3.04455876e-01 -5.89139834e-02 1.05352342e+00 6.89714730e-01 1.10549986e+00 -5.46094477e-01 4.81127463e-02 5.16175926e-01 -7.49453723e-01 -7.33412027e-01 4.48559433e-01 -2.08467498e-01 -4.86811787e-01 3.05029362e-01 3.23790669e-01 5.54232180e-01 -7.97728360e-01 2.08263040e-01 -1.90514833e-01
2.21129358e-01 -6.02793813e-01 2.13587880e-02 -5.11736721e-02 -6.97242081e-01 6.02349699e-01 -4.61763628e-02 -5.25419176e-01 6.32448316e-01 1.02246487e+00 -2.30384812e-01 9.06192213e-02 5.06668210e-01 4.84777153e-01 1.30554438e-01 -1.15155673e+00 -5.77212214e-01 -1.14176965e+00 9.87277031e-02 1.18895166e-01 2.94828475e-01 3.00284505e-01 2.64785260e-01 2.21025690e-01 3.68326187e-01 4.51085083e-02 -3.43356043e-01 -3.02730381e-01 -4.03640479e-01 -2.65481234e-01 8.03950131e-02 1.92816213e-01
-4.76533175e-02 -1.19827712e+00 3.18277717e-01 1.63335466e+00 3.99721056e-01 1.02121651e-01 8.33346844e-02 -2.63116300e-01 -4.50959027e-01 4.85732645e-01 9.88282561e-01 -7.33891904e-01 -1.10750628e+00 -1.82407022e-01 2.26282537e-01 4.06451762e-01 -1.43478787e+00 1.47842109e+00 6.16949677e-01 -9.46655869e-01 8.21461558e-01 1.81673855e-01 -4.42854391e-04 3.06293786e-01 -2.86756545e-01 -4.96634960e-01 2.25684896e-01 1.80633098e-01 -8.90609562e-01 1.35467076e+00 -3.49298567e-01 1.03031039e-01
-4.62663800e-01 -4.36322778e-01 3.89445782e-01 -3.07944417e-02 -2.46957541e-01 9.24936086e-02 2.51775771e-01 -9.85914934e-03 -5.61335325e-01 9.52921569e-01 -2.77931237e+00 1.29177392e+00 4.28753048e-01 2.73138106e-01 6.09685481e-01 -4.27609347e-02 1.52579635e-01 1.32802635e-01 1.33103475e-01 -3.43896896e-01 -9.45828855e-01 2.77114958e-01 -1.92458317e-01 -8.09212387e-01 2.12122962e-01 4.77532625e-01 -2.70513326e-01 2.20488206e-01 -4.64328855e-01 -3.53626162e-01 5.26552916e-01 -7.27835074e-02
-2.94082314e-01 -2.82530010e-01 -3.76614816e-02 -1.51357174e-01 -5.07007301e-01 -1.67635500e-01 1.77570477e-01 1.64927214e-01 -5.66650689e-01 1.51424921e+00 -1.32374287e-01 -9.72562432e-02 -5.63102782e-01 6.27162993e-01 -2.46479556e-01 -4.28599343e-02 6.80369064e-02 5.84196076e-02 1.38572067e-01 -1.80785641e-01 2.00000852e-01 1.90964147e-01 1.36839107e-01 1.01354800e-01 5.78353927e-03 -1.51682153e-01 -1.87438503e-01 2.59395450e-01 2.17329949e-01 3.11592668e-01 -3.33933204e-01 1.43034786e-01
-2.99313217e-01 -3.29738736e-01 2.43548855e-01 -2.26759851e-01 -6.57244265e-01 6.63417459e-01 -3.15134466e-01 -3.38556230e-01 9.21563804e-02 -5.22380397e-02 -9.06230435e-02 4.66515183e-01 2.95144618e-01 4.61608618e-01 3.35752130e-01 -6.09013855e-01 -4.67102736e-01 -1.33473766e+00 -9.02206004e-02 -3.04286450e-01 -5.42212464e-02 1.07142282e+00 5.90151370e-01 5.34818351e-01 -4.19932336e-01 2.06744462e-01 -1.75194175e-03 -2.40146860e-01 -2.94378161e-01 -3.39798689e-01 -3.00829381e-01 -1.31066501e-01
5.12996912e-02 -5.58313131e-02 4.86493073e-02 -7.85490870e-02 3.56741935e-01 -1.23048931e-01 1.15119919e-01 -2.95722693e-01 -2.57086307e-01 3.25092673e-01 1.63981318e-01 1.65162936e-01 9.42809284e-02 -3.12442809e-01 -8.94811153e-02 -2.47410744e-01 8.73798057e-02 1.67014688e-01 -2.34102339e-01 -5.12517989e-01 1.72156945e-01 -2.22131401e-01 -1.14909440e-01 -7.75471777e-02 1.09989066e-02 2.45643392e-01 -4.79951091e-02 -3.13916281e-02 1.06848314e-01 6.74436688e-02 1.52598187e-01 -1.65422205e-02
1.49380788e-01 -4.56810951e-01 -8.53223056e-02 8.61724079e-01 -3.30485851e-01 -3.79143924e-01 1.34810582e-01 -1.05207272e-01 1.59030303e-01 2.95937634e+00 -4.87952471e-01 8.56426179e-01 6.99449182e-01 9.63011384e-01 7.58254230e-01 -2.02021033e-01 -4.91653532e-02 -4.14364278e-01 6.03495002e-01 2.83125788e-01 2.45613366e-01 7.91902095e-02 -1.71179190e-01 1.11519766e+00 -1.87163264e-01 1.76175818e-01 -1.95680782e-01 3.08320224e-01 -2.24375531e-01 1.23886645e-01 8.52161407e-01 1.60318673e-01
-1.24174841e-01 1.90378487e-01 1.57760337e-01 7.10471198e-02 2.06007175e-02 -2.33540963e-02 -1.53342513e-02 7.88081735e-02 3.43271717e-02 2.59450125e-03 1.26335725e-01 1.39304563e-01 6.87597319e-02 -3.14652063e-02 1.48666352e-01 2.20252946e-01 2.64442917e-02 -4.58179861e-02 2.93591432e-02 6.97423145e-02 -1.72361344e-01 -3.03765014e-02 9.65005439e-03 -2.00075586e-03 -4.46185082e-01 -2.56213605e-01 4.20766510e-02 -1.28042519e-01 -3.13152485e-02 -4.60839979e-02 1.80987082e-02 -4.70387757e-01
-1.71534847e-02 -1.04692928e-01 -1.23139746e-01 3.81849594e-02 -1.52676418e-01 1.20771592e-02 2.84452550e-02 2.13951156e-01 2.94328807e-03 -9.87632051e-02 5.48204780e-03 -3.61383967e-02 -4.56653088e-02 5.21371327e-02 -6.53421059e-02 1.69343010e-01 -9.48891938e-02 -2.53172666e-01 -6.26439527e-02 3.35398495e-01 -2.20608473e-01 -1.55475289e-01 -5.27052507e-02 1.92929544e-02 2.74131466e-02 -5.93072362e-02 -4.94417772e-02 -8.20657089e-02 -5.71058095e-02 3.80191505e-02 4.28943597e-02 -3.05076540e-02
7.70526886e-01 -1.95487306e-01 4.15722668e-01 3.23485643e-01 -6.11455441e-01 -6.05991296e-02 -5.17134190e-01 3.44515545e-03 9.13640976e-01 2.25659505e-01 -1.99709967e-01 5.27126417e-02 5.50634637e-02 3.52799207e-01 6.34732664e-01 -8.90681028e-01 -3.95171732e-01 -8.92355800e-01 6.68568969e-01 -2.65487969e-01 -7.36209214e-01 2.54009724e-01 -3.75383884e-01 2.06167653e-01 6.82785749e-01 -6.72237650e-02 2.10273191e-01 -1.88639507e-01 -5.33724725e-01 2.04319939e-01 2.40220964e-01 2.53753513e-01
6.20502420e-02 -4.17638958e-01 -6.92485124e-02 3.46322179e-01 -1.70692369e-01 -5.15037298e-01 1.73432410e-01 7.65572442e-03 3.03939849e-01 -9.54524428e-02 -2.81379282e-01 5.03279090e-01 3.83261681e-01 -6.14814311e-02 2.63428122e-01 -9.32787478e-01 -3.77025098e-01 -1.27040100e+00 4.70872432e-01 -4.40782458e-01 -2.48363197e-01 3.73386778e-02 3.85665119e-01 6.81021810e-01 -2.06858382e-01 -3.32290620e-01 3.73999029e-01 6.18278198e-02 -4.62286547e-02 -4.78963703e-01 8.63970295e-02 2.87995666e-01
5.71435057e-02 2.28025727e-02 7.23605454e-01 1.57437921e-01 -1.45415092e+00 -3.47236305e-01 -4.49369773e-02 -1.44110814e-01 7.59365797e-01 7.88689256e-01 -2.62049824e-01 -3.46540630e-01 -2.21019890e-02 4.99097079e-01 -3.19855809e-02 -2.45580173e+00 -2.92397797e-01 -3.39056349e+00 1.74353465e-01 -1.59299970e-02 -8.88562500e-01 6.56624854e-01 1.73610121e-01 5.80693632e-02 2.46314347e-01 9.30667743e-02 3.67962778e-01 2.39824712e-01 -1.44229963e-01 -7.90501237e-01 1.82361946e-01 1.31967813e-01
-1.77849770e-01 -2.98558265e-01 -2.50162005e-01 -2.93889016e-01 -2.89502412e-01 5.73275864e-01 8.63377824e-02 -1.18865207e-01 -5.29015958e-02 4.03283149e-01 -2.20451906e-01 1.85739398e-01 5.03432192e-02 -2.78389394e-01 -3.76939178e-02 -5.08711755e-01 2.48302609e-01 -5.80429435e-01 -2.35551551e-01 -2.75897328e-02 -3.16099793e-01 3.85987580e-01 -1.11708678e-01 3.61946970e-01 4.00293559e-01 -5.36106348e-01 4.65808511e-01 3.88827026e-02 9.42417309e-02 1.43559337e-01 -1.79727808e-01 -2.18058075e-03
3.66053402e-01 7.50146031e-01 8.40986371e-01 -4.42040652e-01 -1.82040036e-01 6.51994869e-02 1.02527425e-01 -7.27334097e-02 -6.21931911e-01 1.07743120e+00 -2.59861290e-01 -3.01832199e-01 -3.99850965e-01 1.15762544e+00 1.02201305e-01 -1.15927063e-01 5.60287684e-02 -1.35430169e+00 2.99073815e-01 -2.68168837e-01 1.29081547e-01 7.69664407e-01 -3.91549498e-01 -3.96930873e-01 6.57209218e-01 -7.40124166e-01 4.49631125e-01 -1.29473537e-01 -2.85084337e-01 -6.44321799e-01 -2.61339359e-02 -4.67263252e-01
-5.98997101e-02 -4.30136561e-01 1.18823692e-01 -2.03400508e-01 9.38835219e-02 1.65502235e-01 4.20313120e-01 -1.87178195e-01 -7.75024474e-01 -2.24319801e-01 -1.86590552e-01 1.32044837e-01 -1.78026222e-02 6.22868836e-01 5.14845610e-01 5.90710342e-01 2.76814848e-01 -1.50861070e-01 -4.14998457e-02 1.88972279e-01 -3.53140235e-01 3.14707190e-01 -4.46892858e-01 2.01553464e-01 -1.43728837e-01 -1.63165003e-01 3.81092161e-01 8.33309889e-01 -3.92604023e-01 -4.85768497e-01 3.34039837e-01 4.00971144e-01
-1.28950179e+00 1.72249436e-01 2.32420474e-01 -1.45787072e+00 -1.41267911e-01 -3.74999334e-04 3.82070504e-02 5.95384061e-01 1.92322522e-01 2.59993494e-01 -1.04224157e+00 6.32274508e-01 1.04266596e+00 2.76572526e-01 -6.09178722e-01 2.91885346e-01 6.20314598e-01 -4.00142133e-01 -3.96538228e-01 1.14319670e+00 -3.70986730e-01 -1.74512163e-01 -2.39814788e-01 -2.17495218e-01 6.94688320e-01 9.69497681e-01 7.08675265e-01 4.80161130e-01 5.62846899e-01 -1.12532759e+00 1.13596320e-02 1.19664110e-01
-8.28192383e-02 8.80326778e-02 2.27822408e-01 -3.27040702e-02 4.42190439e-01 -1.21516116e-01 4.30861600e-02 7.08073601e-02 -9.76962000e-02 1.57845080e-01 5.45095988e-02 -1.21081686e-02 4.17176727e-03 -1.45670995e-01 6.57629743e-02 -1.40393063e-01 1.15331039e-01 3.63455415e-02 -6.23106845e-02 -3.95098060e-01 1.81348830e-01 -1.62120134e-01 -6.58133184e-04 -2.45047435e-02 1.72365516e-01 1.83517952e-02 8.99291784e-02 8.52602944e-02 2.93956511e-02 -8.80181789e-02 1.34419575e-01 3.29684205e-02
-1.38271958e-01 1.49570256e-02 2.73587495e-01 -3.94418649e-02 1.58916444e-01 4.35070023e-02 5.72929502e-01 2.83210337e-01 2.61582643e-01 -1.46388936e+00 -2.93967068e-01 4.77775246e-01 6.17411196e-01 -6.33770227e-01 -1.78708211e-01 -2.66652882e-01 2.46285975e-01 -5.79751849e-01 1.03508374e-02 -7.52808750e-01 1.19911373e+00 -3.76573443e-01 2.36483831e-02 -1.45737243e+00 8.02653655e-02 4.66516435e-01 -9.61073995e-01 -1.14605188e+00 5.62574387e-01 -5.78907598e-03 -2.02162609e-01 -3.82304281e-01
6.88357353e-01 -3.00284803e-01 -2.46375993e-01 4.35354412e-01 -1.96778461e-01 -9.31001902e-02 -7.60153383e-02 -1.77584425e-01 5.65124929e-01 -1.02041282e-01 -1.12710632e-01 -4.98815700e-02 7.55569160e-01 -3.39618653e-01 3.48090321e-01 -4.80423987e-01 -2.37468164e-02 -7.17603147e-01 4.19731736e-01 -7.19643086e-02 -3.48918080e-01 1.28666192e-01 1.19688965e-01 1.60677269e-01 -5.11904843e-02 -2.24104866e-01 7.91001976e-01 5.30752063e-01 -4.40184832e-01 3.32337856e-01 9.66627002e-02 3.14532846e-01
-2.64940798e-01 3.58580023e-01 -1.05271652e-01 -4.32789065e-02 -6.94389999e-01 -2.00331300e-01 -4.18299884e-02 4.05564129e-01 9.63693410e-02 -5.83505809e-01 -1.56966150e-01 -5.23080155e-02 -3.78568619e-01 1.01929091e-01 2.70884931e-01 -3.15279186e-01 -9.78947878e-02 2.03269228e-01 9.94887501e-02 3.33892852e-01 -2.04511687e-01 -1.36771286e-02 -4.45254594e-02 -3.72804031e-02 -7.74071366e-02 -1.57503113e-01 2.70277888e-01 -3.01269799e-01 1.20719917e-01 2.68976707e-02 -1.34580582e-01 1.31739646e-01
3.22912931e-02 -5.16216636e-01 8.47331062e-03 -1.17634952e-01 -3.06114167e-01 -1.11767210e-01 -1.24294162e-01 -1.91795230e-01 -2.89783537e-01 4.12776738e-01 2.12401226e-02 2.62981784e-02 3.48621100e-01 2.51981437e-01 -1.23975210e-01 -7.27248132e-01 -2.04514638e-01 -2.33094409e-01 3.16065587e-02 6.23569079e-02 1.21280648e-01 1.47402787e-03 6.08685970e-01 6.79234043e-02 -3.45689625e-01 2.16915831e-01 3.29750091e-01 5.46931103e-02 -5.88092431e-02 1.27662331e-01 -1.87603265e-01 -2.35924646e-01
1.02827215e+00 9.08703804e-02 -3.25607330e-01 2.46441022e-01 -1.50000364e-01 4.09010984e-02 5.07042468e-01 -9.81369168e-02 -3.57964635e-02 -7.10023999e-01 -7.70000577e-01 1.32284212e+00 -7.62350559e-02 -6.94474041e-01 2.58792400e-01 2.83368319e-01 2.97159795e-02 1.61812603e-01 2.10409358e-01 6.09547086e-03 -1.80110884e+00 -1.69443309e-01 -1.10462534e+00 -1.88557148e-01 -6.18650675e-01 -2.56207228e-01 2.92286187e-01 8.91275167e-01 -1.50936440e-01 1.22217737e-01 -5.37417121e-02 7.03803897e-01
-1.02443047e-01 8.94539058e-02 -9.65179682e-01 -1.94366738e-01 7.31539726e-01 4.60748881e-01 2.89481997e-01 1.82379827e-01 -3.72246504e-01 3.90485138e-01 -4.90064323e-01 -1.21347797e+00 5.16690969e-01 1.19218506e-01 -2.88965553e-01 1.09762120e+00 3.34633067e-02 1.82533419e+00 -6.88754201e-01 3.14711243e-01 2.62975991e-01 -3.73290814e-02 3.14105183e-01 4.57568735e-01 -3.70978653e-01 9.46178257e-01 -2.13306218e-01 -3.11270058e-01 1.00047164e-01 6.51895627e-02 4.14096057e-01 1.02262653e-01
-1.49104977e-02 2.94440478e-01 -1.45154789e-01 -6.11409426e-01 -3.84500884e-02 8.50654483e-01 3.50203812e-01 7.73546815e-01 1.82142898e-01 4.08426940e-01 9.15982187e-01 -2.31576771e-01 6.71800002e-02 3.53314102e-01 1.57618210e-01 -5.61869502e-01 2.37670198e-01 9.96357873e-02 -3.20487738e-01 -5.53244531e-01 -1.12919971e-01 -1.95508748e-01 4.62100625e-01 2.11474821e-01 -3.41456115e-01 1.35673925e-01 3.96336429e-02 7.96251744e-02 -5.98557532e-01 2.90641665e-01 -2.40996391e-01 2.30950803e-01
7.53617883e-02 2.52840575e-02 -1.38199283e-02 -1.21363094e-02 -1.41539201e-01 5.70532195e-02 -2.11815108e-02 3.18877697e-02 1.69148035e-02 -3.64456512e-02 -7.89925009e-02 -3.61082166e-01 2.34661654e-01 2.31947079e-01 1.52672986e-02 1.47944644e-01 2.68960297e-02 -2.63143834e-02 1.86901912e-01 2.26346269e-01 8.62189159e-02 3.58804554e-01 1.65583938e-02 2.70164788e-01 -1.65838420e-01 -3.12216759e-01 -1.97861373e-01 -1.23397179e-01 -3.03993493e-01 -1.46120384e-01 -9.23883319e-02 -2.14016020e-01
1.53760701e-01 -3.43760364e-02 7.30339944e-01 2.63891727e-01 1.44136921e-01 7.86355197e-01 1.01924336e+00 -1.86202183e-01 5.46077609e-01 8.52298915e-01 -8.24956119e-01 2.66480625e-01 -3.59922975e-01 -4.29744050e-02 1.31284725e-02 2.75986373e-01 -6.39479995e-01 -4.55003291e-01 1.71306208e-01 -1.75352977e-03 -6.88891858e-02 7.69227386e-01 4.78584200e-01 6.52508557e-01 1.35666905e-02 -6.13074098e-03 -3.62610132e-01 2.05205187e-01 2.71182090e-01 3.07465047e-01 -3.02612036e-01 8.11728463e-03
-6.57510877e-01 -5.63805759e-01 1.73811734e+00 -4.89642061e-02 -1.03181052e+00 6.86281249e-02 -1.23600745e+00 -7.84067214e-01 3.09041023e-01 1.01314914e+00 6.42780587e-02 -6.24599874e-01 -1.54640645e-01 8.33898067e-01 7.48765230e-01 -2.24529862e+00 1.15539320e-01 -2.92265368e+00 1.56632757e+00 8.60031903e-01 -3.55695069e-01 1.89949059e+00 -2.24828497e-01 6.47988990e-02 4.51050013e-01 -5.42042673e-01 -3.94885719e-01 2.14647144e-01 3.15779626e-01 -8.41736328e-03 5.26993632e-01 6.83460310e-02
6.87576085e-03 4.24323138e-03 1.11108825e-01 3.61114703e-02 3.60417575e-01 8.36407114e-03 -4.89662737e-02 -1.71786342e-02 8.96001533e-02 3.40233259e-02 -4.71410267e-02 -2.64932513e-02 8.16366225e-02 -7.88465980e-03 -2.16899533e-02 -4.34782449e-03 -2.99417297e-03 5.65043092e-02 -1.56482756e-02 6.71871454e-02 1.14399552e-01 8.55971277e-02 1.18188448e-02 3.27968644e-03 -1.29122689e-01 -1.76651105e-01 9.00674332e-03 3.74363989e-01 -2.20917054e-02 -4.86400835e-02 7.23421248e-03 -2.47678310e-01
-4.21426505e-01 -8.78535509e-02 -1.27775535e-01 -1.36319533e-01 -1.19092397e-01 1.29774541e-01 -8.25895444e-02 7.71473289e-01 -2.60236681e-01 -1.81780398e-01 -2.04917058e-01 6.67859793e-01 5.70188105e-01 2.39142403e-01 5.07327616e-01 2.47953147e-01 -2.05362737e-01 2.13330641e-01 -2.67176062e-01 3.77519913e-02 -8.46995711e-02 -5.86229146e-01 1.22198358e-01 -2.65382141e-01 -3.14372897e-01 -1.04061186e-01 -6.73193872e-01 3.57128114e-01 -2.05166265e-01 -2.81744868e-01 -3.41227591e-01 4.91444796e-01
8.62844512e-02 -2.33425781e-01 7.32140183e-01 2.38604486e-01 -1.08943641e+00 2.41624340e-01 3.94277781e-01 -6.24099374e-01 6.64588273e-01 9.00189221e-01 -3.33567202e-01 6.78262115e-01 -8.38005766e-02 2.54575551e-01 2.05768019e-01 -2.46306729e+00 5.12394980e-02 -1.63346076e+00 1.66887805e-01 1.23171635e-01 -1.47723362e-01 2.26254880e-01 2.00251624e-01 1.54809937e-01 -1.06590234e-01 -5.30553401e-01 -9.50777680e-02 -1.35471642e-01 -4.12813753e-01 -5.34046948e-01 1.73012510e-01 -4.46735144e-01
-3.50873828e-01 -1.01862341e-01 -6.12023622e-02 1.87171623e-01 -2.74409920e-01 1.81353733e-01 1.80213660e-01 -2.45459616e-01 -7.58263528e-01 2.25836849e+00 -3.26413184e-01 -1.61620349e-01 -3.69870394e-01 1.46449351e+00 -1.63087919e-01 8.76530558e-02 -1.52747303e-01 2.20067546e-01 -1.19213738e-01 -4.22301948e-01 1.73744038e-01 2.40028754e-01 2.12282598e-01 -1.48074150e-01 -6.73196018e-02 -2.38513667e-02 4.57330525e-01 3.78238827e-01 2.77238131e-01 -3.84991556e-01 1.07564151e+00 -1.72602445e-01
-5.19271307e-02 -8.30265656e-02 6.62676573e-01 4.11103100e-01 -1.48449078e-01 -4.96491820e-01 -1.29223299e+00 1.52813852e-01 4.32849646e-01 2.65291244e-01 2.04875246e-02 2.07832903e-02 1.73096016e-01 8.75576735e-02 -3.50134403e-01 5.43687463e-01 1.23233072e-01 2.28245169e-01 -6.26884401e-02 -2.31267080e-01 8.36527467e-01 4.26178753e-01 1.00908756e-01 -7.70536959e-01 4.09445196e-01 9.22295600e-02 -2.70259351e-01 1.35021314e-01 -6.17517233e-02 2.58624375e-01 -2.92323232e-01 -6.03465378e-01
8.10306728e-01 -9.17455554e-02 4.52011108e-01 8.51545811e-01 -3.84473383e-01 1.48027018e-01 -8.08021069e-01 -4.82585490e-01 7.05133617e-01 -1.42694807e+00 -2.20885679e-01 7.00126529e-01 -1.11404717e+00 -2.48263031e-01 3.09273601e-01 -5.56560397e-01 1.96003318e-01 -8.25098008e-02 6.18775129e-01 9.11526263e-01 3.86380881e-01 -4.46321815e-01 -2.20587635e+00 -6.06764138e-01 6.70524597e-01 6.45635366e-01 -9.36282754e-01 -4.75817055e-01 1.08712360e-01 1.09444737e+00 -6.73404872e-01 -2.41524085e-01
-3.15841474e-02 2.05385789e-01 3.71803269e-02 -5.11841327e-02 -3.02224368e-01 -9.93765611e-03 -6.50661588e-02 -9.30642262e-02 5.52344583e-02 3.76835018e-02 3.25228348e-02 9.57711115e-02 5.58629446e-02 -7.17094913e-02 1.71970963e-01 -1.91405207e-01 7.84802586e-02 2.06262752e-01 6.25630170e-02 -3.09528977e-01 1.23287767e-01 8.77933949e-02 2.05200538e-02 -1.26025602e-02 -3.28089774e-01 -8.90658051e-02 1.61017422e-02 -4.34866585e-02 -1.17851039e-02 1.32288840e-02 -1.36294350e-01 -1.92938134e-01
1.54904842e-01 2.97119856e-01 1.62371016e+00 4.78559703e-01 -1.46412623e+00 1.44929707e-01 -5.54141045e-01 -5.14611840e-01 9.96008039e-01 7.00756490e-01 -1.00725904e-01 -1.42068192e-01 -8.91991973e-01 7.68537343e-01 2.58105919e-02 -3.50144935e+00 -2.69641101e-01 -4.92677498e+00 3.09471041e-01 5.38133569e-02 -1.32386827e+00 9.74524438e-01 3.35741222e-01 1.96671724e-01 2.77765155e-01 -1.40176728e-01 -5.25210261e-01 7.01424241e-01 -2.59920228e-02 -7.43890181e-02 6.65408313e-01 -3.48594189e-02
-7.86411941e-01 2.56417364e-01 1.42122954e-01 -7.32904434e-01 1.10410973e-01 -2.64017552e-01 -2.61662453e-01 3.98397654e-01 4.20774799e-04 -5.49066439e-03 1.50895849e-01 -3.35980684e-01 3.31577003e-01 4.41516489e-01 -4.78432357e-01 8.38958994e-02 2.64991432e-01 1.64938290e-02 -3.33944082e-01 2.02550828e-01 2.81678766e-01 6.94185615e-01 1.88474938e-01 -3.86047900e-01 1.16128311e-01 2.84738630e-01 -6.84293628e-01 -1.31939366e-01 2.43103001e-02 -5.18753409e-01 -1.79204985e-01 -1.21125185e+00

layers.2.bias:
-1.52653396e+00
-7.03477681e-01
6.43099070e-01
-5.23470759e-01
1.04021862e-01
-5.66964149e-01
2.75210708e-01
2.10809755e+00
6.90005541e-01
7.66707122e-01
-9.39942658e-01
-1.42890215e+00
-2.10956708e-01
9.47303712e-01
-3.12143743e-01
-8.03998172e-01
-9.67737213e-02
-4.80251819e-01
3.66506517e-01
-6.91343471e-02
-4.64481637e-02
7.51312494e-01
7.44335413e-01
-1.03622936e-01
-4.07944679e-01
9.53275681e-01
-8.73866081e-01
-1.10234857e+00
4.40930456e-01
-1.12306046e+00
2.52357751e-01
-1.03039242e-01
6.39213026e-01
1.63250849e-01
-3.30428451e-01
-3.41497846e-02
-1.14644952e-01
1.36418712e+00
9.46944833e-01
-7.79485330e-02
9.57553029e-01
-3.07330728e-01
-4.02771890e-01
1.23387051e+00
2.89121598e-01
-1.22035897e+00
1.06837773e+00
-4.39470857e-01
7.42521286e-01
1.56161940e+00
3.38066787e-01
3.16352367e-01
7.37627074e-02
-7.60371625e-01
-7.84885418e-03
-4.11902256e-02
8.01668167e-01
-5.42809628e-02
-2.83755541e-01
-5.69577277e-01
6.62909389e-01
1.12971487e-02
-2.19396397e-01
6.83034956e-01

layers.4.weight:
4.88962352e-01 -5.64296991e-02 -9.89494547e-02 1.00462008e-02 -7.88730010e-02 -2.30476663e-01 -4.95515473e-04 -6.53923035e-01 -1.87141433e-01 -3.80011588e-01 7.10997209e-02 8.82979572e-01 -1.37918949e+00 -5.30724563e-02 5.68818534e-03 -1.42720640e+00 -7.40462201e-05 1.65909275e-01 1.45360872e-01 2.14633648e-04 4.40984741e-02 -1.07711732e-01 1.14070158e-02 1.88647345e-01 -2.14224771e-01 -2.71089710e-02 -3.31495404e-02 7.83481002e-01 -4.18648988e-01 3.87346774e-01 -9.73574817e-02 -1.78807572e-01 -2.11170018e-01 1.98290460e-02 1.52625516e-01 -3.17466038e-04 4.75135920e-07 -2.20189050e-01 -5.73980510e-02 2.83840150e-01 -1.22299949e-02 3.32166284e-01 6.06083795e-02 -1.22722834e-01 2.14943849e-03 2.58003503e-01 -8.59742891e-03 -2.17874758e-02 -4.78801504e-02 -6.13525748e-01 -1.77271202e-01 -8.67874473e-02 -2.54829368e-03 -1.31435379e-01 -1.21090627e+00 -1.56631228e-04 -2.77654901e-02 -3.40216935e-01 -1.13416053e-01 -3.35553177e-02 4.11517322e-02 -5.95919974e-03 9.91249800e-01 -1.78108010e-02

layers.4.bias:
-1.03494501e+00

