layers.0.weight:
3.31696361e-01 -5.67613244e-01 7.97264636e-01
5.69172144e-01 -8.09445798e-01 -5.80563486e-01
-8.31293464e-02 -6.13938749e-01 -5.77727258e-01
-1.07055378e+00 1.15616508e-01 4.58123112e+00
2.67282110e-02 4.11940843e-01 1.16166264e-01
-5.79876065e-01 8.58121514e-01 -1.84879377e-01
-1.31842160e+00 4.86020595e-01 -9.88645032e-02
-6.01682402e-02 7.88846374e-01 -9.23566997e-01
6.03414774e-01 -9.26082134e-01 5.12713566e-02
-1.11527514e+00 5.86289167e-02 -1.64189592e-01
7.53551662e-01 -9.85680073e-02 1.41279221e+00
-7.16238439e-01 -1.31785080e-01 -1.29353356e+00
-4.30584475e-02 7.12955832e-01 -1.57757306e+00
-1.16726887e+00 2.10410804e-02 5.00053525e-01
-6.46977663e-01 1.09646142e+00 7.52028525e-01
-1.81771189e-01 9.48456824e-01 1.64468549e-02
5.46070874e-01 -6.33792400e-01 -1.45019031e+00
-1.15504665e-02 1.12846863e+00 1.84981868e-01
8.07071701e-02 -9.54183042e-01 5.35116851e-01
3.41117471e-01 -1.28724232e-01 -8.64976227e-01
2.23475501e-01 1.65966094e-01 -5.10879010e-02
-3.24195027e-01 -2.56797969e-01 -1.00232065e+00
-4.64660525e-01 1.65601885e+00 -4.46076952e-02
-1.56447518e+00 4.06930357e-01 1.75152493e+00
1.05132234e+00 3.79940838e-01 -7.78481364e-01
2.59609371e-01 6.71772659e-01 -1.17486012e+00
-1.16151750e-01 -2.13369340e-01 1.90187418e+00
-3.97779703e-01 -2.44972542e-01 1.92939892e-01
3.22416067e-01 7.57217348e-01 -1.46468067e+00
-1.04933763e-02 4.65525806e-01 1.70563948e+00
-2.89658904e+00 2.84448242e+00 -1.78299040e-01
-1.26738083e+00 -5.19488692e-01 1.02004325e+00

layers.0.bias:
8.77201200e-01
4.81547834e-03
-1.42384720e+00
-6.34384930e-01
7.07518518e-01
-2.04255387e-01
-3.54310095e-01
2.86240637e-01
-7.45998621e-01
-1.59115899e+00
1.64644122e-01
1.80825554e-02
2.46107668e-01
-1.21306002e+00
-2.90836543e-01
1.43946290e+00
9.34610724e-01
1.82654703e+00
-6.68276668e-01
5.78918040e-01
-1.44309163e-01
-1.35729384e+00
1.02535832e+00
-7.05530941e-02
1.36946186e-01
5.60703695e-01
8.80503118e-01
-1.57881156e-01
-4.88352716e-01
7.31267482e-02
8.91685039e-02
-6.70209900e-02

layers.2.weight:
-3.69787693e-01 1.93619847e-01 5.42113408e-02 -4.75008160e-01 -5.78260347e-02 5.29547445e-02 8.49121287e-02 -5.41731678e-02 -7.56179020e-02 2.80280423e+00 9.82802510e-02 5.86488098e-02 -2.29869664e-01 2.42300177e+00 -1.78675711e-01 4.07687545e-01 -7.84117952e-02 6.78771555e-01 1.27932027e-01 -2.85530835e-01 2.52769113e-01 -8.15231726e-02 -4.94257033e-01 6.15470886e-01 -1.06342092e-01 6.12785339e-01 -7.81682432e-01 -1.38020813e-01 -1.63708732e-01 -2.09676951e-01 -2.17283621e-01 2.70841986e-01
-1.19345039e-01 1.46729887e-01 -8.49691331e-01 1.66356098e-02 -4.03311521e-01 1.73091024e-01 -7.18261898e-01 -4.40688610e-01 5.61703444e-01 7.04875171e-01 3.08197856e-01 -2.38749966e-01 2.81336129e-01 1.87364779e-02 -2.95365781e-01 2.06660345e-01 -3.53860706e-01 3.37090164e-01 -4.75067556e-01 -7.84902796e-02 7.35539973e-01 -1.28781930e-01 -3.79597545e-01 -8.46714526e-02 5.06404303e-02 -4.37967852e-02 -3.63789916e-01 -6.52490497e-01 1.27204165e-01 -2.55191624e-01 -6.77972659e-03 1.55718207e-01
-1.10082664e-01 -8.37334618e-02 1.02885284e-01 -8.22180390e-01 -6.49620354e-01 4.46531624e-02 -4.03237998e-01 4.00091708e-01 3.94802302e-01 7.96991765e-01 -6.13642871e-01 -2.20981129e-02 2.33567402e-01 8.74287784e-02 -1.60940178e-02 -5.48209727e-01 -1.63423464e-01 -5.03815293e-01 -1.77810848e-01 3.89640033e-01 -3.15236300e-01 -1.71499476e-01 4.57584321e-01 -1.14940202e+00 -2.31819898e-01 5.05818963e-01 -1.24134767e+00 -4.90230545e-02 4.98402178e-01 -4.43554014e-01 1.66499630e-01 8.97682756e-02
3.52491617e-01 3.79349887e-02 -1.79323852e-02 1.45029533e+00 4.94482517e-01 2.81997979e-01 5.53663075e-01 -3.43199760e-01 -3.96540575e-02 -1.48690969e-01 2.65498728e-01 -1.67730883e-01 -6.79702759e-01 5.46255000e-02 5.20333409e-01 4.88837570e-01 -1.79726988e-01 5.48658252e-01 4.28126246e-01 -8.37845087e-01 -9.29545164e-01 -2.55940884e-01 2.66393751e-01 1.30789423e+00 -5.78140378e-01 -6.55405521e-01 6.02907419e-01 3.00767601e-01 -7.69524157e-01 -5.76778352e-02 -1.23532638e-01 6.27536416e-01
1.54114857e-01 -2.78666884e-01 2.14699268e-01 -5.03860116e-01 8.91931430e-02 -3.64437759e-01 -1.24172294e+00 1.91911727e-01 3.90077561e-01 -5.54574549e-01 3.74262869e-01 -6.96788251e-01 8.59632969e-01 -8.71590674e-01 -1.61415085e-01 -8.75393331e-01 -2.62130052e-01 -8.71612728e-01 -9.56109241e-02 -4.39221486e-02 8.22615743e-01 -5.52541196e-01 9.70353633e-02 -3.99457395e-01 -7.99970329e-01 6.96308970e-01 4.27524596e-02 -5.63109815e-01 -2.21582338e-01 5.59826970e-01 -2.69057214e-01 6.92161918e-02
-3.32525402e-01 1.12003580e-01 4.77146208e-01 1.33192092e-01 -9.57474947e-01 -2.45780632e-01 -1.99907601e-01 3.00778806e-01 4.07821596e-01 -8.05322230e-02 5.97450733e-01 3.31701100e-01 -4.91110720e-02 -3.88936028e-02 -1.64521128e-01 -1.33942688e+00 -4.53565359e-01 -1.47796309e+00 7.15456903e-01 -2.88449705e-01 -5.28954685e-01 9.31834977e-04 -5.82891703e-01 -2.48102203e-01 7.20623881e-02 1.10955127e-01 1.15748495e-01 1.05980396e+00 -1.32074505e-01 -4.62079406e-01 -7.01635182e-01 3.25546503e-01
-2.51097865e-02 2.02246592e-03 -2.18066752e-01 2.46774085e-04 -1.48550943e-01 1.81622311e-01 -9.88142118e-02 -4.25357044e-01 -1.37817204e-01 2.36978069e-01 2.91068852e-01 6.43105432e-02 2.77082860e-01 -1.93578899e-02 -1.87677592e-02 -2.33084738e-01 8.47817492e-03 1.40364066e-01 -3.12723182e-02 -3.11874419e-01 -3.86401027e-01 1.24986887e-01 8.18889290e-02 1.13697676e-02 1.66467145e-01 2.48949483e-01 -3.49296510e-01 -3.88943106e-01 -1.65114909e-01 7.98157752e-02 -8.15409124e-02 1.30073920e-01
4.42575037e-01 1.84043124e-01 -3.14995944e-01 3.66919070e-01 5.85670993e-02 -7.51281142e-01 1.16142996e-01 4.56245244e-01 1.53292626e-01 -3.00241858e-01 -1.12039223e-01 9.48071718e-01 3.00569654e-01 -5.60720742e-01 -2.43028700e-01 1.21398062e-01 5.22480130e-01 6.24927916e-02 3.34141016e-01 5.05329847e-01 -1.48873889e+00 -8.81102264e-01 5.54027967e-02 2.84601450e-01 1.52297825e-01 7.29539096e-01 6.15920782e-01 5.99491596e-01 -6.81675673e-01 5.03227592e-01 1.34559467e-01 -2.13122666e-01
1.29758924e-01 3.05286229e-01 -6.02886558e-01 -2.34839365e-01 1.26773977e+00 -4.47663337e-01 -4.93989706e-01 -3.65474403e-01 -5.44403255e-01 2.52612203e-01 5.02813637e-01 2.30001271e-01 6.64099514e-01 -1.55345827e-01 7.18542486e-02 1.61518955e+00 3.75748307e-01 1.33464563e+00 -5.18416107e-01 -1.16207622e-01 1.35736719e-01 -3.78177881e-01 9.64298379e-03 2.32825994e-01 8.81406590e-02 3.74195576e-01 7.02204630e-02 -5.79052716e-02 6.17424631e-03 1.72599569e-01 2.26838851e+00 -2.87734836e-01
-5.72249889e-01 8.11626539e-02 -1.54337481e-01 -4.80249196e-01 5.28780222e-01 -1.57455262e-02 -7.42393658e-02 3.35746199e-01 4.00463402e-01 -2.11317092e-01 5.40339909e-02 1.96013346e-01 1.42879263e-01 1.55576348e-01 -3.58882487e-01 -4.05867606e-01 2.40426734e-01 -2.88877189e-01 -3.89648050e-01 -8.65179822e-02 -6.74480915e-01 -2.76321322e-01 9.71930847e-02 -1.48757072e-02 -2.49976024e-01 -1.29059464e-01 -1.32003024e-01 2.54825264e-01 2.22261831e-01 2.08349407e-01 1.37596577e-01 1.95842218e-02
2.43971236e-02 -3.70205432e-01 -9.16533768e-02 -3.20320010e-01 -5.10647893e-01 -2.22946376e-01 -2.03557119e-01 1.07578523e-01 3.26006025e-01 3.09466064e-01 -4.92260635e-01 -1.52598739e-01 8.13553751e-01 -2.78878748e-01 -1.55196592e-01 -3.51889282e-01 -6.78598583e-01 -9.24800813e-01 1.94197707e-02 -8.10099840e-02 1.04724967e+00 -2.69203275e-01 -7.30620563e-01 2.18378633e-01 -2.08947957e-01 -1.01137310e-01 -3.90527248e-01 -4.26294893e-01 2.52511859e-01 -3.55831712e-01 3.63279060e-02 4.82957125e-01
-1.28788382e-01 -9.21833143e-02 1.62967598e+00 -8.29592466e-01 -7.12302268e-01 1.98795408e-01 -5.93068562e-02 -4.10681099e-01 2.14154229e-01 1.87740481e+00 8.16564411e-02 -1.78575024e-01 2.52293527e-01 3.26148582e+00 5.04529141e-02 -6.70125782e-01 2.62632430e-01 -2.40890455e+00 5.50777256e-01 -3.73383492e-01 3.18607748e-01 5.56179821e-01 -2.10742876e-01 8.94236267e-01 -2.53648702e-02 -5.84492207e-01 3.35615546e-01 -1.58063024e-01 1.17814615e-01 7.93160573e-02 1.63447738e-01 -3.92734617e-01
-5.95260799e-01 -1.68367460e-01 9.15664256e-01 3.88514578e-01 -6.80141032e-01 5.96339285e-01 5.76021820e-02 -9.39062655e-01 3.52512032e-01 4.28883791e-01 2.27356046e-01 1.77899435e-01 -4.89045113e-01 -8.99233297e-02 4.53155607e-01 -4.34492636e+00 -8.49253908e-02 -6.10903740e+00 6.12010777e-01 -9.72917676e-01 -7.02707887e-01 4.05741155e-01 6.15654767e-01 -1.10950984e-01 -3.17277968e-01 -2.21348122e-01 -3.75404835e-01 6.32380784e-01 -6.09714150e-01 -3.55242282e-01 -1.05089462e+00 -1.98936522e-01
6.66688532e-02 -1.52414829e-01 -6.54035687e-01 -7.48345181e-02 -1.01138607e-01 -6.25052229e-02 2.38204956e-01 3.28761101e-01 3.55036169e-01 -2.37783939e-01 5.22113860e-01 -1.69233188e-01 3.38800162e-01 -8.21919382e-01 -3.33795607e-01 9.23376903e-03 -2.28672668e-01 2.49561220e-01 -9.94172618e-02 1.52100891e-01 -5.90140782e-02 -1.61514074e-01 4.08800058e-02 -2.37347409e-01 -1.34116307e-01 7.65880823e-01 -1.30196735e-02 6.09811321e-02 -1.93065330e-01 2.45990217e-01 1.83980808e-01 3.65213007e-01
-9.44143832e-01 1.26009241e-01 -4.78236824e-02 4.64203805e-01 -3.30855966e-01 6.69245660e-01 -3.44474852e-01 -2.65877128e-01 4.68095928e-01 -8.00880566e-02 -6.25978291e-01 1.03666872e-01 2.65326779e-02 -2.00439617e-01 -1.72831103e-01 -9.26799476e-01 1.02420196e-01 -9.91622388e-01 -1.59070209e-01 1.93213373e-01 1.48179972e+00 8.12894642e-01 -1.12476153e-02 3.00332457e-01 -5.07099807e-01 -2.67321542e-02 -4.64758664e-01 6.68930337e-02 6.13725185e-01 -1.20757766e-01 -1.44343376e-01 2.96234459e-01
-4.90557492e-01 -7.16431439e-02 9.80662778e-02 1.32155702e-01 -2.69038796e-01 2.87243009e-01 -9.51403916e-01 -9.59686190e-02 1.13732927e-01 5.24324322e+00 5.62901974e-01 4.17940199e-01 2.20931619e-01 2.64792633e+00 1.74589213e-02 -6.04618266e-02 -4.36528623e-01 -1.92360029e-01 6.83185756e-02 -2.05326885e-01 -6.75331712e-01 4.18246001e-01 2.10895255e-01 2.64931142e-01 -3.73389363e-01 -4.26655084e-01 -6.35998547e-01 3.11487973e-01 -1.70304045e-01 -6.60313785e-01 1.95490181e-01 -2.60124922e-01
-5.96945779e-03 1.43302500e-01 -7.14669526e-02 2.72406321e-02 3.39600854e-02 6.67008804e-03 2.53787059e-02 -6.22668900e-02 3.34084332e-02 -1.72072515e-01 6.88524842e-02 4.61450629e-02 5.22923321e-02 1.05910100e-01 1.09589122e-01 1.26870060e-02 4.12442014e-02 1.16441958e-02 -2.41170987e-03 1.20186910e-01 2.62221366e-01 1.11719958e-01 -1.40962200e-02 3.17536294e-02 5.64735755e-02 2.77494937e-02 5.17018773e-02 2.57583171e-01 -1.57855439e-03 -9.36029013e-03 3.06766499e-02 2.51321904e-02
1.23999164e-01 -1.35005951e-01 -6.43876612e-01 5.17011881e-02 2.46988177e-01 -1.77945673e-01 -2.17004046e-01 -2.96764970e-01 2.87889004e-01 -6.56508207e-01 6.35512024e-02 -2.74725668e-02 2.00173348e-01 6.92200884e-02 -6.47008196e-02 1.69862896e-01 -3.14997613e-01 5.34173846e-01 -1.78810090e-01 9.07097936e-01 3.95362377e-01 5.29141948e-02 -4.27995533e-01 -1.18824758e-01 -1.34437323e-01 -4.40333128e-01 8.44201028e-01 -5.62299728e-01 2.58049577e-01 3.14922750e-01 -4.25775424e-02 2.14054853e-01
-2.59647816e-01 -8.87145475e-02 -3.36439192e-01 -2.00398341e-01 4.95508671e-01 1.29130073e-02 5.06140068e-02 1.03374928e-01 4.50029880e-01 -4.39489543e-01 -1.40278131e-01 -9.44549918e-01 4.63477701e-01 -2.24582657e-01 -1.66771293e-01 2.00039610e-01 -1.38866365e-01 3.83575350e-01 1.49143338e-01 -7.61543587e-02 4.52345796e-02 -2.20630899e-01 4.83905643e-01 -3.33990335e-01 3.30250293e-01 1.93488985e-01 -1.68606862e-01 2.24722162e-01 5.18108197e-02 3.58571857e-01 4.79889125e-01 3.85901518e-02
7.04202428e-02 1.84344947e-01 -7.31114484e-03 7.05873445e-02 -7.04666749e-02 9.86435637e-02 -1.69717893e-02 -7.03025833e-02 5.51512949e-02 7.32859969e-02 7.05109462e-02 1.12375088e-01 -6.54248670e-02 -7.25902915e-02 1.19759783e-01 4.45343822e-01 6.79888055e-02 -3.12283546e-01 3.62118296e-02 -1.04017749e-01 -1.04147613e-01 -1.46497026e-01 -3.57549940e-03 -1.84705611e-02 3.23723294e-02 1.27241746e-01 4.27397247e-03 -1.10932095e-02 1.23379186e-01 1.68425273e-02 -3.91983427e-03 5.06905355e-02
3.57943654e-01 -1.41228259e-01 6.77165926e-01 5.71402848e-01 -2.92358637e-01 -1.25144646e-01 -6.43960893e-01 -8.11710134e-02 -3.00162882e-01 -7.24445164e-01 -5.09740375e-02 8.80580127e-01 4.60510373e-01 -4.52875733e-01 7.32796788e-01 4.76110101e-01 -6.08695634e-02 -2.07390770e-01 3.51513326e-01 4.28678125e-01 -2.72752315e-01 1.24961473e-01 6.42906964e-01 1.40049219e-01 1.03194341e-01 -4.07046616e-01 1.30427673e-01 1.84081525e-01 -1.05300575e-01 -3.16406675e-02 1.91614136e-01 4.43364441e-01
2.60915101e-01 -9.95872021e-02 2.39789654e-02 1.42311692e-01 1.32307068e-01 1.37199268e-01 9.13392305e-01 8.33158568e-02 4.51180726e-01 2.22982213e-01 3.23537290e-01 3.81690621e-01 -3.87928247e-01 -6.09186172e-01 9.72476676e-02 -8.21182549e-01 -2.67105699e-02 -6.01049900e-01 -1.00682624e-01 -4.02763724e-01 -5.21964550e-01 -4.98001790e-03 2.59494126e-01 -7.57137462e-02 1.37296990e-01 -4.03761506e-01 -7.11707890e-01 4.00087953e-01 -9.02525336e-02 -1.95251510e-01 2.53059894e-01 -1.31855875e-01
1.34205207e-01 1.43436324e-02 -3.43552083e-01 4.05132532e-01 9.32443365e-02 3.18232864e-01 3.42648149e-01 -2.94716269e-01 -2.94586927e-01 2.91481763e-01 2.92456858e-02 8.76293108e-02 4.33855951e-01 4.63152468e-01 -1.95629403e-01 -4.78048027e-01 5.71814656e-01 -1.00225799e-01 8.85130018e-02 -2.17325553e-01 -4.40378606e-01 6.25211932e-03 -4.18356329e-01 1.73994571e-01 -3.63147497e-01 -1.05422601e-01 -5.08180261e-02 -4.27924782e-01 2.01578438e-02 -1.18840098e-01 -4.17685471e-02 -2.84551561e-01
6.96172714e-01 -3.99030112e-02 -2.46536717e-01 1.65415332e-01 9.16664079e-02 -4.42309856e-01 -6.69043362e-02 3.45593452e-01 3.12826127e-01 -2.58746743e+00 1.12916611e-01 1.64472446e-01 3.82871121e-01 -1.64865994e+00 1.30440414e-01 3.05065364e-01 1.36457458e-01 2.20312566e-01 -2.60990143e-01 -1.13361767e-02 5.12837231e-01 -2.02659816e-01 -2.84501135e-01 -5.18254824e-02 -3.25639158e-01 -1.82809368e-01 -6.15877323e-02 -1.93818778e-01 3.11047375e-01 1.04561076e-01 -1.99110746e-01 -2.16792703e-01
-9.14244533e-01 1.55356646e-01 1.09349623e-01 1.19426921e-01 -2.18669474e-01 -3.24970245e-01 1.01588202e+00 -7.29877725e-02 -1.08758962e+00 7.21922696e-01 -7.52632380e-01 5.33438846e-02 1.71328500e-01 6.71567246e-02 -7.11237490e-01 6.33165300e-01 6.06002629e-01 3.72280329e-01 1.93204969e-01 1.69658102e-02 -5.03320277e-01 6.10245168e-01 5.54610252e-01 9.52497542e-01 -3.99545014e-01 5.18451512e-01 -6.19551599e-01 1.53862402e-01 8.51082504e-01 -4.55692679e-01 9.69025567e-02 -4.67302129e-02
-5.49442649e-01 5.80236137e-01 -4.15499322e-02 -1.49878442e-01 5.91683865e-01 1.72590360e-01 7.12215761e-03 5.26896179e-01 -3.33933800e-01 4.93800372e-01 5.92698269e-02 -1.50897861e-01 2.27418721e-01 2.09124595e-01 -5.18442929e-01 -1.01032883e-01 -1.34306639e-01 -5.12602217e-02 3.68091017e-01 -3.68792504e-01 3.79965827e-02 -2.69112498e-01 4.39934283e-02 -5.78510821e-01 1.94684699e-01 -1.84963360e-01 -5.72341323e-01 -5.88757873e-01 1.77276686e-01 -3.71720493e-01 -1.98651105e-01 -3.67049903e-01
-1.65946573e-01 2.27968439e-01 4.76861119e-01 3.52628261e-01 -2.88718402e-01 -2.80509502e-01 -1.22989267e-01 1.51898619e-02 2.82143950e-01 -4.37532514e-01 -5.99398673e-01 -6.18459024e-02 -2.61254638e-01 -2.66912133e-01 6.25667572e-02 6.04898155e-01 -8.81842524e-02 1.86669439e-01 2.66360909e-01 1.96370661e-01 9.05495659e-02 -7.18341708e-01 1.84065372e-01 9.90007222e-02 2.85010815e-01 1.62245423e-01 2.27446714e-03 -5.84143996e-01 -2.47799262e-01 -1.21838868e-01 7.03345016e-02 -2.56287783e-01
-8.22630942e-01 4.45636511e-01 -6.54257655e-01 -9.90467608e-01 -1.69158414e-01 -2.06046104e-01 -3.78056675e-01 3.95747155e-01 8.00903961e-02 4.43720251e-01 -3.33069861e-02 1.65694848e-01 1.61734492e-01 2.84704208e-01 9.48192645e-03 1.10890543e+00 6.68111980e-01 1.25695586e+00 -8.34119141e-01 5.48045039e-02 5.94931185e-01 -7.95547545e-01 -6.12453043e-01 4.21071082e-01 -1.27449289e-01 -4.50919330e-01 2.96107173e-01 2.48167500e-01 5.67187607e-01 -7.94762075e-01 2.21461549e-01 -3.03245991e-01
1.38956353e-01 -5.35644472e-01 -6.58525303e-02 -1.26558810e-01 -5.62357366e-01 5.30810714e-01 8.35824683e-02 -4.48077619e-01 4.89361703e-01 8.95279050e-01 -2.37743393e-01 1.31677955e-01 5.62616527e-01 4.01320100e-01 1.05117122e-02 -1.00589871e+00 -4.40414101e-01 -1.00519383e+00 9.65953432e-03 2.24470139e-01 2.18484849e-01 3.63081753e-01 2.02338547e-01 1.45740837e-01 2.87291437e-01 1.16672099e-01 -4.22209054e-01 -2.43139043e-01 -2.48343930e-01 -3.49475443e-01 4.73845541e-01 2.92875230e-01
-9.17598233e-02 -1.02729678e+00 3.95713955e-01 1.54928935e+00 1.11315414e-01 1.30377412e-01 -8.93236548e-02 -2.28179410e-01 -2.66381681e-01 2.66518444e-01 1.05317819e+00 -9.53750312e-01 -1.06938374e+00 -3.06936622e-01 2.36638427e-01 -3.26236114e-02 -1.28454697e+00 5.70751309e-01 5.89622438e-01 -6.55310869e-01 9.27476525e-01 2.25442424e-01 5.27890287e-02 -1.93491265e-01 1.65491253e-01 -4.71630692e-01 1.71897084e-01 -7.88051337e-02 -8.45637739e-01 1.23014247e+00 -5.95283687e-01 -1.40613258e-01
-6.47586584e-01 -6.37277588e-02 3.97699445e-01 -2.78355237e-02 -9.05172974e-02 1.34190917e-01 1.85659841e-01 1.64614514e-01 -2.97819972e-01 -3.16141486e-01 -1.06005681e+00 3.87020737e-01 6.20383739e-01 -7.64846336e-03 6.01398610e-02 -1.82067379e-01 4.73121494e-01 -1.34518713e-01 -1.34326056e-01 -2.21321866e-01 -6.35031998e-01 2.39959255e-01 -8.70797411e-02 -8.07714343e-01 3.50787014e-01 7.32621729e-01 -2.77484179e-01 -1.30430937e-01 -2.44059309e-01 -3.80402237e-01 -2.48694286e-01 -2.02483445e-01
-2.44333759e-01 -3.20870668e-01 -1.92336962e-01 -1.45081446e-01 -1.57367662e-01 -8.63885581e-02 2.42549047e-01 2.55604446e-01 -6.85399473e-01 1.32285655e+00 -1.48297995e-01 -9.17934999e-02 -5.07470667e-01 4.72752154e-01 -1.80510744e-01 8.98260325e-02 3.22851762e-02 2.33444914e-01 -1.08054038e-02 -1.79460526e-01 1.84806094e-01 1.32106960e-01 3.85441184e-01 4.01295200e-02 3.04483548e-02 -6.58281967e-02 -1.81630298e-01 2.15885580e-01 2.43678361e-01 3.14339638e-01 6.38960376e-02 1.19110063e-01
1.30897679e-03 -2.73585588e-01 -5.57313263e-02 -7.64312223e-02 -3.11663538e-01 3.92559350e-01 -3.00371170e-01 -4.66703534e-01 1.93218350e-01 -4.73654151e-01 6.05643280e-02 3.96367669e-01 1.75639078e-01 2.86701381e-01 2.35192701e-01 -6.27333581e-01 -3.95827562e-01 -1.22215068e+00 5.77410031e-03 -3.05046141e-01 -1.88211992e-01 8.16947758e-01 3.55924100e-01 6.59397423e-01 -5.57598174e-01 1.08487166e-01 1.56028062e-01 -1.63339347e-01 -4.19083357e-01 -2.39861563e-01 -1.43880367e-01 3.23710358e-03
9.60041024e-03 -5.16150147e-02 1.43588915e-01 -8.62463042e-02 2.04220176e-01 -9.49003175e-02 3.20237572e-03 -3.39979410e-01 -2.08156779e-01 3.39932173e-01 1.42103747e-01 1.81866229e-01 7.30205998e-02 -2.95979023e-01 -5.73123209e-02 -2.51654178e-01 6.03232123e-02 1.42723233e-01 -1.52940780e-01 -5.41630626e-01 1.19161181e-01 -1.63943604e-01 -1.09878339e-01 -5.40717542e-02 -9.13544931e-03 2.06674695e-01 -5.78745306e-02 7.19222128e-02 1.15779310e-01 7.23235607e-02 -4.71869558e-02 -8.92053172e-03
3.87167372e-02 -5.20184636e-01 -2.71109611e-01 7.58605301e-01 -2.90233523e-01 -4.40231025e-01 2.34746709e-01 -1.23744369e-01 -1.57167092e-01 3.01223660e+00 -5.69575369e-01 1.00502312e+00 6.57195270e-01 8.81414413e-01 6.93613589e-01 1.34313926e-01 7.06009790e-02 1.69042796e-01 5.58742344e-01 3.74917746e-01 2.10542545e-01 1.54137924e-01 -2.60145634e-01 1.07015753e+00 -4.39568907e-02 1.50634915e-01 -3.10875058e-01 3.11734974e-01 1.23526342e-01 2.50294730e-02 8.72191370e-01 2.10049041e-02
-9.43585262e-02 1.75211683e-01 1.26687005e-01 7.24622682e-02 4.43283543e-02 -4.45114821e-02 1.96807310e-02 1.14567690e-01 1.17775192e-02 -3.43912691e-02 1.67343915e-01 7.98360631e-02 9.35393944e-02 -1.35301398e-02 1.70253798e-01 1.78881526e-01 4.01701666e-02 -1.45300239e-01 -9.44971293e-03 8.89381468e-02 -1.56149805e-01 -6.74614683e-02 -3.17193978e-02 1.66819862e-03 -4.64216560e-01 -2.20289305e-01 4.39061709e-02 -1.48058504e-01 -5.44670336e-02 -5.48226051e-02 3.40765454e-02 -4.48847771e-01
-5.40773710e-03 -7.92516768e-02 -5.64953312e-02 2.76056230e-02 -2.08863735e-01 2.70748306e-02 -1.77154876e-02 1.76536664e-01 5.62338755e-02 -5.16040996e-02 -1.13687152e-02 -2.56873127e-02 -6.51028901e-02 3.44387889e-02 -5.83913140e-02 2.27326304e-01 -1.05658628e-01 -1.25384167e-01 3.01493681e-03 3.20865482e-01 -2.34896913e-01 -1.10270970e-01 -3.29174404e-03 -3.81665258e-03 1.50266327e-02 -9.28985029e-02 -6.27621412e-02 -9.05597210e-02 -4.79171276e-02 5.72096631e-02 1.27816992e-02 8.91879143e-04
8.24691772e-01 -2.69972205e-01 2.29160786e-01 3.35910857e-01 -1.99401587e-01 1.85566321e-02 -5.46520650e-01 5.50678261e-02 6.36511147e-01 7.16204867e-02 -1.72264263e-01 3.99800725e-02 6.52593374e-02 2.34760582e-01 7.40071952e-01 -4.89292085e-01 -4.51431930e-01 -5.26299477e-01 2.81511813e-01 -2.63348132e-01 -7.16479838e-01 1.84398249e-01 -9.66813341e-02 2.04172239e-01 7.91691542e-01 -1.68240704e-02 2.18164951e-01 -2.17837945e-01 -4.85213369e-01 2.22459853e-01 1.00108445e-01 1.20096140e-01
1.65994748e-01 -3.93358588e-01 -3.06687802e-01 4.03218240e-01 2.91915596e-01 -6.12637460e-01 5.07665575e-02 -7.96227367e-04 2.75358915e-01 -2.81805843e-01 -2.38146067e-01 4.55301374e-01 3.56680125e-01 -3.00336540e-01 2.32342064e-01 -5.19104779e-01 -3.16970885e-01 -6.44384980e-01 4.39801604e-01 -3.90127540e-01 -2.61238009e-01 -6.40842319e-02 3.52106750e-01 6.34955227e-01 -8.42006207e-02 -3.14809471e-01 4.36603487e-01 -8.07739049e-02 -9.88274142e-02 -4.24892962e-01 9.32537988e-02 1.79898009e-01
2.09432431e-02 -4.24256995e-02 7.79991627e-01 9.82273743e-02 -1.22144580e+00 -3.38340968e-01 2.51265138e-01 -1.04726963e-01 6.64096653e-01 5.68324029e-01 -1.30186602e-01 -3.75654519e-01 2.00149547e-02 6.63670063e-01 1.00016678e-02 -2.32391262e+00 -3.22839588e-01 -2.88955498e+00 1.43772185e-01 7.64143886e-03 -7.84099162e-01 6.99002028e-01 1.71181276e-01 1.18352294e-01 2.04078108e-01 1.26345679e-01 3.27951699e-01 2.17637286e-01 -1.61161125e-01 -7.78791726e-01 -8.29860866e-01 1.89290106e-01
-1.64694652e-01 -2.60379463e-01 -2.82592803e-01 -2.69222051e-01 -2.16938883e-01 5.52357972e-01 1.74577564e-01 -1.20727368e-01 -1.38750881e-01 3.60857666e-01 -1.81352124e-01 1.57044202e-01 4.55453135e-02 -2.73347676e-01 -1.16646543e-01 -4.24887419e-01 2.96033740e-01 -5.74505687e-01 -2.82520533e-01 3.19500677e-02 -3.59787911e-01 3.68846178e-01 -1.34213015e-01 3.47642303e-01 3.56962293e-01 -5.21893442e-01 4.96564448e-01 9.74824131e-02 4.71232831e-02 1.42942593e-01 -4.94723469e-02 3.98325212e-02
4.33373958e-01 6.96158886e-01 7.09266782e-01 -4.12249088e-01 9.55173448e-02 1.42816901e-01 2.33035892e-01 -9.74763557e-02 -8.37074339e-01 9.98977959e-01 -2.99645662e-01 -2.26286054e-01 -4.27484155e-01 1.13061786e+00 1.40663639e-01 1.50396824e-01 3.96621563e-02 -9.96425927e-01 2.94412017e-01 -2.70956755e-01 2.60605849e-02 7.25520015e-01 -1.72786593e-01 -4.03225899e-01 5.77476263e-01 -7.59866297e-01 4.81461793e-01 4.45991573e-05 -3.31505895e-01 -6.11783445e-01 -8.35477784e-02 -3.94946694e-01
-3.25990282e-02 -3.70630771e-01 2.29272842e-01 -1.72379240e-01 -3.02629441e-01 1.27113506e-01 7.53096491e-02 -2.93022811e-01 -4.04199779e-01 -3.17526251e-01 -1.01584025e-01 -5.38400840e-04 -1.03014678e-01 4.80590016e-01 5.12425661e-01 1.69343337e-01 2.79077142e-01 -5.53389907e-01 5.84154911e-02 1.50785729e-01 -2.53556669e-01 3.18870187e-01 -3.83397847e-01 1.92787454e-01 -6.99721575e-02 -2.70591974e-01 4.08355534e-01 7.58283675e-01 -4.06411439e-01 -4.57965165e-01 2.67202824e-01 3.41703922e-01
-1.25187111e+00 1.00553796e-01 1.33031756e-01 -1.30684757e+00 -9.06188190e-02 -7.04760402e-02 1.99919760e-01 5.44049084e-01 1.01928577e-01 3.70287240e-01 -9.79466796e-01 7.05677688e-01 1.08785558e+00 3.59309286e-01 -6.49900496e-01 3.53625506e-01 5.62578559e-01 -3.73042375e-01 -3.08633596e-01 1.03687084e+00 -5.43700874e-01 -3.06920290e-01 -3.33716989e-01 -5.10820262e-02 6.07610106e-01 9.97734010e-01 8.59413743e-01 6.07736111e-01 5.01761854e-01 -1.02532244e+00 1.81933269e-01 2.03927621e-01
-9.33782011e-02 9.06441733e-02 3.09112370e-01 -5.13713174e-02 3.18345934e-01 -1.05236657e-01 -2.24100463e-02 2.47387961e-02 -4.97682877e-02 1.91070303e-01 2.44299751e-02 2.36562137e-02 -9.64722689e-03 -1.21375658e-01 7.95670450e-02 -1.52608842e-01 7.42278025e-02 5.88120781e-02 1.40803019e-02 -4.14934754e-01 1.29410595e-01 -9.68272984e-02 2.67415103e-02 6.53056521e-03 1.37291700e-01 -1.45004177e-02 7.14659691e-02 1.70682296e-01 3.74553576e-02 -9.41250846e-02 -1.42472191e-02 5.20217158e-02
-8.48576203e-02 3.11941028e-01 2.82028466e-01 -1.26090139e-01 6.99914843e-02 7.58699253e-02 6.65350497e-01 2.85232008e-01 1.43296584e-01 -1.21934700e+00 -3.51908803e-01 5.40224612e-01 6.60675704e-01 -3.41390580e-01 -5.23182631e-01 -3.72603625e-01 6.52060211e-01 -6.38345361e-01 1.71494540e-02 -2.20276549e-01 7.36695468e-01 -2.99099714e-01 -1.70575902e-02 -1.43451118e+00 -4.91549134e-01 5.03763497e-01 -9.96644199e-01 -6.15491509e-01 2.68441081e-01 -1.39466435e-01 -3.76962088e-02 6.70368373e-02
6.39439583e-01 -2.99944550e-01 -2.82341689e-01 4.33438808e-01 -8.12076256e-02 -7.35923946e-02 -1.51116535e-01 -1.57466218e-01 5.46195328e-01 -1.20723926e-01 -1.16102211e-01 -4.55012806e-02 7.61696994e-01 -3.54570061e-01 3.47800761e-01 -4.72804785e-01 -2.08594352e-02 -5.58043778e-01 3.29688996e-01 -6.64232671e-02 -3.24104160e-01 1.08379453e-01 1.47411764e-01 1.46410376e-01 3.47884558e-02 -2.05292925e-01 7.87455499e-01 4.14565265e-01 -3.48812729e-01 3.30299765e-01 1.69114426e-01 2.31494203e-01
-2.34025240e-01 3.30063045e-01 -1.70967996e-01 -5.05812839e-02 -5.82263291e-01 -2.01640427e-01 9.50482264e-02 4.75908816e-01 -6.10409118e-02 -5.55237889e-01 -1.89311728e-01 -1.03571722e-02 -3.34235430e-01 1.76759943e-01 2.69870758e-01 -2.13940248e-01 -8.72000083e-02 2.03034759e-01 1.11546600e-02 3.55086893e-01 -2.38351360e-01 -6.06070831e-02 -3.42189111e-02 -2.69321688e-02 -1.24634318e-01 -9.83950272e-02 2.64565378e-01 -2.73608923e-01 1.19396262e-01 4.38401941e-03 1.14986615e-03 1.82305917e-01
5.79760037e-02 -5.16054511e-01 -1.12975843e-01 -1.16219059e-01 -2.87325270e-02 -1.52693138e-01 -2.21169181e-02 -1.58833131e-01 -4.09295827e-01 4.48407203e-01 -1.92427672e-02 8.71401280e-02 3.65190744e-01 2.74225235e-01 -1.69828579e-01 -5.45260787e-01 -1.71093509e-01 -6.64336905e-02 -2.44132634e-02 1.01933584e-01 6.65396377e-02 -3.28715593e-02 5.74040830e-01 2.20265016e-02 -3.61315131e-01 2.48345375e-01 3.29958409e-01 8.78353715e-02 -5.89175746e-02 1.15123741e-01 2.45618285e-04 -2.27479517e-01
1.08218157e+00 5.74182458e-02 -6.31306529e-01 1.92617983e-01 3.13469857e-01 5.24309799e-02 4.37766612e-01 1.26159102e-01 -2.47417867e-01 -9.86623943e-01 -8.21692288e-01 1.35966468e+00 8.47932845e-02 -9.83279228e-01 2.52012640e-01 7.10238993e-01 1.02538079e-01 5.96401513e-01 -1.07391424e-01 1.86181396e-01 -1.51706815e+00 -4.44856763e-01 -8.55000138e-01 -2.69616663e-01 -2.81454623e-01 1.45388627e-02 2.46420175e-01 4.41488564e-01 -6.23397864e-02 5.76917939e-02 -7.45885298e-02 3.60771239e-01
-1.53703615e-01 7.59503543e-02 -9.13000584e-01 -8.78375620e-02 2.53867179e-01 3.47256184e-01 -5.02661467e-02 5.55749871e-02 7.46883079e-02 4.77969110e-01 -4.03693199e-01 -1.20468593e+00 3.96725535e-01 2.10020110e-01 -3.40511501e-01 6.52842999e-01 -8.86594206e-02 1.34418058e+00 -4.68690544e-01 1.20596841e-01 3.64821017e-01 -1.09480709e-01 -5.41222207e-02 6.96551800e-01 -1.98974699e-01 8.02197337e-01 -1.16066910e-01 -3.50766331e-01 1.40283152e-01 1.07112907e-01 6.20089829e-01 -1.66998431e-01
7.62328226e-03 3.90990227e-01 -2.01348081e-01 -5.97653925e-01 -3.13804299e-02 7.07284868e-01 2.51693487e-01 7.76226640e-01 3.72477561e-01 2.81763375e-01 9.69009578e-01 -2.82715708e-01 6.73769489e-02 2.09030896e-01 2.64162291e-02 -7.49691665e-01 3.15290004e-01 -4.29793335e-02 -2.99485236e-01 -5.44164002e-01 -5.44353426e-02 -2.59589404e-01 2.07217202e-01 1.58853203e-01 -2.28388891e-01 1.57351464e-01 5.24678826e-02 -2.94907838e-02 -5.75166941e-01 2.71004319e-01 -2.50290871e-01 1.35780901e-01
5.07912412e-02 3.60074528e-02 -1.51554212e-01 2.02386286e-02 -5.62923774e-02 5.75850047e-02 6.11340813e-02 8.82159397e-02 -5.18845804e-02 -6.74602166e-02 -5.64605743e-02 -3.87148440e-01 2.35675886e-01 2.08076894e-01 5.68103511e-04 7.93023035e-02 8.69953260e-02 -5.15602939e-02 8.56657326e-02 2.38864362e-01 1.12173431e-01 2.81848401e-01 1.37027074e-02 1.98362738e-01 -9.52202752e-02 -2.96715736e-01 -1.67299747e-01 -1.47896364e-01 -2.94194072e-01 -1.31776422e-01 -8.79781321e-03 -2.77692527e-01
3.79810333e-01 6.82381466e-02 5.93969405e-01 3.78241748e-01 2.21441627e-01 4.36195791e-01 9.36752856e-01 -3.39365005e-01 8.32632899e-01 -2.83424444e-02 -6.24814212e-01 1.76650181e-01 -5.04283726e-01 -3.41268837e-01 -5.45077175e-02 5.02939299e-02 -5.48613250e-01 -6.00762129e-01 2.71916986e-01 -1.14952791e-02 -6.87152520e-02 6.04408026e-01 1.89383119e-01 6.38570964e-01 6.65549934e-02 -1.17878899e-01 -2.51189619e-01 1.55886248e-01 2.15995684e-01 3.96366179e-01 -1.68329999e-01 -3.72476205e-02
-2.78152198e-01 -5.18827498e-01 1.52506328e+00 9.79339331e-02 -9.66553926e-01 -1.88044995e-01 -1.17447889e+00 -1.02340245e+00 2.91087836e-01 1.05480158e+00 1.98456906e-02 -4.67344135e-01 -3.07864070e-01 1.05895853e+00 6.18578553e-01 -2.13933849e+00 1.63811520e-01 -2.85293365e+00 1.82741714e+00 8.22658896e-01 -5.91613829e-01 1.70789337e+00 -4.40781772e-01 2.67317265e-01 3.35643977e-01 -7.15666354e-01 -2.37783253e-01 4.20914680e-01 1.19768985e-01 4.30384949e-02 7.56347954e-01 1.65757939e-01
2.30664555e-02 -2.00441293e-02 5.66541627e-02 3.82840820e-02 4.10681605e-01 -3.40799266e-03 -8.11954122e-03 1.12377442e-02 5.31482249e-02 -1.33264270e-02 -1.51032191e-02 -6.76405206e-02 1.04225494e-01 -1.17317485e-02 -3.80758964e-03 -6.80050775e-02 4.18616831e-03 -4.62491065e-02 -6.46569580e-02 9.37236696e-02 1.30411342e-01 5.07116690e-02 -1.12361358e-02 8.28248565e-04 -1.34948492e-01 -1.41028106e-01 1.46294013e-02 3.66811901e-01 -5.14749959e-02 -6.32553920e-02 3.66725177e-02 -2.49760941e-01
-3.92047226e-01 5.64441318e-03 -1.16228878e-01 -1.04823582e-01 -1.92229360e-01 2.96941120e-02 -9.67309028e-02 7.23287880e-01 -1.96396455e-01 -8.08405280e-02 -1.99505076e-01 7.18359590e-01 5.31958759e-01 2.64347166e-01 3.00927043e-01 1.93467647e-01 -1.41476303e-01 1.06467970e-01 -1.88018173e-01 1.62935443e-03 -1.15834989e-01 -6.03365362e-01 -7.94310495e-02 -2.38803402e-01 -3.20610374e-01 -1.41096279e-01 -6.41794920e-01 3.86046559e-01 -2.29074016e-01 -2.82133192e-01 -7.79101327e-02 4.91520852e-01
2.98731122e-02 -1.62088573e-01 6.25777185e-01 2.25893617e-01 -6.72566831e-01 2.09909111e-01 3.04331928e-01 -5.95963717e-01 5.28438449e-01 3.00445020e-01 -1.27000377e-01 4.55672413e-01 -6.18097186e-02 1.14364423e-01 1.45351812e-01 -2.08632684e+00 1.44450873e-01 -1.08292150e+00 1.18276373e-01 2.07296044e-01 -8.56452435e-02 2.07072347e-01 2.17582092e-01 1.54210374e-01 -1.88517377e-01 -5.03953755e-01 -1.08764701e-01 -2.14471966e-01 -4.08111781e-01 -5.19629657e-01 4.00629550e-01 -3.37569803e-01
-6.50331229e-02 8.02114755e-02 -2.37876594e-01 1.79173067e-01 -1.57854538e-02 -1.73104897e-01 2.50533849e-01 -2.40487024e-01 -5.41119039e-01 1.51232040e+00 -3.46504301e-01 -8.89023021e-02 -3.03421348e-01 1.28354657e+00 -3.01878810e-01 8.68694484e-02 3.45351510e-02 6.30610585e-02 -3.93367819e-02 -2.98683167e-01 -6.46150932e-02 1.50394559e-01 -1.02290094e-01 -1.40036076e-01 -2.35281780e-01 3.20835151e-02 4.61217523e-01 5.48566997e-01 9.50865448e-02 -4.39846069e-01 1.75118268e-01 -6.89549046e-03
-2.58282185e-01 -2.89436579e-01 6.87574387e-01 5.01354575e-01 -2.54333913e-01 -2.52528071e-01 -9.48592842e-01 1.53561711e-01 1.02662705e-01 5.40127575e-01 1.00993335e-01 -7.41857439e-02 9.59774405e-02 2.90837467e-01 -1.52021363e-01 4.90813673e-01 -5.86059242e-02 8.56870264e-02 -2.22802490e-01 -3.90106440e-01 9.60557044e-01 4.18490440e-01 4.88725871e-01 -5.20282328e-01 -7.08423108e-02 4.27364168e-04 -1.85146034e-01 3.37834507e-01 -1.11905999e-01 3.53957057e-01 -8.49600211e-02 -1.95493758e-01
1.52037454e+00 -3.43581468e-01 4.58414704e-01 9.41729784e-01 -2.89021701e-01 4.57246155e-02 -6.10912979e-01 -6.14348471e-01 4.40408498e-01 -1.11660802e+00 -3.30262184e-01 8.01382244e-01 -1.20717371e+00 -2.79510528e-01 6.29286766e-01 -3.46163750e-01 -5.10775596e-02 2.47087795e-02 7.48777330e-01 7.82702148e-01 1.29915401e-01 -4.43156987e-01 -2.15008593e+00 -5.57243109e-01 4.35098171e-01 5.71296275e-01 -8.39310944e-01 -1.67238012e-01 -1.59598351e-01 1.21551478e+00 -9.66573000e-01 9.81430523e-04
-1.36142522e-02 1.69019088e-01 -4.44305576e-02 -5.02736755e-02 -1.55078739e-01 -2.90317256e-02 1.84550937e-02 -5.36572970e-02 -4.60973978e-02 -1.72772333e-02 4.13842425e-02 9.60530713e-02 8.46698657e-02 -5.04441001e-02 1.65594175e-01 -1.48016661e-01 9.42362025e-02 1.71589658e-01 -6.75094360e-03 -2.70946175e-01 1.28042296e-01 4.40325961e-02 -9.20377206e-03 -2.49936935e-02 -3.02123338e-01 -3.75611745e-02 2.10205875e-02 -5.60244657e-02 -3.13798375e-02 -1.00528961e-02 4.33059689e-03 -2.28098318e-01
1.51693687e-01 3.44604820e-01 1.60606337e+00 4.21939611e-01 -1.11589706e+00 1.30004287e-01 -2.33216152e-01 -5.62173784e-01 8.47790599e-01 5.24510920e-01 1.83130369e-01 -3.57010722e-01 -8.69307756e-01 9.43828106e-01 -3.89564447e-02 -3.30394530e+00 -2.11327821e-01 -4.38545942e+00 4.18093055e-01 1.44868031e-01 -1.25084817e+00 9.62035954e-01 3.15808207e-01 1.57574669e-01 1.59571603e-01 -1.34971395e-01 -5.47355235e-01 6.42780542e-01 -1.97535232e-01 -3.02491486e-02 7.68669695e-02 6.33192509e-02
-7.24217772e-01 2.57185847e-01 3.02568749e-02 -6.64223909e-01 1.84625626e-01 -2.51211315e-01 -2.78784037e-01 4.12111521e-01 3.02666146e-03 -8.36093426e-02 1.95338413e-01 -3.78669918e-01 3.56998533e-01 3.39810878e-01 -4.84462231e-01 1.53617710e-01 2.68063188e-01 6.48125708e-02 -2.88012356e-01 1.90601557e-01 9.43300128e-02 6.17936313e-01 1.49749652e-01 -3.54753792e-01 2.49107271e-01 2.38849044e-01 -6.31603956e-01 -1.52990356e-01 -1.41086020e-02 -4.78205591e-01 -1.96183100e-01 -9.41889167e-01

layers.2.bias:
-1.41567564e+00
-8.45232368e-01
6.28086388e-01
-4.67731833e-01
2.05364197e-01
-4.32399899e-01
2.26163059e-01
2.17539263e+00
5.89787304e-01
8.79375875e-01
-9.77780461e-01
-1.41388249e+00
-3.22567970e-01
9.60765779e-01
-4.47421402e-01
-7.37670898e-01
-6.16897121e-02
-8.03562045e-01
3.26872021e-01
-7.34882578e-02
-3.11473101e-01
8.21774900e-01
8.84134889e-01
-1.63131952e-01
-3.87576938e-01
1.04016292e+00
-1.00328207e+00
-1.09769499e+00
5.30294061e-01
-1.17763722e+00
1.81218743e-01
-4.46229987e-03
8.72870982e-01
9.92787555e-02
-3.36986154e-01
-6.25585346e-03
-1.29595533e-01
1.41145861e+00
1.06885302e+00
-1.09678313e-01
9.95593846e-01
-1.94451168e-01
-5.53014636e-01
1.38694167e+00
2.45144159e-01
-9.23356116e-01
1.07698321e+00
-3.54426622e-01
8.35175633e-01
1.84206116e+00
1.54104054e-01
3.30317080e-01
1.03547283e-01
-6.80111349e-01
2.10513353e-01
-2.30667833e-02
8.22854757e-01
-6.50405884e-02
4.24214639e-02
-7.35478699e-01
8.02160680e-01
6.13768101e-02
-2.03213304e-01
8.08081090e-01

layers.4.weight:
3.43376994e-01 9.11141708e-02 -5.64678460e-02 1.69587433e-02 4.22452129e-02 1.01150289e-01 -1.29013017e-04 -7.56718040e-01 1.64639935e-01 -3.99442524e-01 5.21483123e-02 9.59343851e-01 -1.66872954e+00 -1.56636938e-01 2.65339593e-04 -1.44387150e+00 -6.71468806e-05 6.82042465e-02 -7.39854127e-02 -5.16806031e-05 -2.33857310e-04 -4.26833481e-02 -2.99346223e-02 2.33294070e-01 -3.52228805e-02 -6.97237849e-02 1.77722871e-02 7.85129309e-01 -3.56948763e-01 3.96635652e-01 -2.27465071e-02 -1.15104891e-01 -1.58081632e-02 5.54130587e-04 5.80832399e-02 6.73310657e-04 3.00064974e-04 -1.73760444e-01 -1.16304290e-02 2.08230957e-01 -8.45841505e-03 3.15203905e-01 5.73560596e-02 -1.33872166e-01 -1.22008103e-04 1.20034941e-01 -1.59412194e-02 2.97390070e-04 -8.38550478e-02 -7.12919891e-01 -8.48760754e-02 1.34997722e-02 2.45880685e-04 6.77622035e-02 -1.07735050e+00 5.34955943e-05 -1.72498170e-02 -2.50655860e-01 -4.44362946e-02 5.83203137e-02 -2.86774579e-02 3.98042059e-04 8.35049391e-01 -2.72999052e-02

layers.4.bias:
-1.13813782e+00

