layers.0.weight:
3.31696361e-01 -5.67613244e-01 7.97264636e-01
5.69172144e-01 -8.09445798e-01 -5.80563486e-01
-8.31293464e-02 -6.13938749e-01 -5.77727258e-01
-1.07055378e+00 1.15616508e-01 4.58123112e+00
2.67282110e-02 4.11940843e-01 1.16166264e-01
-5.79876065e-01 8.58121514e-01 -1.84879377e-01
-1.31842160e+00 4.86020595e-01 -9.88645032e-02
-6.01682402e-02 7.88846374e-01 -9.23566997e-01
6.03414774e-01 -9.26082134e-01 5.12713566e-02
-1.11527514e+00 5.86289167e-02 -1.64189592e-01
7.53551662e-01 -9.85680073e-02 1.41279221e+00
-7.16238439e-01 -1.31785080e-01 -1.29353356e+00
-4.30584475e-02 7.12955832e-01 -1.57757306e+00
-1.16726887e+00 2.10410804e-02 5.00053525e-01
-6.46977663e-01 1.09646142e+00 7.52028525e-01
-1.81771189e-01 9.48456824e-01 1.64468549e-02
5.46070874e-01 -6.33792400e-01 -1.45019031e+00
-1.15504665e-02 1.12846863e+00 1.84981868e-01
8.07071701e-02 -9.54183042e-01 5.35116851e-01
3.41117471e-01 -1.28724232e-01 -8.64976227e-01
2.23475501e-01 1.65966094e-01 -5.10879010e-02
-3.24195027e-01 -2.56797969e-01 -1.00232065e+00
-4.64660525e-01 1.65601885e+00 -4.46076952e-02
-1.56447518e+00 4.06930357e-01 1.75152493e+00
1.05132234e+00 3.79940838e-01 -7.78481364e-01
2.59609371e-01 6.71772659e-01 -1.17486012e+00
-1.16151750e-01 -2.13369340e-01 1.90187418e+00
-3.97779703e-01 -2.44972542e-01 1.92939892e-01
3.22416067e-01 7.57217348e-01 -1.46468067e+00
-1.04933763e-02 4.65525806e-01 1.70563948e+00
-2.89658904e+00 2.84448242e+00 -1.78299040e-01
-1.26738083e+00 -5.19488692e-01 1.02004325e+00

layers.0.bias:
8.77201200e-01
4.81547834e-03
-1.42384720e+00
-6.34384930e-01
7.07518518e-01
-2.04255387e-01
-3.54310095e-01
2.86240637e-01
-7.45998621e-01
-1.59115899e+00
1.64644122e-01
1.80825554e-02
2.46107668e-01
-1.21306002e+00
-2.90836543e-01
1.43946290e+00
9.34610724e-01
1.82654703e+00
-6.68276668e-01
5.78918040e-01
-1.44309163e-01
-1.35729384e+00
1.02535832e+00
-7.05530941e-02
1.36946186e-01
5.60703695e-01
8.80503118e-01
-1.57881156e-01
-4.88352716e-01
7.31267482e-02
8.91685039e-02
-6.70209900e-02

layers.2.weight:
-3.68741423e-01 1.98618189e-01 5.50638698e-02 -4.75661784e-01 -6.52523190e-02 4.99999560e-02 9.21528712e-02 -5.20900860e-02 -8.56314600e-02 2.79781461e+00 9.69816521e-02 6.17467724e-02 -2.29098305e-01 2.42981935e+00 -1.88296378e-01 4.20332104e-01 -7.68874511e-02 6.85583591e-01 1.24998711e-01 -2.84566492e-01 2.45613247e-01 -7.96943903e-02 -5.03561318e-01 6.15329444e-01 -1.13816202e-01 6.13788307e-01 -7.82195687e-01 -1.30027339e-01 -1.62003785e-01 -2.10681826e-01 -2.11469933e-01 2.79319048e-01
-1.15477078e-01 1.50408611e-01 -8.37339103e-01 1.30013376e-02 -4.32736754e-01 1.68678373e-01 -7.20950663e-01 -4.46050793e-01 5.73002458e-01 7.04328895e-01 2.98006982e-01 -2.30288550e-01 2.83781618e-01 2.17279103e-02 -3.00382107e-01 1.77608177e-01 -3.53136331e-01 3.08804631e-01 -4.56997365e-01 -7.83653483e-02 7.08468080e-01 -1.18366547e-01 -3.94422561e-01 -9.06764194e-02 5.55239134e-02 -4.24419008e-02 -3.66887897e-01 -6.39531136e-01 1.26389816e-01 -2.59672791e-01 -9.37668607e-03 1.50236040e-01
-1.05619714e-01 -8.27022716e-02 1.07385218e-01 -8.21751416e-01 -6.62079751e-01 4.26884666e-02 -4.05325145e-01 3.99398625e-01 3.99478346e-01 7.98864722e-01 -6.11229956e-01 -2.32292674e-02 2.33208567e-01 8.91071856e-02 -1.73741598e-02 -5.66473842e-01 -1.64207488e-01 -5.36537111e-01 -1.75962031e-01 3.92604560e-01 -3.22586328e-01 -1.70798078e-01 4.54007983e-01 -1.14383638e+00 -2.65743792e-01 5.06053746e-01 -1.24086809e+00 -2.86420658e-02 4.97625798e-01 -4.43810225e-01 1.67091459e-01 1.01354584e-01
3.55079383e-01 4.76542674e-02 -2.06714328e-02 1.45255339e+00 4.97710079e-01 2.74864525e-01 5.51381230e-01 -3.51625621e-01 -2.95199156e-02 -1.50828734e-01 2.67693400e-01 -1.69912115e-01 -6.84015930e-01 5.24694622e-02 5.09731829e-01 4.89108413e-01 -1.70647964e-01 5.63281119e-01 4.38354611e-01 -8.33692372e-01 -9.32945907e-01 -2.58115470e-01 2.56578982e-01 1.29970193e+00 -5.58898032e-01 -6.64505780e-01 6.05138361e-01 2.94453382e-01 -7.73969054e-01 -5.53566925e-02 -1.30107373e-01 6.29158914e-01
1.60061911e-01 -2.74036020e-01 2.11016461e-01 -5.03111601e-01 9.35281217e-02 -3.70319545e-01 -1.29664052e+00 1.86051905e-01 4.30530846e-01 -5.67015350e-01 3.76817554e-01 -7.01766849e-01 8.59152675e-01 -8.85411084e-01 -1.63075432e-01 -8.69327068e-01 -2.57993400e-01 -8.60247076e-01 -9.54091251e-02 -4.22227979e-02 8.25136185e-01 -5.55253267e-01 1.05836906e-01 -3.99738431e-01 -7.99975932e-01 6.96935713e-01 4.32083942e-02 -5.64379096e-01 -2.25550205e-01 5.60894608e-01 -2.75459588e-01 6.81469217e-02
-3.56367618e-01 1.19389206e-01 4.82577294e-01 1.37403637e-01 -9.75056887e-01 -2.36929014e-01 -1.91069379e-01 3.06077987e-01 3.64032775e-01 -1.01163805e-01 6.00332737e-01 3.18067640e-01 -5.22179008e-02 -4.86948676e-02 -1.69956833e-01 -1.35344064e+00 -4.49380338e-01 -1.48670447e+00 7.03221083e-01 -2.91422069e-01 -5.26597261e-01 5.13605587e-03 -5.68834305e-01 -2.52141476e-01 5.66125289e-02 1.07181616e-01 1.18527204e-01 1.07456458e+00 -1.22472800e-01 -4.57529008e-01 -7.45423317e-01 3.33003253e-01
3.83742675e-02 -1.04204621e-02 -2.27013633e-01 -8.02834891e-03 -1.30085304e-01 1.58355474e-01 -6.92857057e-02 -4.41135883e-01 -1.16912298e-01 2.39097819e-01 2.97330558e-01 7.95541033e-02 2.82392204e-01 1.52598061e-02 -1.08175566e-02 -2.75333792e-01 3.64006148e-03 1.36757761e-01 6.03652233e-03 -3.04169357e-01 -3.96089107e-01 9.39049199e-02 7.58722723e-02 3.93372402e-03 1.86388329e-01 2.58469284e-01 -3.57171118e-01 -4.29618418e-01 -1.56294852e-01 7.12167993e-02 3.40022100e-03 1.12456657e-01
4.21258360e-01 1.68218791e-01 -3.63144636e-01 3.63201320e-01 1.89123124e-01 -7.34733820e-01 1.18777588e-01 4.64676410e-01 1.24690302e-01 -3.03977549e-01 -1.14253022e-01 9.52271342e-01 3.04916441e-01 -5.68117082e-01 -2.27299660e-01 1.47922635e-01 5.25936365e-01 1.27339318e-01 3.07023853e-01 5.09020746e-01 -1.48548865e+00 -8.93260717e-01 8.50270838e-02 2.94858724e-01 1.71405360e-01 7.37074018e-01 6.12011850e-01 5.71409106e-01 -6.69637084e-01 4.99485672e-01 1.42374381e-01 -2.36451626e-01
1.27553731e-01 3.03297609e-01 -6.06345654e-01 -2.39006206e-01 1.26989853e+00 -4.46328372e-01 -5.03771901e-01 -3.66854250e-01 -5.42664826e-01 2.56660908e-01 4.90543664e-01 2.40979224e-01 6.67573571e-01 -1.57367781e-01 7.44865984e-02 1.61019897e+00 3.75056803e-01 1.33713496e+00 -5.13932824e-01 -1.15292601e-01 1.36560157e-01 -3.76963079e-01 1.66706070e-02 2.28797138e-01 9.53592882e-02 3.75242531e-01 6.66387528e-02 -6.91438243e-02 2.70725926e-03 1.68341517e-01 2.26173925e+00 -2.87992179e-01
-5.69128692e-01 8.01011026e-02 -1.57500684e-01 -4.77625579e-01 5.35583079e-01 -1.74320415e-02 -7.39942640e-02 3.33368331e-01 3.98808628e-01 -2.13681087e-01 5.69449179e-02 1.93766907e-01 1.40242130e-01 1.55374289e-01 -3.56900275e-01 -4.07432914e-01 2.44412810e-01 -2.85616189e-01 -3.89474988e-01 -8.80074352e-02 -6.75482988e-01 -2.79461205e-01 1.00883096e-01 -1.70609765e-02 -2.48679489e-01 -1.31463289e-01 -1.29316196e-01 2.53307462e-01 2.19339177e-01 2.11139545e-01 1.34890005e-01 2.08321586e-02
1.04257576e-02 -3.81591350e-01 -1.04382575e-01 -3.09472620e-01 -4.98272151e-01 -2.11065799e-01 -2.02398196e-01 1.00127816e-01 3.13420177e-01 3.15386146e-01 -4.82762516e-01 -1.62619963e-01 8.03260684e-01 -2.70737082e-01 -1.43595874e-01 -3.58387947e-01 -6.89958155e-01 -9.26721871e-01 2.63838489e-02 -9.20634046e-02 1.05817819e+00 -2.79466003e-01 -7.20380962e-01 2.28792116e-01 -2.06804588e-01 -1.10222176e-01 -3.79931718e-01 -4.29664910e-01 2.49097481e-01 -3.44934344e-01 4.97269370e-02 4.77285683e-01
-1.46943390e-01 -1.12665758e-01 1.61983013e+00 -8.22237432e-01 -7.10752904e-01 2.08281606e-01 -5.88229522e-02 -4.19849843e-01 2.17778862e-01 1.87263238e+00 8.73117968e-02 -1.83096349e-01 2.44316503e-01 3.27484846e+00 6.77037016e-02 -6.80583835e-01 2.55788058e-01 -2.40634966e+00 5.36768436e-01 -3.79751176e-01 3.24096829e-01 5.47425568e-01 -2.06082836e-01 9.03501034e-01 -1.64562780e-02 -5.94006419e-01 3.43827188e-01 -1.67126611e-01 1.29926220e-01 8.58248174e-02 1.75661072e-01 -4.00168598e-01
-5.98096907e-01 -1.72005966e-01 9.19673502e-01 3.85767281e-01 -6.67150557e-01 5.96586227e-01 5.29818311e-02 -9.32218969e-01 3.48027647e-01 4.24133837e-01 2.32658833e-01 1.70240685e-01 -4.85215455e-01 -9.04217660e-02 4.53847885e-01 -4.33000851e+00 -9.26569104e-02 -6.08204651e+00 6.06242776e-01 -9.73340869e-01 -6.94350660e-01 4.09734577e-01 6.16498291e-01 -1.05390742e-01 -3.21046531e-01 -2.16883913e-01 -3.79256308e-01 6.27517760e-01 -6.03980958e-01 -3.55794996e-01 -1.06645203e+00 -1.95700333e-01
6.94279894e-02 -1.43681645e-01 -6.52304173e-01 -7.50717670e-02 -1.11129649e-01 -6.69256225e-02 2.37397790e-01 3.27251732e-01 3.66164714e-01 -2.39043429e-01 5.20590961e-01 -1.66015878e-01 3.39233041e-01 -8.22745860e-01 -3.43577683e-01 -1.83038134e-03 -2.22863823e-01 2.36311123e-01 -9.53424126e-02 1.54480144e-01 -6.90209568e-02 -1.59155399e-01 3.36416438e-02 -2.34228179e-01 -1.40143096e-01 7.65250504e-01 -1.33830067e-02 7.22924247e-02 -1.97798073e-01 2.45997608e-01 1.75368994e-01 3.70038062e-01
-9.53638196e-01 1.27332449e-01 -3.34735215e-02 4.62612510e-01 -3.76570851e-01 6.74798310e-01 -3.43899310e-01 -2.64256358e-01 4.63055938e-01 -7.81373158e-02 -6.35396719e-01 1.08945079e-01 2.81730704e-02 -1.97872162e-01 -1.77289829e-01 -9.19674575e-01 1.03892900e-01 -1.03135836e+00 -1.56963408e-01 1.94030806e-01 1.47004426e+00 8.29778314e-01 -1.53471949e-02 2.99147815e-01 -5.16908288e-01 -2.68916655e-02 -4.65841800e-01 7.61355832e-02 6.06260002e-01 -1.22320503e-01 -1.49710894e-01 3.08210284e-01
-4.77258593e-01 -6.89876676e-02 9.57208350e-02 1.27934873e-01 -2.59780288e-01 2.75173515e-01 -9.40968394e-01 -9.67153385e-02 1.09194152e-01 5.24406910e+00 5.57632983e-01 4.24931228e-01 2.24579424e-01 2.64868450e+00 1.46986609e-02 -5.59935272e-02 -4.31177318e-01 -1.97142079e-01 7.56276846e-02 -2.00057402e-01 -6.86139822e-01 4.20397401e-01 2.00998917e-01 2.63399154e-01 -3.83707643e-01 -4.24664617e-01 -6.39806092e-01 3.21987867e-01 -1.79915756e-01 -6.64812267e-01 1.84949026e-01 -2.50488192e-01
-1.30111082e-02 1.42986581e-01 -7.90894553e-02 3.11479215e-02 3.29665616e-02 1.36202108e-02 1.50610507e-02 -6.14673197e-02 1.40975583e-02 -1.96513668e-01 6.85091838e-02 4.42686602e-02 4.88633215e-02 8.77242908e-02 1.15898140e-01 -1.47088487e-02 4.44684736e-02 1.19338220e-03 -1.19851232e-02 1.19884379e-01 2.44416445e-01 1.15541793e-01 1.39127737e-02 2.63151657e-02 5.84497899e-02 2.42050905e-02 5.52632548e-02 2.89541423e-01 -7.80296512e-04 -6.29496388e-03 2.80064773e-02 1.70731675e-02
1.18947983e-01 -1.39694691e-01 -6.08830929e-01 5.61024696e-02 1.38526633e-01 -1.74313962e-01 -2.14865685e-01 -3.06066215e-01 2.91516691e-01 -6.49009883e-01 5.85307591e-02 -2.74704006e-02 1.95275679e-01 7.43323714e-02 -5.92343062e-02 1.23327218e-01 -3.19820523e-01 4.57546383e-01 -1.53302267e-01 9.02177036e-01 3.72475475e-01 7.69072697e-02 -4.30968702e-01 -1.14320599e-01 -1.35876954e-01 -4.45297778e-01 8.48911166e-01 -5.48610151e-01 2.51515567e-01 3.19426715e-01 -4.20436114e-02 2.16608047e-01
-2.62624651e-01 -8.53670835e-02 -3.36618990e-01 -1.98312283e-01 4.86325800e-01 1.45996213e-02 4.22576740e-02 1.05813630e-01 4.61559653e-01 -4.39818412e-01 -1.38341933e-01 -9.42330718e-01 4.63720411e-01 -2.26424113e-01 -1.68387681e-01 1.81873426e-01 -1.35050967e-01 3.68610680e-01 1.47005945e-01 -7.34787583e-02 5.31165600e-02 -2.22977400e-01 4.85183030e-01 -3.37651074e-01 3.39162022e-01 1.93078443e-01 -1.68637320e-01 2.16728032e-01 5.51276393e-02 3.56746525e-01 4.74765033e-01 2.93128099e-02
5.91063239e-02 1.86523214e-01 -4.50048130e-03 7.36831352e-02 -7.74383470e-02 1.01556845e-01 -9.27877426e-03 -7.01595023e-02 4.92411293e-02 7.94374943e-02 6.48895800e-02 1.16298065e-01 -6.81429803e-02 -7.82614723e-02 1.19209506e-01 4.73346382e-01 6.68566003e-02 -3.07331413e-01 3.50473747e-02 -1.07675359e-01 -1.06002003e-01 -1.39544755e-01 -1.36629231e-02 -1.86733529e-02 4.05225381e-02 1.24256074e-01 7.56917894e-03 -5.45881782e-03 1.20695494e-01 1.99696664e-02 -1.86981540e-02 4.35430892e-02
4.15828615e-01 -1.96683019e-01 7.19460189e-01 5.46550333e-01 -3.52236211e-01 -1.48388401e-01 -6.49233699e-01 -9.75938439e-02 -3.23571384e-01 -7.59598255e-01 -7.33961612e-02 9.21687782e-01 4.79650259e-01 -4.18116570e-01 7.82593727e-01 4.45625633e-01 -1.18438900e-01 -2.91880935e-01 4.09126818e-01 4.04775918e-01 -3.43280375e-01 1.38737828e-01 6.35096431e-01 1.93278655e-01 8.96454751e-02 -3.83826077e-01 1.06752597e-01 2.77619511e-01 -8.88565108e-02 -5.83186001e-02 1.72892511e-01 4.26405489e-01
2.58837044e-01 -9.52086151e-02 2.94597186e-02 1.34472534e-01 1.24977693e-01 1.37247756e-01 9.11897123e-01 9.03592929e-02 4.53982353e-01 2.23301813e-01 3.18909705e-01 3.88418943e-01 -3.80258948e-01 -6.11242592e-01 9.59114283e-02 -8.33018541e-01 -1.85536202e-02 -6.15436614e-01 -1.06156141e-01 -3.94442737e-01 -5.20085156e-01 -3.96753545e-04 2.56907880e-01 -8.90990645e-02 1.49221614e-01 -3.96405816e-01 -7.19575465e-01 3.96172225e-01 -8.36593285e-02 -2.03522131e-01 2.54124045e-01 -1.46295667e-01
1.46774650e-01 2.19227355e-02 -3.53196532e-01 4.00673509e-01 1.10672899e-01 3.07749987e-01 3.29477400e-01 -2.94264913e-01 -2.88066924e-01 2.79211789e-01 2.80740075e-02 9.17864293e-02 4.36544001e-01 4.53046173e-01 -2.03311861e-01 -4.72979128e-01 5.79016209e-01 -8.84019360e-02 8.92034844e-02 -2.09158435e-01 -4.45279002e-01 3.15017626e-03 -4.25185353e-01 1.67261705e-01 -3.58742476e-01 -9.99775529e-02 -5.34136705e-02 -4.19915050e-01 1.89845208e-02 -1.24126472e-01 -4.52059135e-02 -2.86437005e-01
6.94626689e-01 -4.01006900e-02 -2.43046775e-01 1.68238565e-01 8.66363049e-02 -4.39386994e-01 -6.88967332e-02 3.44692737e-01 3.11189860e-01 -2.59194207e+00 1.16296999e-01 1.60798937e-01 3.80306542e-01 -1.65027201e+00 1.28721192e-01 3.07885349e-01 1.32913485e-01 2.24900916e-01 -2.63718516e-01 -1.46032656e-02 5.14133513e-01 -2.03472957e-01 -2.88341016e-01 -5.19298539e-02 -3.27219337e-01 -1.84724942e-01 -5.90098798e-02 -1.92646220e-01 3.15921336e-01 1.07496060e-01 -1.97029293e-01 -2.13920072e-01
-9.20814216e-01 1.55514762e-01 1.15226589e-01 1.18815668e-01 -2.57257968e-01 -3.22703034e-01 1.01065135e+00 -7.37810507e-02 -1.09653282e+00 7.19162285e-01 -7.61859000e-01 5.86161464e-02 1.71627849e-01 6.57550693e-02 -7.11900771e-01 6.49244010e-01 6.06697977e-01 3.42790753e-01 1.69949308e-01 1.73620246e-02 -5.37779570e-01 6.38136506e-01 5.60444295e-01 9.51920867e-01 -3.93610865e-01 5.17761409e-01 -6.19755745e-01 1.84769452e-01 8.43657553e-01 -4.56385255e-01 9.64580104e-02 -5.80729805e-02
-5.46731710e-01 5.79341590e-01 -4.31101359e-02 -1.47773251e-01 5.89908302e-01 1.71742186e-01 6.55441685e-03 5.26993692e-01 -3.35799247e-01 4.91566986e-01 6.13255873e-02 -1.52366459e-01 2.26209238e-01 2.07795918e-01 -5.16522646e-01 -1.38435692e-01 -1.33718729e-01 -5.71378693e-02 3.69400710e-01 -3.75735581e-01 2.83345487e-02 -2.71381557e-01 4.33748998e-02 -5.59722066e-01 1.68147191e-01 -1.85632184e-01 -5.70222199e-01 -5.66656590e-01 1.75730929e-01 -3.70072395e-01 -2.06276521e-01 -3.44181657e-01
-1.76314652e-01 2.21844167e-01 4.80754703e-01 3.58609587e-01 -3.07078511e-01 -2.69824773e-01 -1.00444630e-01 1.08092967e-02 2.79933184e-01 -4.21669394e-01 -5.95559180e-01 -6.81483150e-02 -2.67032027e-01 -2.55501986e-01 6.96038604e-02 5.84921420e-01 -9.44663286e-02 1.74289480e-01 2.70996481e-01 1.86142519e-01 9.81164351e-02 -7.19330609e-01 1.87739685e-01 1.07566804e-01 2.67736614e-01 1.55705169e-01 8.08734354e-03 -5.77744186e-01 -2.52501875e-01 -1.15947366e-01 7.53434151e-02 -2.33484119e-01
-8.17640424e-01 4.49453712e-01 -6.54236019e-01 -9.92108047e-01 -1.61539257e-01 -2.10065708e-01 -3.80906761e-01 3.97179574e-01 8.21160525e-02 4.37821805e-01 -3.84853482e-02 1.69213250e-01 1.63431093e-01 2.79581189e-01 5.07753948e-03 1.12457561e+00 6.71497643e-01 1.26283419e+00 -8.27907801e-01 5.78125529e-02 5.90490103e-01 -7.92958975e-01 -6.16695344e-01 4.18708056e-01 -1.26197681e-01 -4.48514640e-01 2.94778466e-01 2.42477566e-01 5.68275332e-01 -7.96471417e-01 2.24982858e-01 -3.03614885e-01
1.40228540e-01 -5.35024405e-01 -6.33256510e-02 -1.29477799e-01 -5.66991150e-01 5.29154360e-01 8.55831876e-02 -4.45109189e-01 4.91083235e-01 8.97125483e-01 -2.38874957e-01 1.33590236e-01 5.65539777e-01 4.00864363e-01 1.04031228e-02 -1.00565898e+00 -4.37609613e-01 -1.01846766e+00 1.18788378e-02 2.27174506e-01 2.12050781e-01 3.67719412e-01 1.98750436e-01 1.44352347e-01 2.84783930e-01 1.18525490e-01 -4.25019175e-01 -2.32396245e-01 -2.51176476e-01 -3.52369994e-01 4.71636802e-01 2.94098526e-01
-1.25852853e-01 -1.07618189e+00 4.27963823e-01 1.51544535e+00 9.77380201e-02 1.65912300e-01 -4.88050692e-02 -1.93636864e-01 -3.10917437e-01 3.02562714e-01 1.01833141e+00 -9.16598022e-01 -1.03533220e+00 -2.52353787e-01 2.77241081e-01 7.12900534e-02 -1.35018253e+00 5.81930876e-01 5.53658724e-01 -6.86928988e-01 9.58750486e-01 2.59711176e-01 8.92828032e-02 -2.41229549e-01 2.11789817e-01 -4.36724156e-01 1.37875766e-01 -9.76025164e-02 -8.11654091e-01 1.19747090e+00 -5.59904218e-01 -1.91344887e-01
-6.26061141e-01 -8.52303132e-02 3.43517482e-01 -7.36578880e-03 1.22783966e-02 1.32521272e-01 1.54969677e-01 1.74793407e-01 -3.22816253e-01 -3.45237821e-01 -1.03547168e+00 3.63999486e-01 6.11694515e-01 -3.79870385e-02 8.27555954e-02 -6.20240606e-02 4.51427430e-01 -3.42788249e-02 -1.81586623e-01 -2.17958361e-01 -5.98987401e-01 2.01600552e-01 -6.37475103e-02 -8.06432307e-01 4.46725518e-01 7.59626985e-01 -2.56475866e-01 -2.27949128e-01 -2.50881046e-01 -3.58451694e-01 -2.70364612e-01 -2.90424466e-01
-2.33127907e-01 -3.20840836e-01 -1.94455311e-01 -1.41959801e-01 -1.63044199e-01 -1.02727562e-01 2.34757274e-01 2.49926180e-01 -6.68664217e-01 1.32159507e+00 -1.44992039e-01 -9.47606787e-02 -5.11099994e-01 4.79961962e-01 -1.81261867e-01 6.98532760e-02 3.08020543e-02 2.15465128e-01 -1.56296394e-03 -1.81843832e-01 1.86361820e-01 1.27250046e-01 3.69024038e-01 4.31896560e-02 2.83989739e-02 -7.02694282e-02 -1.78383365e-01 2.17185259e-01 2.32610032e-01 3.17293882e-01 5.08824326e-02 1.20572999e-01
-6.73303567e-03 -2.85351962e-01 -5.55501767e-02 -6.97461516e-02 -3.21486294e-01 4.03315455e-01 -2.83080071e-01 -4.73939329e-01 1.80324256e-01 -4.60447550e-01 6.68420941e-02 3.91191661e-01 1.68576598e-01 3.06846559e-01 2.48416379e-01 -6.51147485e-01 -4.03883398e-01 -1.23871469e+00 9.03996080e-03 -3.20160925e-01 -1.89339861e-01 8.15454423e-01 3.67482156e-01 6.69052124e-01 -5.77871919e-01 9.92779583e-02 1.62715301e-01 -1.38886631e-01 -4.29102868e-01 -2.33581588e-01 -1.33952051e-01 1.90995112e-02
1.22607872e-02 -5.38697578e-02 1.42122880e-01 -8.75767842e-02 2.10867852e-01 -9.84492078e-02 4.38881991e-03 -3.35623145e-01 -1.97968394e-01 3.28212678e-01 1.34390384e-01 1.80969700e-01 7.55373538e-02 -2.98903733e-01 -5.84651455e-02 -2.68530846e-01 5.33372574e-02 1.47301242e-01 -1.56902850e-01 -5.45596480e-01 1.19833626e-01 -1.47796959e-01 -1.09645553e-01 -4.88727577e-02 -1.33848991e-02 2.06174091e-01 -5.89645803e-02 7.80252442e-02 1.10604480e-01 7.31729642e-02 -3.90329137e-02 -8.54425225e-03
3.62675004e-02 -5.25530457e-01 -2.74744779e-01 7.60577917e-01 -2.76773393e-01 -4.27515090e-01 2.19362348e-01 -1.28248066e-01 -1.54153928e-01 2.99640822e+00 -5.65688908e-01 9.96706784e-01 6.55076683e-01 8.72757316e-01 7.05382586e-01 1.44293845e-01 6.69212788e-02 1.79184347e-01 5.64617038e-01 3.73597413e-01 2.20581919e-01 1.52657300e-01 -2.61604697e-01 1.07144213e+00 -4.12421301e-02 1.48296982e-01 -3.08969021e-01 3.03156286e-01 1.18856907e-01 2.74830069e-02 8.12001526e-01 1.87388174e-02
-9.76909399e-02 1.78496197e-01 1.26928151e-01 7.40003660e-02 3.91325876e-02 -4.41448987e-02 1.53833535e-02 1.16865538e-01 1.08079184e-02 -3.58305089e-02 1.65589079e-01 7.94221163e-02 9.25467685e-02 -1.84498969e-02 1.69007942e-01 1.86181039e-01 4.22143340e-02 -1.43452138e-01 -1.33375786e-02 8.65250826e-02 -1.56083345e-01 -6.60865307e-02 -3.47052068e-02 8.55065603e-03 -4.63474780e-01 -2.21934617e-01 4.53001931e-02 -1.47368938e-01 -5.26329689e-02 -5.35008237e-02 3.80594134e-02 -4.50621665e-01
-1.89811904e-02 -7.63055608e-02 -4.93614152e-02 2.84140613e-02 -2.38972768e-01 2.85957363e-02 -1.37514258e-02 1.80515856e-01 5.88872880e-02 -4.70342487e-02 -1.47307226e-02 -2.38288194e-02 -6.53196201e-02 4.59143147e-02 -6.38361350e-02 2.16382161e-01 -1.08172067e-01 -1.48797214e-01 1.42403797e-03 3.15124243e-01 -2.38784641e-01 -1.04715735e-01 -1.93460509e-02 3.08442162e-03 7.48009281e-03 -9.48888585e-02 -6.20131865e-02 -7.13311359e-02 -4.68065515e-02 5.73327541e-02 -2.61327028e-02 6.64884876e-03
8.20496082e-01 -2.71499485e-01 2.46151403e-01 3.36270064e-01 -2.01854303e-01 2.22484190e-02 -5.34464061e-01 5.03793880e-02 6.24390543e-01 8.06827918e-02 -1.71534494e-01 3.96896265e-02 6.44772351e-02 2.40221590e-01 7.41323471e-01 -4.98402208e-01 -4.52117115e-01 -5.28378427e-01 2.93119550e-01 -2.64189154e-01 -7.22935557e-01 1.90680116e-01 -9.53961983e-02 2.05471590e-01 7.79991984e-01 -1.95330363e-02 2.18945101e-01 -2.12664038e-01 -4.96865898e-01 2.22829685e-01 9.98682231e-02 1.31197602e-01
1.68580830e-01 -3.93107474e-01 -3.11015189e-01 4.01618242e-01 3.04937959e-01 -6.13941014e-01 4.61670682e-02 3.13667674e-03 2.79760778e-01 -2.83416301e-01 -2.35960484e-01 4.54962224e-01 3.58646214e-01 -3.01978111e-01 2.32604772e-01 -5.27550399e-01 -3.15349907e-01 -6.32035613e-01 4.34573025e-01 -3.88580531e-01 -2.58608788e-01 -6.71115071e-02 3.50447059e-01 6.33962512e-01 -7.95075670e-02 -3.12872559e-01 4.34858859e-01 -8.77123177e-02 -9.56893861e-02 -4.26628798e-01 8.88845921e-02 1.73001871e-01
3.11959740e-02 -4.31922153e-02 7.77174056e-01 9.77656692e-02 -1.20374548e+00 -3.41863990e-01 2.45192692e-01 -1.04199022e-01 6.86805308e-01 5.72120368e-01 -1.32366523e-01 -3.72927934e-01 2.03116201e-02 6.66446686e-01 9.42498632e-03 -2.30691934e+00 -3.25334132e-01 -2.84216380e+00 1.40573189e-01 6.18884107e-03 -7.80534446e-01 6.93838239e-01 1.68434381e-01 1.27924100e-01 2.02259570e-01 1.27540708e-01 3.27449977e-01 2.01658294e-01 -1.56928256e-01 -7.79525578e-01 -8.02675426e-01 1.97502345e-01
-1.56759799e-01 -2.49332801e-01 -2.85262942e-01 -2.77485937e-01 -2.06774771e-01 5.43074965e-01 1.69667512e-01 -1.14904046e-01 -1.35448724e-01 3.51398349e-01 -1.86003849e-01 1.64935395e-01 5.36287390e-02 -2.82910317e-01 -1.27993301e-01 -4.15537506e-01 3.08197409e-01 -5.65789461e-01 -2.86579639e-01 4.57385443e-02 -3.67030203e-01 3.68941218e-01 -1.41081408e-01 3.35051298e-01 3.58037084e-01 -5.14164269e-01 4.88588274e-01 9.69007611e-02 5.19563779e-02 1.34604082e-01 -5.30959889e-02 3.72821465e-02
4.29805338e-01 6.94893599e-01 7.07420111e-01 -4.11682993e-01 1.00593075e-01 1.44327655e-01 2.40914822e-01 -9.62612405e-02 -8.45659852e-01 1.00588751e+00 -2.98579514e-01 -2.27178276e-01 -4.27931517e-01 1.13226652e+00 1.41887620e-01 1.59202263e-01 3.85711752e-02 -9.86484170e-01 2.86415875e-01 -2.71784902e-01 2.95394324e-02 7.23587573e-01 -1.70920819e-01 -4.02768582e-01 5.72584331e-01 -7.60065973e-01 4.82010245e-01 -8.46860651e-03 -3.27313274e-01 -6.11142755e-01 -7.49928057e-02 -3.87959182e-01
-3.78992818e-02 -3.72536242e-01 2.34929770e-01 -1.81376368e-01 -3.01945150e-01 1.32458836e-01 7.97412023e-02 -2.85726428e-01 -4.00070906e-01 -3.12526852e-01 -1.09812118e-01 3.82672041e-03 -9.39395726e-02 4.72287238e-01 5.17647982e-01 1.74519569e-01 2.78234571e-01 -5.38024962e-01 5.68156615e-02 1.54389501e-01 -2.36778498e-01 3.28037649e-01 -3.87116611e-01 1.78120315e-01 -6.06125779e-02 -2.61828542e-01 3.99098754e-01 7.38627076e-01 -4.00908470e-01 -4.65836495e-01 2.74653554e-01 3.33532482e-01
-1.24846923e+00 1.06786259e-01 1.31521702e-01 -1.30470085e+00 -9.26673710e-02 -7.58153424e-02 1.94754407e-01 5.40267050e-01 1.08748339e-01 3.65053505e-01 -9.76072550e-01 7.02614248e-01 1.08510530e+00 3.56658220e-01 -6.56428695e-01 3.56533825e-01 5.67232609e-01 -3.77386630e-01 -3.03877354e-01 1.03620207e+00 -5.45821667e-01 -3.09441835e-01 -3.39683771e-01 -4.76680696e-02 6.04310632e-01 9.95087802e-01 8.61771643e-01 6.10013008e-01 4.99870837e-01 -1.02358770e+00 1.71224564e-01 2.07235813e-01
-8.44490528e-02 9.26543176e-02 3.06203395e-01 -4.87686731e-02 3.39933157e-01 -1.08258732e-01 -1.20761264e-02 1.71101168e-02 -4.65462245e-02 2.02178746e-01 2.68381964e-02 2.27476936e-02 -1.29502965e-02 -1.31386459e-01 8.13251436e-02 -1.45946011e-01 7.98271000e-02 7.25289732e-02 2.12324150e-02 -4.08026516e-01 1.34751022e-01 -9.71842781e-02 2.87144706e-02 -1.32890530e-02 1.51326641e-01 -1.72954891e-02 7.45912418e-02 1.52431965e-01 2.41335258e-02 -9.06104222e-02 1.83022227e-02 4.33258042e-02
-7.81835765e-02 3.17677259e-01 2.81292617e-01 -1.18222259e-01 7.47719631e-02 6.91816583e-02 6.58114135e-01 2.77971238e-01 1.50313109e-01 -1.22296810e+00 -3.44112784e-01 5.32414913e-01 6.52980268e-01 -3.41761708e-01 -5.28914392e-01 -4.22709227e-01 6.45698249e-01 -5.92293322e-01 2.42384952e-02 -2.61714727e-01 7.48747587e-01 -3.03053021e-01 -2.32581571e-02 -1.42980278e+00 -4.93154168e-01 4.96134698e-01 -9.89070475e-01 -6.36722386e-01 2.61411101e-01 -1.29824519e-01 -4.29849289e-02 7.08658174e-02
6.35334015e-01 -3.03853452e-01 -2.83789158e-01 4.36945170e-01 -8.38045105e-02 -6.97251335e-02 -1.45590857e-01 -1.62044033e-01 5.41066647e-01 -1.15199439e-01 -1.09797664e-01 -5.05083613e-02 7.58231580e-01 -3.50053340e-01 3.51707071e-01 -4.64812160e-01 -2.43525486e-02 -5.60270846e-01 3.29179913e-01 -6.99829981e-02 -3.24033171e-01 1.06618159e-01 1.50796056e-01 1.50150239e-01 2.72693224e-02 -2.09799245e-01 7.91184843e-01 4.24331486e-01 -3.57441992e-01 3.33780974e-01 1.67798281e-01 2.37450838e-01
-2.62120396e-01 3.36619526e-01 -1.67245671e-01 -4.20472100e-02 -5.98859191e-01 -1.84889376e-01 6.48381710e-02 4.79431212e-01 -3.98863778e-02 -5.50389767e-01 -1.81925461e-01 -2.90522967e-02 -3.41351330e-01 1.60527170e-01 2.68997967e-01 -2.55473405e-01 -8.24656487e-02 1.91540435e-01 -3.82906263e-04 3.49672198e-01 -1.98319227e-01 -5.73814102e-02 -2.78806221e-02 -3.21820825e-02 -1.06262878e-01 -1.05063587e-01 2.72059113e-01 -3.10005873e-01 1.22798778e-01 1.32041536e-02 -1.50633529e-02 1.68258980e-01
6.57133833e-02 -5.10924518e-01 -1.14509866e-01 -1.18680455e-01 -2.77107246e-02 -1.60368010e-01 -3.39841843e-02 -1.59719646e-01 -4.00689721e-01 4.41702783e-01 -1.90834720e-02 8.93886387e-02 3.67199272e-01 2.67169654e-01 -1.74470052e-01 -5.57530642e-01 -1.66070759e-01 -7.54666999e-02 -2.05028430e-02 1.06330112e-01 6.32880926e-02 -3.60154845e-02 5.68190157e-01 1.92421228e-02 -3.62214178e-01 2.50122994e-01 3.27735305e-01 8.74145776e-02 -6.02321774e-02 1.12027861e-01 -1.17732882e-02 -2.25850061e-01
1.09945714e+00 6.47598952e-02 -6.14369392e-01 1.92788005e-01 2.77020156e-01 3.27404477e-02 4.27855343e-01 1.21362060e-01 -2.36570939e-01 -9.93547380e-01 -8.18076849e-01 1.36155963e+00 8.59722868e-02 -9.83504832e-01 2.43801281e-01 6.55988276e-01 1.00048587e-01 5.41444719e-01 -8.85041803e-02 1.81911796e-01 -1.51407504e+00 -4.47259843e-01 -8.67335558e-01 -2.92259455e-01 -3.12200427e-01 1.87986810e-02 2.45333284e-01 4.66364443e-01 -5.36576733e-02 5.95986359e-02 -1.26819342e-01 3.87546569e-01
-1.54314533e-01 7.98743442e-02 -9.06702340e-01 -8.10241997e-02 2.29508355e-01 3.53701860e-01 -5.75051010e-02 4.59502116e-02 1.43043920e-01 5.03814638e-01 -3.92410755e-01 -1.21587050e+00 3.89427334e-01 2.15265080e-01 -3.42634887e-01 5.70728540e-01 -8.24285969e-02 1.30611825e+00 -4.52306360e-01 1.12196125e-01 3.89060527e-01 -1.16526634e-01 -6.52467683e-02 6.89590216e-01 -1.97238997e-01 7.94331312e-01 -1.09442107e-01 -3.86052787e-01 1.32749036e-01 1.13653898e-01 6.70291662e-01 -1.56472042e-01
7.72349257e-03 3.86558712e-01 -2.05442652e-01 -5.88574111e-01 -3.61505225e-02 7.08744049e-01 2.54056871e-01 7.69560635e-01 3.75341564e-01 2.84439504e-01 9.77365732e-01 -2.91011631e-01 5.85344546e-02 2.24018574e-01 2.63394676e-02 -7.62010396e-01 2.99813330e-01 -4.31306511e-02 -2.92247683e-01 -5.62695324e-01 -5.85848652e-02 -2.65068561e-01 2.02866897e-01 1.74994111e-01 -2.40681693e-01 1.47770882e-01 6.11703396e-02 -1.32813156e-02 -5.80318570e-01 2.80260533e-01 -2.46116623e-01 1.43010825e-01
5.02313673e-02 4.00030948e-02 -1.45212755e-01 2.28226110e-02 -6.76967576e-02 5.62955104e-02 5.65760136e-02 8.31301138e-02 -5.10878377e-02 -6.50162399e-02 -4.78488505e-02 -3.88661504e-01 2.32382387e-01 2.14586705e-01 -9.18330718e-03 8.23133066e-02 8.70641097e-02 -5.81268631e-02 8.83246511e-02 2.42753774e-01 1.11465909e-01 2.82678396e-01 1.13748079e-02 1.98793441e-01 -8.55260417e-02 -2.98093557e-01 -1.64766997e-01 -1.53106198e-01 -2.97066659e-01 -1.28937542e-01 -9.28193331e-03 -2.88984001e-01
3.76161635e-01 5.85716739e-02 5.92558920e-01 3.79245579e-01 2.28391796e-01 4.39131916e-01 9.25674200e-01 -3.37938279e-01 8.32562745e-01 -3.06702182e-02 -6.22826517e-01 1.72411799e-01 -5.04963338e-01 -3.49803567e-01 -4.89241555e-02 5.86138219e-02 -5.56506991e-01 -5.88873386e-01 2.69417495e-01 -1.24576958e-02 -5.56737334e-02 6.03085399e-01 1.90185249e-01 6.39157653e-01 7.64221326e-02 -1.17235996e-01 -2.50729263e-01 1.41013920e-01 2.21339628e-01 3.98019552e-01 -1.65180609e-01 -4.65505496e-02
-2.78221190e-01 -5.18184662e-01 1.52334940e+00 1.00007355e-01 -9.61289048e-01 -1.87289596e-01 -1.16741848e+00 -1.01895738e+00 2.88380593e-01 1.05754411e+00 2.95089725e-02 -4.72105831e-01 -3.09578031e-01 1.06119871e+00 6.17619336e-01 -2.15887547e+00 1.66066021e-01 -2.84811831e+00 1.82231402e+00 8.27046812e-01 -5.82516253e-01 1.70319581e+00 -4.40480739e-01 2.59389281e-01 3.40595096e-01 -7.16341853e-01 -2.36120790e-01 4.04699773e-01 1.26135871e-01 4.67700809e-02 7.61174500e-01 1.60974070e-01
9.55358334e-03 -2.09274180e-02 4.61107828e-02 4.12026830e-02 4.44458425e-01 5.37813921e-03 -2.47162245e-02 1.79256778e-02 2.70539783e-02 -2.48014331e-02 -1.57305188e-02 -7.40745887e-02 1.02576867e-01 -3.48514356e-02 4.79116788e-05 -1.51048107e-02 6.15386292e-03 -6.79046102e-03 -8.74150470e-02 9.47965086e-02 1.26524970e-01 5.77244274e-02 1.51509102e-02 -1.23874412e-03 -1.32310897e-01 -1.42364308e-01 1.73664149e-02 3.76775742e-01 -5.40078767e-02 -5.97751290e-02 3.71684991e-02 -2.55636573e-01
-3.90462250e-01 1.44424243e-02 -1.17312528e-01 -1.05140358e-01 -1.88841030e-01 3.26072611e-02 -9.56996083e-02 7.24097788e-01 -1.94297418e-01 -8.33915100e-02 -1.94554031e-01 7.15689063e-01 5.32494187e-01 2.63296574e-01 3.04788083e-01 1.86664432e-01 -1.42470017e-01 1.03132822e-01 -1.92143872e-01 1.40781503e-03 -1.13397017e-01 -6.06189489e-01 -6.44814521e-02 -2.40300894e-01 -3.20668012e-01 -1.39701203e-01 -6.42158568e-01 3.83242428e-01 -2.28920713e-01 -2.82456487e-01 -6.96324781e-02 4.92274582e-01
3.91585007e-02 -1.58170521e-01 6.22846425e-01 2.25400463e-01 -6.77314460e-01 2.03352153e-01 2.95107812e-01 -6.03121400e-01 5.37646532e-01 2.93502152e-01 -1.26820058e-01 4.56459939e-01 -6.17502108e-02 1.11402176e-01 1.41227484e-01 -2.11369729e+00 1.48271307e-01 -1.09735703e+00 1.44861743e-01 2.10533559e-01 -9.27979797e-02 2.04984084e-01 2.11428016e-01 1.49755195e-01 -1.84667468e-01 -5.04544914e-01 -1.09002434e-01 -2.06296816e-01 -4.14026797e-01 -5.20595849e-01 3.91442090e-01 -3.41912657e-01
-5.62026352e-02 7.83291832e-02 -2.41407633e-01 1.79467097e-01 -8.11105128e-03 -1.87839240e-01 2.70922840e-01 -2.40163252e-01 -5.63173592e-01 1.52497780e+00 -3.47064167e-01 -8.64087939e-02 -3.03483456e-01 1.30195606e+00 -3.04036319e-01 1.08558163e-01 3.49691398e-02 6.40431345e-02 -3.81049924e-02 -2.98749864e-01 -8.37288648e-02 1.49177670e-01 -1.11737974e-01 -1.36169598e-01 -2.59462208e-01 3.17009725e-02 4.61778402e-01 5.72330236e-01 8.50450769e-02 -4.39889222e-01 2.00310498e-01 1.47191826e-02
-2.62188166e-01 -2.89970726e-01 6.73882306e-01 5.05614877e-01 -2.31848180e-01 -2.48345703e-01 -9.47244525e-01 1.54625252e-01 9.90960374e-02 5.41624188e-01 1.02836370e-01 -7.77812526e-02 9.23944861e-02 2.90765226e-01 -1.51826203e-01 5.38330019e-01 -5.92649803e-02 1.09793693e-01 -2.38310665e-01 -3.92031789e-01 9.68004763e-01 4.07828182e-01 4.95638967e-01 -5.21441162e-01 -5.97230755e-02 -1.49790524e-03 -1.81094348e-01 3.17347884e-01 -1.11727960e-01 3.58390838e-01 -8.07870403e-02 -2.07244962e-01
1.44417262e+00 -3.40756595e-01 4.51883912e-01 9.38995063e-01 -2.86974579e-01 5.41140363e-02 -6.04580343e-01 -6.10623479e-01 4.05921876e-01 -1.07352638e+00 -3.33263963e-01 8.04581702e-01 -1.20508873e+00 -2.64420718e-01 6.24472678e-01 -3.28564137e-01 -4.82693911e-02 6.12948649e-02 7.29013801e-01 7.84066916e-01 1.23189017e-01 -4.39703345e-01 -2.12975907e+00 -5.54000437e-01 4.34110403e-01 5.69965482e-01 -8.42451453e-01 -1.64917618e-01 -1.41765535e-01 1.21269310e+00 -8.35430741e-01 -7.11786095e-03
-1.42528201e-02 1.72154024e-01 -5.28530031e-02 -5.11147790e-02 -1.53499097e-01 -2.83339266e-02 1.68161672e-02 -4.86986749e-02 -5.17327711e-02 -2.51672138e-02 4.19492796e-02 9.82160345e-02 8.60550404e-02 -6.12715892e-02 1.66421145e-01 -1.67638764e-01 9.68182459e-02 1.65930986e-01 -1.84035283e-02 -2.71845102e-01 1.24123015e-01 3.90138626e-02 4.01660614e-03 -1.85029842e-02 -3.09374124e-01 -3.68520655e-02 1.97733268e-02 -4.71415222e-02 -2.60037556e-02 -1.16481083e-02 7.96084944e-03 -2.25819945e-01
1.51257679e-01 3.46617490e-01 1.60137737e+00 4.21457112e-01 -1.10784376e+00 1.30645901e-01 -2.25600898e-01 -5.57671666e-01 8.47874522e-01 5.25877714e-01 1.83516845e-01 -3.55667084e-01 -8.69158804e-01 9.42397237e-01 -3.89466397e-02 -3.30630970e+00 -2.08089098e-01 -4.38310719e+00 4.09616560e-01 1.43754870e-01 -1.24360895e+00 9.57176566e-01 3.16601455e-01 1.65398553e-01 1.57631636e-01 -1.34209141e-01 -5.47598422e-01 6.34153128e-01 -1.91621706e-01 -3.16887647e-02 7.00158328e-02 6.59594536e-02
-7.31797516e-01 2.35135227e-01 3.98833901e-02 -6.72592700e-01 1.78121105e-01 -2.33008370e-01 -2.71931887e-01 4.40015733e-01 -2.31910478e-02 -7.51688853e-02 1.87633172e-01 -3.70774031e-01 3.72263968e-01 3.46053630e-01 -4.54407573e-01 6.81986064e-02 2.52207100e-01 5.72635941e-02 -3.13889354e-01 2.00265408e-01 1.27299920e-01 6.26374900e-01 1.71008319e-01 -3.50042641e-01 2.49020070e-01 2.69641876e-01 -6.40153468e-01 -1.79356992e-01 2.87369196e-03 -4.86611038e-01 -2.01800779e-01 -9.20957088e-01

layers.2.bias:
-1.41054642e+00
-8.45103145e-01
6.27401352e-01
-4.65683281e-01
2.07942903e-01
-4.37177390e-01
2.64310360e-01
2.18724346e+00
5.85995853e-01
8.82928431e-01
-9.89318550e-01
-1.41929150e+00
-3.24423671e-01
9.66027915e-01
-4.46599454e-01
-7.26444006e-01
-5.98591715e-02
-8.12057674e-01
3.22617471e-01
-8.34517255e-02
-3.00029010e-01
8.22144866e-01
8.95667911e-01
-1.65819451e-01
-3.86318117e-01
1.04368627e+00
-1.01599526e+00
-1.09284186e+00
5.33696353e-01
-1.21178186e+00
2.06968933e-01
-4.47760615e-03
8.63662899e-01
9.99991223e-02
-3.48866016e-01
-8.56319442e-03
-1.41102016e-01
1.41114438e+00
1.07055891e+00
-1.07944041e-01
1.00865376e+00
-1.95554987e-01
-5.65180182e-01
1.38951099e+00
2.53106862e-01
-9.26560521e-01
1.07380879e+00
-3.83067131e-01
8.41631830e-01
1.85001838e+00
1.40221298e-01
3.25810760e-01
1.03191793e-01
-6.88379347e-01
2.11430803e-01
-2.37683617e-02
8.25842977e-01
-5.99691533e-02
6.17244653e-02
-7.37698317e-01
8.05677772e-01
6.48088157e-02
-2.03919172e-01
8.01827013e-01

layers.4.weight:
3.48500162e-01 9.04835016e-02 -5.81218414e-02 1.88941546e-02 4.12654504e-02 1.13078587e-01 -1.63281977e-04 -7.62055516e-01 1.59893081e-01 -4.05641586e-01 5.73553666e-02 9.64233220e-01 -1.67862558e+00 -1.62142783e-01 2.40819342e-03 -1.43954968e+00 6.26923691e-04 6.65451810e-02 -8.16772282e-02 2.08139376e-04 -3.93531111e-04 -5.55620380e-02 -3.88006866e-02 2.30663955e-01 -3.49343419e-02 -6.65016174e-02 2.05448270e-02 7.91544437e-01 -3.57308120e-01 3.98345321e-01 -2.44095959e-02 -1.09676890e-01 -2.19231155e-02 -7.41507974e-04 6.03601821e-02 -6.09907738e-06 1.41049881e-04 -1.78899288e-01 -1.69337075e-02 2.09049717e-01 -2.39661504e-02 3.18252802e-01 6.05180487e-02 -1.35533139e-01 -5.98730403e-05 1.18462659e-01 -2.01641954e-02 1.21869915e-03 -8.45877454e-02 -7.18232036e-01 -8.25009048e-02 1.82980020e-02 8.37351254e-04 7.24095255e-02 -1.08725727e+00 -2.51953461e-04 -2.10509617e-02 -2.53171742e-01 -4.69267555e-02 6.58778772e-02 -3.57292257e-02 -4.80825343e-04 8.23931992e-01 -2.94551346e-02

layers.4.bias:
-1.14351809e+00

