layers.0.weight:
3.31696361e-01 -5.67613244e-01 7.97264636e-01
5.69172144e-01 -8.09445798e-01 -5.80563486e-01
-8.31293464e-02 -6.13938749e-01 -5.77727258e-01
-1.07055378e+00 1.15616508e-01 4.58123112e+00
2.67282110e-02 4.11940843e-01 1.16166264e-01
-5.79876065e-01 8.58121514e-01 -1.84879377e-01
-1.31842160e+00 4.86020595e-01 -9.88645032e-02
-6.01682402e-02 7.88846374e-01 -9.23566997e-01
6.03414774e-01 -9.26082134e-01 5.12713566e-02
-1.11527514e+00 5.86289167e-02 -1.64189592e-01
7.53551662e-01 -9.85680073e-02 1.41279221e+00
-7.16238439e-01 -1.31785080e-01 -1.29353356e+00
-4.30584475e-02 7.12955832e-01 -1.57757306e+00
-1.16726887e+00 2.10410804e-02 5.00053525e-01
-6.46977663e-01 1.09646142e+00 7.52028525e-01
-1.81771189e-01 9.48456824e-01 1.64468549e-02
5.46070874e-01 -6.33792400e-01 -1.45019031e+00
-1.15504665e-02 1.12846863e+00 1.84981868e-01
8.07071701e-02 -9.54183042e-01 5.35116851e-01
3.41117471e-01 -1.28724232e-01 -8.64976227e-01
2.23475501e-01 1.65966094e-01 -5.10879010e-02
-3.24195027e-01 -2.56797969e-01 -1.00232065e+00
-4.64660525e-01 1.65601885e+00 -4.46076952e-02
-1.56447518e+00 4.06930357e-01 1.75152493e+00
1.05132234e+00 3.79940838e-01 -7.78481364e-01
2.59609371e-01 6.71772659e-01 -1.17486012e+00
-1.16151750e-01 -2.13369340e-01 1.90187418e+00
-3.97779703e-01 -2.44972542e-01 1.92939892e-01
3.22416067e-01 7.57217348e-01 -1.46468067e+00
-1.04933763e-02 4.65525806e-01 1.70563948e+00
-2.89658904e+00 2.84448242e+00 -1.78299040e-01
-1.26738083e+00 -5.19488692e-01 1.02004325e+00

layers.0.bias:
8.77201200e-01
4.81547834e-03
-1.42384720e+00
-6.34384930e-01
7.07518518e-01
-2.04255387e-01
-3.54310095e-01
2.86240637e-01
-7.45998621e-01
-1.59115899e+00
1.64644122e-01
1.80825554e-02
2.46107668e-01
-1.21306002e+00
-2.90836543e-01
1.43946290e+00
9.34610724e-01
1.82654703e+00
-6.68276668e-01
5.78918040e-01
-1.44309163e-01
-1.35729384e+00
1.02535832e+00
-7.05530941e-02
1.36946186e-01
5.60703695e-01
8.80503118e-01
-1.57881156e-01
-4.88352716e-01
7.31267482e-02
8.91685039e-02
-6.70209900e-02

layers.2.weight:
-3.60445797e-01 1.93131670e-01 5.69983125e-02 -4.83129382e-01 -2.64167339e-02 3.66681851e-02 9.57524255e-02 -6.44249767e-02 -8.06139857e-02 2.85386705e+00 8.73138309e-02 6.71288297e-02 -2.24073783e-01 2.43006539e+00 -1.64079860e-01 3.88990015e-01 -7.65322372e-02 6.29355371e-01 1.48069680e-01 -2.77166784e-01 2.57493377e-01 -7.87090138e-02 -5.06751657e-01 6.11729860e-01 -1.06934138e-01 6.11704946e-01 -7.88178265e-01 -1.43979326e-01 -2.07512960e-01 -2.16589659e-01 -2.29911178e-01 2.65441298e-01
-7.61067495e-02 1.50613993e-01 -8.65732491e-01 4.65410203e-02 -3.60336214e-01 1.36617839e-01 -7.86370814e-01 -4.84776556e-01 5.79896092e-01 6.62035704e-01 3.52114916e-01 -2.81730175e-01 2.49696910e-01 -5.16810305e-02 -3.08478683e-01 2.12457255e-01 -3.60880375e-01 3.63548785e-01 -4.31968510e-01 -7.32359588e-02 6.83115661e-01 -1.47715390e-01 -4.06398684e-01 -6.36945665e-02 1.79609396e-02 -6.69851452e-02 -3.31805795e-01 -5.95932841e-01 8.24450627e-02 -2.24450529e-01 -2.68402733e-02 1.78535610e-01
8.01851824e-02 -7.35016242e-02 2.18111798e-01 -6.46817267e-01 -1.22262049e+00 -1.68320760e-02 -2.44701847e-01 1.84294343e-01 7.40084529e-01 9.13132906e-01 -3.88162971e-01 -2.28630468e-01 5.30662052e-02 2.28103101e-01 -1.98144838e-02 -1.19023180e+00 -3.80835384e-01 -1.21830034e+00 1.17480718e-01 -3.34318839e-02 -1.07261658e-01 -3.37026298e-01 2.94369817e-01 -1.02943003e+00 -7.73906887e-01 3.14460784e-01 -1.06801677e+00 2.91120023e-01 2.89885432e-01 -2.61239618e-01 1.97738513e-01 5.73620737e-01
3.24414521e-01 1.18559757e-02 1.14997327e-02 1.42266905e+00 4.57340926e-01 3.11869353e-01 5.81626415e-01 -3.13623130e-01 -6.71773627e-02 -1.21040784e-01 2.37749174e-01 -1.39925271e-01 -6.51206791e-01 8.20594430e-02 5.49980521e-01 4.48003858e-01 -2.00448051e-01 4.93752033e-01 4.00770068e-01 -8.52674603e-01 -9.15042579e-01 -2.28405386e-01 2.95775265e-01 1.32878375e+00 -6.17880821e-01 -6.27234757e-01 5.75177968e-01 3.27781707e-01 -7.40953624e-01 -8.66833180e-02 -9.28274691e-02 6.29037559e-01
6.74160644e-02 -3.14749032e-01 3.05977970e-01 -5.23076117e-01 1.10305339e-01 -2.75492400e-01 -9.64501143e-01 2.30758876e-01 -9.07518268e-02 -4.44239408e-01 3.55120152e-01 -6.90059543e-01 8.78886700e-01 -8.74937475e-01 -1.10343501e-01 -7.71057963e-01 -2.72340447e-01 -8.16046417e-01 -1.99059039e-01 -3.58704515e-02 8.51678789e-01 -4.72673684e-01 2.56246537e-01 -4.04843748e-01 -8.79245520e-01 7.10685611e-01 2.72512939e-02 -5.77228069e-01 -2.29577750e-01 5.43915093e-01 -1.01198278e-01 1.54063448e-01
-3.94847929e-01 1.97813749e-01 4.45889294e-01 1.53528914e-01 -9.69769299e-01 -2.56091237e-01 -2.37162933e-01 3.00468415e-01 3.00017089e-01 -1.25222191e-01 6.09643102e-01 2.95062989e-01 -6.65947646e-02 -2.07821995e-01 -2.82111019e-01 -1.21034193e+00 -4.01194751e-01 -1.50296235e+00 6.61778867e-01 -2.72195250e-01 -6.01266325e-01 1.07036149e-02 -5.93016028e-01 -2.04343304e-01 3.20666544e-02 1.00182548e-01 1.36890188e-01 1.14062595e+00 -1.51282191e-01 -4.44525182e-01 -1.07072353e+00 3.68242115e-01
-2.68127248e-02 4.88512102e-04 -2.26203263e-01 -2.32706801e-03 -1.42932057e-01 1.90780073e-01 -9.12681147e-02 -4.11628813e-01 -1.58678308e-01 2.16675937e-01 2.90572166e-01 6.02757521e-02 2.82637775e-01 -4.41509522e-02 1.27769671e-02 -2.38359943e-01 2.64430065e-02 8.32528844e-02 -3.50944847e-02 -3.18706036e-01 -3.80255669e-01 9.67576280e-02 8.60554874e-02 3.16701420e-02 1.50970116e-01 2.53123075e-01 -3.55293393e-01 -4.01106983e-01 -1.45030022e-01 7.90739134e-02 -1.12827666e-01 1.48937061e-01
3.15914065e-01 1.32701606e-01 -3.81713301e-01 3.64359081e-01 1.81481004e-01 -6.97339237e-01 1.30096555e-01 4.85898823e-01 1.29712135e-01 -2.90333658e-01 -1.18370771e-01 9.52720225e-01 3.05829555e-01 -5.43957472e-01 -2.02258736e-01 1.29756719e-01 5.14566243e-01 1.08030759e-01 2.64888376e-01 4.89397466e-01 -1.45523477e+00 -8.93941581e-01 6.71699718e-02 3.11146200e-01 1.94075018e-01 7.37737656e-01 6.10960841e-01 5.43937743e-01 -5.90321958e-01 5.01100540e-01 1.04295850e-01 -2.60784119e-01
-1.13327414e-01 3.52367908e-01 -4.15724188e-01 -3.63493085e-01 9.92712915e-01 -3.20202172e-01 -3.14728916e-01 -1.97279096e-01 -7.30708897e-01 4.80588615e-01 3.23973686e-01 3.71390462e-01 7.96471417e-01 -1.41008168e-01 1.32984268e-02 1.60264611e+00 4.43030357e-01 1.16689265e+00 -6.72924101e-01 -4.49276380e-02 8.28404278e-02 -1.27752930e-01 1.95178594e-02 1.85960144e-01 5.08512892e-02 4.85823929e-01 -5.89493215e-02 1.17768563e-01 9.89736989e-02 4.86604422e-02 2.32455516e+00 -2.91284829e-01
-6.06043160e-01 9.33369175e-02 -1.15442395e-01 -5.12236774e-01 4.45563972e-01 6.86523458e-03 -3.67558748e-02 3.65612060e-01 4.00604635e-01 -1.75866067e-01 2.10137386e-02 2.32162252e-01 1.74495444e-01 1.86243698e-01 -3.50798905e-01 -5.83671510e-01 3.19983631e-01 -3.82273555e-01 -4.07114327e-01 -4.62948158e-02 -6.54592574e-01 -2.43090376e-01 9.51064005e-02 -4.57352698e-02 -2.35552534e-01 -1.00579701e-01 -1.64034083e-01 2.43577883e-01 2.54861206e-01 1.74014732e-01 1.12896733e-01 6.35986589e-03
2.82525808e-01 -2.86361665e-01 1.76263433e-02 -3.98379207e-01 -7.88305938e-01 -4.02192205e-01 -3.89344066e-01 1.62476927e-01 5.61237395e-01 2.56337434e-01 -5.65898299e-01 -7.71441832e-02 8.89416754e-01 -3.13355029e-01 -2.20404357e-01 -3.53045762e-01 -6.12695634e-01 -1.07717967e+00 8.78341310e-03 -7.32018333e-03 1.02106154e+00 -2.19607919e-01 -9.98546898e-01 1.36933491e-01 -7.85491318e-02 -3.13409306e-02 -4.69225675e-01 -5.34613132e-01 2.70712733e-01 -4.33134794e-01 -3.72155644e-02 3.64173800e-01
-1.18671700e-01 -8.77973214e-02 1.68751526e+00 -8.82304370e-01 -7.75856495e-01 1.52995244e-01 -3.83283049e-02 -3.80189329e-01 2.44045541e-01 1.85647964e+00 2.93501783e-02 -1.42330900e-01 3.02241176e-01 3.18219757e+00 6.92954734e-02 -7.81770289e-01 3.00672680e-01 -2.49476981e+00 5.51467240e-01 -3.21645200e-01 2.96160460e-01 6.07452035e-01 -2.56268859e-01 8.18072319e-01 -3.90652269e-02 -5.38543403e-01 2.83797204e-01 -1.45664304e-01 1.30892783e-01 2.81991772e-02 1.08146928e-01 -3.73720586e-01
-5.91856480e-01 -1.49029791e-01 9.13285315e-01 3.86556506e-01 -6.17608190e-01 5.93352556e-01 4.07115743e-02 -9.28655267e-01 3.34103316e-01 4.70614612e-01 2.15028554e-01 1.74177065e-01 -4.85753894e-01 -9.17431712e-02 4.30088162e-01 -4.19733858e+00 -6.72878325e-02 -5.99765253e+00 6.05923474e-01 -9.58256543e-01 -7.16920674e-01 4.21352834e-01 6.01981223e-01 -1.14442416e-01 -2.91492730e-01 -2.19569832e-01 -3.77387553e-01 6.32456720e-01 -6.16249204e-01 -3.54450226e-01 -9.55633700e-01 -2.23778233e-01
7.11678118e-02 -1.05215177e-01 -6.38050854e-01 -4.26855385e-02 -2.10589662e-01 -1.13296732e-01 2.41955861e-01 3.05242211e-01 4.46919829e-01 -2.51216680e-01 5.57831168e-01 -2.15902254e-01 3.08440417e-01 -7.96940565e-01 -4.21184421e-01 -1.22039966e-01 -2.38976896e-01 1.79217741e-01 -4.83577177e-02 1.18825234e-01 -5.79133146e-02 -1.66285783e-01 -6.54873848e-02 -2.05708981e-01 -1.51850134e-01 7.33386278e-01 1.59717668e-02 7.57979527e-02 -2.06567198e-01 2.78545171e-01 1.02605045e-01 3.85483414e-01
-1.01681638e+00 2.04875335e-01 -2.95823067e-02 3.29401255e-01 -1.78159580e-01 7.02092171e-01 -3.17211449e-01 -1.09527178e-01 3.64826500e-01 -1.13041937e-01 -7.80889630e-01 2.55606771e-01 1.63915232e-01 -2.83968538e-01 -2.70320415e-01 -7.28212118e-01 2.32690081e-01 -8.17737460e-01 -3.42654943e-01 3.23938340e-01 1.31156254e+00 9.99744356e-01 2.31230892e-02 1.98360577e-01 -4.51185614e-01 1.13375738e-01 -6.01038218e-01 1.83655053e-01 7.82401979e-01 -2.55262762e-01 -5.93279190e-02 2.17018902e-01
-5.70358574e-01 -8.09804797e-02 8.13832209e-02 1.42444924e-01 -2.91981786e-01 3.10439914e-01 -9.68520582e-01 -9.24085751e-02 1.09465018e-01 5.23146963e+00 5.74869692e-01 4.06667858e-01 2.12288111e-01 2.65464425e+00 2.52726786e-02 -5.26786633e-02 -4.44126636e-01 -1.50614575e-01 5.18275052e-02 -2.15631366e-01 -6.58133507e-01 4.09444660e-01 2.34553665e-01 2.73200035e-01 -3.53215754e-01 -4.30799723e-01 -6.26845896e-01 2.94426560e-01 -1.23256907e-01 -6.50903761e-01 2.87527263e-01 -2.81373233e-01
-6.29783468e-03 1.44467875e-01 -6.01320341e-02 2.96218768e-02 3.17152888e-02 3.20065953e-03 4.05996740e-02 -6.14396930e-02 2.57847495e-02 -1.57733187e-01 6.87906966e-02 4.14860472e-02 5.10799810e-02 9.62243676e-02 1.11165173e-01 2.09079888e-02 4.34603021e-02 1.68861300e-02 -1.89755796e-04 1.17105328e-01 2.74715215e-01 1.14155091e-01 -1.96022820e-02 3.42428982e-02 6.22142851e-02 2.58148666e-02 5.24015166e-02 2.37131253e-01 -2.47531640e-03 -4.05736500e-03 1.43875824e-02 2.89545208e-02
1.42985478e-01 -1.47618398e-01 -6.31045938e-01 5.91262877e-02 2.63628840e-01 -1.72152877e-01 -1.80605575e-01 -3.25633436e-01 2.52759725e-01 -6.52570188e-01 7.70024359e-02 -3.21964510e-02 1.90322489e-01 8.10181648e-02 -5.31420484e-02 2.07436353e-01 -3.23160440e-01 5.61163545e-01 -1.21167742e-01 9.01283264e-01 3.04840624e-01 6.45227954e-02 -4.23694223e-01 -1.10949002e-01 -1.70481905e-01 -4.52702254e-01 8.53401303e-01 -4.93104100e-01 2.29421452e-01 3.22280109e-01 -6.46399986e-03 2.44984627e-01
-2.46517673e-01 -8.62313807e-02 -3.81831914e-01 -1.68894440e-01 5.64628184e-01 -1.33432890e-03 6.33423328e-02 9.22090113e-02 4.38380390e-01 -4.81643617e-01 -1.20388925e-01 -9.71436083e-01 4.36032921e-01 -2.20630676e-01 -1.81377843e-01 2.58387357e-01 -1.46696478e-01 4.91232455e-01 1.51339620e-01 -9.45931450e-02 1.66764781e-02 -2.44385719e-01 4.91779715e-01 -2.98421472e-01 2.91816741e-01 1.66304141e-01 -1.39797524e-01 2.67519832e-01 4.00671363e-02 3.89009029e-01 4.13290203e-01 7.45038465e-02
6.28453195e-02 1.82372764e-01 -4.95077111e-03 6.96932375e-02 -6.90581650e-02 1.00380562e-01 -2.87495479e-02 -7.89452046e-02 5.53584993e-02 7.53172189e-02 7.06262067e-02 1.13903731e-01 -6.69561028e-02 -6.20438568e-02 1.04344450e-01 4.58774149e-01 5.86487912e-02 -2.88556099e-01 4.16500866e-02 -1.01488583e-01 -1.11898147e-01 -1.30732864e-01 -5.28187258e-03 -2.94803400e-02 3.89323570e-02 1.28912985e-01 5.65066980e-03 8.84670950e-03 1.15732215e-01 1.45188384e-02 1.01604778e-03 3.95191796e-02
3.54194820e-01 -1.03232861e-01 6.89301908e-01 5.84043682e-01 -3.99600893e-01 -8.86299089e-02 -6.58501685e-01 -1.10999420e-01 -2.16297314e-01 -6.81420743e-01 -3.01386230e-02 8.68496001e-01 4.44871247e-01 -4.05151755e-01 6.94381535e-01 2.88458169e-01 -3.88641586e-03 -3.67229700e-01 4.18727785e-01 4.45135951e-01 -3.17617923e-01 9.98094827e-02 6.37375712e-01 1.12699322e-01 1.17275283e-01 -4.15782273e-01 1.43162057e-01 2.07423225e-01 -1.02133207e-01 -2.63632406e-02 1.60329729e-01 4.41182584e-01
2.53083259e-01 -1.03526525e-01 3.28311622e-02 1.65928274e-01 4.67732176e-02 1.44309074e-01 9.13967252e-01 6.31820634e-02 4.80062217e-01 2.42049381e-01 3.45366210e-01 3.58533531e-01 -4.10967410e-01 -5.62152863e-01 8.94337073e-02 -9.82510090e-01 -4.95421886e-02 -6.88384533e-01 -6.87872246e-02 -4.46425080e-01 -5.20993471e-01 -1.67971756e-02 2.34638318e-01 -1.97688043e-02 1.03259385e-01 -4.30719018e-01 -6.89735830e-01 4.22752172e-01 -1.07075073e-01 -1.72792152e-01 2.23963022e-01 -9.69858989e-02
7.27795437e-02 1.09701436e-02 -2.78096706e-01 4.00617927e-01 6.79270923e-03 3.54112238e-01 3.48257035e-01 -2.54860461e-01 -2.89878786e-01 3.29501331e-01 1.57095585e-02 8.87267441e-02 4.43921894e-01 4.75777864e-01 -1.88745558e-01 -5.67089260e-01 5.72512269e-01 -1.71425462e-01 3.93417478e-02 -2.20564380e-01 -3.64037931e-01 4.90062274e-02 -4.08294499e-01 1.74546838e-01 -3.47368956e-01 -9.75988954e-02 -6.13139234e-02 -4.99241233e-01 6.26752451e-02 -1.22706026e-01 -4.67483699e-02 -3.03662241e-01
7.84804881e-01 -2.96364930e-02 -2.58413702e-01 1.61685690e-01 1.20973259e-01 -5.15235186e-01 -2.36903802e-02 3.19838196e-01 2.98081249e-01 -2.54603434e+00 1.03258729e-01 1.79605275e-01 3.83477390e-01 -1.60718000e+00 1.13312483e-01 3.18086147e-01 1.43294513e-01 2.16016874e-01 -2.06378192e-01 -2.27709324e-03 4.64336127e-01 -2.05250263e-01 -3.65853041e-01 -4.17700596e-02 -3.91669422e-01 -1.93280533e-01 -6.17942847e-02 -1.31609887e-01 2.13860333e-01 1.00378923e-01 -2.69501030e-01 -1.54500857e-01
-9.33910251e-01 1.65092781e-01 -2.16961578e-02 1.08735882e-01 5.34938537e-02 -3.26785952e-01 1.13581729e+00 -1.93477254e-02 -1.11000979e+00 7.76023269e-01 -7.51441538e-01 5.67837767e-02 1.85420170e-01 8.28836262e-02 -7.22407877e-01 1.08825898e+00 6.16769731e-01 7.85723209e-01 -1.20977700e-01 2.64152866e-02 -3.13962609e-01 4.69436914e-01 5.57109535e-01 9.45168316e-01 -5.21551192e-01 5.25139034e-01 -6.31823063e-01 4.74408269e-02 8.66727710e-01 -4.66264218e-01 9.12985876e-02 1.45878389e-01
-5.53854227e-01 5.95078588e-01 -3.06983162e-02 -1.52080938e-01 5.29275775e-01 1.68067083e-01 3.62012014e-02 5.16589284e-01 -3.14542741e-01 5.06443322e-01 5.42724803e-02 -1.38911411e-01 2.25900188e-01 2.58917838e-01 -5.36925316e-01 -2.65855849e-01 -1.25702530e-01 -1.02133520e-01 3.94905269e-01 -4.10339177e-01 -1.30680269e-02 -2.64477670e-01 7.72523927e-03 -5.49531758e-01 1.17719457e-01 -2.01239049e-01 -5.74774563e-01 -4.69884187e-01 1.76669970e-01 -3.76174450e-01 -2.18933240e-01 -3.18538606e-01
-1.45455852e-01 2.27337122e-01 4.60752219e-01 3.49175274e-01 -2.57132441e-01 -2.96009570e-01 -1.09032318e-01 1.21087977e-03 2.61817038e-01 -4.43702072e-01 -6.01488471e-01 -4.91876081e-02 -2.60879844e-01 -2.59499371e-01 6.03595674e-02 6.71412408e-01 -8.80681574e-02 2.28603810e-01 2.81186253e-01 2.06031054e-01 4.10682671e-02 -7.24761009e-01 1.73822016e-01 8.28231350e-02 2.76828021e-01 1.63961560e-01 2.76305387e-03 -5.23991346e-01 -2.66288429e-01 -1.28298908e-01 7.59634674e-02 -2.51424611e-01
-8.19534957e-01 4.39508528e-01 -6.60348177e-01 -9.82269049e-01 -1.61361665e-01 -2.02596977e-01 -3.57297510e-01 3.71249378e-01 8.32644477e-02 4.47930366e-01 -1.09796273e-02 1.50143176e-01 1.51397780e-01 2.88492501e-01 1.63972601e-02 1.08086872e+00 6.61745131e-01 1.26001799e+00 -7.24915922e-01 4.78388332e-02 5.97696722e-01 -8.04124057e-01 -6.02990627e-01 4.25930500e-01 -1.76700756e-01 -4.61291760e-01 3.04435909e-01 2.93108165e-01 5.49262226e-01 -7.86554277e-01 2.45434389e-01 -2.42772192e-01
1.73396900e-01 -5.40647388e-01 -3.10139563e-02 -9.95762125e-02 -7.12646365e-01 5.03310084e-01 9.07869861e-02 -4.92526144e-01 5.22972226e-01 9.04353261e-01 -2.10923269e-01 1.04008198e-01 5.34160972e-01 4.05250043e-01 1.97067522e-02 -1.07544601e+00 -4.65868711e-01 -1.12859178e+00 9.79995057e-02 1.98412776e-01 2.32268840e-01 3.47177058e-01 1.63698688e-01 1.58027589e-01 2.22745791e-01 8.51151943e-02 -3.94273847e-01 -2.14752316e-01 -2.93914944e-01 -3.23092610e-01 4.46551561e-01 3.73521060e-01
-1.15582190e-01 -1.04837108e+00 4.17329580e-01 1.52537990e+00 1.09158374e-01 1.53523415e-01 -6.21345341e-02 -2.05112264e-01 -2.88969934e-01 2.91625589e-01 1.02933407e+00 -9.30438399e-01 -1.04576147e+00 -2.91932642e-01 2.60545403e-01 2.07276307e-02 -1.30285192e+00 5.91892600e-01 5.66015899e-01 -6.43199742e-01 9.57418501e-01 2.49579117e-01 7.62571618e-02 -1.86068788e-01 1.80096984e-01 -4.47556376e-01 1.47557303e-01 -1.02732614e-01 -8.21707785e-01 1.20725858e+00 -5.69503725e-01 -1.65071979e-01
-1.00031567e+00 -2.64756143e-01 2.72549391e-01 1.97934717e-01 3.17150243e-02 3.81435812e-01 4.29570466e-01 1.23741299e-01 -6.88397110e-01 -1.08133942e-01 -9.24449205e-01 1.90141141e-01 4.16830778e-01 1.55608684e-01 2.57952064e-01 5.82984388e-01 2.86043048e-01 2.38758564e-01 -8.46560478e-01 -4.17810321e-01 -8.69906306e-01 4.57146347e-01 1.56072870e-01 -6.30072296e-01 1.05991349e-01 5.40421486e-01 -5.04279174e-02 2.28976384e-01 -4.62058693e-01 -1.56378314e-01 -8.77467766e-02 6.10492826e-02
-3.43565792e-01 -3.67428780e-01 -1.58136025e-01 -1.48335934e-01 -2.07020432e-01 6.72681108e-02 2.57615834e-01 2.91528463e-01 -6.71457291e-01 1.45192909e+00 -1.47517294e-01 -1.02539688e-01 -4.99930799e-01 4.96519029e-01 -1.10913984e-01 3.45561542e-02 1.20308399e-02 1.87483042e-01 -8.31614658e-02 -1.96887642e-01 2.36094385e-01 1.57528177e-01 5.51002800e-01 3.71080413e-02 6.81244284e-02 -4.76660691e-02 -1.88793987e-01 1.73874095e-01 3.21506917e-01 3.14222217e-01 3.57530415e-01 8.41211230e-02
1.46837218e-03 -2.36321270e-01 -4.38452139e-02 -1.01419255e-01 -2.81475633e-01 3.72234702e-01 -3.65542322e-01 -4.40179348e-01 2.30526835e-01 -5.10648370e-01 3.64809595e-02 4.14815038e-01 2.01758578e-01 2.24851325e-01 2.00669274e-01 -5.40627599e-01 -3.63513380e-01 -1.16452193e+00 -1.74007677e-02 -2.64820457e-01 -1.36818171e-01 8.36401403e-01 3.26228619e-01 5.83521545e-01 -4.43331629e-01 1.43603310e-01 1.30862415e-01 -2.82583207e-01 -3.86951298e-01 -2.64051437e-01 -1.92768544e-01 -9.11126137e-02
2.08227895e-02 -5.24549820e-02 1.42300561e-01 -8.94356966e-02 2.13953972e-01 -9.73115414e-02 -7.44737990e-05 -3.30460787e-01 -1.94141567e-01 3.19598347e-01 1.37881786e-01 1.75831407e-01 7.79141709e-02 -3.02989960e-01 -5.55142388e-02 -2.83413023e-01 6.21371791e-02 1.24528795e-01 -1.69025585e-01 -5.48505247e-01 1.14308007e-01 -1.49866223e-01 -9.84214321e-02 -3.49943489e-02 -2.18121316e-02 2.07426533e-01 -6.11953884e-02 6.69053793e-02 1.13852203e-01 7.20104501e-02 -2.89226361e-02 1.34569744e-03
7.45786801e-02 -5.44770420e-01 -1.85356155e-01 7.72604585e-01 -3.91066313e-01 -4.84438509e-01 1.71530336e-01 -1.78283766e-01 -8.00709128e-02 3.02816796e+00 -5.51601827e-01 9.66587842e-01 6.38356268e-01 8.81236374e-01 7.67247856e-01 5.64829707e-02 3.17159258e-02 1.77477077e-02 6.29820347e-01 3.57264638e-01 2.38888770e-01 1.60922095e-01 -2.51656860e-01 1.06666219e+00 -3.77678759e-02 1.16972163e-01 -2.94861734e-01 2.90031970e-01 1.96595974e-02 4.36410308e-02 8.91826451e-01 1.46063520e-02
-9.70166847e-02 1.79849759e-01 1.41012371e-01 7.50719532e-02 2.55514849e-02 -5.44285700e-02 7.85346143e-03 1.05869964e-01 2.62824316e-02 -6.40088739e-03 1.67356879e-01 7.94380382e-02 8.88468996e-02 -2.38642376e-03 1.40375018e-01 2.13252321e-01 2.53924746e-02 -1.09337427e-01 -7.14364788e-03 8.80298167e-02 -1.58241510e-01 -4.12194915e-02 -4.60503325e-02 9.65243671e-05 -4.52371508e-01 -2.23766372e-01 4.89857420e-02 -1.39560059e-01 -6.77110776e-02 -5.32737002e-02 3.90184000e-02 -4.64821756e-01
3.02846334e-03 -7.91259408e-02 -4.21643108e-02 2.67495885e-02 -2.35207647e-01 1.95165370e-02 -3.50607969e-02 1.61171198e-01 6.73523173e-02 -3.75825614e-02 -1.07915578e-02 -2.13213470e-02 -6.76058531e-02 4.05746475e-02 -7.66338408e-02 2.29918227e-01 -1.20162055e-01 -1.09830745e-01 2.05493756e-02 3.30408931e-01 -2.40861565e-01 -9.23745185e-02 -8.39005318e-03 -1.53601710e-02 1.48619357e-02 -9.26147997e-02 -6.09976128e-02 -6.83846325e-02 -5.64472303e-02 5.49948588e-02 3.67388614e-02 -5.39809698e-03
8.08739901e-01 -2.85251200e-01 3.21822196e-01 3.50235403e-01 -4.53899741e-01 3.07777561e-02 -5.84994614e-01 1.01060106e-03 6.96221530e-01 7.33760148e-02 -1.75209969e-01 3.46720889e-02 4.66343239e-02 2.46749982e-01 7.57409453e-01 -8.88992310e-01 -4.69523638e-01 -8.47707689e-01 5.23689091e-01 -2.82954901e-01 -7.30485618e-01 2.19248414e-01 -1.05354212e-01 2.17251211e-01 7.89057970e-01 -4.03598920e-02 2.33357087e-01 -1.45921946e-01 -5.34242392e-01 2.36783743e-01 1.19961098e-01 1.24115087e-01
1.59572288e-01 -3.98051351e-01 -2.98330784e-01 4.28504497e-01 1.85318351e-01 -6.12972021e-01 6.17313422e-02 -5.65429851e-02 2.94036537e-01 -2.74108529e-01 -2.17361256e-01 4.32604432e-01 3.27381670e-01 -2.85988271e-01 2.39551783e-01 -6.09140098e-01 -3.34724784e-01 -7.63341367e-01 5.58757603e-01 -4.12267655e-01 -2.34431192e-01 -8.89201462e-02 3.39978397e-01 6.45069599e-01 -1.10831894e-01 -3.46772641e-01 4.61620778e-01 -6.79265931e-02 -1.28591180e-01 -4.00448382e-01 8.43595043e-02 2.18417540e-01
4.10696045e-02 -4.20657843e-02 7.51162410e-01 8.60137939e-02 -1.16163945e+00 -3.48956704e-01 2.77690917e-01 -1.18072338e-01 7.15273976e-01 5.81432283e-01 -1.41689852e-01 -3.55289787e-01 3.05902548e-02 6.81392491e-01 2.37237522e-03 -2.35918355e+00 -3.24081719e-01 -2.82326770e+00 1.56259954e-01 1.49900820e-02 -7.84536839e-01 6.56615973e-01 1.59874871e-01 1.10835940e-01 2.28529304e-01 1.38142869e-01 3.16215634e-01 1.65182635e-01 -1.49718851e-01 -7.91699290e-01 -7.69753933e-01 1.80422425e-01
-1.69558465e-01 -2.39267051e-01 -2.63446897e-01 -2.78029472e-01 -2.67071247e-01 5.39555132e-01 1.67960644e-01 -1.05892025e-01 -1.13508575e-01 3.52723181e-01 -1.95880055e-01 1.65753171e-01 5.61588965e-02 -2.70278871e-01 -1.43142462e-01 -4.92982090e-01 3.11648786e-01 -6.12140596e-01 -2.81798571e-01 3.36073451e-02 -3.70097458e-01 3.83422524e-01 -1.69931114e-01 3.69314581e-01 3.51875365e-01 -5.14909565e-01 4.86027777e-01 9.52874348e-02 6.34252056e-02 1.34506613e-01 -9.83147845e-02 4.23785001e-02
4.55671787e-01 7.03575552e-01 7.03568280e-01 -4.21382457e-01 1.40384182e-01 1.50520638e-01 1.99773848e-01 -9.57993045e-02 -8.32729816e-01 9.74501610e-01 -3.07612211e-01 -2.18417197e-01 -4.19198424e-01 1.12611592e+00 1.38733059e-01 1.45353138e-01 4.71032001e-02 -9.78102922e-01 2.86556780e-01 -2.60580480e-01 2.55223792e-02 7.22185552e-01 -1.65748045e-01 -4.18911934e-01 6.27429008e-01 -7.49535382e-01 4.72240597e-01 -2.56777238e-02 -3.22523534e-01 -6.20534956e-01 -6.27620444e-02 -4.49054003e-01
-2.74035502e-02 -4.05003101e-01 1.83878899e-01 -1.61553606e-01 -2.10079089e-01 1.30146861e-01 6.92089275e-02 -3.17778826e-01 -4.77890283e-01 -3.31388146e-01 -9.29039195e-02 -5.51717170e-03 -1.16087377e-01 4.99944091e-01 5.32930434e-01 3.40628296e-01 2.35505983e-01 -4.62324739e-01 7.04646185e-02 1.35190248e-01 -2.65397251e-01 2.89829791e-01 -3.41757476e-01 2.10707545e-01 -6.92995265e-02 -2.87488848e-01 4.21420515e-01 7.63503790e-01 -4.31136549e-01 -4.45686042e-01 2.53841758e-01 3.34339827e-01
-1.20973599e+00 -1.70592844e-01 3.36438278e-03 -1.19832540e+00 1.90083072e-01 1.31909564e-01 3.86707008e-01 5.86943746e-01 -1.87302783e-01 5.64271808e-01 -9.85042334e-01 7.04948187e-01 1.02577186e+00 5.18562555e-01 -3.60173941e-01 6.24620140e-01 3.47250581e-01 -1.52950510e-01 -4.71343935e-01 8.59213412e-01 -6.26413763e-01 -4.19066757e-01 -9.75318849e-02 9.88056064e-02 4.88937557e-01 9.45144057e-01 9.68324840e-01 7.07830787e-01 3.96026254e-01 -9.08105314e-01 4.17208105e-01 3.13598275e-01
-1.06175490e-01 9.38614160e-02 3.01918507e-01 -4.71984595e-02 3.27373207e-01 -9.81236696e-02 -2.12205332e-02 3.75330038e-02 -5.53221665e-02 1.81520805e-01 2.53177322e-02 1.77048650e-02 -1.06518380e-02 -1.11465268e-01 8.03546458e-02 -1.41242653e-01 8.91746283e-02 5.46072945e-02 -4.53929933e-05 -4.25611675e-01 1.31624117e-01 -1.07228644e-01 2.22127326e-02 7.08601531e-03 1.42671585e-01 -1.66587010e-02 7.30054751e-02 1.52897537e-01 4.97150496e-02 -8.82409737e-02 -2.30973493e-02 5.55577800e-02
-1.04091406e-01 2.91938215e-01 2.58130759e-01 -1.52887598e-01 1.48277000e-01 9.40749198e-02 6.90334141e-01 3.10337096e-01 1.19850770e-01 -1.21376526e+00 -3.78644854e-01 5.67390144e-01 6.87617898e-01 -3.51055145e-01 -5.01549184e-01 -3.05736989e-01 6.71087086e-01 -5.44196427e-01 -4.82176850e-03 -2.39274591e-01 7.49779224e-01 -2.96528041e-01 -2.62137828e-03 -1.41412771e+00 -3.88373852e-01 5.31902432e-01 -1.02269816e+00 -6.88017547e-01 2.89660901e-01 -1.65995240e-01 -1.68651510e-02 2.13323496e-02
6.28528357e-01 -3.13889980e-01 -3.03871721e-01 4.57073510e-01 -8.17524940e-02 -6.76645786e-02 -1.28243700e-01 -1.82569250e-01 5.36442697e-01 -1.22930087e-01 -9.69375744e-02 -6.67232275e-02 7.38641798e-01 -3.53260338e-01 3.67432296e-01 -4.32114840e-01 -4.40955572e-02 -5.57737648e-01 3.27587873e-01 -8.86828005e-02 -3.02497834e-01 8.58579203e-02 1.53452724e-01 1.57336175e-01 5.63339889e-03 -2.26053417e-01 8.10347617e-01 4.29559469e-01 -3.55100393e-01 3.53769124e-01 1.68093845e-01 2.75515735e-01
-1.71094537e-01 2.95207679e-01 -1.42133296e-01 -6.43880814e-02 -5.49995303e-01 -2.36484438e-01 1.15990870e-01 4.41529632e-01 -4.80189510e-02 -5.31424522e-01 -1.94128454e-01 1.03023481e-02 -3.27984065e-01 2.00495154e-01 2.81915516e-01 -1.51631460e-01 -1.28479391e-01 2.54312783e-01 6.65125847e-02 3.75906736e-01 -2.20563635e-01 -4.63536158e-02 -5.32084256e-02 -3.85608450e-02 -9.88527685e-02 -8.71351510e-02 2.54731059e-01 -3.22021574e-01 8.97559375e-02 -6.90279901e-03 6.16740994e-02 1.61245957e-01
6.99473172e-02 -5.25552094e-01 -1.29252344e-01 -8.88773873e-02 -4.01413254e-02 -1.61992922e-01 -4.29522842e-02 -1.81264490e-01 -3.85124147e-01 4.47605550e-01 5.24660805e-03 6.04211465e-02 3.38416606e-01 2.96253830e-01 -1.65719002e-01 -6.39285803e-01 -2.06970900e-01 -7.82322139e-02 4.59428504e-03 4.30904739e-02 7.43059441e-02 -5.78440689e-02 5.54698467e-01 7.64576271e-02 -3.87741536e-01 2.16098294e-01 3.56203288e-01 9.54502895e-02 -7.88432434e-02 1.41557559e-01 -4.30745743e-02 -2.08002821e-01
1.01789689e+00 2.35258378e-02 -6.01396799e-01 1.73413575e-01 3.07678074e-01 9.36214328e-02 4.87242430e-01 1.56201482e-01 -2.87570894e-01 -9.29080129e-01 -8.61874163e-01 1.38829017e+00 1.02424748e-01 -9.22807932e-01 2.77271092e-01 8.40006828e-01 5.39586656e-02 7.06121266e-01 -1.46206483e-01 1.14446424e-01 -1.53255737e+00 -3.94449770e-01 -8.19664657e-01 -1.03431650e-01 -4.27460998e-01 1.38210477e-02 2.25064814e-01 6.08751297e-01 -3.89675125e-02 4.37438972e-02 -6.00565746e-02 4.28191841e-01
-1.29904047e-01 -2.20131483e-02 -9.98263419e-01 -5.38986996e-02 3.48364532e-01 3.58546615e-01 2.86176652e-01 2.62549408e-02 -2.21953660e-01 4.91469204e-01 -4.06804919e-01 -1.14929688e+00 3.63484144e-01 4.45015907e-01 -3.17123771e-01 9.22980905e-01 -1.64433494e-01 1.50294650e+00 -4.52709049e-01 5.62557429e-02 2.05733731e-01 -1.53147921e-01 2.47792862e-02 7.39391148e-01 -3.04575592e-01 7.63550341e-01 -7.93859437e-02 -1.66053593e-01 1.11853652e-01 1.34411618e-01 6.53876603e-01 -7.16882572e-02
1.33465603e-01 3.33861619e-01 -1.81451961e-01 -6.98580921e-01 8.95780995e-02 5.96992195e-01 2.23585740e-01 8.20974588e-01 2.91196734e-01 1.32521749e-01 8.66268158e-01 -1.36590138e-01 1.61055118e-01 1.86041653e-01 8.32776576e-02 -3.16817611e-01 2.55512327e-01 1.41472474e-01 -3.19394827e-01 -4.60042804e-01 -1.21208176e-01 -2.46316582e-01 1.79804936e-01 1.05815865e-01 -6.57772645e-02 2.64259189e-01 -4.53771241e-02 -7.23729953e-02 -4.83835518e-01 1.73055336e-01 -2.92314500e-01 -6.98392987e-02
5.66062331e-02 4.50229831e-02 -1.36164665e-01 2.09783968e-02 -7.33754933e-02 4.91745919e-02 4.19464707e-02 7.71699101e-02 -1.72194503e-02 -3.88672613e-02 -5.26965745e-02 -3.84784698e-01 2.32831746e-01 2.32313365e-01 -2.47123167e-02 9.64137986e-02 7.95736238e-02 -3.67152989e-02 9.76701304e-02 2.40203187e-01 1.16365492e-01 2.90302306e-01 -7.75439804e-03 1.97499394e-01 -8.91883448e-02 -2.96473891e-01 -1.65042490e-01 -1.52770400e-01 -2.99825579e-01 -1.32073268e-01 1.31183770e-02 -2.86516041e-01
3.88785779e-01 -1.06636826e-02 5.82226276e-01 3.74206811e-01 3.08844119e-01 4.60037261e-01 9.92982805e-01 -3.35087866e-01 6.79465830e-01 -3.38125788e-02 -6.31913781e-01 1.81354046e-01 -5.00351846e-01 -3.69029433e-01 3.53719108e-02 2.05739260e-01 -5.86199045e-01 -5.25660753e-01 2.39250407e-01 -7.62444269e-03 -7.12455288e-02 6.03399634e-01 3.00903529e-01 6.28709912e-01 5.57654016e-02 -1.13261528e-01 -2.54299998e-01 1.48452148e-01 2.09052190e-01 3.95436853e-01 -4.20497395e-02 -2.38416456e-02
-2.94332236e-01 -5.27419686e-01 1.52967799e+00 9.70061645e-02 -9.97343421e-01 -1.76131457e-01 -1.18572068e+00 -1.00701571e+00 3.12689245e-01 1.07312787e+00 4.61332640e-03 -4.65378702e-01 -3.04043382e-01 1.05211294e+00 6.33155584e-01 -2.16909242e+00 1.51219651e-01 -2.91806030e+00 1.82178450e+00 8.06659043e-01 -5.79720080e-01 1.71946096e+00 -4.33465034e-01 2.76091814e-01 3.28755051e-01 -7.09974766e-01 -2.40918770e-01 4.15841460e-01 1.39355659e-01 4.59382609e-02 7.27052331e-01 1.71933755e-01
2.69594900e-02 -1.70178600e-02 5.89082167e-02 3.80427763e-02 4.20686930e-01 -8.50899424e-03 2.29451954e-02 1.45581840e-02 5.84272221e-02 1.11562461e-02 -8.14487413e-03 -7.04967901e-02 1.05683371e-01 -5.34433289e-04 -9.97742265e-03 -6.40760064e-02 8.24304670e-03 -3.49064209e-02 -6.10308312e-02 8.98858756e-02 1.56452328e-01 3.74023095e-02 -2.48814840e-02 1.58247747e-03 -1.30440831e-01 -1.38797104e-01 1.23066120e-02 3.15299958e-01 -4.31334302e-02 -6.12130351e-02 1.88191310e-02 -2.39298105e-01
-3.77375513e-01 1.73361495e-01 -1.31351069e-01 -7.20558241e-02 -2.80730218e-01 -4.51456979e-02 -1.63966894e-01 6.88140512e-01 1.45030189e-02 -1.11180872e-01 -1.67344511e-01 6.77364171e-01 4.98455912e-01 2.46816531e-01 1.08602919e-01 4.15778011e-02 -6.67848736e-02 4.00586873e-02 -1.16603389e-01 -1.49190668e-02 -1.54257417e-01 -6.24521375e-01 -2.69645244e-01 -2.01993629e-01 -3.70637357e-01 -1.82165816e-01 -6.09636724e-01 4.39788252e-01 -2.58717388e-01 -2.54169494e-01 -3.09962004e-01 5.38359404e-01
4.23193350e-02 -1.93977222e-01 5.69237590e-01 2.85164803e-01 -6.25965238e-01 2.23284975e-01 3.19669247e-01 -6.38810277e-01 5.45672596e-01 3.09913009e-01 -6.24880269e-02 3.91373128e-01 -1.20560147e-01 1.27380311e-01 1.79027036e-01 -2.10611343e+00 1.08234756e-01 -1.05478537e+00 1.33006275e-01 1.59206599e-01 -3.82353142e-02 1.50226563e-01 2.36494333e-01 2.00526223e-01 -2.11816773e-01 -5.62125802e-01 -4.98914197e-02 -2.37193599e-01 -4.36335951e-01 -4.61016089e-01 4.04462665e-01 -3.07440311e-01
-1.33654788e-01 8.17624107e-02 -1.64330378e-01 1.47279918e-01 -1.86534643e-01 -7.63634890e-02 2.89953470e-01 -1.98296756e-01 -4.88659531e-01 1.68031442e+00 -3.73826116e-01 -7.06161857e-02 -2.70146072e-01 1.32207119e+00 -3.05207938e-01 -6.41215667e-02 4.64250185e-02 -5.22023290e-02 -5.30405305e-02 -2.87932485e-01 1.48121212e-02 2.07487851e-01 -1.38433352e-01 -1.77212685e-01 -1.96939796e-01 6.44240975e-02 4.26761866e-01 4.90162611e-01 1.36196285e-01 -4.69917357e-01 2.56111085e-01 -3.98945026e-02
-1.81437403e-01 -2.60052145e-01 6.39016807e-01 5.02050281e-01 -1.76822245e-01 -3.16840261e-01 -1.00312328e+00 1.27902657e-01 1.43877238e-01 4.82726693e-01 1.08377524e-01 -7.49767572e-02 9.13358033e-02 2.40264878e-01 -1.86424002e-01 5.74791849e-01 -3.40307131e-02 1.23041742e-01 -1.69316113e-01 -3.63609046e-01 8.70860040e-01 4.07696366e-01 4.37797248e-01 -5.46704352e-01 -6.41993657e-02 9.99791897e-04 -1.81379616e-01 3.83608729e-01 -1.41485840e-01 3.53779584e-01 -1.46878317e-01 -2.00565249e-01
1.13202202e+00 -3.75336707e-01 5.30795097e-01 9.59938526e-01 -4.79295224e-01 2.11994514e-01 -7.58479118e-01 -5.94257712e-01 6.07734025e-01 -6.65473819e-01 -2.88034052e-01 7.35728681e-01 -1.21769536e+00 -2.08262905e-01 6.64573610e-01 -6.42207861e-01 -7.44432583e-02 -4.29374009e-01 7.05040693e-01 7.62388766e-01 2.96638936e-01 -4.37416822e-01 -2.07362533e+00 -5.04308820e-01 4.43142384e-01 5.71545482e-01 -8.22568059e-01 -3.11794966e-01 -2.31704861e-01 1.23641956e+00 -5.29429197e-01 -5.26851080e-02
-1.70330089e-02 1.66578025e-01 -5.49194068e-02 -5.27642258e-02 -1.25887692e-01 -2.46972498e-02 5.95864877e-02 -4.16181795e-02 -4.81736623e-02 -1.94432177e-02 4.32060808e-02 9.22466144e-02 8.93837735e-02 -5.81566207e-02 1.79401577e-01 -1.58256963e-01 1.05976053e-01 1.54023618e-01 -1.89140849e-02 -2.73061693e-01 1.45667806e-01 2.46556699e-02 -6.35833759e-03 -1.72319841e-02 -3.07206541e-01 -3.52833234e-02 1.63401812e-02 -9.75387171e-02 -2.60744244e-02 -1.04044937e-02 -2.75112428e-02 -2.10501045e-01
1.39401242e-01 3.46004725e-01 1.61642992e+00 4.17121679e-01 -1.14545345e+00 1.39336690e-01 -2.05102503e-01 -5.46797514e-01 8.37486207e-01 5.19807935e-01 1.89092115e-01 -3.53299290e-01 -8.66327226e-01 9.71559703e-01 -4.56636772e-02 -3.35000968e+00 -2.10117489e-01 -4.42854261e+00 3.83916557e-01 1.46988928e-01 -1.23062766e+00 9.66645896e-01 3.26018244e-01 1.65805593e-01 1.78616956e-01 -1.31514013e-01 -5.51331282e-01 6.52361035e-01 -1.76839679e-01 -3.82599048e-02 6.77704960e-02 3.88638414e-02
-8.30217242e-01 2.24286839e-01 1.49241745e-01 -7.31724322e-01 -8.73857066e-02 -1.77865937e-01 -1.96902484e-01 4.37484622e-01 1.91861410e-02 2.55631879e-02 1.24188833e-01 -3.05679411e-01 4.10913110e-01 4.82036203e-01 -4.43340063e-01 -3.72346580e-01 2.20134377e-01 -1.82736546e-01 -2.66992539e-01 1.21768460e-01 6.77277446e-02 7.06712544e-01 1.57965407e-01 -2.04974279e-01 -1.54460579e-01 2.36930817e-01 -7.03051686e-01 1.51004493e-01 6.61134124e-02 -5.50387442e-01 -1.23944141e-01 -7.38731980e-01

layers.2.bias:
-1.41380084e+00
-8.09672236e-01
4.53182667e-01
-4.95441705e-01
1.72250539e-01
-4.17162180e-01
2.28707030e-01
2.14736342e+00
5.03964424e-01
8.44456494e-01
-9.15716410e-01
-1.38385987e+00
-2.95897841e-01
9.41868305e-01
-3.14778745e-01
-7.56315768e-01
-5.98105788e-02
-7.86482096e-01
3.40527475e-01
-8.57125670e-02
-3.33518386e-01
7.98387051e-01
8.34396780e-01
-1.18141219e-01
-3.83999646e-01
1.03218722e+00
-9.77941930e-01
-1.10646987e+00
5.00476956e-01
-1.20214033e+00
-9.93223954e-03
-7.88160563e-02
8.71950090e-01
1.09272487e-01
-3.64640951e-01
-2.19280105e-02
-1.41578496e-01
1.37878036e+00
1.04160726e+00
-9.57444012e-02
9.99192595e-01
-1.83323368e-01
-5.38963616e-01
1.50241709e+00
2.52369523e-01
-9.01521444e-01
1.05200636e+00
-3.36698711e-01
8.25123727e-01
1.78424156e+00
2.37138972e-01
4.41453636e-01
9.21524763e-02
-6.60231352e-01
1.83937430e-01
-1.60688236e-02
8.31342280e-01
-1.02185354e-01
-6.87631145e-02
-6.77859068e-01
6.76999986e-01
7.60567635e-02
-2.08212927e-01
6.74409211e-01

layers.4.weight:
3.52550685e-01 2.80829165e-02 -4.96497341e-02 6.66133827e-03 1.27881644e-02 6.63456470e-02 5.84982103e-04 -7.32745230e-01 -5.24357408e-02 -3.88874084e-01 6.24768361e-02 9.31727946e-01 -1.65984190e+00 -1.32173628e-01 1.02852145e-02 -1.44086218e+00 -1.82123695e-04 6.13372996e-02 -1.33774485e-02 -3.52804309e-05 6.08947827e-04 -4.59070615e-02 -1.77961346e-02 2.22076163e-01 -5.52716292e-02 -4.15085703e-02 1.47107635e-02 7.71127045e-01 -3.64038825e-01 3.87169272e-01 -2.44620703e-02 -1.24078780e-01 -6.19374774e-03 7.34725094e-04 8.32558274e-02 -2.52781203e-04 -5.63611509e-04 -1.85211390e-01 -1.33261783e-02 1.81679666e-01 -3.78128700e-02 3.04982185e-01 3.38189937e-02 -1.24354370e-01 1.84659380e-04 1.29645750e-01 -1.40891392e-02 -4.23314370e-04 -7.66519532e-02 -6.88091576e-01 -6.31906763e-02 -1.90959356e-04 4.61130636e-04 3.13588344e-02 -1.12596190e+00 -4.63691918e-04 -8.05140659e-03 -2.73027629e-01 -6.58851489e-02 2.75500547e-02 -3.16677019e-02 2.69309850e-04 7.88362265e-01 -1.83775518e-02

layers.4.bias:
-1.11343145e+00

