layers.0.weight:
3.31696361e-01 -5.67613244e-01 7.97264636e-01
5.69172144e-01 -8.09445798e-01 -5.80563486e-01
-8.31293464e-02 -6.13938749e-01 -5.77727258e-01
-1.07055378e+00 1.15616508e-01 4.58123112e+00
2.67282110e-02 4.11940843e-01 1.16166264e-01
-5.79876065e-01 8.58121514e-01 -1.84879377e-01
-1.31842160e+00 4.86020595e-01 -9.88645032e-02
-6.01682402e-02 7.88846374e-01 -9.23566997e-01
6.03414774e-01 -9.26082134e-01 5.12713566e-02
-1.11527514e+00 5.86289167e-02 -1.64189592e-01
7.53551662e-01 -9.85680073e-02 1.41279221e+00
-7.16238439e-01 -1.31785080e-01 -1.29353356e+00
-4.30584475e-02 7.12955832e-01 -1.57757306e+00
-1.16726887e+00 2.10410804e-02 5.00053525e-01
-6.46977663e-01 1.09646142e+00 7.52028525e-01
-1.81771189e-01 9.48456824e-01 1.64468549e-02
5.46070874e-01 -6.33792400e-01 -1.45019031e+00
-1.15504665e-02 1.12846863e+00 1.84981868e-01
8.07071701e-02 -9.54183042e-01 5.35116851e-01
3.41117471e-01 -1.28724232e-01 -8.64976227e-01
2.23475501e-01 1.65966094e-01 -5.10879010e-02
-3.24195027e-01 -2.56797969e-01 -1.00232065e+00
-4.64660525e-01 1.65601885e+00 -4.46076952e-02
-1.56447518e+00 4.06930357e-01 1.75152493e+00
1.05132234e+00 3.79940838e-01 -7.78481364e-01
2.59609371e-01 6.71772659e-01 -1.17486012e+00
-1.16151750e-01 -2.13369340e-01 1.90187418e+00
-3.97779703e-01 -2.44972542e-01 1.92939892e-01
3.22416067e-01 7.57217348e-01 -1.46468067e+00
-1.04933763e-02 4.65525806e-01 1.70563948e+00
-2.89658904e+00 2.84448242e+00 -1.78299040e-01
-1.26738083e+00 -5.19488692e-01 1.02004325e+00

layers.0.bias:
8.77201200e-01
4.81547834e-03
-1.42384720e+00
-6.34384930e-01
7.07518518e-01
-2.04255387e-01
-3.54310095e-01
2.86240637e-01
-7.45998621e-01
-1.59115899e+00
1.64644122e-01
1.80825554e-02
2.46107668e-01
-1.21306002e+00
-2.90836543e-01
1.43946290e+00
9.34610724e-01
1.82654703e+00
-6.68276668e-01
5.78918040e-01
-1.44309163e-01
-1.35729384e+00
1.02535832e+00
-7.05530941e-02
1.36946186e-01
5.60703695e-01
8.80503118e-01
-1.57881156e-01
-4.88352716e-01
7.31267482e-02
8.91685039e-02
-6.70209900e-02

layers.2.weight:
-3.40787351e-01 1.26713187e-01 2.64571339e-01 -4.35176969e-01 -2.85408139e-01 1.22097559e-01 1.71806701e-02 -1.33894876e-01 -2.13275045e-01 3.17213845e+00 1.01603158e-01 -2.46394575e-02 -3.00698102e-01 2.54894161e+00 -3.42810042e-02 3.98459285e-01 -3.28491420e-01 5.88645101e-01 9.26660597e-02 -3.97280276e-01 3.23459029e-01 -4.05488983e-02 -3.60630780e-01 5.94540417e-01 -1.02137461e-01 5.22766292e-01 -7.41301775e-01 -1.55903578e-01 -2.74424881e-01 -1.02820449e-01 3.62273186e-01 2.78210878e-01
1.10259920e-01 1.60079882e-01 -1.01890743e+00 1.32525042e-01 -1.77482501e-01 -2.25008242e-02 -8.22675526e-01 -5.66596687e-01 6.21534109e-01 4.35840696e-01 4.78115052e-01 -3.66291910e-01 1.69140235e-01 -7.56445006e-02 -3.50784361e-01 3.47186059e-01 -3.17925483e-01 5.68767786e-01 -3.86792928e-01 -6.09481074e-02 5.60428798e-01 -3.15587401e-01 -4.78681475e-01 2.57527549e-02 -5.73689006e-02 -1.26488373e-01 -2.41328746e-01 -5.16435862e-01 -2.73064226e-02 -1.43219739e-01 -2.54516929e-01 2.62371719e-01
2.61854175e-02 1.00262456e-01 1.06753491e-01 -7.08483815e-01 -1.10603166e+00 -9.42281261e-02 -5.57234466e-01 2.45635986e-01 5.58302581e-01 6.97902322e-01 -4.72369045e-01 -1.80190533e-01 8.89888108e-02 1.24701783e-02 -1.90758422e-01 -1.28773153e+00 -8.34922194e-02 -1.36129451e+00 -5.99545753e-03 4.87525195e-01 -3.99125487e-01 -2.60083765e-01 3.27479869e-01 -1.39008665e+00 -8.93450454e-02 3.22437882e-01 -1.10279405e+00 -8.95977113e-03 3.49947602e-01 -3.50995123e-01 2.58113593e-02 3.00269872e-01
2.79581547e-01 -2.44672000e-02 3.24014537e-02 1.39704823e+00 4.64512855e-01 3.46058130e-01 6.27709210e-01 -2.91272432e-01 -9.17380005e-02 -7.55094141e-02 1.90122128e-01 -8.76160264e-02 -6.16103232e-01 1.28488228e-01 5.80933094e-01 5.97666144e-01 -2.50561476e-01 6.50645077e-01 4.00129050e-01 -9.51870024e-01 -1.00016522e+00 -1.84943318e-01 3.09383124e-01 1.41539931e+00 -6.99042916e-01 -6.34063601e-01 5.29612422e-01 4.83773887e-01 -7.06037581e-01 -1.20230399e-01 -5.48386090e-02 8.99975896e-01
2.89988220e-01 -3.75621974e-01 1.19865946e-01 -4.39503849e-01 2.84641236e-01 -4.33279097e-01 -1.01064157e+00 1.63690507e-01 -3.24390531e-01 -7.73856223e-01 3.55167836e-01 -5.23586452e-01 7.66827464e-01 -6.39865041e-01 -1.08313709e-01 -5.60717463e-01 -3.18356633e-01 -6.24002457e-01 -2.53987610e-01 -9.20717493e-02 7.50983119e-01 -6.54982984e-01 4.11853373e-01 -3.30342144e-01 -5.35484791e-01 6.43488646e-01 1.02596432e-01 -5.90438604e-01 -1.41163588e-01 5.70787072e-01 -2.31372625e-01 -2.76092291e-01
-4.66362953e-01 2.67501861e-01 5.07655859e-01 1.44477740e-01 -1.06417418e+00 -2.18323380e-01 -3.85979146e-01 2.79220551e-01 7.98223257e-01 7.21505135e-02 9.02640998e-01 -6.42215908e-02 -6.60242736e-02 -9.28808600e-02 -2.41682261e-01 -1.47778261e+00 -3.42274070e-01 -1.90539312e+00 6.60724401e-01 -2.06562191e-01 -4.02757466e-01 -9.08880867e-03 -4.55826581e-01 -3.07530284e-01 5.48810400e-02 8.10987875e-02 1.33911833e-01 9.16329145e-01 -2.68526196e-01 -3.82280022e-01 -1.31139529e+00 3.60413074e-01
1.69337783e-02 -2.36705877e-02 -2.61048645e-01 1.04816696e-02 -1.29463598e-01 1.68241203e-01 -3.52173001e-02 -3.90462846e-01 -1.58651248e-01 1.60611972e-01 3.25487375e-01 3.65547165e-02 2.94794470e-01 3.27288581e-04 1.31630222e-03 -3.01855594e-01 8.06632172e-03 4.13844809e-02 -6.69924393e-02 -3.20230484e-01 -3.96241754e-01 6.77496642e-02 2.85258889e-02 1.93849411e-02 1.53959513e-01 2.82220036e-01 -3.39249820e-01 -4.01870936e-01 -1.60424396e-01 7.89156258e-02 -7.87753239e-02 1.43236339e-01
2.53300697e-01 6.52515739e-02 -3.92147154e-01 3.48265916e-01 2.72753686e-01 -5.09870172e-01 1.20217942e-01 5.06676316e-01 4.84722741e-02 -2.15592548e-01 -1.28960207e-01 9.59840715e-01 3.22029740e-01 -4.09338385e-01 -1.38162285e-01 1.70794383e-01 5.18159270e-01 9.53946263e-02 2.19359085e-01 4.98696148e-01 -1.42768741e+00 -8.90337169e-01 2.25168496e-01 4.28827018e-01 2.25666702e-01 7.54244566e-01 5.95140338e-01 5.04440546e-01 -6.30232811e-01 4.87766385e-01 1.45740673e-01 -2.98773438e-01
2.37387255e-01 1.67545646e-01 -6.77207828e-01 -2.10907921e-01 1.40855265e+00 -5.07735968e-01 -4.44343060e-01 -3.55866909e-01 -8.48875463e-01 6.53059602e-01 2.24993393e-01 4.98455703e-01 6.44249797e-01 -5.03588049e-03 1.27229527e-01 2.12010002e+00 2.45564163e-01 1.45038950e+00 -5.95619738e-01 -1.93158969e-01 7.64627606e-02 -3.66018742e-01 1.48978323e-01 2.39812464e-01 3.03121030e-01 3.84582698e-01 9.90587920e-02 -5.18740751e-02 -3.60739566e-02 1.65510416e-01 2.50242424e+00 -5.33251822e-01
-6.63484514e-01 2.25075662e-01 -5.12923449e-02 -5.65920532e-01 3.26308370e-01 5.06899916e-02 -2.13519514e-01 4.11295325e-01 5.59797764e-01 -1.79021031e-01 -1.67424511e-02 1.85592398e-01 2.20049381e-01 1.23949304e-01 -3.67046386e-01 -8.49370837e-01 3.95831913e-01 -5.50022066e-01 -4.47812498e-01 5.83717087e-03 -6.22091174e-01 -1.92353860e-01 1.59558922e-01 1.30089028e-02 -2.32720599e-01 -7.04957172e-02 -2.15195268e-01 2.37512171e-01 2.91568309e-01 1.10363506e-01 -7.24714175e-02 4.34550596e-03
3.72235775e-01 -2.50156909e-01 9.79754627e-02 -4.08908635e-01 -9.38465595e-01 -6.55337036e-01 -3.63750547e-01 1.44215256e-01 6.19765341e-01 9.88945439e-02 -5.82046568e-01 -6.60141483e-02 9.04554188e-01 -6.07380807e-01 -2.03175485e-01 -5.16876221e-01 -6.37634516e-01 -1.55538940e+00 1.03808671e-01 -2.91175246e-02 1.05500650e+00 -2.17688277e-01 -1.20852125e+00 5.10153063e-02 -1.23492636e-01 -2.27185376e-02 -4.91505057e-01 -5.55479169e-01 2.42789775e-01 -4.52999622e-01 -1.16099134e-01 3.93369615e-01
-2.25134835e-01 8.41716677e-03 1.69711685e+00 -8.62932146e-01 -1.00774825e+00 2.08259121e-01 1.74339339e-02 -3.36403817e-01 1.19475864e-01 2.14143825e+00 6.04418572e-03 -1.03790246e-01 2.87823081e-01 3.19508338e+00 -8.68891329e-02 -8.75244081e-01 3.59757543e-01 -2.88262701e+00 4.69789416e-01 -3.55988383e-01 3.05343926e-01 5.99952519e-01 -2.57924974e-01 8.06533396e-01 1.46054002e-02 -5.26187003e-01 2.96900451e-01 -1.69212639e-01 2.72536576e-01 -7.77340727e-03 2.60773242e-01 -4.25279588e-01
-5.52595794e-01 -9.20345411e-02 8.66682470e-01 3.96494091e-01 -4.60576773e-01 5.42174697e-01 -5.52997142e-02 -9.28231061e-01 3.22847188e-01 4.96977061e-01 1.43895298e-01 2.20073119e-01 -4.91922468e-01 -1.47278786e-01 3.43435019e-01 -3.83398271e+00 1.55248307e-03 -5.68986845e+00 6.01689696e-01 -8.93404961e-01 -7.81343281e-01 4.32050109e-01 5.58716834e-01 -8.82128403e-02 -2.41661057e-01 -2.32491642e-01 -3.63463312e-01 6.75393343e-01 -6.61245763e-01 -3.72215480e-01 -6.15748823e-01 -2.78215945e-01
3.90277281e-02 -2.20604956e-01 -6.57259941e-01 -6.98198900e-02 -6.64769709e-02 4.05245312e-02 2.31732041e-01 3.36200684e-01 2.99133599e-01 -2.28745013e-01 4.95446265e-01 -1.77998051e-01 3.37043226e-01 -8.22950363e-01 -1.67794541e-01 1.71106644e-02 -2.59440094e-01 3.14258724e-01 -1.19629301e-01 1.50457710e-01 -4.20798287e-02 -1.49211571e-01 2.41275981e-01 -1.93065003e-01 -1.51187569e-01 7.59050667e-01 -9.57665592e-03 6.31824359e-02 -1.96973473e-01 2.67052591e-01 2.03701220e-02 3.79463255e-01
-9.91426170e-01 1.76304772e-01 -1.25286326e-01 2.96651721e-01 -8.41495320e-02 6.89452648e-01 -3.40197504e-01 -4.74489704e-02 4.08257246e-01 -1.32173941e-01 -7.99076438e-01 2.78146714e-01 2.00391620e-01 -4.10619408e-01 -2.44276032e-01 -6.31992996e-01 2.69066423e-01 -5.41533768e-01 -4.73360360e-01 3.61277312e-01 1.36954665e+00 9.36630249e-01 7.36566121e-03 1.51822284e-01 -3.22294950e-01 1.57060236e-01 -6.35422051e-01 -2.53633056e-02 8.65155637e-01 -2.88154513e-01 -2.74720713e-02 9.67132300e-02
-5.05210578e-01 -1.00539103e-01 1.88020900e-01 1.70102537e-01 -4.48435187e-01 2.88968951e-01 -1.03903198e+00 -1.02008075e-01 2.80222446e-01 5.11876535e+00 6.28931701e-01 3.70222956e-01 1.81036204e-01 2.46307540e+00 9.39897075e-02 -2.19927639e-01 -5.53417206e-01 -3.61876547e-01 9.26298425e-02 -3.44909877e-01 -6.45296812e-01 4.37744290e-01 2.19806954e-01 1.06961332e-01 -3.12348634e-01 -4.41220015e-01 -6.14879429e-01 2.91842103e-01 -5.71029559e-02 -5.81725836e-01 -3.39021266e-01 -3.19939375e-01
-2.71806736e-02 1.72386050e-01 -3.06199268e-02 3.16254646e-02 -3.04455701e-02 3.44684557e-03 -3.21524241e-03 -9.34151784e-02 4.20718864e-02 -1.21710062e-01 3.05919368e-02 8.02243650e-02 2.25866325e-02 1.05410293e-01 9.62943509e-02 5.11551313e-02 4.10350114e-02 7.29165599e-02 3.57554704e-02 9.47077498e-02 2.31979445e-01 1.45338863e-01 1.39006460e-02 1.61212627e-02 8.62400830e-02 -1.78787895e-02 5.32122068e-02 2.92554975e-01 2.47654896e-02 7.00333016e-03 2.09221225e-02 2.04410264e-03
3.86195183e-01 1.23843156e-01 -5.60285211e-01 -5.11034252e-03 1.85099944e-01 -5.86114645e-01 -9.29035470e-02 -2.32634187e-01 3.43137413e-01 -1.28610861e+00 3.99140827e-02 9.21406522e-02 3.13179135e-01 -1.39413700e-01 -4.07160789e-01 1.52304620e-01 -6.84821606e-02 2.34435901e-01 -1.86801776e-01 1.10706985e+00 7.35140517e-02 1.16276287e-01 -8.77181649e-01 -2.09044114e-01 -2.89735883e-01 -3.18007678e-01 8.01212132e-01 -3.95215213e-01 1.39562801e-01 2.07539752e-01 -2.69710600e-01 3.93411666e-01
-3.36653143e-01 -9.53731388e-02 -3.36318880e-01 -2.20503554e-01 6.27695203e-01 1.77261412e-01 2.25094095e-01 2.49833122e-01 3.19361150e-01 -6.77019596e-01 -1.24578908e-01 -9.62249577e-01 5.07973969e-01 -3.45422029e-01 -9.60186496e-02 2.76978970e-01 -1.73408806e-01 4.95425403e-01 -1.75563455e-01 -8.59084576e-02 -2.22577732e-02 -1.82794482e-01 6.85765624e-01 -4.44457203e-01 1.63026184e-01 2.35681430e-01 -2.01063588e-01 3.53740603e-01 1.28819689e-01 3.55998367e-01 6.43860161e-01 2.02036887e-01
5.65456413e-02 1.47634178e-01 -4.43863645e-02 6.69452250e-02 -1.11869592e-02 1.14399828e-01 2.67784689e-02 -4.07597199e-02 6.98357075e-03 7.41682947e-04 1.03915408e-01 7.95611814e-02 -3.94998603e-02 -8.80524442e-02 1.40370458e-01 4.01648164e-01 7.76953995e-02 -3.95938277e-01 -8.00919067e-03 -7.42110908e-02 -8.69373605e-02 -1.55359089e-01 -2.48155221e-02 -2.10452080e-02 3.35828438e-02 1.69817150e-01 5.81915677e-03 -1.11301504e-02 8.23629722e-02 1.03704212e-02 9.21447761e-03 3.87892686e-02
6.21531248e-01 -1.59147248e-01 5.34341097e-01 5.35418510e-01 -4.04403657e-02 -3.54781538e-01 -6.32508337e-01 -1.17478013e-01 -3.40629101e-01 -9.83466268e-01 -1.20176733e-01 1.01127112e+00 5.04775226e-01 -6.13086343e-01 7.26830661e-01 6.64512217e-01 -5.63926958e-02 -9.44508314e-02 4.81422514e-01 4.79572445e-01 -5.24037361e-01 4.73520020e-03 4.62983340e-01 1.41599566e-01 1.09645158e-01 -3.47763419e-01 9.30019245e-02 3.20724070e-01 -8.54873583e-02 -8.99225324e-02 1.09101430e-01 4.16005820e-01
2.35530391e-01 -1.33843780e-01 1.37799561e-01 2.09343329e-01 -2.77064353e-01 1.72418714e-01 8.54726374e-01 -5.71423024e-03 6.43220186e-01 3.62498105e-01 3.69154125e-01 3.55451733e-01 -4.57421124e-01 -3.42514396e-01 1.44780785e-01 -1.35278475e+00 -1.13540396e-01 -1.10376978e+00 5.40486947e-02 -5.27673483e-01 -4.65733618e-01 -3.64738330e-02 2.88139433e-01 6.68052435e-02 1.75713614e-01 -4.95483071e-01 -6.46355033e-01 4.09539998e-01 -1.10367410e-01 -1.53567508e-01 2.47969791e-01 -1.68356225e-01
2.17758030e-01 2.99893171e-01 -1.95407137e-01 4.16050524e-01 -2.95935661e-01 -3.73850673e-01 2.09854543e-01 -3.88258904e-01 -5.53718172e-02 -4.88263695e-03 5.99869490e-02 9.00797844e-02 3.92335504e-01 3.69632810e-01 -5.48611224e-01 -6.55487299e-01 7.35452950e-01 -2.84043103e-01 3.96160603e-01 -1.70738474e-01 -4.16737944e-01 3.35365944e-02 -1.40637660e+00 7.25694969e-02 -3.48164082e-01 -1.56820297e-01 -4.16340791e-02 -4.62737650e-01 3.96035984e-02 -1.39758557e-01 -1.86706990e-01 -2.76172489e-01
7.51474202e-01 1.10441960e-01 -2.52166778e-01 7.62783065e-02 1.99117646e-01 -4.47128803e-01 -2.99979225e-02 4.21408921e-01 3.48093122e-01 -2.77624774e+00 4.06121351e-02 2.14682192e-01 4.76122200e-01 -1.82399583e+00 8.47270489e-02 2.98503816e-01 2.66726315e-01 1.54578000e-01 -3.51691902e-01 1.30846396e-01 4.52242315e-01 -1.51717648e-01 -2.00364992e-01 -1.56917289e-01 -4.00900096e-01 -8.84106904e-02 -1.44496128e-01 -1.56588778e-01 2.87471831e-01 -1.44399116e-02 -2.07718417e-01 -1.37061700e-01
-6.32981598e-01 -1.71108142e-01 -7.70720840e-02 -1.50087588e-02 9.69654173e-02 -3.04489106e-01 9.09119666e-01 -1.71746358e-01 -1.18446636e+00 1.51055276e+00 -1.59324789e+00 7.38723099e-01 1.93261221e-01 1.57171085e-01 -1.55201510e-01 8.11174691e-01 3.40249389e-01 1.08067310e+00 4.79921222e-01 3.47877219e-02 -2.59544641e-01 3.43841791e-01 7.36160755e-01 8.19349170e-01 -2.09727764e-01 5.09814262e-01 -7.53640532e-01 -7.59094432e-02 9.70207989e-01 -5.49150944e-01 9.47999895e-01 -2.23130316e-01
-5.58879435e-01 6.40151381e-01 -3.69741097e-02 -1.65407255e-01 5.47756672e-01 1.61088929e-01 -2.95467936e-02 4.88362044e-01 -2.45030254e-01 5.07913053e-01 7.78218955e-02 -1.76777765e-01 1.99885935e-01 2.26942703e-01 -5.73408723e-01 -1.86338544e-01 -1.06996246e-01 -3.41362022e-02 4.17181075e-01 -3.47841591e-01 2.93729492e-02 -2.59794652e-01 -1.00944482e-03 -6.31945074e-01 1.85025215e-01 -2.39002004e-01 -5.77380002e-01 -5.49079418e-01 1.62336066e-01 -3.68869066e-01 -2.78590173e-01 -3.15069675e-01
-1.88541524e-02 3.13563496e-01 3.93457472e-01 3.77815396e-01 -1.63778633e-01 -4.39066976e-01 -1.59474850e-01 -3.59340869e-02 3.12509239e-01 -7.95605421e-01 -5.65961540e-01 -3.06838956e-02 -2.82930821e-01 -3.82161498e-01 -5.31360283e-02 6.87955141e-01 1.94015410e-02 3.17778021e-01 3.23441744e-01 2.69771665e-01 -2.68123709e-02 -7.92228758e-01 9.00453627e-02 1.23195596e-01 2.21547097e-01 1.57588452e-01 3.56181450e-02 -4.97810006e-01 -3.17615151e-01 -1.15480468e-01 -2.38061383e-01 -1.92012101e-01
-8.18501770e-01 4.63498622e-01 -6.10045612e-01 -9.89943266e-01 -2.94342309e-01 -2.55793959e-01 -3.50469440e-01 3.85598630e-01 1.23941615e-01 3.96194220e-01 -4.29559276e-02 1.89508572e-01 1.51937574e-01 2.86965728e-01 -3.69488224e-02 1.06190503e+00 6.81442261e-01 1.14126575e+00 -6.34846866e-01 4.93657663e-02 5.37816703e-01 -7.54982471e-01 -6.92600727e-01 4.46968764e-01 -1.93834931e-01 -4.66075301e-01 2.92223662e-01 2.88675964e-01 6.02495193e-01 -8.03717852e-01 1.98893324e-01 -2.04781026e-01
1.94385231e-01 -5.96284032e-01 1.65635869e-02 -9.98823941e-02 -6.25819683e-01 6.41009927e-01 -9.96636320e-03 -4.86366987e-01 5.35713375e-01 9.64499652e-01 -2.30186358e-01 8.57198164e-02 5.47118604e-01 4.27158445e-01 1.23284116e-01 -1.02857459e+00 -5.36220312e-01 -9.92404759e-01 4.45887819e-02 1.76409885e-01 2.85081327e-01 3.47223610e-01 3.25030446e-01 1.69176653e-01 3.28788668e-01 8.89495909e-02 -3.92331779e-01 -3.06339592e-01 -3.43596995e-01 -2.97776967e-01 2.55857676e-01 2.44007945e-01
-4.71463315e-02 -1.18340409e+00 3.37750524e-01 1.62542069e+00 2.78227568e-01 9.27203223e-02 7.86744654e-02 -2.68604070e-01 -4.38585460e-01 4.82248366e-01 9.97246504e-01 -7.39702463e-01 -1.11002827e+00 -1.88594103e-01 2.04734311e-01 2.86554039e-01 -1.41850150e+00 1.07577968e+00 6.28320813e-01 -9.16169107e-01 8.02885592e-01 1.86844260e-01 -8.07878003e-03 2.45244041e-01 -2.91066229e-01 -5.07953644e-01 2.20200479e-01 2.07925081e-01 -8.87718022e-01 1.32267499e+00 -3.47484440e-01 2.58374453e-01
-4.60027397e-01 -4.98180002e-01 3.24732512e-01 -9.11664888e-02 -2.07234591e-01 7.34161735e-02 2.73850918e-01 -9.92649496e-02 -7.31279254e-01 1.16151845e+00 -3.24110222e+00 1.55398512e+00 4.69252288e-01 2.52150893e-01 6.18098736e-01 1.97482064e-01 1.43481553e-01 4.50960547e-01 2.47271925e-01 -3.01480263e-01 -9.65233088e-01 2.50976562e-01 -2.24044919e-01 -8.21534693e-01 2.76033282e-01 4.93772089e-01 -3.33047152e-01 1.58267707e-01 -3.56842786e-01 -4.73335266e-01 8.86988401e-01 -1.34558558e-01
-4.23868954e-01 -3.03220242e-01 5.13136722e-02 -1.92522258e-01 -5.90562820e-01 8.28030426e-03 6.09268621e-02 2.80925304e-01 -4.82105583e-01 1.57092953e+00 -1.27469972e-01 -1.89729124e-01 -4.75613534e-01 5.00653267e-01 -1.20871924e-01 -1.33869842e-01 9.32037830e-03 -6.60177246e-02 1.07321395e-02 -1.89771697e-01 3.17835331e-01 2.43867323e-01 2.92053699e-01 4.58980203e-02 1.14379495e-01 -5.08676656e-02 -2.33351231e-01 1.23270348e-01 3.40105355e-01 2.95895368e-01 -2.39761576e-01 3.95866893e-02
-2.07291320e-01 -3.45512748e-01 1.47344932e-01 -1.81182861e-01 -5.84869862e-01 5.97795606e-01 -3.21963459e-01 -3.94389629e-01 1.39774591e-01 -1.46053404e-01 -4.49680239e-02 4.50388223e-01 2.50356644e-01 4.63013828e-01 3.19954515e-01 -6.06787801e-01 -4.41830784e-01 -1.28975832e+00 -2.42178589e-02 -3.18891227e-01 -8.96217749e-02 1.00692439e+00 5.32785118e-01 5.91422200e-01 -4.50620860e-01 1.65795460e-01 4.33083363e-02 -2.22924560e-01 -3.20186198e-01 -3.11069995e-01 -3.70374322e-01 -1.03202619e-01
5.26778027e-02 -5.88015504e-02 7.32161254e-02 -7.50084519e-02 3.16335887e-01 -1.02364957e-01 7.23169446e-02 -3.07771295e-01 -1.91737086e-01 3.06018442e-01 1.86988875e-01 1.37087896e-01 8.73796344e-02 -3.44064564e-01 -6.73881546e-02 -3.21992934e-01 8.14194828e-02 1.30087182e-01 -2.00982600e-01 -5.12087464e-01 1.82761207e-01 -2.14592904e-01 -1.42739862e-01 -9.64257866e-02 3.33982450e-03 2.40136370e-01 -4.47890908e-02 -4.05776575e-02 9.21119079e-02 8.00948441e-02 1.04056388e-01 -8.72116070e-03
1.69173673e-01 -4.47217554e-01 -4.55046538e-03 8.55932832e-01 -4.74660069e-01 -4.03431118e-01 7.63423890e-02 -1.37636811e-01 1.89775914e-01 3.03550482e+00 -4.68928695e-01 8.32088590e-01 6.60449028e-01 9.34683144e-01 7.74932444e-01 -2.40152687e-01 -6.93731159e-02 -4.35110390e-01 6.17655516e-01 2.78253824e-01 2.82261282e-01 8.90114829e-02 -2.42502466e-01 1.09939468e+00 -1.48473233e-01 1.36563927e-01 -2.02244028e-01 2.89217234e-01 -2.62853086e-01 1.31633088e-01 9.08342242e-01 1.24078616e-01
-1.14218563e-01 1.83126748e-01 1.64609641e-01 6.67341202e-02 2.02149469e-02 -5.08157648e-02 -6.81230659e-03 7.66684487e-02 1.90855656e-02 2.01866236e-02 1.31311089e-01 1.20498993e-01 7.38409534e-02 -3.85116525e-02 1.45630047e-01 2.20274955e-01 2.19209883e-02 -6.29967675e-02 2.93817949e-02 7.19214976e-02 -1.59735397e-01 -2.80219968e-02 1.11504178e-03 6.87259110e-03 -4.45808560e-01 -2.49405295e-01 3.83696184e-02 -1.37385055e-01 -3.68134826e-02 -4.75689135e-02 2.31007114e-02 -4.68992621e-01
-1.57343596e-02 -1.13180794e-01 -1.06212154e-01 3.33602056e-02 -1.59369498e-01 3.94490995e-02 1.02275144e-02 2.08442762e-01 2.58742776e-02 -8.44927877e-02 3.74921074e-04 -2.17493828e-02 -4.50756960e-02 3.83239873e-02 -5.77744730e-02 1.84860840e-01 -1.00703649e-01 -2.21998483e-01 -4.71068956e-02 3.31906438e-01 -2.26600841e-01 -1.41553968e-01 -5.52031398e-02 2.73703486e-02 9.49010439e-03 -5.26383519e-02 -5.52891567e-02 -7.85252303e-02 -6.11731075e-02 4.39020321e-02 1.78584494e-02 -9.30769555e-03
9.59203660e-01 -2.34063923e-01 3.12653720e-01 3.56469870e-01 -4.29387629e-01 -1.04880482e-01 -6.64133549e-01 -5.37591949e-02 1.03309667e+00 4.63206507e-02 -1.78595066e-01 3.51926535e-02 1.75313149e-02 2.40811184e-01 6.88123643e-01 -9.13496971e-01 -4.37333912e-01 -7.65998423e-01 6.59676671e-01 -2.87148505e-01 -6.63670480e-01 1.38742372e-01 -2.93409109e-01 2.28699312e-01 7.72983909e-01 -8.27384517e-02 2.38183096e-01 -3.48026574e-01 -5.05816519e-01 2.37547383e-01 6.21629506e-02 2.03359678e-01
7.67029151e-02 -4.30524260e-01 -3.36084098e-01 3.74280155e-01 3.99825245e-01 -5.27469158e-01 1.50655642e-01 8.27553868e-02 2.00746581e-01 -2.15786159e-01 -2.63705254e-01 4.74372953e-01 3.89382154e-01 -2.44283348e-01 2.78542072e-01 -4.22982156e-01 -3.19326192e-01 -5.78593016e-01 2.77088553e-01 -3.74281079e-01 -2.06019431e-01 -7.53633752e-02 4.22781318e-01 6.33588076e-01 -1.15278838e-02 -2.79252410e-01 4.07299608e-01 -1.79323912e-01 -2.77918801e-02 -4.47563201e-01 1.21850014e-01 9.45540816e-02
5.13251573e-02 -1.84660293e-02 7.43787706e-01 1.38645023e-01 -1.40680015e+00 -3.54691386e-01 7.38585591e-02 -1.38653636e-01 6.54965997e-01 7.82674432e-01 -2.58879334e-01 -3.56876135e-01 -7.14893593e-03 4.68358487e-01 1.52568957e-02 -2.35238504e+00 -3.32530707e-01 -3.25789928e+00 1.68675393e-01 -9.52860620e-03 -8.71016979e-01 6.89597845e-01 1.54905319e-01 -1.48167759e-02 2.45637879e-01 1.02944940e-01 3.53972882e-01 2.36597449e-01 -1.60722882e-01 -7.81319380e-01 5.97679541e-02 1.50334790e-01
-1.88462690e-01 -2.69537747e-01 -2.30933353e-01 -2.97401905e-01 -3.40860724e-01 5.56714237e-01 1.03524178e-01 -1.17629871e-01 -4.73511256e-02 4.37615573e-01 -2.16982886e-01 1.77927703e-01 5.59729598e-02 -2.58139461e-01 -7.32248425e-02 -5.40685892e-01 2.55297303e-01 -6.32979035e-01 -2.37552330e-01 -3.11984457e-02 -3.15599620e-01 3.99114400e-01 -1.05918616e-01 3.66150230e-01 4.00828749e-01 -5.31126618e-01 4.63692993e-01 4.86329272e-02 9.85842124e-02 1.38068959e-01 -1.95651636e-01 -3.31780361e-03
4.02576983e-01 7.23401308e-01 7.59998083e-01 -4.19335485e-01 -2.12909859e-02 7.29186088e-02 1.47766858e-01 -9.53302905e-02 -7.17925191e-01 1.01945484e+00 -2.59474576e-01 -2.75616288e-01 -4.21038747e-01 1.15599656e+00 1.11822471e-01 2.21794266e-02 3.74026373e-02 -1.11994040e+00 3.14058661e-01 -2.85273254e-01 9.50213075e-02 7.28657484e-01 -3.39894027e-01 -3.85730386e-01 6.44990504e-01 -7.56667495e-01 4.71100628e-01 -1.01811744e-01 -2.89320916e-01 -6.20127022e-01 -3.35057545e-03 -4.54328239e-01
-7.24755526e-02 -5.92696249e-01 7.78803527e-02 -8.49820301e-02 5.95348924e-02 2.22870946e-01 1.40762404e-01 -3.39930505e-01 -6.23355746e-01 -2.45820403e-01 -3.19495089e-02 -7.14898854e-02 -1.68280870e-01 6.19529963e-01 6.79145336e-01 4.25923437e-01 6.87174574e-02 -1.90486342e-01 6.16107583e-02 8.84733163e-04 -1.26070276e-01 2.02316120e-01 -3.05080771e-01 2.51946241e-01 3.78469639e-02 -3.35233152e-01 4.93772209e-01 6.13124251e-01 -4.51691121e-01 -3.37174863e-01 2.56521434e-01 2.12683201e-01
-1.30437446e+00 -1.97052956e-02 9.52094346e-02 -1.34699357e+00 2.72646472e-02 2.22907260e-01 1.65752545e-01 7.30212390e-01 1.43223926e-02 6.84374750e-01 -1.53292608e+00 9.02881742e-01 1.05556631e+00 4.80948031e-01 -3.53510946e-01 4.69466865e-01 4.33963537e-01 -2.04566851e-01 -5.91693699e-01 9.99325216e-01 -5.81788659e-01 -2.90183276e-01 1.01998495e-02 -1.00702032e-01 5.25107801e-01 9.63562489e-01 8.21311057e-01 7.55960524e-01 3.44527990e-01 -9.91191030e-01 1.72193632e-01 2.73855567e-01
-9.02947634e-02 6.93221018e-02 2.71076918e-01 -4.20047417e-02 3.81670177e-01 -9.92029458e-02 2.10962538e-02 6.80916309e-02 -7.63089582e-02 1.16641290e-01 6.00460693e-02 -1.32079450e-02 1.14588263e-02 -1.54364586e-01 9.90750045e-02 -1.76777989e-01 9.32099596e-02 -7.91245140e-03 -4.13523540e-02 -4.07103837e-01 1.67304248e-01 -1.33935452e-01 -7.90269114e-03 6.18304033e-03 1.23524658e-01 1.94910821e-02 7.90965334e-02 1.21060565e-01 1.88512709e-02 -8.72176513e-02 1.30782472e-02 7.39798620e-02
-5.85845858e-02 9.88786817e-02 4.10402536e-01 -4.48144339e-02 -2.92568486e-02 -5.90616204e-02 5.74379385e-01 2.60676295e-01 2.71137178e-01 -1.42467844e+00 -2.98155755e-01 4.81247604e-01 6.18780792e-01 -5.87900877e-01 -2.34703645e-01 -3.29955757e-01 2.29285076e-01 -7.04349935e-01 6.26372173e-02 -7.64622331e-01 1.20646369e+00 -3.55184436e-01 -5.07692061e-02 -1.44451046e+00 7.89890289e-02 4.52044159e-01 -9.64622200e-01 -1.13382709e+00 4.54453766e-01 -8.01144051e-04 -2.24916711e-01 -3.90644312e-01
1.15850009e-01 -2.96223909e-01 -9.91959795e-02 3.23374003e-01 -1.92389503e-01 1.30732387e-01 -7.21412152e-02 1.35752946e-01 4.10919905e-01 2.43964083e-02 -1.30572900e-01 -1.12340860e-01 8.89697492e-01 -4.36909646e-01 3.76181394e-01 -3.21912915e-01 -2.08110828e-02 -5.59504688e-01 -3.64638031e-01 -5.80947511e-02 -1.23715147e-01 2.92780876e-01 2.67363042e-01 6.72148690e-02 1.54021144e-01 -6.97513670e-02 6.61136925e-01 2.24255994e-01 -1.69082734e-04 2.61526227e-01 1.57612205e-01 1.21602923e-01
-2.22996607e-01 3.39598238e-01 -1.38130680e-01 -5.70076145e-02 -6.04040742e-01 -2.32839450e-01 9.15272310e-02 4.24426317e-01 -4.77129407e-02 -4.89520371e-01 -2.41160795e-01 6.97564110e-02 -3.57829362e-01 1.94805026e-01 2.50905037e-01 -1.62046731e-01 -1.05487153e-01 2.76724309e-01 8.15924779e-02 3.42033565e-01 -2.56079793e-01 -3.06859761e-02 -3.71669717e-02 -3.06924134e-02 -8.13513696e-02 -1.33630469e-01 2.55875766e-01 -2.71498024e-01 1.24462962e-01 2.10362952e-03 7.90620148e-02 1.35138273e-01
6.70801699e-02 -5.21188200e-01 -2.21871939e-02 -8.92165974e-02 -3.15961689e-01 -1.60638541e-01 -9.15777013e-02 -2.17493609e-01 -3.01569343e-01 4.27880138e-01 2.92203203e-02 4.32689786e-02 3.23436558e-01 3.43979657e-01 -1.36538431e-01 -7.43803144e-01 -2.17991456e-01 -2.86123693e-01 4.99013327e-02 3.30383964e-02 9.69650373e-02 -2.73230020e-02 6.00255966e-01 1.17844798e-01 -3.65120471e-01 1.93548694e-01 3.59021068e-01 9.31334868e-02 -7.83677101e-02 1.43827513e-01 -1.42401084e-01 -2.20011279e-01
9.64891493e-01 1.16617009e-01 -3.26892108e-01 1.86157003e-01 -3.05237740e-01 3.91709805e-02 4.98417228e-01 -1.27784088e-01 -3.36252861e-02 -5.64425647e-01 -8.13519120e-01 1.34019828e+00 -8.44693929e-02 -5.41648388e-01 2.25708872e-01 2.30025798e-02 -1.50119038e-02 -1.68899931e-02 3.03964257e-01 4.65332717e-03 -1.82351375e+00 -1.45745546e-01 -1.12129772e+00 -9.56039280e-02 -6.75050437e-01 -3.06921810e-01 2.64362514e-01 1.08781254e+00 -1.45153299e-01 3.33609767e-02 -7.42390975e-02 6.94348752e-01
-6.87397942e-02 5.38650118e-02 -9.59226191e-01 -1.95090741e-01 7.08812296e-01 4.23117161e-01 3.10153127e-01 1.55644551e-01 -3.72086227e-01 5.10967553e-01 -5.44025779e-01 -1.14201546e+00 5.15424550e-01 1.81247607e-01 -2.51234323e-01 1.06830108e+00 -9.79727600e-04 1.77922189e+00 -6.36408746e-01 3.14009786e-01 2.26079285e-01 -2.95256209e-02 2.62937576e-01 4.40888971e-01 -3.69009703e-01 9.38354492e-01 -2.09109053e-01 -2.64261574e-01 4.49879058e-02 6.20036945e-02 6.28512323e-01 8.91483501e-02
-1.20796720e-02 2.37631887e-01 -1.51784882e-01 -5.97078264e-01 -7.05923587e-02 8.40397000e-01 3.65701318e-01 7.67780244e-01 1.96366712e-01 4.11031306e-01 9.29336429e-01 -2.26089656e-01 5.57509623e-02 4.20679748e-01 1.73089013e-01 -6.02876306e-01 1.83581501e-01 4.38310839e-02 -3.19523692e-01 -6.07569337e-01 -1.07570395e-01 -2.03753084e-01 4.36131656e-01 2.59160131e-01 -3.30422550e-01 1.28534928e-01 5.15264720e-02 7.96467513e-02 -5.98643303e-01 3.04168552e-01 -2.02477083e-01 2.15755701e-01
7.92636350e-02 3.13939601e-02 -5.23726940e-02 -3.29693407e-03 -1.09285966e-01 3.52309383e-02 -3.14088427e-02 3.23895216e-02 4.28441633e-03 -2.58140755e-03 -9.23780501e-02 -3.46178383e-01 2.26267934e-01 2.57454306e-01 -6.84119901e-03 1.95181280e-01 3.00200805e-02 2.13249121e-02 1.64578795e-01 2.20057383e-01 9.21858475e-02 3.33863586e-01 4.52531613e-02 2.68251210e-01 -1.17395639e-01 -3.17815423e-01 -1.88238740e-01 -1.42124370e-01 -2.87634671e-01 -1.47043467e-01 -7.62174129e-02 -2.60637283e-01
1.47351563e-01 -5.47363311e-02 7.49612451e-01 2.50899464e-01 6.56789541e-02 8.03892076e-01 9.88959968e-01 -1.95019558e-01 6.12796962e-01 8.47886264e-01 -8.12255740e-01 2.46974632e-01 -3.62211853e-01 -7.03680813e-02 5.52902482e-02 2.21107841e-01 -6.47440851e-01 -5.14141083e-01 1.68090731e-01 -7.42204394e-03 -6.03359379e-02 7.90887058e-01 4.66186404e-01 6.34945214e-01 2.94039752e-02 -7.72004761e-03 -3.76876473e-01 1.90406591e-01 2.98624903e-01 2.94153839e-01 -3.16440880e-01 -3.77682829e-03
-6.26134813e-01 -5.59965074e-01 1.70293403e+00 -4.33916450e-02 -9.63941038e-01 5.50573096e-02 -1.24509764e+00 -7.83990622e-01 2.97076374e-01 9.98485386e-01 7.64512196e-02 -6.23063505e-01 -1.60551637e-01 8.32023442e-01 7.32111514e-01 -2.11699510e+00 1.22439541e-01 -2.81460929e+00 1.52553785e+00 8.59440148e-01 -3.82679611e-01 1.88589692e+00 -2.25390613e-01 7.42112696e-02 4.53501731e-01 -5.46015024e-01 -3.87004167e-01 2.32018918e-01 3.21410000e-01 -4.15818812e-03 5.51210940e-01 5.24312370e-02
1.15552368e-02 5.59385261e-03 1.05141789e-01 3.39371152e-02 3.67263854e-01 -1.36292987e-02 -3.30690295e-02 -1.45493886e-02 8.66442099e-02 4.51022796e-02 -3.66984867e-02 -4.15606312e-02 8.59689116e-02 2.20027845e-03 -3.20891663e-02 -9.41149238e-03 -1.79752673e-03 4.36949208e-02 -2.34199744e-02 6.59945235e-02 1.31770030e-01 7.53993690e-02 4.30618832e-03 1.59824733e-02 -1.27047703e-01 -1.74295425e-01 6.24682568e-03 3.56678903e-01 -1.52725819e-02 -5.37513532e-02 1.45509336e-02 -2.47631460e-01
-4.20246065e-01 4.89907488e-02 -1.69331968e-01 -4.12335806e-02 -1.24223225e-01 7.37295523e-02 -2.16268659e-01 7.25055635e-01 -5.90862110e-02 -2.90214926e-01 1.04344130e-01 2.48706818e-01 4.85083133e-01 1.56495035e-01 3.22012722e-01 1.03603892e-01 -8.47840682e-02 1.28101602e-01 -2.33401865e-01 -7.38692237e-03 -2.16514114e-02 -6.51389837e-01 -4.55759317e-02 -2.83909857e-01 -2.67247438e-01 -1.61294907e-01 -5.77705503e-01 2.96507239e-01 -2.64343888e-01 -1.71261355e-01 -2.25888565e-01 4.57970560e-01
5.53444885e-02 -2.12939218e-01 6.93677425e-01 2.45851174e-01 -9.80300307e-01 2.65129685e-01 3.69685531e-01 -6.19381130e-01 6.37290657e-01 7.62706399e-01 -2.50562757e-01 5.86359262e-01 -9.05021206e-02 2.55120844e-01 1.86191440e-01 -2.38266206e+00 8.17307681e-02 -1.49685168e+00 1.31033838e-01 1.38634622e-01 -1.15588404e-01 2.06839398e-01 2.44210213e-01 1.81041732e-01 -1.35248154e-01 -5.36868751e-01 -8.53073373e-02 -1.59313276e-01 -4.17665035e-01 -5.21842420e-01 1.82160869e-01 -4.17372465e-01
-3.53778213e-01 -7.04087019e-02 3.89281549e-02 1.92101389e-01 -5.06930053e-01 5.47171123e-02 3.50720659e-02 -2.75359482e-01 -4.99171048e-01 2.04524422e+00 -2.47831374e-01 -2.62029916e-01 -3.70488375e-01 1.41907895e+00 -1.34936392e-01 -1.03942685e-01 -1.38276488e-01 -3.84458574e-03 -2.78529581e-02 -4.27298814e-01 2.22578675e-01 2.65087396e-01 1.73719097e-02 -1.39724851e-01 -8.84763673e-02 -3.41088027e-02 4.62390691e-01 3.54928553e-01 2.48604000e-01 -3.73284608e-01 6.54393852e-01 -1.47347480e-01
-1.79792251e-02 -8.46753120e-02 6.11558020e-01 4.24707860e-01 -3.66350040e-02 -5.04664004e-01 -1.20880854e+00 1.50275454e-01 3.24975908e-01 2.66486019e-01 4.48984616e-02 -1.31722819e-02 1.62494063e-01 4.40033935e-02 -3.62519741e-01 6.16981864e-01 1.18393399e-01 3.03939998e-01 -1.00169159e-01 -2.25734085e-01 8.24588776e-01 4.03505385e-01 2.14015841e-01 -7.58440316e-01 2.96402425e-01 8.69826004e-02 -2.53000498e-01 1.49732471e-01 -1.13881268e-01 2.72889435e-01 -3.25602025e-01 -5.01012385e-01
8.22424829e-01 -1.36866450e-01 4.72628415e-01 9.04627681e-01 -5.35275400e-01 1.34558678e-01 -8.19707036e-01 -5.15700996e-01 7.51105070e-01 -1.08747327e+00 -2.64900118e-01 7.54189193e-01 -1.17034781e+00 -2.06605792e-01 3.30928236e-01 -6.23809278e-01 1.33601725e-01 -2.11347878e-01 6.39001369e-01 8.21003258e-01 3.51911306e-01 -4.41761971e-01 -2.35760856e+00 -5.44727683e-01 6.71005189e-01 5.96218884e-01 -8.86417329e-01 -4.40888584e-01 1.35949656e-01 1.13214827e+00 -6.24700248e-01 -2.38818899e-01
-1.94395352e-02 2.14170441e-01 -1.71238149e-03 -5.39534837e-02 -2.13640004e-01 -3.54593806e-02 -9.12979804e-03 -8.25542361e-02 -1.19214542e-02 5.42975813e-02 2.30729282e-02 1.05594851e-01 6.17123023e-02 -5.51821962e-02 1.39429718e-01 -1.13288008e-01 1.03962466e-01 2.68963188e-01 3.52661498e-02 -2.82785892e-01 1.26684532e-01 6.92169368e-02 3.65296677e-02 -4.00227830e-02 -2.97189236e-01 -7.68082663e-02 1.59127675e-02 -6.92576841e-02 -6.77593332e-03 4.53004148e-03 -5.11786854e-03 -2.18903840e-01
1.89213574e-01 2.69606888e-01 1.62184143e+00 4.69411343e-01 -1.39218593e+00 1.19833887e-01 -5.23923755e-01 -5.23804367e-01 9.59425688e-01 6.73491597e-01 -1.06060207e-01 -1.43246219e-01 -8.81237090e-01 7.42100537e-01 5.37997410e-02 -3.39119196e+00 -2.94356823e-01 -4.78945923e+00 3.37819368e-01 5.98531887e-02 -1.32655692e+00 9.75918651e-01 3.15915674e-01 1.84251845e-01 2.75683701e-01 -1.33781359e-01 -5.37191451e-01 7.02199876e-01 -4.90997881e-02 -6.77169710e-02 6.48489952e-01 -2.37156264e-02
-8.27665031e-01 2.56951094e-01 1.74995571e-01 -7.56779850e-01 -9.19608921e-02 -2.22411901e-01 -2.13876858e-01 3.95456731e-01 2.28770524e-02 2.70153563e-02 1.16744354e-01 -2.97426134e-01 3.65874976e-01 4.77171719e-01 -4.62737918e-01 -3.97229731e-01 2.80750573e-01 -3.23473126e-01 -2.77980924e-01 1.79412708e-01 8.64802748e-02 7.17238188e-01 1.63613334e-01 -3.26134503e-01 -9.44035128e-02 2.22407520e-01 -7.13325441e-01 9.71823111e-02 6.11174963e-02 -5.91783464e-01 -1.29401475e-01 -7.74395645e-01

layers.2.bias:
-1.54426789e+00
-6.79144084e-01
6.56043112e-01
-5.35907567e-01
3.02355796e-01
-5.29370368e-01
2.63596445e-01
2.14740753e+00
6.75142705e-01
7.84872711e-01
-9.50214803e-01
-1.41357327e+00
-2.15220436e-01
9.45893884e-01
-2.74086118e-01
-7.95312643e-01
-7.54225999e-02
-4.85636264e-01
3.45389217e-01
-7.28529841e-02
-7.70958737e-02
7.08910584e-01
8.84802759e-01
-6.08409233e-02
-3.03668350e-01
1.01883399e+00
-8.57026458e-01
-1.10384488e+00
4.64650512e-01
-1.12877369e+00
3.29009175e-01
-1.98206291e-01
7.03979790e-01
1.43054605e-01
-3.87806594e-01
-3.20463069e-02
-1.23139322e-01
1.37071955e+00
1.06380451e+00
-9.36031789e-02
9.46521521e-01
-2.62036145e-01
-6.32668555e-01
1.34583652e+00
2.64857173e-01
-1.22885346e+00
8.78098011e-01
-3.61898035e-01
7.62202859e-01
1.54030085e+00
3.52054447e-01
3.05513591e-01
8.65048245e-02
-7.65879035e-01
2.36766636e-02
-3.75961177e-02
7.65562832e-01
-7.06593394e-02
-3.54661137e-01
-5.43223858e-01
6.25953317e-01
5.06242849e-02
-2.05505461e-01
6.67371452e-01

layers.4.weight:
5.23501158e-01 -3.01923770e-02 -5.81661165e-02 2.47129165e-02 -4.87358049e-02 -2.37438858e-01 -1.21956255e-04 -6.72807693e-01 -1.59850121e-01 -3.78886580e-01 8.12896639e-02 8.79271388e-01 -1.52889490e+00 -3.56639251e-02 9.00475960e-03 -1.41389465e+00 1.20300167e-04 1.65344268e-01 7.76956528e-02 2.91251432e-04 2.48730462e-02 -1.48762643e-01 -5.57364747e-02 2.34336734e-01 -1.71425030e-01 -1.71857309e-02 -4.68391292e-02 7.87150741e-01 -3.89518440e-01 3.83819044e-01 -1.90460950e-01 -1.79808334e-01 -1.88792348e-01 2.76438484e-04 1.57267287e-01 -1.48407329e-04 7.20713520e-04 -1.97348475e-01 -2.57725264e-06 2.31249183e-01 -1.18142739e-02 2.95460314e-01 1.13982111e-02 -1.22534588e-01 -1.68386934e-04 2.50842929e-01 -2.90220807e-04 9.45789332e-04 -8.56182948e-02 -6.28651381e-01 -1.76660940e-01 -7.89300352e-02 -4.14669557e-05 -1.30954474e-01 -1.13201475e+00 -5.64545859e-04 -7.74017753e-05 -3.35856676e-01 -1.58643395e-01 -1.45595213e-02 2.92386189e-02 -7.47350859e-04 9.34718728e-01 -1.45752328e-02

layers.4.bias:
-1.05352652e+00

