layers.0.weight:
3.31696361e-01 -5.67613244e-01 7.97264636e-01
5.69172144e-01 -8.09445798e-01 -5.80563486e-01
-8.31293464e-02 -6.13938749e-01 -5.77727258e-01
-1.07055378e+00 1.15616508e-01 4.58123112e+00
2.67282110e-02 4.11940843e-01 1.16166264e-01
-5.79876065e-01 8.58121514e-01 -1.84879377e-01
-1.31842160e+00 4.86020595e-01 -9.88645032e-02
-6.01682402e-02 7.88846374e-01 -9.23566997e-01
6.03414774e-01 -9.26082134e-01 5.12713566e-02
-1.11527514e+00 5.86289167e-02 -1.64189592e-01
7.53551662e-01 -9.85680073e-02 1.41279221e+00
-7.16238439e-01 -1.31785080e-01 -1.29353356e+00
-4.30584475e-02 7.12955832e-01 -1.57757306e+00
-1.16726887e+00 2.10410804e-02 5.00053525e-01
-6.46977663e-01 1.09646142e+00 7.52028525e-01
-1.81771189e-01 9.48456824e-01 1.64468549e-02
5.46070874e-01 -6.33792400e-01 -1.45019031e+00
-1.15504665e-02 1.12846863e+00 1.84981868e-01
8.07071701e-02 -9.54183042e-01 5.35116851e-01
3.41117471e-01 -1.28724232e-01 -8.64976227e-01
2.23475501e-01 1.65966094e-01 -5.10879010e-02
-3.24195027e-01 -2.56797969e-01 -1.00232065e+00
-4.64660525e-01 1.65601885e+00 -4.46076952e-02
-1.56447518e+00 4.06930357e-01 1.75152493e+00
1.05132234e+00 3.79940838e-01 -7.78481364e-01
2.59609371e-01 6.71772659e-01 -1.17486012e+00
-1.16151750e-01 -2.13369340e-01 1.90187418e+00
-3.97779703e-01 -2.44972542e-01 1.92939892e-01
3.22416067e-01 7.57217348e-01 -1.46468067e+00
-1.04933763e-02 4.65525806e-01 1.70563948e+00
-2.89658904e+00 2.84448242e+00 -1.78299040e-01
-1.26738083e+00 -5.19488692e-01 1.02004325e+00

layers.0.bias:
8.77201200e-01
4.81547834e-03
-1.42384720e+00
-6.34384930e-01
7.07518518e-01
-2.04255387e-01
-3.54310095e-01
2.86240637e-01
-7.45998621e-01
-1.59115899e+00
1.64644122e-01
1.80825554e-02
2.46107668e-01
-1.21306002e+00
-2.90836543e-01
1.43946290e+00
9.34610724e-01
1.82654703e+00
-6.68276668e-01
5.78918040e-01
-1.44309163e-01
-1.35729384e+00
1.02535832e+00
-7.05530941e-02
1.36946186e-01
5.60703695e-01
8.80503118e-01
-1.57881156e-01
-4.88352716e-01
7.31267482e-02
8.91685039e-02
-6.70209900e-02

layers.2.weight:
-4.02686566e-01 1.76286548e-01 1.69751331e-01 -4.58749473e-01 -2.86424488e-01 6.76208036e-03 1.29790250e-02 -8.74700099e-02 1.37085025e-03 3.09040856e+00 1.03061840e-01 1.14735238e-01 -2.66973794e-01 2.45164704e+00 -1.88372180e-01 2.41943672e-01 -1.33893535e-01 4.46833581e-01 1.47287741e-01 -3.38038325e-01 2.84352809e-01 -5.29792272e-02 -5.70584893e-01 6.38420999e-01 -3.41863558e-02 5.77418149e-01 -7.75123060e-01 -1.72098324e-01 -1.04095370e-01 -1.87026978e-01 -1.47067800e-01 2.04341784e-01
-2.28017904e-02 9.51918140e-02 -8.77533495e-01 4.83191386e-02 -4.12339628e-01 9.22693685e-02 -5.74200988e-01 -5.12246132e-01 3.36085349e-01 7.08792925e-01 2.89931834e-01 -8.70136842e-02 2.45347247e-01 1.20088562e-01 -3.27607393e-01 2.54431009e-01 -4.23299015e-01 3.13643456e-01 -3.83744985e-01 -1.06720418e-01 4.96359587e-01 -1.45629823e-01 -4.94581014e-01 -6.73163356e-03 -6.21614978e-02 -8.02959800e-02 -3.25232834e-01 -4.06126708e-01 3.71409170e-02 -2.30018720e-01 2.63973549e-02 2.36710250e-01
2.32650675e-02 1.28108248e-01 2.20860794e-01 -7.04943299e-01 -9.93846416e-01 -8.54850337e-02 -5.28512836e-01 2.76706457e-01 5.12490988e-01 7.38205433e-01 -4.98222739e-01 -1.41339481e-01 1.14091597e-01 9.43815932e-02 -2.45500684e-01 -7.39927590e-01 -2.14284331e-01 -7.72922099e-01 -5.67667633e-02 2.32218027e-01 -3.14656794e-01 -1.85801655e-01 3.50060195e-01 -1.48812330e+00 -1.47247821e-01 3.85574192e-01 -1.12077236e+00 2.08535939e-01 3.54940295e-01 -3.34151208e-01 6.71752766e-02 1.25391290e-01
2.07695305e-01 -1.78686559e-01 5.61969429e-02 1.31286526e+00 4.96585935e-01 4.31176573e-01 6.95504606e-01 -1.98935360e-01 -2.30518848e-01 -2.28034277e-02 1.26546711e-01 -2.72759069e-02 -5.41363955e-01 1.67937845e-01 7.12220669e-01 7.70539939e-01 -3.55653644e-01 4.60051984e-01 2.52144039e-01 -1.02168536e+00 -9.10962343e-01 -1.50372922e-01 4.74829912e-01 1.68669152e+00 -1.16031635e+00 -5.11189580e-01 4.64546502e-01 4.88766968e-01 -6.26314938e-01 -1.95599318e-01 1.09671960e-02 7.73406148e-01
8.82265940e-02 -1.79313749e-01 2.75001347e-01 -4.85403210e-01 5.15930392e-02 -3.61865848e-01 -1.13165891e+00 1.93394229e-01 3.54034677e-02 -5.91827512e-01 3.95763069e-01 -7.00220764e-01 8.35676253e-01 -9.32305753e-01 -2.50820249e-01 -8.09731603e-01 -2.13013113e-01 -9.00640547e-01 -1.55682951e-01 -3.73858064e-02 8.05944204e-01 -5.38577974e-01 1.81420892e-01 -3.89191717e-01 -7.50115812e-01 6.79020941e-01 6.01435192e-02 -5.70753217e-01 -1.67946845e-01 5.70382833e-01 -2.64960378e-01 -5.23982989e-03
-5.00496328e-01 2.32439488e-01 4.59039360e-01 1.76572174e-01 -1.03739405e+00 -1.88897848e-01 -4.97539341e-01 2.63601601e-01 6.14291191e-01 -8.02709088e-02 6.75867498e-01 1.47503257e-01 -9.53559577e-02 -2.97803938e-01 -2.59027004e-01 -1.40539420e+00 -3.68320704e-01 -1.72077262e+00 6.52183115e-01 -2.51762211e-01 -4.32122082e-01 -1.81866921e-02 -4.40286309e-01 -2.09575012e-01 1.18132368e-01 5.15815169e-02 1.66854277e-01 9.34884846e-01 -1.65683210e-01 -4.18964088e-01 -1.06180835e+00 3.04076105e-01
8.82618055e-02 -3.61583978e-02 -2.83631861e-01 -1.19000459e-02 -8.70783478e-02 1.57065645e-01 -5.23222201e-02 -4.19727057e-01 -1.43741965e-01 2.54892349e-01 2.81527758e-01 1.20089874e-01 2.98643142e-01 -2.85992108e-04 2.15226170e-02 -3.08151513e-01 2.90304748e-03 8.19328353e-02 -1.82772651e-02 -3.04426074e-01 -3.89160067e-01 3.35057974e-02 4.64902967e-02 5.40838158e-03 2.09574997e-01 2.89390862e-01 -3.59348774e-01 -4.61686224e-01 -1.44645929e-01 6.65222779e-02 2.87684407e-02 8.79312307e-02
2.00081974e-01 7.03092590e-02 -4.12635326e-01 3.68138343e-01 3.08333784e-01 -5.34289777e-01 1.20919734e-01 5.00052810e-01 4.23661023e-02 -2.53949255e-01 -1.16865613e-01 9.45608735e-01 3.04566473e-01 -4.49132055e-01 -1.35132596e-01 1.96817353e-01 5.00386417e-01 2.15026245e-01 1.85066670e-01 4.82498795e-01 -1.41352296e+00 -9.10014808e-01 2.17442393e-01 3.92343074e-01 2.34712809e-01 7.38737702e-01 6.14720643e-01 4.88199651e-01 -5.94442546e-01 5.07827342e-01 1.92384347e-01 -2.99728453e-01
1.95404887e-01 3.80038470e-01 -5.76618612e-01 -2.15974331e-01 1.09861302e+00 -5.25189817e-01 -1.92538664e-01 -4.27074403e-01 -6.48366034e-01 5.85549831e-01 4.26448613e-01 4.22569156e-01 6.38318658e-01 1.64860375e-02 -1.31224915e-02 1.43340874e+00 4.27659690e-01 1.07482111e+00 -4.22429442e-01 -1.02834567e-01 6.19116835e-02 -3.40969622e-01 -8.01652223e-02 1.24464802e-01 1.05123304e-01 3.31388324e-01 9.78373066e-02 3.79079990e-02 -1.14307351e-01 1.81810960e-01 2.46458435e+00 -3.03745955e-01
-6.37544811e-01 2.06823185e-01 -7.83116594e-02 -5.36541641e-01 4.04228508e-01 2.38744952e-02 -1.49399444e-01 3.93591493e-01 5.18284202e-01 -1.68688044e-01 2.07608170e-03 2.30573252e-01 1.99051067e-01 1.77494243e-01 -4.35127199e-01 -6.25464797e-01 3.52458954e-01 -4.51582611e-01 -4.39141601e-01 -4.13148440e-02 -6.32363796e-01 -2.15082556e-01 1.23770371e-01 -4.20858823e-02 -1.89004511e-01 -7.97320530e-02 -1.87911347e-01 2.30993077e-01 2.75991768e-01 1.49167582e-01 4.76369727e-03 -4.50551882e-02
2.27448180e-01 -3.52382064e-01 -8.85964781e-02 -3.17830801e-01 -5.30371487e-01 -3.74181747e-01 -3.37270290e-01 7.22943991e-02 5.32194734e-01 3.54090065e-01 -4.85608518e-01 -1.62727162e-01 8.08031678e-01 -3.55710179e-01 -1.49000838e-01 -4.37977344e-01 -6.75404668e-01 -1.12925994e+00 1.12605512e-01 -7.55978972e-02 1.08191502e+00 -2.93510795e-01 -9.27040637e-01 1.50501803e-01 -1.42718568e-01 -1.15182415e-01 -3.87635559e-01 -5.58632314e-01 1.44277185e-01 -3.52103740e-01 1.14286810e-01 4.20410603e-01
-1.16004825e-01 -7.14271888e-02 1.64432597e+00 -8.78495574e-01 -7.27986872e-01 1.39334887e-01 4.82821986e-02 -3.72057348e-01 6.57858280e-03 1.90925169e+00 1.67763345e-02 -6.89944774e-02 3.00199449e-01 3.21542597e+00 -6.08689785e-02 -6.06861234e-01 3.10352355e-01 -2.38989258e+00 5.37957907e-01 -3.19514275e-01 2.45625362e-01 5.93800962e-01 -3.05402815e-01 8.15946400e-01 -8.02992135e-02 -5.35650551e-01 2.89266557e-01 -1.02009296e-01 1.46919429e-01 2.71487702e-02 2.41506204e-01 -3.31692964e-01
-5.46174109e-01 -1.79787382e-01 9.23057020e-01 4.02668387e-01 -7.26114392e-01 5.66591144e-01 5.02854288e-02 -9.65163231e-01 3.32823962e-01 6.71452224e-01 1.45900711e-01 3.09393317e-01 -5.05230010e-01 -9.11809802e-02 4.52792555e-01 -4.27431059e+00 -8.26661363e-02 -6.17757416e+00 6.61548257e-01 -9.71471429e-01 -7.56525576e-01 4.26657975e-01 5.39996743e-01 -1.26390830e-01 -2.27865562e-01 -2.50904411e-01 -3.59375864e-01 6.46119535e-01 -6.73290372e-01 -3.41846824e-01 -6.76498294e-01 -2.95924306e-01
-1.59153193e-02 -1.22891009e-01 -6.08674228e-01 -1.05876997e-01 -1.01453058e-01 -1.03826690e-02 2.32389987e-01 3.81583512e-01 2.86152273e-01 -4.96247441e-01 5.38629830e-01 -3.77223104e-01 3.75296980e-01 -8.43494654e-01 -3.13117385e-01 1.27279731e-02 -1.85465589e-01 2.95497566e-01 -1.52657196e-01 1.87400296e-01 8.24324600e-03 -1.01907104e-01 1.45004854e-01 -2.27297843e-01 -1.52109072e-01 7.96732306e-01 -4.55009378e-02 2.34934930e-02 -1.67427599e-01 2.22088054e-01 1.13007709e-01 3.85961801e-01
-9.66235757e-01 2.36420035e-01 -1.49807101e-02 2.89843827e-01 -2.32915968e-01 6.30753636e-01 -3.14964473e-01 -6.08269311e-02 3.91633987e-01 -6.41621649e-02 -8.15077960e-01 2.90348530e-01 2.04765782e-01 -3.45545441e-01 -3.02664161e-01 -6.52951360e-01 2.76372343e-01 -6.69804633e-01 -4.25993949e-01 3.65715474e-01 1.31416500e+00 9.96855199e-01 -5.51796444e-02 1.72821119e-01 -3.99712145e-01 1.52514815e-01 -6.40468240e-01 9.11298841e-02 8.07504296e-01 -2.95814931e-01 -7.78089315e-02 1.66814819e-01
-4.97741371e-01 -3.30357216e-02 2.03913957e-01 1.82677194e-01 -3.46520364e-01 1.88201904e-01 -1.09041822e+00 -5.80330268e-02 3.01591694e-01 4.73358345e+00 6.99773967e-01 2.10212559e-01 1.94137588e-01 2.41386127e+00 4.09319773e-02 -2.06970513e-01 -4.89546567e-01 -3.35173130e-01 2.17386596e-02 -2.63056278e-01 -5.80385327e-01 4.19725716e-01 1.41316578e-01 1.56296596e-01 -3.04067492e-01 -4.16167885e-01 -5.99632442e-01 2.19902307e-01 -1.08618349e-01 -6.01211369e-01 -1.26407221e-01 -3.28548282e-01
-7.84936175e-02 1.84702143e-01 1.54132862e-02 3.28228250e-02 -9.00741518e-02 1.29802097e-02 2.48340331e-03 -6.07675090e-02 5.75733334e-02 -2.03026921e-01 8.22909847e-02 -7.17094960e-03 4.05459851e-02 1.23665065e-01 7.36027882e-02 1.26525899e-02 5.33601604e-02 4.22014389e-03 7.53980456e-03 9.59571972e-02 2.38298640e-01 1.86267257e-01 5.29281143e-03 4.44195829e-02 1.35882730e-02 -1.98106491e-03 4.99981716e-02 3.30657572e-01 1.04900505e-02 -4.95965760e-05 -5.33445254e-02 7.45576769e-02
2.62602985e-01 -1.56035572e-01 -7.39725351e-01 9.98688489e-02 2.69499332e-01 -2.72202998e-01 -2.30877116e-01 -3.79092872e-01 1.07837565e-01 -7.62774289e-01 6.42038882e-02 6.87903985e-02 1.51258260e-01 8.51722732e-02 -9.03412029e-02 3.78052562e-01 -3.46988589e-01 6.18933082e-01 -9.43550691e-02 8.90231669e-01 1.18651882e-01 1.22067472e-02 -4.46661681e-01 -6.96933270e-02 -1.36654407e-01 -4.77231920e-01 9.00348186e-01 -3.82272214e-01 1.68426335e-01 3.57502669e-01 1.32288504e-02 1.89214230e-01
-2.09134102e-01 -1.70493349e-01 -4.10470098e-01 -1.29129395e-01 5.81507683e-01 -1.15363486e-02 1.72531575e-01 5.83821200e-02 3.31133872e-01 -4.45479393e-01 -8.90257135e-02 -9.74744380e-01 3.98729801e-01 -2.00922087e-01 -9.26631913e-02 2.85016239e-01 -2.24649876e-01 4.74418789e-01 2.08108738e-01 -1.57974973e-01 -7.39798415e-04 -2.76225597e-01 4.56959337e-01 -3.11416864e-01 2.23746806e-01 1.32944733e-01 -1.03559308e-01 3.30168992e-01 -2.05882583e-02 4.34319019e-01 7.20365465e-01 1.42545462e-01
9.84700024e-02 1.49726450e-01 -9.60757881e-02 7.68192410e-02 3.13883275e-02 1.11941479e-01 -7.68225966e-03 -6.94971308e-02 1.58710359e-03 9.43063125e-02 5.22844531e-02 1.60566479e-01 -6.38479069e-02 -1.41310573e-01 1.58029944e-01 4.34916258e-01 6.25290647e-02 -3.31495285e-01 7.89333042e-03 -9.13201198e-02 -1.07948460e-01 -1.94895953e-01 -6.29513245e-03 -3.51601280e-02 7.30626360e-02 1.44212335e-01 1.74019132e-02 -1.81894731e-02 1.01851344e-01 1.86078362e-02 3.64992134e-02 -1.04297604e-03
6.24872983e-01 -1.89150184e-01 5.56820691e-01 6.01310074e-01 -1.42486930e-01 -3.35894525e-01 -6.51839435e-01 -1.82103366e-01 -3.60721678e-01 -9.75788534e-01 -2.39614807e-02 9.07639921e-01 4.29520726e-01 -5.36045432e-01 7.80962348e-01 6.25666916e-01 -1.39699072e-01 -1.59131631e-01 5.30420899e-01 4.03208077e-01 -4.99160051e-01 -4.15813614e-04 4.39212471e-01 1.54144123e-01 3.63934562e-02 -4.16823775e-01 1.68443203e-01 3.83734792e-01 -2.46613219e-01 -9.06327739e-03 1.20297596e-01 4.79453743e-01
1.28092661e-01 -1.79672390e-01 1.49860576e-01 1.71422794e-01 -2.40320489e-01 2.49952599e-01 9.86098886e-01 4.33613993e-02 4.62971807e-01 4.50579762e-01 3.42035890e-01 3.81510973e-01 -4.25431579e-01 -1.54799640e-01 1.58514857e-01 -1.11529171e+00 -1.24583289e-01 -9.42241669e-01 -3.87787521e-02 -5.21761417e-01 -4.90612209e-01 2.36251671e-02 3.37094396e-01 8.15001205e-02 1.36440560e-01 -4.67447400e-01 -6.86289907e-01 4.76569772e-01 -7.29481950e-02 -1.70618623e-01 2.63894618e-01 -1.59529909e-01
-5.34935156e-03 -5.83199784e-02 -1.27516404e-01 3.57012451e-01 -2.47676313e-01 3.90226871e-01 5.13701677e-01 -2.14633629e-01 -3.23292196e-01 4.31908369e-01 -2.64998116e-02 1.57496691e-01 4.88731802e-01 6.46691322e-01 -8.98409858e-02 -7.36203134e-01 5.09202302e-01 -4.59409654e-01 2.46437006e-02 -2.57178545e-01 -3.07027072e-01 1.06209978e-01 -4.14496720e-01 1.58217177e-01 -3.29851538e-01 -5.53594902e-02 -1.09252974e-01 -5.06812394e-01 1.39623567e-01 -1.65236205e-01 -9.69189927e-02 -3.07547241e-01
7.37813711e-01 6.61176518e-02 -3.09110403e-01 1.17336206e-01 2.87862062e-01 -4.64376509e-01 2.05323454e-02 3.89421672e-01 1.95904702e-01 -2.79577184e+00 6.32145703e-02 2.00867489e-01 4.44260508e-01 -1.66058385e+00 3.74036618e-02 4.76672143e-01 2.36547887e-01 3.72646838e-01 -2.95792937e-01 7.64123797e-02 4.37781096e-01 -1.99729830e-01 -2.83028752e-01 -5.99001087e-02 -4.30743426e-01 -1.27897784e-01 -9.91893783e-02 -1.39603898e-01 2.66524464e-01 5.03909178e-02 2.76227598e-03 -1.09551951e-01
-9.69242990e-01 1.50922015e-01 7.51278549e-02 1.16973341e-01 -1.81470856e-01 -3.02014947e-01 1.11021960e+00 -1.02618411e-02 -9.99758840e-01 7.86470652e-01 -6.90128446e-01 -1.10167628e-02 1.81099638e-01 8.37631226e-02 -6.99531674e-01 3.51837873e-01 6.01682007e-01 3.45833033e-01 -2.89792567e-02 1.13631412e-02 -2.47039292e-02 4.08723086e-01 5.49193203e-01 9.52797294e-01 -5.15435576e-01 5.28450072e-01 -6.27737045e-01 -1.17226206e-01 8.80240142e-01 -4.55638289e-01 1.09039225e-01 1.29377380e-01
-5.78748047e-01 5.83041072e-01 -1.80975776e-02 -1.73851728e-01 5.58423579e-01 1.96760982e-01 -1.91621401e-03 5.51180720e-01 -3.18405956e-01 5.20037591e-01 3.63571495e-02 -1.42992303e-01 2.51483679e-01 2.31287569e-01 -5.16937912e-01 -1.45413220e-01 -1.40063807e-01 -3.24526504e-02 3.58984679e-01 -3.92891794e-01 1.35258120e-02 -2.43967980e-01 4.64062653e-02 -4.85928535e-01 1.01565138e-01 -1.79119140e-01 -5.96544147e-01 -5.08682489e-01 1.96405306e-01 -3.94591540e-01 -2.31893897e-01 -2.73638040e-01
1.70272142e-02 3.72765809e-01 3.97655785e-01 3.44798476e-01 -2.48146340e-01 -5.07215083e-01 -2.56454110e-01 -4.38796841e-02 3.98014456e-01 -7.63806760e-01 -6.15769148e-01 4.32359688e-02 -2.65131205e-01 -3.34789276e-01 -1.06652632e-01 6.31824374e-01 -1.86737825e-03 2.14330673e-01 3.80416542e-01 2.54708767e-01 -7.94913545e-02 -8.01216424e-01 9.56317061e-04 9.22580212e-02 3.07138920e-01 1.63612694e-01 1.81304116e-03 -4.60446835e-01 -2.54509747e-01 -1.46683931e-01 -1.87379196e-01 -3.02904189e-01
-7.54276633e-01 4.57641512e-01 -5.97641647e-01 -1.01801395e+00 -2.79500544e-01 -2.61501431e-01 -3.48484844e-01 3.99242461e-01 1.60136789e-01 4.05126870e-01 -5.73208071e-02 1.97442129e-01 1.85329735e-01 2.10709393e-01 -4.65780322e-04 9.34177339e-01 6.75148845e-01 1.13035953e+00 -6.32062197e-01 6.97900355e-02 5.67106247e-01 -7.57313430e-01 -6.44803107e-01 3.88153642e-01 -1.65027201e-01 -4.14891213e-01 2.67817497e-01 2.45258644e-01 6.64799631e-01 -8.22334230e-01 8.52942094e-02 -2.28823707e-01
-5.99185266e-02 -5.63276768e-01 4.49414253e-02 -7.50427917e-02 -6.73253834e-01 6.57358706e-01 -3.84633467e-02 -4.68357503e-01 5.87907910e-01 9.26404178e-01 -1.56400800e-01 1.51877282e-02 5.14540613e-01 4.43404078e-01 6.33262619e-02 -1.11621845e+00 -5.01037061e-01 -1.08202648e+00 -7.16731325e-02 1.60494909e-01 3.83013725e-01 3.56599718e-01 2.92936116e-01 1.99657127e-01 3.86708468e-01 6.62201345e-02 -3.74822617e-01 -4.03004736e-01 -2.13266551e-01 -2.95245081e-01 3.89154315e-01 1.85359642e-01
1.20053813e-02 -9.98864591e-01 2.96831369e-01 1.65338254e+00 1.73026338e-01 3.75462621e-02 -8.70530754e-02 -3.34252357e-01 -2.39885449e-01 2.22111851e-01 1.14644194e+00 -1.02610910e+00 -1.17348015e+00 -3.60308230e-01 2.03136235e-01 -1.01671778e-01 -1.23573351e+00 6.21879399e-01 6.99296117e-01 -7.05502152e-01 7.91233718e-01 1.25204608e-01 -4.16872576e-02 -5.43191156e-04 -1.10438317e-01 -5.79061270e-01 2.73818016e-01 6.76755235e-02 -9.48337317e-01 1.33246529e+00 -5.46901584e-01 1.19311474e-01
-6.94458604e-01 -2.34584078e-01 8.75512242e-01 1.76073924e-01 -8.51593435e-01 2.69692332e-01 2.80265987e-01 -6.51246682e-02 -2.99202234e-01 -9.30909961e-02 -1.16927993e+00 3.67518306e-01 4.26684201e-01 2.01488420e-01 2.39384055e-01 -7.21268713e-01 2.97850847e-01 -9.50823426e-01 3.62802207e-01 -4.05439079e-01 -1.45132768e+00 8.17926466e-01 -5.25650047e-02 -6.15139842e-01 1.81251720e-01 5.35466373e-01 -6.47879466e-02 2.19101489e-01 -5.08380651e-01 -1.79726467e-01 -2.28426278e-01 -2.26911362e-02
-2.92948842e-01 -3.81769776e-01 -1.28913030e-01 -1.13125436e-01 -3.01785737e-01 -5.80797046e-02 2.36256301e-01 2.32071206e-01 -6.27226412e-01 1.44675517e+00 -1.15648851e-01 -1.20653450e-01 -5.40518284e-01 6.58840239e-01 -1.47292063e-01 3.09640337e-02 -7.19038304e-03 1.59656823e-01 3.67845446e-02 -2.22619981e-01 1.88752905e-01 1.31360084e-01 2.91386873e-01 1.44367680e-01 -9.69456416e-03 -1.04082935e-01 -1.53268218e-01 2.46407494e-01 2.26328880e-01 3.48009795e-01 -1.77234799e-01 1.61089897e-01
-1.98457077e-01 -2.40821525e-01 1.29910275e-01 -1.69828057e-01 -5.20271003e-01 5.11602640e-01 -2.95381755e-01 -3.52117211e-01 1.85678005e-01 -4.15325493e-01 2.27759723e-02 3.84580195e-01 2.67293006e-01 3.82391989e-01 1.97471574e-01 -6.39758587e-01 -3.70206803e-01 -1.34079051e+00 -1.13845535e-01 -2.70032555e-01 -8.29294771e-02 9.81447399e-01 4.80962902e-01 5.81372023e-01 -4.93929714e-01 1.93852052e-01 5.25407195e-02 -2.38751128e-01 -3.08307230e-01 -3.26566637e-01 -2.97075152e-01 -5.28341271e-02
7.06429258e-02 -9.69302207e-02 5.00140563e-02 -7.98235834e-02 3.39245111e-01 -8.64301696e-02 6.18340038e-02 -3.23912829e-01 -2.20091671e-01 3.75274658e-01 1.43248335e-01 2.12993890e-01 7.94131979e-02 -3.70819241e-01 -1.41537208e-02 -3.09026927e-01 4.26649638e-02 1.27710640e-01 -1.96086973e-01 -5.42835951e-01 1.76908001e-01 -2.26681247e-01 -1.12359822e-01 -8.29055831e-02 4.30629328e-02 2.33447075e-01 -4.94069792e-02 -4.81451489e-02 1.13462426e-01 8.15653652e-02 8.19375589e-02 -5.46792224e-02
1.49630964e-01 -5.62606275e-01 -3.61233562e-01 8.95262003e-01 -3.13124239e-01 -4.59884793e-01 1.40769899e-01 -2.45317563e-01 1.30750686e-01 3.00152564e+00 -4.41511244e-01 8.97493422e-01 5.27165353e-01 1.05781484e+00 7.32472241e-01 -1.37857884e-01 -3.30045484e-02 -1.41683161e-01 6.39550149e-01 2.49651626e-01 2.37167448e-01 1.46344909e-02 -2.31919274e-01 1.20804167e+00 -5.30065373e-02 1.75651498e-02 -1.70737356e-01 3.15354109e-01 -8.36457834e-02 1.52449787e-01 6.94964588e-01 9.88161843e-03
-1.77408352e-01 2.17238337e-01 2.08617628e-01 7.57210478e-02 -5.59483357e-02 -3.02169230e-02 -1.83082763e-02 1.11263335e-01 4.75733764e-02 -4.48920764e-02 1.82488009e-01 2.79512163e-02 8.19536150e-02 -2.04085056e-02 1.27106056e-01 1.83593825e-01 4.47220691e-02 -1.50186360e-01 -9.09462944e-03 7.54972100e-02 -1.73298582e-01 1.69518255e-02 -8.28795321e-03 2.35273037e-02 -5.24466813e-01 -2.49808043e-01 4.40044217e-02 -7.27500841e-02 -6.55751377e-02 -5.12271039e-02 -3.65577191e-02 -3.91152829e-01
1.94298867e-02 -9.61901024e-02 -1.22810833e-01 3.53457145e-02 -1.58994228e-01 3.66893969e-02 -1.93839781e-02 1.84298396e-01 1.59365814e-02 -2.92691942e-02 -2.26106606e-02 9.98120289e-03 -6.51375353e-02 2.10911501e-02 -3.97524238e-02 2.19361916e-01 -1.02270842e-01 -1.51848376e-01 -2.43621208e-02 3.40879887e-01 -2.42325634e-01 -1.53359815e-01 -4.38236212e-03 -9.26832948e-03 3.97905111e-02 -7.75517821e-02 -5.02023920e-02 -8.12792927e-02 -6.03628978e-02 6.02202639e-02 3.31492093e-03 -4.00673971e-02
7.67967105e-01 -2.45764896e-01 4.13638383e-01 3.32539380e-01 -6.26172721e-01 2.36032251e-03 -5.87739050e-01 -9.78115574e-03 8.36558998e-01 1.14194997e-01 -1.83796495e-01 4.41215634e-02 5.43949343e-02 2.70554215e-01 7.10246742e-01 -1.04249668e+00 -4.37736332e-01 -9.64018643e-01 6.36245728e-01 -2.69830167e-01 -6.90884948e-01 2.42322028e-01 -2.12737560e-01 2.14785263e-01 7.90696025e-01 -5.32076955e-02 2.13116184e-01 -2.30661631e-01 -4.86000061e-01 2.18522623e-01 7.26931840e-02 1.34691715e-01
1.73019301e-02 -4.60887074e-01 -2.17542455e-01 3.74256492e-01 1.88324377e-01 -5.13183832e-01 1.70670345e-01 6.86260611e-02 1.76357731e-01 -1.60431281e-01 -2.74660498e-01 4.86475974e-01 3.90940458e-01 -2.04250515e-01 3.05516273e-01 -5.41035175e-01 -3.69406790e-01 -8.15493941e-01 3.02693874e-01 -4.17473584e-01 -2.22232163e-01 -7.76539650e-03 4.28344697e-01 6.65481389e-01 -1.11271486e-01 -2.79929370e-01 4.03730571e-01 -5.62995486e-02 -2.33346727e-02 -4.51245308e-01 1.11820340e-01 1.88897073e-01
-1.42648637e-01 -2.98852921e-02 8.22126269e-01 4.23885100e-02 -1.10810828e+00 -2.62023836e-01 1.29966602e-01 -3.37276906e-02 6.75077856e-01 5.54304123e-01 -2.08988994e-01 -3.32031220e-01 7.86797702e-02 5.02900124e-01 2.55108643e-02 -2.24140072e+00 -3.00440073e-01 -2.64781141e+00 -8.27922672e-03 5.17295264e-02 -7.34841347e-01 7.42560744e-01 2.74744600e-01 -4.97353673e-02 4.22168553e-01 2.14722410e-01 2.65827954e-01 4.88389991e-02 4.24751826e-02 -8.30547988e-01 -4.90923882e-01 -2.12598052e-02
-2.65186459e-01 -1.97609827e-01 -1.35076031e-01 -3.80241841e-01 -4.03229505e-01 6.18635476e-01 1.10802040e-01 -5.91471139e-03 -1.10402396e-02 3.73896003e-01 -2.75029808e-01 1.59635112e-01 1.58198655e-01 -3.09611440e-01 -1.35604098e-01 -6.15570664e-01 3.70373249e-01 -7.77572930e-01 -3.74979556e-01 9.18682292e-02 -2.60296583e-01 4.90814626e-01 -9.49755907e-02 2.92784244e-01 4.26694006e-01 -4.21925366e-01 3.82524639e-01 -5.22167189e-03 1.63376585e-01 3.43974307e-02 -1.81573182e-01 -2.70985644e-02
4.92341846e-01 6.90505505e-01 6.36354804e-01 -4.04657930e-01 1.50442705e-01 1.39641672e-01 2.08281383e-01 -1.43929794e-01 -8.02821279e-01 1.20190990e+00 -3.29403758e-01 -1.52218685e-01 -4.41112489e-01 1.17058742e+00 1.40081331e-01 1.01442806e-01 2.78241988e-02 -9.86508787e-01 3.24446201e-01 -2.83976763e-01 1.40401227e-02 6.74813569e-01 -2.02507153e-01 -3.98837417e-01 6.31260633e-01 -7.80471325e-01 4.91609484e-01 -4.19309586e-02 -3.12566698e-01 -6.07525349e-01 8.34610090e-02 -4.44036931e-01
-4.38867100e-02 -4.57810998e-01 9.43360403e-02 -1.23321228e-01 4.60805168e-04 1.77818596e-01 5.02931476e-02 -3.16622823e-01 -4.93723243e-01 -3.40935916e-01 -5.39287478e-02 -4.98376265e-02 -1.46763533e-01 4.34727818e-01 5.94970345e-01 3.41208875e-01 1.97787985e-01 -2.31882587e-01 4.77103554e-02 1.05482452e-01 -1.59306854e-01 2.42734224e-01 -3.00336212e-01 1.91202581e-01 4.33049239e-02 -2.97371209e-01 4.56719488e-01 6.13303006e-01 -4.19827431e-01 -4.03715461e-01 3.05848092e-01 2.30755016e-01
-1.11953306e+00 2.78984923e-02 7.64051527e-02 -1.27320635e+00 1.09687280e-02 1.69096321e-01 2.32841372e-01 7.20561981e-01 1.53342681e-02 3.32445294e-01 -9.16653395e-01 5.64747930e-01 9.25849199e-01 4.00270730e-01 -5.38826287e-01 4.41835076e-01 5.05961537e-01 -2.63296694e-01 -5.64813077e-01 9.82483506e-01 -5.52572608e-01 -3.46565008e-01 -9.55128372e-02 -1.60688870e-02 5.50430775e-01 7.39530802e-01 8.94924581e-01 6.43695414e-01 4.53331769e-01 -9.83343244e-01 2.27577224e-01 2.64619380e-01
-5.06646894e-02 6.59241378e-02 2.22893849e-01 -3.94123234e-02 4.29005802e-01 -9.74589065e-02 4.20105690e-03 3.86050791e-02 -8.46098438e-02 2.28305593e-01 1.74765754e-02 5.68139330e-02 -9.10684839e-03 -1.77085549e-01 1.17323317e-01 -1.49635419e-01 8.65391865e-02 5.75980693e-02 -1.64939910e-02 -4.11044002e-01 1.58096507e-01 -1.66675195e-01 9.82897170e-03 -2.80482192e-02 1.88645557e-01 1.41787424e-03 8.54719132e-02 9.38889384e-02 2.89938860e-02 -8.19977000e-02 7.16794953e-02 1.09614898e-02
-5.14454767e-02 7.15221316e-02 3.72128457e-01 -3.55625618e-03 1.86242517e-02 -3.63325551e-02 5.14346719e-01 1.98686913e-01 3.05081367e-01 -1.43070507e+00 -2.29363307e-01 4.16433811e-01 5.43532610e-01 -5.44339120e-01 -2.26311520e-01 -2.58991748e-01 2.91448981e-01 -6.43250883e-01 7.72166476e-02 -6.93327606e-01 1.14211285e+00 -4.10843074e-01 -1.06152602e-01 -1.42114055e+00 1.27369449e-01 4.23297405e-01 -8.94315898e-01 -1.13297069e+00 4.08642262e-01 1.24288201e-02 -2.06189632e-01 -4.51128215e-01
5.03300607e-01 -3.78239334e-01 -3.74702662e-01 5.04553318e-01 7.15024769e-02 9.27504897e-03 -6.21009655e-02 -1.88632920e-01 4.79179502e-01 -1.02503799e-01 -5.92059828e-02 -1.10672712e-01 6.96739614e-01 -3.40368450e-01 4.28356946e-01 -3.42755079e-01 -9.50101689e-02 -3.92335474e-01 2.11393535e-01 -1.39027610e-01 -2.71841526e-01 5.56640737e-02 2.18610540e-01 1.85983717e-01 4.71295184e-03 -2.70340115e-01 8.58592987e-01 4.30479199e-01 -3.95887971e-01 4.01631355e-01 1.46034449e-01 2.64327109e-01
-2.75870204e-01 3.54023516e-01 -1.36386648e-01 -2.86957957e-02 -6.07083678e-01 -2.11095661e-01 5.54598980e-02 4.35267240e-01 -1.39766354e-02 -5.93722522e-01 -1.52828306e-01 -7.71683306e-02 -3.68820310e-01 1.75843209e-01 2.44020745e-01 -1.80568546e-01 -8.62675160e-02 2.97598809e-01 5.49360439e-02 3.48486841e-01 -2.31444538e-01 -1.85453612e-02 -1.20929582e-02 -2.80226655e-02 -1.39099136e-01 -1.47210985e-01 2.84123927e-01 -2.60254174e-01 9.46471840e-02 2.78994758e-02 -4.07367274e-02 2.03856602e-01
1.95372831e-02 -5.77369571e-01 -6.30956218e-02 -8.49058256e-02 -1.95289671e-01 -9.43336412e-02 -1.14824800e-02 -2.00544611e-01 -4.17915761e-01 4.97722119e-01 6.61148410e-03 6.11921772e-02 3.30325902e-01 4.88944471e-01 -1.08104356e-01 -6.22800231e-01 -2.27309182e-01 -2.04514682e-01 1.33099286e-02 2.55466159e-02 7.82957226e-02 -3.42629589e-02 6.55246139e-01 1.33135319e-01 -3.96347463e-01 1.93757147e-01 3.62587810e-01 1.20982893e-01 -8.94949287e-02 1.44394040e-01 -3.98193151e-02 -1.94814891e-01
9.43096817e-01 -2.04549655e-02 -5.93272567e-01 2.26379782e-01 1.67176753e-01 1.49128675e-01 5.63073158e-01 1.36858925e-01 -3.14343989e-01 -8.38076055e-01 -8.52029443e-01 1.35204923e+00 5.16614392e-02 -8.27927709e-01 3.26222956e-01 5.88801444e-01 1.14177335e-02 4.98943329e-01 -1.27523184e-01 1.26702171e-02 -1.65609956e+00 -3.72992069e-01 -7.97833562e-01 -1.90282777e-01 -5.39618552e-01 -7.08212480e-02 2.75511801e-01 7.46115685e-01 -7.17345700e-02 9.10006762e-02 -1.10982414e-02 6.08500719e-01
-2.21414655e-01 -1.77566484e-01 -9.26050305e-01 -5.23761697e-02 4.74538982e-01 5.34125984e-01 -1.07396692e-01 6.46740049e-02 -2.66747415e-01 4.13355827e-01 -3.84242803e-01 -1.28871691e+00 3.70001942e-01 9.66351628e-02 1.39714107e-01 8.27493429e-01 -1.49658754e-01 1.55143964e+00 -5.47661841e-01 9.34478268e-02 4.31679785e-01 -1.11962996e-01 3.74361068e-01 6.68421566e-01 -1.43224463e-01 7.87584722e-01 -9.01023746e-02 -4.17526513e-01 1.56520158e-01 1.58598095e-01 5.46824098e-01 -1.87537670e-01
-4.44708988e-02 3.29126507e-01 -1.07730962e-01 -6.36138856e-01 -9.18218046e-02 7.91417837e-01 3.67357165e-01 8.14161777e-01 1.94196329e-01 3.25800091e-01 9.73341525e-01 -3.19696188e-01 1.04650006e-01 4.31983858e-01 6.02711886e-02 -5.47955692e-01 2.74277896e-01 5.45780398e-02 -3.41872901e-01 -5.43640614e-01 -9.05695558e-02 -1.61235183e-01 3.74035090e-01 1.98087260e-01 -2.96910882e-01 1.84704050e-01 1.50297452e-02 5.33023626e-02 -5.75830162e-01 2.37887591e-01 -1.58236131e-01 1.79228336e-01
6.33179843e-02 7.64588863e-02 -1.05963647e-02 -1.08614927e-02 -1.70507327e-01 9.05104168e-03 -3.48043069e-02 5.54943494e-02 4.93318290e-02 -9.26825404e-02 -4.11497131e-02 -4.36887056e-01 2.48689130e-01 2.89977133e-01 -6.23393133e-02 1.59746245e-01 7.52957463e-02 -9.02724452e-03 1.69696286e-01 2.50100791e-01 9.40919518e-02 3.65563154e-01 -3.70759540e-03 2.78066516e-01 -1.84070662e-01 -3.02959323e-01 -1.98973984e-01 -1.18002355e-01 -3.14515084e-01 -1.58005938e-01 -1.26169518e-01 -1.91666678e-01
3.75291258e-01 3.82352620e-02 5.58104217e-01 3.75727385e-01 2.10061029e-01 4.89081562e-01 1.15723300e+00 -3.64098638e-01 5.42534232e-01 2.29380488e-01 -6.60914958e-01 2.51132399e-01 -5.08340776e-01 1.46273643e-01 -1.19036615e-01 2.91552335e-01 -5.50544441e-01 -5.07494092e-01 3.16071153e-01 -1.50424074e-02 -2.51918912e-01 6.17427409e-01 2.92854428e-01 8.01649094e-01 -1.37596324e-01 -1.61882102e-01 -2.44960621e-01 3.82658988e-01 1.17196620e-01 3.85045469e-01 1.05046622e-01 1.45287991e-01
-4.96613652e-01 -4.60279167e-01 1.54928267e+00 1.27426609e-01 -1.00981557e+00 -4.47761863e-02 -1.33460975e+00 -9.18935239e-01 4.37548935e-01 8.80878985e-01 1.03356950e-01 -6.61356688e-01 -3.16746026e-01 8.56536448e-01 5.69193244e-01 -2.13763094e+00 1.83698863e-01 -2.93293095e+00 1.65030634e+00 7.88347244e-01 -4.92823780e-01 1.75974441e+00 -3.06808889e-01 2.75394559e-01 2.86462337e-01 -7.06514120e-01 -2.23245531e-01 3.67741138e-01 2.00737730e-01 8.09635893e-02 4.80450720e-01 2.10209385e-01
-4.16682884e-02 1.54596129e-02 1.49899483e-01 4.02764902e-02 3.06291729e-01 1.65447383e-03 -2.81018242e-02 1.52441626e-02 9.41099524e-02 -1.98388901e-02 -2.12105666e-03 -1.18361071e-01 9.68161896e-02 1.36377346e-02 -4.05024104e-02 -4.75245938e-02 7.29571376e-03 -4.65849899e-02 -5.35107926e-02 6.69322982e-02 1.22473940e-01 1.22194022e-01 -6.04541926e-03 1.98641308e-02 -1.84370443e-01 -1.66147903e-01 9.58833564e-03 4.11341220e-01 -4.54218127e-02 -5.64400069e-02 -3.50544937e-02 -1.90376803e-01
-4.40415740e-01 2.53692530e-02 -7.84790143e-02 -1.02054387e-01 -3.75976205e-01 1.55860364e-01 -9.46881715e-03 7.70369530e-01 -1.53895333e-01 4.34806913e-01 -2.83536941e-01 9.68893588e-01 5.42972147e-01 3.32124084e-01 1.99052006e-01 -8.71714205e-03 -1.36330441e-01 -1.44017339e-01 -2.59506077e-01 -3.25340256e-02 -1.38232335e-01 -5.72545588e-01 -1.21216379e-01 -2.36577615e-01 -3.18918169e-01 -1.25878409e-01 -6.39973044e-01 4.24022675e-01 -2.29227215e-01 -2.86703676e-01 4.66894321e-02 4.86962974e-01
-1.94833562e-01 -1.67514220e-01 7.11643279e-01 2.22857893e-01 -7.70677626e-01 3.71133029e-01 3.00337225e-01 -5.08672178e-01 5.34164786e-01 3.62237364e-01 -1.10226125e-01 3.97772759e-01 -5.18869199e-02 1.01959541e-01 1.56799242e-01 -2.09151959e+00 1.53775722e-01 -1.14018047e+00 -1.19240247e-01 2.05608428e-01 -2.33824272e-02 2.64605284e-01 3.38319629e-01 1.71170846e-01 -1.83643281e-01 -4.96934921e-01 -1.15818895e-01 -2.35979691e-01 -3.34964663e-01 -5.20045400e-01 3.90525013e-01 -3.56965333e-01
-1.95507333e-01 -2.89823618e-02 -9.30713415e-02 2.14763969e-01 -2.78715134e-01 -5.78956380e-02 1.57456398e-01 -3.01824242e-01 -5.30262291e-01 1.79321134e+00 -3.00969064e-01 -1.61794648e-01 -3.57950687e-01 1.38026166e+00 -1.62825257e-01 -8.63576960e-03 -6.39638454e-02 3.59585099e-02 -1.01738125e-02 -3.67932647e-01 7.30687231e-02 1.82259262e-01 -7.07805529e-02 -1.17657937e-01 -1.70164973e-01 -3.97485532e-02 4.92517024e-01 4.63330507e-01 1.40920058e-01 -3.95750672e-01 2.97687620e-01 -6.80589825e-02
-3.59038711e-02 -8.24981779e-02 8.28552723e-01 3.08620214e-01 -2.40802184e-01 -5.37961602e-01 -1.07325685e+00 2.94137776e-01 2.90629745e-01 1.79102510e-01 -8.22827667e-02 1.12946518e-01 2.85652459e-01 -1.16878837e-01 -3.34257871e-01 5.83249032e-01 1.17552012e-01 5.40888943e-02 -2.42558867e-01 -1.83371589e-01 7.80807197e-01 5.63719928e-01 2.01919258e-01 -8.70336890e-01 1.43883377e-01 2.23361179e-01 -3.78783107e-01 2.56941915e-01 1.01869382e-01 1.60401449e-01 -3.98139775e-01 -3.87575150e-01
9.03176725e-01 -1.37438968e-01 4.14095819e-01 9.42638457e-01 -3.67001235e-01 -2.46104822e-02 -8.65431726e-01 -4.88132447e-01 9.44916129e-01 -2.12236714e+00 -2.01219559e-01 5.91746449e-01 -1.19010592e+00 -3.30964386e-01 1.89623505e-01 -6.83019578e-01 4.47609350e-02 -1.92319363e-01 4.62342650e-01 8.18101108e-01 3.27737689e-01 -4.88804162e-01 -2.25648975e+00 -5.41923702e-01 6.71998680e-01 6.28188074e-01 -8.49577248e-01 -4.69084799e-01 9.89355892e-02 1.20367324e+00 -8.34629655e-01 -2.22719938e-01
-6.51924759e-02 2.08046883e-01 2.17969529e-02 -4.87512350e-02 -2.40061447e-01 -2.91128196e-02 1.54767158e-02 -4.64337356e-02 -2.89650285e-03 -3.49454358e-02 6.03202507e-02 5.06180227e-02 7.81563073e-02 -4.70895097e-02 1.27858669e-01 -1.62902400e-01 1.04260817e-01 1.74214602e-01 -3.68789234e-03 -2.95854896e-01 1.31807297e-01 8.99855867e-02 -2.31662579e-03 -1.19862603e-02 -3.48864734e-01 -5.89908846e-02 1.46370847e-02 -4.26416062e-02 -8.78109131e-03 -4.95482562e-03 -1.23093240e-02 -1.70069322e-01
-1.24197245e-01 2.52215803e-01 1.79088020e+00 3.57089460e-01 -1.32320988e+00 3.57230246e-01 -2.42183566e-01 -4.16180253e-01 7.85899520e-01 6.78655505e-01 9.72987637e-02 -3.02307904e-01 -7.98757970e-01 9.85202849e-01 1.16640449e-01 -3.43907642e+00 -2.53926128e-01 -4.62848473e+00 1.70330569e-01 1.43039435e-01 -1.09455860e+00 1.10786712e+00 5.15501797e-01 1.25639319e-01 3.92582595e-01 -4.21556234e-02 -6.24060750e-01 5.30877471e-01 1.01737613e-02 -8.71042833e-02 5.97712584e-02 -1.68278024e-01
-7.54862309e-01 2.54333109e-01 2.10062996e-01 -6.74420476e-01 -1.99482635e-01 -2.54061788e-01 -2.46821642e-01 3.89259577e-01 4.58508059e-02 -3.18673253e-02 1.76415801e-01 -3.47700238e-01 3.62499714e-01 5.35212457e-01 -4.87290949e-01 -3.02044392e-01 1.06792897e-01 -2.72319227e-01 -2.12437540e-01 -1.14070006e-01 2.60462333e-02 7.02045143e-01 1.25074595e-01 -2.62196213e-01 -3.05840105e-01 2.06282914e-01 -6.41612709e-01 3.81051123e-01 3.22606866e-05 -4.99582171e-01 -2.64821649e-01 -6.52243912e-01

layers.2.bias:
-1.47953618e+00
-7.19169378e-01
5.49473882e-01
-5.52640796e-01
2.36485764e-01
-5.42997301e-01
3.06380510e-01
2.13556695e+00
6.65785968e-01
8.13785255e-01
-9.79363203e-01
-1.33531845e+00
-2.54710674e-01
9.04839814e-01
-2.71225661e-01
-8.13322604e-01
-1.07988030e-01
-6.48838460e-01
3.31326067e-01
-4.59718592e-02
-1.51856020e-01
6.84250891e-01
7.52194881e-01
-3.41882445e-02
-4.62687910e-01
1.01954985e+00
-8.28149438e-01
-1.08964431e+00
3.66468728e-01
-1.07672286e+00
8.53377953e-02
-4.32169698e-02
7.32887864e-01
1.39441997e-01
-3.74230266e-01
-6.63443133e-02
-1.05300792e-01
1.33697116e+00
9.94692326e-01
-1.51748911e-01
8.96844566e-01
-1.72315061e-01
-5.93236327e-01
1.42102098e+00
2.91549653e-01
-1.21078980e+00
1.00481379e+00
-4.01066124e-01
7.86477149e-01
1.69123423e+00
9.21186581e-02
3.04738045e-01
8.54382217e-02
-5.59375107e-01
6.68178126e-02
-6.75428510e-02
7.89796233e-01
-1.47057891e-01
-1.59997523e-01
-5.50419509e-01
7.22274184e-01
2.83863228e-02
-3.99189770e-01
6.43722594e-01

layers.4.weight:
4.96244401e-01 2.75451486e-04 -7.91973695e-02 2.26828475e-02 -5.18765710e-02 -1.81172475e-01 1.50408340e-03 -6.93150043e-01 -1.29091829e-01 -3.90961111e-01 4.16075699e-02 7.46648550e-01 -1.92652941e+00 -1.24997854e-01 -6.20768312e-03 -1.23009658e+00 -3.02615180e-03 6.53048307e-02 5.94398566e-02 2.70909886e-03 3.88484001e-02 -7.15269223e-02 -3.07161715e-02 2.65451521e-01 -5.37284873e-02 -3.91028412e-02 -3.85583341e-02 7.45483220e-01 -4.32533115e-01 3.99334878e-01 -3.39168832e-02 -1.40694410e-01 -1.37683675e-01 3.93915214e-02 1.00154810e-01 -1.22958166e-03 6.07316149e-04 -1.46085396e-01 -6.63467450e-04 1.21344775e-01 -5.18622287e-02 3.35937738e-01 9.98469722e-03 -1.35469779e-01 5.60837239e-03 2.58596659e-01 9.48206708e-03 -2.13430561e-02 -9.42804590e-02 -6.48870349e-01 -9.31422338e-02 -5.39307222e-02 -8.37846622e-02 -2.41146442e-02 -1.14182138e+00 -7.64468219e-04 6.14934638e-02 -3.29724997e-01 -9.35091674e-02 2.83256136e-02 6.47974163e-02 -5.41081245e-04 8.15511465e-01 -3.01168263e-02

layers.4.bias:
-1.07456148e+00

