layers.0.weight:
3.31696361e-01 -5.67613244e-01 7.97264636e-01
5.69172144e-01 -8.09445798e-01 -5.80563486e-01
-8.31293464e-02 -6.13938749e-01 -5.77727258e-01
-1.07055378e+00 1.15616508e-01 4.58123112e+00
2.67282110e-02 4.11940843e-01 1.16166264e-01
-5.79876065e-01 8.58121514e-01 -1.84879377e-01
-1.31842160e+00 4.86020595e-01 -9.88645032e-02
-6.01682402e-02 7.88846374e-01 -9.23566997e-01
6.03414774e-01 -9.26082134e-01 5.12713566e-02
-1.11527514e+00 5.86289167e-02 -1.64189592e-01
7.53551662e-01 -9.85680073e-02 1.41279221e+00
-7.16238439e-01 -1.31785080e-01 -1.29353356e+00
-4.30584475e-02 7.12955832e-01 -1.57757306e+00
-1.16726887e+00 2.10410804e-02 5.00053525e-01
-6.46977663e-01 1.09646142e+00 7.52028525e-01
-1.81771189e-01 9.48456824e-01 1.64468549e-02
5.46070874e-01 -6.33792400e-01 -1.45019031e+00
-1.15504665e-02 1.12846863e+00 1.84981868e-01
8.07071701e-02 -9.54183042e-01 5.35116851e-01
3.41117471e-01 -1.28724232e-01 -8.64976227e-01
2.23475501e-01 1.65966094e-01 -5.10879010e-02
-3.24195027e-01 -2.56797969e-01 -1.00232065e+00
-4.64660525e-01 1.65601885e+00 -4.46076952e-02
-1.56447518e+00 4.06930357e-01 1.75152493e+00
1.05132234e+00 3.79940838e-01 -7.78481364e-01
2.59609371e-01 6.71772659e-01 -1.17486012e+00
-1.16151750e-01 -2.13369340e-01 1.90187418e+00
-3.97779703e-01 -2.44972542e-01 1.92939892e-01
3.22416067e-01 7.57217348e-01 -1.46468067e+00
-1.04933763e-02 4.65525806e-01 1.70563948e+00
-2.89658904e+00 2.84448242e+00 -1.78299040e-01
-1.26738083e+00 -5.19488692e-01 1.02004325e+00

layers.0.bias:
8.77201200e-01
4.81547834e-03
-1.42384720e+00
-6.34384930e-01
7.07518518e-01
-2.04255387e-01
-3.54310095e-01
2.86240637e-01
-7.45998621e-01
-1.59115899e+00
1.64644122e-01
1.80825554e-02
2.46107668e-01
-1.21306002e+00
-2.90836543e-01
1.43946290e+00
9.34610724e-01
1.82654703e+00
-6.68276668e-01
5.78918040e-01
-1.44309163e-01
-1.35729384e+00
1.02535832e+00
-7.05530941e-02
1.36946186e-01
5.60703695e-01
8.80503118e-01
-1.57881156e-01
-4.88352716e-01
7.31267482e-02
8.91685039e-02
-6.70209900e-02

layers.2.weight:
-3.57902974e-01 1.75122768e-01 1.12485588e-01 -4.86047477e-01 -1.12096608e-01 1.12507371e-02 1.04358092e-01 -6.06973059e-02 -1.04841419e-01 2.89480829e+00 8.28685388e-02 6.77502677e-02 -2.22618163e-01 2.41784883e+00 -1.16334736e-01 3.99725676e-01 -9.41796526e-02 5.60698748e-01 1.12770461e-01 -2.81538069e-01 2.49255672e-01 -7.02390671e-02 -5.31371176e-01 6.09581232e-01 -1.09934717e-01 6.05466604e-01 -7.86913276e-01 -1.38618842e-01 -1.89446315e-01 -2.16734111e-01 -1.02609321e-01 2.76215822e-01
-4.68100496e-02 1.53550565e-01 -8.83427203e-01 6.05426915e-02 -3.12888175e-01 9.53933895e-02 -7.71028996e-01 -4.93623942e-01 5.71333826e-01 6.40616059e-01 3.63640338e-01 -2.73818731e-01 2.36644998e-01 -7.08528757e-02 -3.26997876e-01 2.43927747e-01 -3.59451473e-01 3.95656139e-01 -4.28926706e-01 -7.15731457e-02 6.60935938e-01 -1.63384080e-01 -4.44312334e-01 -4.73551489e-02 2.76636332e-03 -8.10918212e-02 -3.17506343e-01 -5.65724134e-01 6.73705786e-02 -2.10886702e-01 -8.77632573e-02 1.89718291e-01
-8.90289899e-03 6.11138307e-02 3.39450151e-01 -6.37808561e-01 -1.08751321e+00 9.12735239e-03 -5.14724076e-01 2.10489720e-01 5.54576635e-01 7.79407918e-01 -4.36968833e-01 -2.20690817e-01 4.77985479e-02 2.10914955e-01 -1.95640683e-01 -1.05702758e+00 -3.76237720e-01 -9.17972803e-01 3.00134588e-02 3.03571913e-02 -1.83397800e-01 -1.55417368e-01 2.72539794e-01 -1.31462359e+00 -3.91144961e-01 3.05034965e-01 -1.05850720e+00 1.61289245e-01 3.01287264e-01 -2.54417062e-01 2.01437682e-01 3.73331875e-01
2.20271841e-01 -1.18614450e-01 9.69606489e-02 1.31848621e+00 5.32518566e-01 4.11708653e-01 6.86307490e-01 -2.11406022e-01 -1.85805500e-01 -1.62843410e-02 1.33595988e-01 -3.58897597e-02 -5.48610210e-01 1.88817099e-01 6.57569230e-01 1.00226927e+00 -3.66686434e-01 7.69565761e-01 2.79915124e-01 -1.05052030e+00 -6.93758845e-01 -1.24367349e-01 4.04329598e-01 1.50486386e+00 -2.17887923e-01 -5.13710141e-01 4.70900685e-01 1.85860023e-01 -6.38944209e-01 -1.79082260e-01 4.01555235e-03 2.49868035e-01
4.73628603e-02 -3.55108917e-01 3.37905437e-01 -4.28358763e-01 -2.32555568e-01 -2.42585614e-01 -1.48566079e+00 1.45975664e-01 4.48143989e-01 -5.41292429e-01 4.58870918e-01 -7.96009898e-01 7.81520247e-01 -7.95503557e-01 -3.82366180e-02 -1.34857666e+00 -3.41715395e-01 -1.17394233e+00 -7.59618133e-02 -1.50908634e-01 9.85799491e-01 -5.55576324e-01 2.19796807e-01 -3.15736562e-01 -5.94527423e-01 6.36497378e-01 1.07873060e-01 -6.91667557e-01 -1.30486831e-01 6.34951055e-01 -4.68084142e-02 -1.89624473e-01
-3.34974915e-01 1.90729082e-01 4.17711884e-01 1.57537520e-01 -1.05930424e+00 -2.67485529e-01 -2.78344333e-01 2.38686949e-01 4.88347083e-01 1.37829617e-01 5.91063321e-01 3.72353464e-01 -7.85396993e-02 2.28591654e-02 -2.54178286e-01 -1.39475727e+00 -3.83090436e-01 -1.55558586e+00 7.77393043e-01 -2.67216325e-01 -6.16261065e-01 -2.96459347e-02 -6.95348859e-01 -2.60258377e-01 1.20822132e-01 7.31652901e-02 1.47529006e-01 1.13397729e+00 -1.99695885e-01 -4.49366152e-01 -5.42719305e-01 2.55054355e-01
-3.32120433e-02 -2.33973563e-03 -2.39930063e-01 -3.83862178e-04 -1.19686350e-01 1.89244032e-01 -7.01441914e-02 -3.98913443e-01 -1.48095772e-01 1.99846521e-01 2.92978972e-01 4.78179790e-02 2.83568323e-01 -2.60747448e-02 2.20422121e-03 -2.65388578e-01 2.80702673e-02 9.87385511e-02 -7.07272515e-02 -3.13486338e-01 -3.76547575e-01 9.65640768e-02 6.44760579e-02 2.27859206e-02 1.52099028e-01 2.53907591e-01 -3.51242006e-01 -3.97405654e-01 -1.51701719e-01 7.99422786e-02 -1.18119232e-01 1.47787541e-01
2.74563164e-01 1.32843927e-01 -3.76026779e-01 3.57232153e-01 1.94318548e-01 -6.56168163e-01 1.82125330e-01 4.94965464e-01 5.45420647e-02 -2.66614974e-01 -1.37662172e-01 9.71563220e-01 3.16904247e-01 -4.64666724e-01 -2.06635773e-01 1.77770108e-01 5.23025513e-01 1.33278534e-01 2.94133604e-01 4.92270648e-01 -1.50336099e+00 -8.89730930e-01 1.00951150e-01 2.99590081e-01 1.61225393e-01 7.44198084e-01 6.03999197e-01 5.90358555e-01 -5.77439785e-01 4.93764192e-01 1.84086233e-01 -2.26255387e-01
1.13077819e-01 1.45277202e-01 -5.86761892e-01 -2.55870879e-01 1.23187089e+00 -4.11227971e-01 -1.91195592e-01 -3.28065157e-01 -1.00592375e+00 3.21657836e-01 3.87450665e-01 4.11922157e-01 6.88647270e-01 6.65446222e-02 1.85523942e-01 1.77727783e+00 2.49987856e-01 1.33217716e+00 -5.69858789e-01 -1.91127613e-01 -2.97352932e-02 -2.85362929e-01 7.61077255e-02 2.55253464e-01 1.05860271e-01 3.95724654e-01 5.12023270e-02 1.89307719e-01 4.04512174e-02 1.48545846e-01 2.35219169e+00 -3.69985700e-01
-6.40466750e-01 1.46052212e-01 -8.65992531e-02 -5.44464529e-01 4.19116795e-01 3.94403040e-02 -1.00979976e-01 3.98615658e-01 4.43616271e-01 -1.90167621e-01 -2.69534253e-03 2.34476596e-01 2.07437783e-01 1.73164949e-01 -3.60713422e-01 -6.92092001e-01 3.77536684e-01 -4.03568119e-01 -4.38240767e-01 2.70539057e-03 -6.18947029e-01 -2.10913137e-01 1.33937642e-01 -9.91492793e-02 -1.96716368e-01 -7.10614398e-02 -1.95979938e-01 2.05376461e-01 2.85630077e-01 1.42674908e-01 8.82085413e-02 -1.48672936e-02
2.27089047e-01 -3.01902205e-01 -7.63007700e-02 -3.70317549e-01 -5.61547220e-01 -3.77349496e-01 -3.83010447e-01 1.40341371e-01 5.42116642e-01 2.45712072e-01 -5.36433339e-01 -1.06440768e-01 8.61790717e-01 -3.43843788e-01 -2.04982832e-01 -3.59472424e-01 -6.29857123e-01 -1.02489960e+00 1.58243515e-02 -2.90451869e-02 1.05179000e+00 -2.63725311e-01 -8.74718487e-01 1.50855467e-01 -6.96681961e-02 -5.82283996e-02 -4.41445529e-01 -5.71047246e-01 2.66606867e-01 -4.05821621e-01 1.26199070e-02 3.40251058e-01
-1.06215172e-01 -1.45643419e-02 1.70417464e+00 -8.78457010e-01 -9.14716065e-01 1.37480721e-01 -5.02452999e-02 -3.89073312e-01 2.75217324e-01 1.83251154e+00 3.37894447e-02 -1.03244923e-01 2.98552036e-01 3.21951151e+00 -6.69194758e-02 -8.61782134e-01 3.29588652e-01 -2.68332481e+00 5.79771578e-01 -3.24054092e-01 2.84917951e-01 6.07699990e-01 -2.74707943e-01 8.40358436e-01 -5.30206226e-02 -5.44732630e-01 2.87707686e-01 -1.24041781e-01 1.08287677e-01 2.47067492e-02 -2.47041807e-01 -3.65238458e-01
-7.07620561e-01 -1.63433060e-01 1.02413487e+00 4.10814703e-01 -9.15970266e-01 6.88696504e-01 3.44666131e-02 -9.43775713e-01 4.07412231e-01 4.91309375e-01 2.58502901e-01 4.05557007e-02 -5.11740804e-01 5.66359935e-03 4.75573629e-01 -4.72982502e+00 -8.36660638e-02 -6.47021627e+00 6.07743084e-01 -1.00409603e+00 -6.40076756e-01 5.02991259e-01 6.99738860e-01 -8.16557854e-02 -2.90699154e-01 -2.58081287e-01 -3.56563956e-01 6.41401947e-01 -6.59265935e-01 -3.23522836e-01 -1.18628645e+00 -2.30137900e-01
2.91115586e-02 -1.71002164e-01 -6.36438131e-01 -6.66797385e-02 -1.29691467e-01 -1.96610764e-02 2.36234367e-01 3.31803501e-01 3.39613825e-01 -2.75264889e-01 5.32926679e-01 -2.40348890e-01 3.32464546e-01 -8.11135411e-01 -2.72496343e-01 -4.43260744e-02 -2.42091313e-01 2.48027101e-01 -9.45717469e-02 1.27762526e-01 -1.92222334e-02 -1.46412000e-01 1.09135471e-01 -2.11828902e-01 -1.47934750e-01 7.55961061e-01 -8.17205664e-03 4.73054908e-02 -1.85731575e-01 2.59978712e-01 1.36141598e-01 3.81065667e-01
-1.02793694e+00 6.84668049e-02 -2.05880076e-01 4.74715173e-01 -9.07688737e-02 7.48977304e-01 -3.94630164e-01 -2.41659075e-01 4.18044865e-01 -4.51984368e-02 -6.17025435e-01 9.97451395e-02 2.00061910e-02 -2.21366465e-01 -1.29599333e-01 -8.10135901e-01 9.40134600e-02 -6.54821575e-01 -2.75745898e-01 1.84586912e-01 1.52090776e+00 7.85390615e-01 8.26843828e-02 3.28304380e-01 -3.63849223e-01 -2.45180558e-02 -4.56630707e-01 -7.83039778e-02 6.71195328e-01 -1.10424034e-01 -2.96750152e-03 1.13568798e-01
-6.05073035e-01 -5.11271060e-02 1.04841497e-02 1.55087918e-01 -3.25540245e-01 2.70168364e-01 -9.41241622e-01 -9.86515358e-02 1.35836914e-01 5.20574570e+00 5.84676385e-01 4.19343024e-01 2.00462252e-01 2.68982720e+00 -6.37584925e-02 -5.96256964e-02 -4.27859426e-01 -1.36639893e-01 7.28144348e-02 -2.18905285e-01 -6.98892653e-01 3.83597672e-01 1.51447564e-01 3.05085331e-01 -3.76680136e-01 -4.40366119e-01 -6.13748550e-01 3.30559283e-01 -1.03961490e-01 -6.43397391e-01 9.09117907e-02 -2.59322762e-01
-2.70439917e-03 1.50723547e-01 -4.30372581e-02 3.86088714e-02 -1.71969738e-02 -5.25393710e-03 9.12929233e-03 -6.45636320e-02 3.93074229e-02 -1.15393564e-01 6.35944754e-02 6.10751398e-02 4.12814990e-02 9.41320509e-02 9.77052525e-02 5.58340885e-02 2.71472577e-02 3.99740003e-02 2.02420857e-02 1.00207813e-01 2.56392717e-01 1.29898265e-01 -3.24674509e-02 2.75700036e-02 7.51690045e-02 1.67968161e-02 5.93646839e-02 2.53928095e-01 9.22513753e-03 4.65704827e-03 3.65323536e-02 1.64408050e-02
1.89048290e-01 -1.29774436e-01 -6.27378345e-01 7.86526799e-02 1.55305713e-01 -2.19062582e-01 -1.60003588e-01 -3.34972739e-01 2.68204987e-01 -6.66869760e-01 1.10095039e-01 -3.42857055e-02 1.72374472e-01 9.52320099e-02 -1.03275955e-01 1.68989763e-01 -3.29361290e-01 4.49853182e-01 -1.06012583e-01 8.88858080e-01 2.46133819e-01 5.26686423e-02 -4.84010875e-01 -9.11398679e-02 -1.92077473e-01 -4.69294757e-01 8.73443544e-01 -4.54546928e-01 2.09370837e-01 3.38092536e-01 -4.81574349e-02 2.66995966e-01
-2.42945611e-01 -1.50316775e-01 -1.85108796e-01 -2.37318903e-01 1.12108469e-01 -3.31309289e-02 2.30004564e-01 1.20293044e-01 4.94082332e-01 -3.81348968e-01 -1.99643210e-01 -8.33921134e-01 4.99121994e-01 -3.80844367e-03 -1.31189138e-01 -2.17329815e-01 -2.44579270e-01 -6.41135126e-02 2.22736657e-01 -1.50119230e-01 -9.20486674e-02 -1.40507892e-01 3.27346116e-01 -2.42662802e-01 2.00747624e-01 2.12000087e-01 -2.09788173e-01 4.82592285e-01 5.64558916e-02 3.18796873e-01 2.94803619e-01 1.23707660e-01
4.34156507e-02 1.73320249e-01 -1.47134131e-02 5.87630682e-02 -3.79076600e-02 1.10473014e-01 -1.46078691e-02 -7.47218654e-02 4.50913794e-02 3.32432799e-02 7.84113035e-02 8.60186219e-02 -5.69201410e-02 -5.27353249e-02 1.09214105e-01 4.41174507e-01 6.77598715e-02 -3.05107117e-01 3.50690410e-02 -8.37485790e-02 -9.63600948e-02 -1.33230597e-01 4.38901735e-03 -1.84767805e-02 2.61630118e-02 1.34963751e-01 -2.91873468e-03 8.07614252e-03 1.07658081e-01 4.31649620e-03 -2.73548961e-02 4.84853387e-02
7.53433526e-01 -1.10105328e-01 6.33211434e-01 5.61834216e-01 -2.45773703e-01 -4.44976032e-01 -7.34357595e-01 -2.05206797e-01 -1.70482472e-01 -1.01177621e+00 -6.73954636e-02 9.61624622e-01 4.55124080e-01 -5.20207524e-01 6.91873550e-01 5.40410578e-01 -6.63671866e-02 -2.74373651e-01 6.40046418e-01 4.62326139e-01 -5.36000609e-01 2.14019809e-02 3.18258762e-01 1.66162848e-01 7.48989582e-02 -4.06044722e-01 1.30569801e-01 3.72068822e-01 -2.16761768e-01 -5.16696759e-02 1.80946141e-02 4.50855762e-01
2.54276246e-01 -1.11134134e-01 7.21374378e-02 1.67670116e-01 -2.59824302e-02 1.48838893e-01 9.20563281e-01 3.96437012e-02 4.73322034e-01 2.45414466e-01 3.39127660e-01 3.67930770e-01 -4.16235030e-01 -5.14462948e-01 1.05254084e-01 -1.09201813e+00 -5.23985587e-02 -7.52134383e-01 -3.90915498e-02 -4.53920305e-01 -5.49045205e-01 -8.25311523e-03 2.61968672e-01 -1.81195643e-02 7.94928819e-02 -4.43642139e-01 -6.86522067e-01 4.78432149e-01 -1.01120591e-01 -1.73636228e-01 2.59852052e-01 -7.75272995e-02
2.27980074e-02 -2.28953268e-02 -2.39338234e-01 4.07942086e-01 -1.28678426e-01 3.98743033e-01 3.55397701e-01 -2.72506475e-01 -3.10667753e-01 3.73101205e-01 1.47932209e-02 9.08576995e-02 4.33769375e-01 5.45637667e-01 -1.55125484e-01 -7.12576509e-01 5.39670467e-01 -2.87772983e-01 6.90342560e-02 -2.56112456e-01 -3.55950147e-01 6.30765408e-02 -3.60911340e-01 2.20184207e-01 -3.67275476e-01 -1.17225930e-01 -5.49250096e-02 -4.48407173e-01 6.47953078e-02 -1.16077729e-01 7.16781756e-03 -2.82208771e-01
7.18482196e-01 -9.07301456e-02 -2.36650959e-01 1.59285441e-01 2.09970176e-01 -3.81082356e-01 -7.56586567e-02 3.46778154e-01 2.71418989e-01 -2.54001474e+00 1.10434473e-01 1.44627795e-01 3.86621416e-01 -1.64268005e+00 2.16109633e-01 3.40322495e-01 1.14640743e-01 2.77578354e-01 -3.01402539e-01 -1.33605907e-02 5.28585136e-01 -1.89568132e-01 -1.90296277e-01 -5.90952151e-02 -3.37480217e-01 -1.83986053e-01 -6.79637343e-02 -1.96226761e-01 2.59467602e-01 1.05243109e-01 -2.03041662e-03 -2.09911510e-01
-8.51575494e-01 1.61879838e-01 5.03306161e-04 1.04482926e-01 -2.02313475e-02 -3.48787189e-01 1.08371115e+00 -6.77642375e-02 -1.06980169e+00 7.42465556e-01 -7.59489357e-01 6.77741319e-02 1.88865721e-01 6.59131557e-02 -7.06225932e-01 6.51773155e-01 6.16911113e-01 5.61362028e-01 3.34102184e-01 3.41689959e-02 -3.47505420e-01 4.27516997e-01 5.38339078e-01 9.39248443e-01 -5.02742708e-01 5.31210184e-01 -6.33891642e-01 1.28001228e-01 8.34550440e-01 -4.69645232e-01 1.07559174e-01 1.05837412e-01
-6.05837524e-01 5.53090692e-01 2.34217327e-02 -2.00381488e-01 4.35042709e-01 2.30893746e-01 2.45394576e-02 5.78301072e-01 -3.50547254e-01 5.40103018e-01 1.05292937e-02 -1.09139122e-01 2.79584289e-01 2.65439749e-01 -4.75128233e-01 -5.31600714e-01 -1.54106781e-01 -2.61090577e-01 3.37502152e-01 -3.81759703e-01 2.02739378e-03 -2.15882719e-01 8.28199163e-02 -5.20959735e-01 6.92871287e-02 -1.45603001e-01 -6.23318195e-01 -4.57285851e-01 2.30090007e-01 -4.27392632e-01 -1.66376173e-01 -2.45332688e-01
-1.46972373e-01 2.24134654e-01 4.37685609e-01 3.44170600e-01 -1.74253315e-01 -2.82732666e-01 -1.37204796e-01 2.42990740e-02 2.58884132e-01 -4.54728425e-01 -5.98749399e-01 -4.63342704e-02 -2.52364993e-01 -3.21295828e-01 6.93882182e-02 7.49155998e-01 -7.80214593e-02 2.86035389e-01 2.25517526e-01 2.28025928e-01 1.03128135e-01 -7.49324739e-01 2.10519820e-01 9.61188972e-02 3.16147476e-01 1.82319164e-01 -1.85520388e-03 -6.23774588e-01 -2.44372457e-01 -1.35020509e-01 7.27569014e-02 -2.97185153e-01
-8.00280631e-01 4.50380772e-01 -6.81486189e-01 -9.89938855e-01 -9.99152735e-02 -2.20646769e-01 -3.77420098e-01 4.22941864e-01 1.21878810e-01 3.84227246e-01 -1.83295310e-02 1.55603945e-01 1.63078770e-01 2.36384228e-01 6.84995763e-03 1.14977586e+00 6.71800196e-01 1.31435311e+00 -8.98945332e-01 5.94039783e-02 6.07064009e-01 -8.07580590e-01 -6.11986220e-01 4.00915146e-01 -1.35048553e-01 -4.38648731e-01 2.94959426e-01 2.13865653e-01 6.26050353e-01 -7.94209242e-01 1.81558162e-01 -2.62063295e-01
3.85085642e-02 -5.56204319e-01 -2.38742819e-03 -1.18866935e-01 -6.01328254e-01 6.25079751e-01 3.86792161e-02 -4.47601438e-01 5.08891582e-01 9.40997124e-01 -2.19966561e-01 8.92295241e-02 5.55100858e-01 4.11622733e-01 4.87120859e-02 -1.06521678e+00 -4.62539583e-01 -1.02341843e+00 -4.99708019e-02 2.07132325e-01 3.03948045e-01 3.82860243e-01 3.04897755e-01 1.44395128e-01 3.24442148e-01 1.12879612e-01 -4.17116880e-01 -3.46867085e-01 -2.07438886e-01 -3.37521315e-01 4.60573286e-01 2.54495502e-01
-1.45007120e-02 -9.84144628e-01 3.30392897e-01 1.62541306e+00 1.39117688e-01 4.99459691e-02 -8.75616595e-02 -3.07593375e-01 -2.10391000e-01 2.21576855e-01 1.12420094e+00 -1.01012480e+00 -1.14668381e+00 -3.40652823e-01 1.67496040e-01 -7.77062178e-02 -1.25844157e+00 5.69330335e-01 6.70920134e-01 -7.50412822e-01 8.16650271e-01 1.51473507e-01 -3.28580812e-02 1.06646068e-01 -9.77240950e-02 -5.51140428e-01 2.47378901e-01 8.42414349e-02 -9.21617866e-01 1.30305886e+00 -6.13847494e-01 5.29278852e-02
-8.04740012e-01 -2.58123577e-01 4.47802901e-01 1.91553056e-01 -3.61521482e-01 3.21940035e-01 3.50825131e-01 -8.68781731e-02 -5.43891668e-01 -1.57653049e-01 -9.43393767e-01 2.23838523e-01 4.04368997e-01 1.48182034e-01 2.58348584e-01 -2.05744550e-01 2.88074851e-01 -3.70523036e-01 1.56654075e-01 -4.08133328e-01 -1.01517701e+00 4.33369577e-01 1.05854407e-01 -6.38194025e-01 1.34588942e-01 5.28456748e-01 -5.24942279e-02 2.13056341e-01 -5.24944007e-01 -1.62365198e-01 -1.04964495e-01 3.29343341e-02
-4.04811680e-01 -3.37038189e-01 -5.68502471e-02 -1.87535733e-01 -2.75841832e-01 6.89244270e-02 1.43132895e-01 3.16440523e-01 -5.91372669e-01 1.43328798e+00 -1.63781509e-01 -1.24226160e-01 -4.64079112e-01 3.84542078e-01 -1.09484650e-01 -8.50783288e-03 4.41196524e-02 1.44696757e-01 -8.61526281e-02 -1.60598263e-01 2.96778202e-01 2.03738153e-01 4.88696486e-01 -2.35904567e-02 1.12408616e-01 -1.75678693e-02 -2.31251910e-01 1.14102304e-01 3.75575542e-01 2.80754894e-01 -5.41806892e-02 4.30567600e-02
-4.53886725e-02 -3.83981645e-01 2.75418740e-02 -1.04994841e-01 -4.01710957e-01 4.56479788e-01 -1.96840778e-01 -4.46237534e-01 9.86233652e-02 -3.82210821e-01 3.07732020e-02 4.43212241e-01 2.01714575e-01 5.11738122e-01 3.50305170e-01 -5.68562567e-01 -4.93052095e-01 -1.25209844e+00 2.77114776e-03 -3.48651320e-01 -1.18784279e-01 8.73191416e-01 4.44443256e-01 6.02318764e-01 -4.40524131e-01 1.38009667e-01 1.22221380e-01 -2.29743421e-01 -3.69584590e-01 -2.62129843e-01 -9.02510956e-02 -1.13507949e-01
1.41273309e-02 -6.04671650e-02 1.24519765e-01 -9.66146141e-02 2.72663951e-01 -8.87760445e-02 4.00311649e-02 -3.14219922e-01 -1.90004587e-01 2.90516585e-01 1.55877531e-01 1.48853749e-01 8.68611336e-02 -3.09121370e-01 -5.17736636e-02 -3.07001323e-01 6.96359649e-02 1.12429701e-01 -2.06063226e-01 -5.30210972e-01 1.57881871e-01 -1.67027622e-01 -8.63234475e-02 -3.33886221e-02 -4.73935641e-02 2.20804214e-01 -6.69543445e-02 3.29244733e-02 1.15544498e-01 6.46214113e-02 -7.06310347e-02 3.01986933e-02
-5.86458528e-03 -5.87282360e-01 -2.04025507e-01 7.70543218e-01 -2.99444467e-01 -4.07068223e-01 2.77222753e-01 -7.64567629e-02 -3.72364700e-01 3.35398054e+00 -5.61830878e-01 9.94919598e-01 6.49497747e-01 1.02207613e+00 7.67084837e-01 1.58068255e-01 1.31976334e-02 2.46885985e-01 4.86287564e-01 3.31632614e-01 2.42443234e-01 1.77688539e-01 -3.01642388e-01 1.09220624e+00 4.44952166e-04 1.47525385e-01 -3.03355038e-01 2.95445085e-01 1.87675655e-01 4.41882387e-02 1.26236379e+00 -3.27435248e-02
-9.88222584e-02 1.75761417e-01 1.45859212e-01 7.58402944e-02 2.18587909e-02 -5.20558283e-02 9.89871845e-03 1.08704880e-01 1.84424408e-02 -2.22866256e-02 1.73323125e-01 8.49911869e-02 8.72404650e-02 -1.91239323e-02 1.50448442e-01 2.02820987e-01 1.57154631e-02 -1.24482013e-01 -1.92613353e-03 8.12838078e-02 -1.63157046e-01 -4.16578948e-02 -1.55729679e-02 -1.50977838e-04 -4.57857221e-01 -2.22129047e-01 4.74297330e-02 -1.39160082e-01 -5.40681928e-02 -5.28413989e-02 2.44827736e-02 -4.55686837e-01
-2.11590808e-03 -6.20264150e-02 -2.71688551e-02 2.38583069e-02 -2.74293482e-01 3.04992367e-02 -6.73794001e-02 1.43894866e-01 6.21629693e-02 -3.33700292e-02 -2.03690715e-02 -2.07487922e-02 -6.78740814e-02 5.57282418e-02 -8.54219496e-02 2.37691224e-01 -1.19527720e-01 -7.70096257e-02 5.77948019e-02 3.24177802e-01 -2.60667294e-01 -7.50240088e-02 2.45251637e-02 -1.81361865e-02 2.31481958e-02 -1.03055388e-01 -6.33310974e-02 -4.82039638e-02 -6.67022541e-02 5.24048209e-02 3.44074816e-02 -1.95480045e-02
7.63071954e-01 -3.02044034e-01 4.25428629e-01 3.50649208e-01 -6.40698016e-01 5.41197211e-02 -5.45323133e-01 -2.18491014e-02 6.53658509e-01 1.19211346e-01 -1.97488829e-01 4.76168022e-02 4.45513614e-02 2.97998607e-01 7.75087237e-01 -1.01143658e+00 -4.84578073e-01 -1.06509542e+00 6.99926317e-01 -2.96875179e-01 -7.93703794e-01 3.02917629e-01 -1.13595784e-01 2.38236085e-01 7.57754445e-01 -5.32736741e-02 2.35384494e-01 2.00438518e-02 -5.72218180e-01 2.37648979e-01 1.64240748e-01 1.29680172e-01
6.90048859e-02 -4.64184552e-01 -1.62908316e-01 3.88176203e-01 5.94551116e-03 -5.33090651e-01 1.07000977e-01 1.88603178e-02 2.44490325e-01 -1.74790829e-01 -2.62386829e-01 4.75171089e-01 3.71025711e-01 -1.83433652e-01 3.16070169e-01 -8.91335845e-01 -3.79206717e-01 -1.04283190e+00 4.03176248e-01 -4.33257073e-01 -2.08049804e-01 -3.49753117e-03 4.13264185e-01 6.84479952e-01 -1.01642601e-01 -3.08678329e-01 4.18193579e-01 -5.52814528e-02 -7.16573894e-02 -4.37916845e-01 1.05566524e-01 1.77073315e-01
7.00775161e-02 4.19863239e-02 7.16730833e-01 1.38374239e-01 -1.36229765e+00 -3.51558447e-01 1.75248027e-01 -1.95319578e-01 7.90972233e-01 7.56244421e-01 -1.32009625e-01 -3.90428931e-01 -2.42409147e-02 5.89974761e-01 -4.49576639e-02 -2.82178307e+00 -2.26742044e-01 -3.37791800e+00 2.56742656e-01 2.86638830e-02 -7.74590373e-01 6.20805264e-01 1.34811237e-01 1.27402321e-01 1.46815270e-01 7.47029185e-02 3.70678395e-01 1.67437583e-01 -2.34259427e-01 -7.47371256e-01 -5.59061110e-01 2.75580049e-01
-1.86224073e-01 -2.79694736e-01 -2.63837337e-01 -2.68838853e-01 -2.69345433e-01 5.75488269e-01 1.42021582e-01 -1.16983950e-01 -1.09003060e-01 3.75251770e-01 -1.79442897e-01 1.31438002e-01 4.62910123e-02 -2.43259549e-01 -9.33091715e-02 -5.36908805e-01 2.73280114e-01 -6.14524603e-01 -2.70461321e-01 -6.47641858e-03 -3.29689771e-01 3.84986222e-01 -1.05311580e-01 3.71751547e-01 3.58901650e-01 -5.27760684e-01 4.92888629e-01 6.53424188e-02 6.21909723e-02 1.50138453e-01 -8.89711976e-02 4.40757237e-02
4.45553660e-01 7.25069940e-01 6.87302053e-01 -4.11378086e-01 8.61163661e-02 8.89600664e-02 2.39447743e-01 -1.02383442e-01 -8.06668401e-01 1.02321434e+00 -3.05638880e-01 -2.05762014e-01 -4.27465618e-01 1.12874651e+00 9.86986235e-02 1.01368204e-01 4.64938655e-02 -1.03302312e+00 3.01692873e-01 -2.70322800e-01 1.80650372e-02 7.15397477e-01 -2.65792966e-01 -4.09383476e-01 6.01592720e-01 -7.61220813e-01 4.83028024e-01 -2.27580704e-02 -3.15841019e-01 -6.15268886e-01 -4.69735675e-02 -4.10855889e-01
-1.02598434e-02 -4.50423330e-01 1.26866609e-01 -1.30267680e-01 4.50072391e-03 1.18754245e-01 4.76731211e-02 -3.15913737e-01 -5.70805907e-01 -3.69902581e-01 -6.19112290e-02 -4.35947292e-02 -1.42811805e-01 3.81118536e-01 5.79513907e-01 4.69540328e-01 1.96871251e-01 -3.21180761e-01 2.76938849e-03 1.20540850e-01 -2.30151623e-01 2.49961779e-01 -3.27984482e-01 2.09116802e-01 -1.94101054e-02 -2.98559695e-01 4.51109797e-01 6.90133393e-01 -4.02879477e-01 -4.09693450e-01 2.82639563e-01 2.96253711e-01
-1.29768622e+00 1.53429449e-01 1.59832940e-01 -1.33959508e+00 -9.61517319e-02 3.63058620e-03 1.22360893e-01 6.07713878e-01 1.36612371e-01 2.98435658e-01 -1.00741088e+00 6.88226819e-01 1.13414681e+00 2.95188338e-01 -6.26274407e-01 3.08562338e-01 6.18765295e-01 -3.85193408e-01 -3.77036244e-01 1.07506442e+00 -4.95521337e-01 -2.75540322e-01 -2.53094345e-01 -1.15457796e-01 6.40887082e-01 1.04792619e+00 8.26828718e-01 5.60899019e-01 5.36310732e-01 -1.05718148e+00 1.17623582e-01 1.81538418e-01
-1.14690915e-01 8.10616836e-02 2.92066395e-01 -5.35533652e-02 3.63888144e-01 -9.59939584e-02 6.21332787e-04 4.79138643e-02 -6.16781190e-02 1.38346300e-01 3.47366780e-02 -3.82235879e-03 -3.34280659e-03 -1.13595411e-01 8.66517574e-02 -1.63746893e-01 9.19127315e-02 3.08485944e-02 -2.55519077e-02 -4.11008388e-01 1.54267803e-01 -1.10659957e-01 2.62151882e-02 1.41292289e-02 1.24801725e-01 -7.35646021e-03 6.86157420e-02 1.46218434e-01 4.58484143e-02 -9.51237008e-02 -4.36543822e-02 7.08138719e-02
-7.90058449e-02 1.71361402e-01 2.60248631e-01 -7.33979419e-02 2.85952002e-01 8.46822485e-02 5.96482217e-01 2.62783617e-01 1.79622471e-01 -1.29629862e+00 -2.99404681e-01 4.86371607e-01 6.13474607e-01 -3.63311797e-01 -3.95620853e-01 1.63936913e-01 3.83158177e-01 -1.39270425e-01 -1.22987498e-02 -6.79628730e-01 1.19308293e+00 -3.33190292e-01 4.54880930e-02 -1.26792789e+00 1.34730339e-01 4.97643560e-01 -9.51990366e-01 -1.09055066e+00 3.10112387e-01 -5.94343171e-02 -2.03923225e-01 -4.98532951e-01
6.91679776e-01 -3.21505070e-01 -2.55771905e-01 4.56896871e-01 -2.11951420e-01 -7.90350214e-02 -1.98366895e-01 -2.24365979e-01 6.12689495e-01 -1.25472993e-01 -1.04472689e-01 -6.20146058e-02 7.34719574e-01 -3.27069402e-01 3.72242838e-01 -6.20952785e-01 -4.53349687e-02 -7.92537093e-01 6.05740964e-01 -9.00873616e-02 -3.16238225e-01 9.99906957e-02 1.42023027e-01 1.73442498e-01 5.57869785e-02 -2.35456124e-01 8.11831057e-01 4.39238638e-01 -4.13570911e-01 3.53682369e-01 1.40363276e-01 1.99730158e-01
-1.60978153e-01 2.97626883e-01 -1.34330213e-01 -5.93219139e-02 -5.87587953e-01 -2.44396657e-01 8.56334344e-02 4.27454829e-01 -3.56950685e-02 -4.92508352e-01 -2.07651600e-01 4.74248491e-02 -3.34990799e-01 1.95470884e-01 2.81020641e-01 -1.31660923e-01 -1.43218160e-01 2.53324479e-01 9.67487916e-02 3.55136484e-01 -2.58304179e-01 -4.41668443e-02 -5.77431582e-02 -3.13955732e-02 -7.83736557e-02 -9.38005522e-02 2.58306175e-01 -3.04962784e-01 9.42794606e-02 -2.51215766e-03 9.58848298e-02 1.36102587e-01
3.35061774e-02 -5.38399458e-01 -1.02817409e-01 -9.61424410e-02 -1.45935282e-01 -1.22281834e-01 -1.98066905e-02 -1.89067051e-01 -3.77087176e-01 4.88227248e-01 -3.58910928e-03 7.28657469e-02 3.42958629e-01 4.12517726e-01 -1.54796749e-01 -7.06944346e-01 -2.08693370e-01 -1.67238295e-01 2.26384420e-02 4.01497819e-02 8.46824124e-02 -4.29454744e-02 5.87248504e-01 6.42446652e-02 -3.69210124e-01 2.14057624e-01 3.49325120e-01 1.06105678e-01 -6.61000833e-02 1.33079559e-01 -4.27802354e-02 -2.23140627e-01
1.04179430e+00 3.37453820e-02 -6.46790564e-01 2.25929081e-01 2.36994162e-01 8.36970061e-02 4.67926085e-01 1.24140553e-01 -2.81909257e-01 -9.51107025e-01 -8.19284618e-01 1.33764446e+00 5.66140562e-02 -9.28464413e-01 2.77904660e-01 4.47818726e-01 8.42177942e-02 4.60460305e-01 -1.11193210e-01 1.41512752e-01 -1.61350858e+00 -4.43572342e-01 -8.17815781e-01 -2.66941935e-01 -4.00460929e-01 -2.60549430e-02 2.78535426e-01 6.04750454e-01 -8.48331600e-02 8.53174999e-02 -8.66432264e-02 4.84907597e-01
-2.39199638e-01 -4.52865511e-02 -8.70540857e-01 -1.07759260e-01 2.55034447e-01 4.59549487e-01 -2.97184475e-02 1.15170576e-01 -1.85356885e-02 4.48673457e-01 -4.22001809e-01 -1.19966865e+00 4.21241552e-01 2.27198705e-01 -1.71058759e-01 6.25163496e-01 -1.63368210e-01 1.36125875e+00 -5.59666872e-01 8.37745070e-02 4.26944047e-01 -8.21006820e-02 1.40995935e-01 6.79150760e-01 -1.13611460e-01 8.40083003e-01 -1.43885493e-01 -4.01414812e-01 2.45560572e-01 9.56802666e-02 4.68301356e-01 -2.38892823e-01
-2.81513147e-02 4.04769719e-01 -1.56668425e-01 -6.39139771e-01 -7.66892061e-02 7.56557524e-01 2.86686450e-01 8.13933969e-01 3.16349149e-01 3.02562684e-01 9.52219665e-01 -2.78851658e-01 1.08093753e-01 2.50286669e-01 1.67632997e-02 -7.29926467e-01 3.23856384e-01 -3.15224864e-02 -3.33314210e-01 -5.19004107e-01 -5.87003492e-02 -2.04245746e-01 2.93014169e-01 1.24356829e-01 -2.45411992e-01 1.92949921e-01 1.10662999e-02 -2.67047039e-03 -5.41047812e-01 2.31427953e-01 -1.96291372e-01 1.31211996e-01
7.18845725e-02 4.61864546e-02 -1.51635125e-01 3.43476534e-02 -8.81114304e-02 4.75234017e-02 4.94915955e-02 7.44919553e-02 -4.22105603e-02 -1.16031114e-02 -6.32580221e-02 -3.45083922e-01 2.20821351e-01 2.01829895e-01 -7.54617248e-03 8.53396952e-02 8.12422857e-02 -4.36420143e-02 1.04880244e-01 2.26780578e-01 8.39690343e-02 2.76432455e-01 -1.89487985e-03 1.87389880e-01 -6.50589392e-02 -3.08061421e-01 -1.54957443e-01 -1.50302976e-01 -2.90056795e-01 -1.21027216e-01 2.97576226e-02 -3.08298588e-01
4.89488035e-01 2.63669461e-01 4.56738651e-01 3.66524994e-01 5.67406654e-01 3.44376326e-01 8.26718569e-01 -3.30111921e-01 7.42749095e-01 -2.20506057e-01 -6.27642334e-01 1.95044562e-01 -4.91791487e-01 -6.76180243e-01 -1.88558906e-01 5.33411682e-01 -3.10468525e-01 -2.01346949e-01 2.23901078e-01 1.69128835e-01 -1.05947688e-01 5.30897498e-01 2.34198272e-01 5.02013505e-01 1.50971487e-01 -8.75637978e-02 -2.58205801e-01 2.47676484e-02 2.27036312e-01 3.82215500e-01 -8.37145150e-02 -8.86547342e-02
-4.19727355e-01 -5.87026715e-01 1.66058135e+00 4.81566377e-02 -1.01720786e+00 -5.43066785e-02 -1.21044946e+00 -9.21854138e-01 2.74109751e-01 1.10268068e+00 -5.03902882e-03 -5.28898239e-01 -2.51208037e-01 1.07751358e+00 7.14206994e-01 -2.09035110e+00 1.15814172e-01 -2.80906296e+00 1.73276722e+00 8.11860859e-01 -4.95030701e-01 1.84310997e+00 -3.14862639e-01 2.47039109e-01 3.62511218e-01 -6.56095862e-01 -2.96076238e-01 3.44229162e-01 1.94598600e-01 1.29869999e-02 7.30371177e-01 1.35401532e-01
2.45741848e-02 -1.22975614e-02 8.13642517e-02 4.50938940e-02 3.78076732e-01 -1.29268290e-02 -2.71250797e-03 1.51319504e-02 6.53894544e-02 2.56427582e-02 -8.32751393e-03 -6.66368827e-02 9.80731100e-02 -2.75327964e-03 -1.78494230e-02 -3.75600718e-02 -5.14101982e-03 -1.56076057e-02 -4.94968742e-02 7.59488419e-02 1.43261418e-01 5.97286560e-02 -2.40709092e-02 -4.86770598e-03 -1.26845226e-01 -1.46107480e-01 1.74638648e-02 3.37138832e-01 -3.32233794e-02 -5.39121069e-02 2.46558916e-02 -2.43864119e-01
-4.88313705e-01 -5.71147613e-02 -1.83578297e-01 1.06883012e-01 -1.79358900e-01 1.52034491e-01 -3.84694457e-01 6.12781942e-01 1.65306702e-01 -4.94208224e-02 7.31580183e-02 2.32123137e-01 3.34702492e-01 1.38340041e-01 3.34595054e-01 -2.90968418e-01 -2.04676569e-01 1.83714535e-02 -1.45037100e-01 -1.61353737e-01 2.64822185e-01 -7.18903780e-01 -2.45325677e-02 -2.59449065e-01 -1.00271285e-01 -3.10461164e-01 -4.46669370e-01 2.54063103e-02 -3.07093412e-01 -5.45642599e-02 -4.79632504e-02 3.29803199e-01
-1.18564986e-01 -2.10678294e-01 7.50773847e-01 2.15336636e-01 -7.77676284e-01 3.35419506e-01 2.38653198e-01 -5.26131332e-01 5.70122957e-01 3.30480993e-01 -1.33513182e-01 3.98889005e-01 -4.79307584e-02 9.35226828e-02 2.27891237e-01 -2.18510938e+00 1.16223134e-01 -1.16940308e+00 -3.91910970e-02 1.93924099e-01 1.80008933e-02 3.05691153e-01 3.38546991e-01 1.19577333e-01 -1.00818820e-01 -4.89232361e-01 -1.25317201e-01 -3.05727601e-01 -3.42178226e-01 -5.19644380e-01 3.61069113e-01 -4.28188056e-01
-2.10329190e-01 -4.20683362e-02 -2.17573419e-01 1.76792681e-01 -8.11672732e-02 2.42301971e-02 1.74656495e-01 -2.22407684e-01 -5.10352075e-01 1.63804197e+00 -3.49179059e-01 -9.94947851e-02 -3.04120570e-01 1.28423786e+00 -1.41873807e-01 -2.52767541e-02 -2.82535534e-02 5.12307212e-02 -1.08652934e-01 -3.33148777e-01 1.11227326e-01 1.69374749e-01 1.01644650e-01 -1.60124719e-01 -5.40899821e-02 3.89499366e-02 4.52264994e-01 3.77153039e-01 2.19155923e-01 -4.35076177e-01 2.61475414e-01 -1.81569293e-01
2.80807726e-02 -5.23840487e-02 6.33772612e-01 3.98891300e-01 -1.28673844e-03 -5.60095608e-01 -1.13397801e+00 1.92267507e-01 3.14686388e-01 2.16684073e-01 5.66269644e-03 2.70423479e-02 1.93196654e-01 -3.30500714e-02 -3.98052424e-01 8.25255156e-01 1.37785405e-01 3.97394985e-01 -1.20247990e-01 -1.97872549e-01 7.47763872e-01 4.39738363e-01 1.83661938e-01 -7.35310078e-01 4.52013165e-02 1.12896785e-01 -2.80317336e-01 2.76110232e-01 -9.22484994e-02 2.50453532e-01 -3.99147630e-01 -2.72006631e-01
1.17398047e+00 -3.34869355e-01 4.66799676e-01 9.29083526e-01 -3.08486879e-01 2.10887622e-02 -6.86705112e-01 -5.64626157e-01 4.58428621e-01 -1.43932950e+00 -3.33364785e-01 7.94983506e-01 -1.19054723e+00 -3.34321141e-01 6.30806446e-01 -2.62555569e-01 -4.05924171e-02 9.58884954e-02 6.45224214e-01 7.94510305e-01 1.86302632e-01 -4.38176274e-01 -2.20067501e+00 -5.74654043e-01 4.92769420e-01 6.03448033e-01 -8.55471313e-01 -2.60256231e-01 -2.03113761e-02 1.20318484e+00 -7.58756876e-01 -3.58132310e-02
-1.70954298e-02 1.73647612e-01 -1.75272226e-02 -4.64774184e-02 -1.82306215e-01 -4.41521928e-02 3.78697850e-02 -4.10738625e-02 -4.02343795e-02 -1.50770172e-02 5.12870923e-02 8.61390010e-02 8.26541558e-02 -4.58819568e-02 1.46032199e-01 -1.26853749e-01 7.79975280e-02 1.79055423e-01 -1.19964201e-02 -2.89412737e-01 1.38684541e-01 5.78652844e-02 -1.73039455e-02 -2.57133655e-02 -3.02395880e-01 -3.68680954e-02 2.09298469e-02 -8.60258862e-02 -1.50539950e-02 -3.75509146e-03 -7.08931545e-03 -2.15928838e-01
6.63867891e-02 2.97039270e-01 1.69522107e+00 4.46946800e-01 -1.47634220e+00 2.05285221e-01 -2.07592234e-01 -5.91002464e-01 8.49590719e-01 6.49945617e-01 1.52198851e-01 -2.98018843e-01 -9.00183976e-01 7.73668885e-01 6.83496445e-02 -3.81291103e+00 -2.10136130e-01 -4.98228550e+00 4.11663175e-01 1.25368252e-01 -1.18953228e+00 1.02757871e+00 3.90290648e-01 1.51612431e-01 2.01270044e-01 -1.66221932e-01 -5.22484183e-01 6.69518769e-01 -2.13558748e-01 -1.00124786e-02 1.72916308e-01 3.50541286e-02
-8.21852386e-01 1.38450727e-01 9.60996971e-02 -6.99371815e-01 1.16849248e-03 -1.17904082e-01 -2.72638410e-01 4.66735750e-01 -4.88651581e-02 1.30951526e-02 1.53662071e-01 -3.37148517e-01 3.98771524e-01 4.92996752e-01 -3.51684660e-01 -4.20851648e-01 1.68937445e-01 -2.05137536e-01 -3.32051098e-01 1.26527295e-01 1.01976462e-01 6.61706924e-01 2.79487669e-01 -2.04895437e-01 -5.99009655e-02 2.80232549e-01 -6.68310165e-01 5.76328486e-02 6.24230951e-02 -5.20535827e-01 -1.11358978e-01 -8.01211894e-01

layers.2.bias:
-1.41316748e+00
-7.82571793e-01
3.88022512e-01
-6.00705445e-01
1.35191111e-02
-3.94647419e-01
2.18888581e-01
2.18695641e+00
6.32537127e-01
8.11574280e-01
-9.32205379e-01
-1.39012921e+00
-4.45113510e-01
9.17877614e-01
-4.51015592e-01
-7.18166769e-01
-5.83682023e-02
-7.55502880e-01
2.96396762e-01
-9.18470398e-02
-1.07701302e-01
8.02019656e-01
7.92008221e-01
-1.75230563e-01
-3.52311611e-01
9.81822014e-01
-9.78373945e-01
-1.09942353e+00
4.58474874e-01
-1.10204113e+00
6.00916892e-02
-1.23698421e-01
7.89467633e-01
1.04837365e-01
-3.93361628e-01
-9.67782643e-03
-1.46171659e-01
1.35318482e+00
9.71010923e-01
-1.15463011e-01
9.71240640e-01
-1.91690162e-01
-5.29793262e-01
1.35433638e+00
2.47039527e-01
-1.06574178e+00
1.05224466e+00
-3.18408817e-01
7.92871118e-01
1.80832088e+00
5.42123988e-02
3.08661580e-01
1.17045976e-01
-4.77391034e-01
9.18286145e-02
-1.88968387e-02
5.51214337e-01
-1.79480866e-01
-1.49394289e-01
-4.60341722e-01
7.78316498e-01
6.64520860e-02
-3.28503668e-01
6.87061608e-01

layers.4.weight:
3.24572057e-01 2.60500964e-02 -5.78669570e-02 1.60588026e-02 -5.31062298e-02 1.66858852e-01 6.99545199e-04 -6.91811204e-01 1.73579678e-01 -3.85720432e-01 4.30002883e-02 9.91656601e-01 -1.81806564e+00 -7.92930052e-02 -1.76632035e-04 -1.43551719e+00 -5.87295333e-04 7.99759626e-02 -2.14420332e-04 4.30817250e-04 3.43175456e-02 -1.17822342e-01 -2.10118964e-02 2.16969877e-01 -7.50942156e-02 -3.28815058e-02 4.49494384e-02 8.05020034e-01 -4.15130943e-01 3.91178668e-01 -2.25401316e-02 -1.57313555e-01 -7.30402023e-02 3.46764253e-04 1.32035956e-01 -3.82165708e-05 8.95993981e-06 -1.88759252e-01 -2.46492196e-02 2.52814472e-01 -7.95806292e-03 2.64625669e-01 1.11855464e-02 -1.28385752e-01 5.26660180e-04 1.26770467e-01 -1.31732132e-02 -9.37641656e-04 -1.13662839e-01 -6.47178173e-01 -1.06322706e-01 -1.95173640e-02 -6.02983288e-04 1.54300971e-04 -1.18868303e+00 -1.55595426e-05 2.19068796e-04 -3.50586265e-01 -6.85736313e-02 1.69919245e-02 -4.31865118e-02 3.19920946e-05 9.58820760e-01 -2.24130191e-02

layers.4.bias:
-1.07245278e+00

