layers.0.weight:
3.31696361e-01 -5.67613244e-01 7.97264636e-01
5.69172144e-01 -8.09445798e-01 -5.80563486e-01
-8.31293464e-02 -6.13938749e-01 -5.77727258e-01
-1.07055378e+00 1.15616508e-01 4.58123112e+00
2.67282110e-02 4.11940843e-01 1.16166264e-01
-5.79876065e-01 8.58121514e-01 -1.84879377e-01
-1.31842160e+00 4.86020595e-01 -9.88645032e-02
-6.01682402e-02 7.88846374e-01 -9.23566997e-01
6.03414774e-01 -9.26082134e-01 5.12713566e-02
-1.11527514e+00 5.86289167e-02 -1.64189592e-01
7.53551662e-01 -9.85680073e-02 1.41279221e+00
-7.16238439e-01 -1.31785080e-01 -1.29353356e+00
-4.30584475e-02 7.12955832e-01 -1.57757306e+00
-1.16726887e+00 2.10410804e-02 5.00053525e-01
-6.46977663e-01 1.09646142e+00 7.52028525e-01
-1.81771189e-01 9.48456824e-01 1.64468549e-02
5.46070874e-01 -6.33792400e-01 -1.45019031e+00
-1.15504665e-02 1.12846863e+00 1.84981868e-01
8.07071701e-02 -9.54183042e-01 5.35116851e-01
3.41117471e-01 -1.28724232e-01 -8.64976227e-01
2.23475501e-01 1.65966094e-01 -5.10879010e-02
-3.24195027e-01 -2.56797969e-01 -1.00232065e+00
-4.64660525e-01 1.65601885e+00 -4.46076952e-02
-1.56447518e+00 4.06930357e-01 1.75152493e+00
1.05132234e+00 3.79940838e-01 -7.78481364e-01
2.59609371e-01 6.71772659e-01 -1.17486012e+00
-1.16151750e-01 -2.13369340e-01 1.90187418e+00
-3.97779703e-01 -2.44972542e-01 1.92939892e-01
3.22416067e-01 7.57217348e-01 -1.46468067e+00
-1.04933763e-02 4.65525806e-01 1.70563948e+00
-2.89658904e+00 2.84448242e+00 -1.78299040e-01
-1.26738083e+00 -5.19488692e-01 1.02004325e+00

layers.0.bias:
8.77201200e-01
4.81547834e-03
-1.42384720e+00
-6.34384930e-01
7.07518518e-01
-2.04255387e-01
-3.54310095e-01
2.86240637e-01
-7.45998621e-01
-1.59115899e+00
1.64644122e-01
1.80825554e-02
2.46107668e-01
-1.21306002e+00
-2.90836543e-01
1.43946290e+00
9.34610724e-01
1.82654703e+00
-6.68276668e-01
5.78918040e-01
-1.44309163e-01
-1.35729384e+00
1.02535832e+00
-7.05530941e-02
1.36946186e-01
5.60703695e-01
8.80503118e-01
-1.57881156e-01
-4.88352716e-01
7.31267482e-02
8.91685039e-02
-6.70209900e-02

layers.2.weight:
-3.59180272e-01 1.58023894e-01 1.01596385e-01 -4.62209374e-01 -1.26634210e-01 1.66051835e-03 7.33257830e-02 -6.87002465e-02 -4.82285358e-02 2.87279201e+00 9.82990935e-02 5.39542027e-02 -2.46576726e-01 2.42984962e+00 -1.11853376e-01 3.50372225e-01 -1.10833496e-01 5.41257799e-01 1.30561501e-01 -3.04065049e-01 2.64561653e-01 -8.06290060e-02 -5.29222965e-01 6.28947794e-01 -9.38140824e-02 5.91250062e-01 -7.70290911e-01 -1.48970202e-01 -1.81160003e-01 -1.92518070e-01 -1.72043830e-01 2.56996393e-01
-2.13867743e-02 1.83445022e-01 -9.02236104e-01 7.23768175e-02 -3.67087960e-01 7.06349090e-02 -7.35680878e-01 -5.15112162e-01 6.12189949e-01 6.69515133e-01 3.76767129e-01 -2.66095877e-01 2.25680798e-01 -3.18285972e-02 -3.76113653e-01 2.09192082e-01 -3.57859612e-01 3.58239681e-01 -3.76738220e-01 -8.07705894e-02 6.11597300e-01 -1.92774475e-01 -5.12449205e-01 -3.37258577e-02 -1.68181732e-02 -9.23228189e-02 -3.04667264e-01 -5.27050972e-01 5.20240553e-02 -2.03309625e-01 -7.81659633e-02 2.07311273e-01
3.41084599e-02 7.07016513e-02 2.80338615e-01 -6.61276519e-01 -1.00428009e+00 -1.03747860e-01 -5.68915248e-01 2.36388594e-01 5.60467422e-01 7.46627569e-01 -4.53130811e-01 -1.87596217e-01 7.13320300e-02 1.96514532e-01 -1.52196392e-01 -9.22805071e-01 -3.68297458e-01 -9.19683456e-01 -6.90524094e-03 1.78011619e-02 -6.82492033e-02 -2.13956475e-01 3.08613271e-01 -1.29655445e+00 -2.00101867e-01 3.32589507e-01 -1.08182609e+00 2.19847704e-03 3.36550474e-01 -2.79052317e-01 3.55348689e-03 2.25834295e-01
2.94735134e-01 -1.49166537e-02 3.95133235e-02 1.39256775e+00 4.36838090e-01 3.35406214e-01 6.11384988e-01 -2.91399509e-01 -9.10160020e-02 -9.05972198e-02 2.07743257e-01 -1.09832920e-01 -6.24020994e-01 1.13334410e-01 5.71441889e-01 5.93462288e-01 -2.34445304e-01 4.73932117e-01 3.77471387e-01 -8.96578431e-01 -9.00412321e-01 -1.98123217e-01 3.18221122e-01 1.37556601e+00 -7.03477025e-01 -6.04725659e-01 5.45171976e-01 3.80969137e-01 -7.13949859e-01 -1.14890136e-01 -7.01616034e-02 5.56723535e-01
1.64022073e-01 -3.57504725e-01 1.81378856e-01 -4.53081310e-01 2.40394905e-01 -3.20169061e-01 -1.65623677e+00 1.75529853e-01 5.29051684e-02 -7.68125176e-01 4.17096287e-01 -7.34359682e-01 8.07576060e-01 -9.78299618e-01 -4.63007838e-02 -7.18798339e-01 -3.06436568e-01 -6.81366801e-01 -1.98445737e-01 -7.39932954e-02 9.09981608e-01 -6.15677834e-01 4.21576858e-01 -3.52158487e-01 -5.53880811e-01 6.71801209e-01 8.86103138e-02 -7.48359978e-01 -1.44187167e-01 6.11185849e-01 -5.11293672e-02 -2.36152694e-01
-2.55433410e-01 1.85136080e-01 3.78530711e-01 1.18043959e-01 -9.53842759e-01 -3.30280185e-01 -1.94689184e-01 2.65176207e-01 3.31178963e-01 2.14129046e-01 5.12287140e-01 5.19343793e-01 -3.87418196e-02 1.40308049e-02 -2.34733239e-01 -1.31370533e+00 -3.85684013e-01 -1.47006965e+00 7.52813339e-01 -2.47789845e-01 -6.39375746e-01 -5.17505519e-02 -7.19636858e-01 -2.74729908e-01 1.16364658e-01 1.18369043e-01 1.08308412e-01 1.09547925e+00 -1.90541953e-01 -4.89891022e-01 -2.19659969e-01 2.91539699e-01
-2.04796679e-02 -1.00612380e-02 -2.36090288e-01 -2.75763031e-03 -1.27522707e-01 1.79719180e-01 -6.62503764e-02 -3.91433209e-01 -1.41146943e-01 2.31389225e-01 2.95945764e-01 4.04643603e-02 2.91213781e-01 -3.00781503e-02 -3.83913321e-05 -2.90331692e-01 3.01443432e-02 1.03673026e-01 -6.65213466e-02 -3.06708485e-01 -3.53950858e-01 9.48592126e-02 5.32051884e-02 3.78661416e-02 1.39469087e-01 2.67974019e-01 -3.52370322e-01 -4.32445258e-01 -1.51475638e-01 7.63969123e-02 -1.10274434e-01 1.67218536e-01
3.39246720e-01 1.32910788e-01 -3.94903094e-01 3.50816697e-01 2.91334808e-01 -6.54809177e-01 1.67300463e-01 4.68820512e-01 2.39771381e-02 -2.68130064e-01 -1.45290390e-01 9.79638040e-01 3.16050351e-01 -5.20189524e-01 -1.95607916e-01 2.50261635e-01 5.32712162e-01 1.78015620e-01 2.81145394e-01 5.11956453e-01 -1.52116501e+00 -8.94483924e-01 1.53032646e-01 2.91168034e-01 1.47890761e-01 7.41737902e-01 6.00574374e-01 5.96582770e-01 -6.27198696e-01 4.88047332e-01 1.90370843e-01 -2.11683258e-01
1.34542286e-01 3.40912223e-01 -6.54657543e-01 -2.28621215e-01 1.40121877e+00 -4.88885611e-01 -5.79419434e-01 -3.41082126e-01 -6.05680048e-01 2.14717761e-01 4.84741986e-01 2.71822125e-01 6.62389576e-01 -2.01826483e-01 -9.04429983e-03 2.09592366e+00 3.54706436e-01 1.57279491e+00 -5.73097050e-01 -1.38998955e-01 1.16616458e-01 -3.82089019e-01 -3.74112390e-02 2.89848596e-01 1.87884212e-01 3.78059536e-01 7.46206641e-02 -6.24638833e-02 4.06334214e-02 1.83382019e-01 2.25569415e+00 -4.22923326e-01
-6.97475374e-01 6.41603097e-02 -3.78308520e-02 -5.99865258e-01 4.44126070e-01 9.62151438e-02 -4.88175489e-02 4.53848720e-01 3.69209319e-01 -1.33160979e-01 -5.84412031e-02 2.87228167e-01 2.62110472e-01 2.22561359e-01 -2.99960375e-01 -4.60267335e-01 2.85481095e-01 -3.19997013e-01 -5.03160059e-01 2.31046323e-02 -5.45339108e-01 -1.54744133e-01 1.99887976e-01 -1.62856743e-01 -1.20584331e-01 -1.39452079e-02 -2.51596928e-01 1.29010826e-01 3.41777682e-01 9.16034654e-02 1.72936663e-01 -9.01580751e-02
2.32165217e-01 -2.72309303e-01 -1.19386941e-01 -3.96586537e-01 -4.00354683e-01 -4.22832459e-01 -4.14066046e-01 1.82730272e-01 5.05322039e-01 1.26300380e-01 -5.58466554e-01 -8.43456760e-02 8.89798164e-01 -4.14799422e-01 -2.32321322e-01 -3.00591439e-01 -6.03085876e-01 -9.16710496e-01 -6.15242049e-02 -2.70964485e-03 1.05374801e+00 -2.67583996e-01 -8.40445399e-01 1.28079265e-01 -2.74840537e-02 -2.46828608e-02 -4.69615102e-01 -6.04759812e-01 3.44152808e-01 -4.32490587e-01 -2.63533778e-02 3.04327518e-01
-1.13515049e-01 -2.35907342e-02 1.70004416e+00 -8.77505600e-01 -8.96752656e-01 1.55245736e-01 -6.45785406e-02 -3.84797722e-01 2.99447596e-01 1.77745020e+00 4.41517420e-02 -1.82111025e-01 2.98544496e-01 3.21198463e+00 -2.31028125e-02 -8.84615660e-01 3.25750291e-01 -2.68691945e+00 5.68022430e-01 -3.24312687e-01 3.01261008e-01 6.06133521e-01 -2.35438272e-01 8.39041531e-01 -4.07927297e-02 -5.42673528e-01 2.87926525e-01 -1.38034165e-01 1.15373023e-01 2.71547381e-02 -3.04464549e-01 -3.78050148e-01
-7.07216978e-01 -1.51847005e-01 1.00543785e+00 3.89076531e-01 -7.60675132e-01 6.74719930e-01 1.24827120e-02 -9.20787632e-01 3.88129652e-01 4.51655626e-01 2.61219859e-01 3.35518941e-02 -4.87871647e-01 1.74522419e-02 4.41877186e-01 -4.43914986e+00 -9.05443653e-02 -6.19645214e+00 5.85489333e-01 -9.85460877e-01 -6.23454332e-01 5.00582397e-01 6.83999181e-01 -1.11710295e-01 -2.99273401e-01 -2.35803679e-01 -3.77335697e-01 6.15812898e-01 -6.57938719e-01 -3.40549707e-01 -1.21870458e+00 -2.24641532e-01
8.72583874e-03 -1.74439669e-01 -6.19935930e-01 -8.29858109e-02 -1.16832085e-01 3.26991156e-02 2.24345967e-01 3.55318815e-01 3.19660425e-01 -2.48620659e-01 5.14388561e-01 -2.40314975e-01 3.49983633e-01 -8.27285230e-01 -2.44161308e-01 -3.06067914e-02 -2.32936159e-01 2.48066798e-01 -1.37237534e-01 1.40696436e-01 1.18600240e-03 -1.27036482e-01 1.84027910e-01 -2.32293606e-01 -1.24607354e-01 7.74022043e-01 -2.46969964e-02 2.70889457e-02 -1.68870032e-01 2.45044008e-01 1.91387445e-01 3.55890185e-01
-1.03647041e+00 8.21668133e-02 -1.81089416e-01 4.53958184e-01 -1.17350794e-01 7.60499239e-01 -3.12959939e-01 -1.88515127e-01 3.53424191e-01 -4.39749993e-02 -6.33508623e-01 1.15149476e-01 4.40345816e-02 -2.14756757e-01 -1.47889584e-01 -6.88705266e-01 1.14587255e-01 -5.61830580e-01 -3.91558856e-01 2.03859717e-01 1.51236796e+00 7.78007090e-01 1.01765916e-01 3.36269319e-01 -4.01924282e-01 6.91761379e-04 -4.78516012e-01 -3.78068052e-02 7.19224513e-01 -1.28995478e-01 4.28973101e-02 1.70158044e-01
-5.71932256e-01 -6.29140511e-02 4.10771370e-02 1.68711141e-01 -3.57481092e-01 2.59913117e-01 -9.72761333e-01 -1.14051610e-01 1.75765365e-01 5.21168756e+00 6.00346684e-01 3.99436563e-01 1.86806202e-01 2.68249488e+00 -4.86906245e-02 -1.06156498e-01 -4.49677378e-01 -2.11054608e-01 8.72332901e-02 -2.37663642e-01 -6.70922995e-01 3.79173249e-01 1.18347377e-01 3.06571305e-01 -3.54514539e-01 -4.54219192e-01 -6.00874007e-01 3.08180183e-01 -7.06028268e-02 -6.28371537e-01 1.08121932e-01 -2.81370521e-01
-1.63070969e-02 1.65062189e-01 -5.06886579e-02 3.57514322e-02 -1.07029630e-02 8.78535304e-03 5.24354586e-03 -7.43461698e-02 3.06017678e-02 -1.55042186e-01 6.41522482e-02 5.23681231e-02 3.80326509e-02 1.00068271e-01 9.03103575e-02 6.11877479e-02 3.12979519e-02 3.93938832e-02 1.75980814e-02 9.58759114e-02 2.35361472e-01 1.32198155e-01 -5.59434481e-03 5.70130302e-03 7.86648765e-02 6.66873809e-03 5.55919856e-02 2.88228393e-01 7.21681491e-03 2.70132953e-03 3.69235612e-02 7.11465767e-03
1.57745078e-01 -1.46104977e-01 -6.07893050e-01 9.94544476e-02 5.24247922e-02 -2.24007800e-01 -1.58777073e-01 -3.51162761e-01 2.92616814e-01 -6.49613857e-01 1.47351861e-01 -6.98005781e-02 1.53049782e-01 1.19880520e-01 -8.81154090e-02 5.20535707e-02 -3.50539416e-01 3.72183651e-01 -5.73556833e-02 8.64881575e-01 3.15223366e-01 4.05513756e-02 -5.28671563e-01 -6.98116943e-02 -1.91050842e-01 -4.84441310e-01 8.92211795e-01 -4.85829443e-01 2.07296029e-01 3.59164357e-01 -2.89979316e-02 2.69204378e-01
-3.10436577e-01 -7.08483830e-02 -2.40654334e-01 -2.25636989e-01 2.19662771e-01 1.93630010e-02 2.32916728e-01 1.44847974e-01 4.62294996e-01 -3.79508346e-01 -1.79709315e-01 -8.80508602e-01 4.93916273e-01 -7.22135678e-02 -2.14024559e-01 -7.86602125e-02 -1.51394323e-01 1.12625554e-01 1.64257765e-01 -1.12038210e-01 -8.65861252e-02 -1.40459195e-01 3.79561216e-01 -2.82976568e-01 1.86849281e-01 2.10590675e-01 -2.00350612e-01 4.57005382e-01 7.03532100e-02 3.29923689e-01 4.36445206e-01 1.56811416e-01
5.57140149e-02 1.85070530e-01 1.79393813e-02 6.41776100e-02 -9.93333310e-02 9.09095183e-02 -1.42664444e-02 -8.25184360e-02 3.98012251e-02 3.55336554e-02 8.23564678e-02 9.09429714e-02 -6.75839782e-02 -6.82533309e-02 1.09866805e-01 4.55429554e-01 4.11468036e-02 -2.94573069e-01 5.20480871e-02 -1.10819697e-01 -1.16670631e-01 -1.10320687e-01 2.43565384e-02 -4.82249670e-02 3.43782753e-02 1.20290533e-01 -2.36470113e-03 1.55616775e-02 1.18640207e-01 1.14041585e-02 -3.16217430e-02 4.21024635e-02
7.13138402e-01 -1.27016336e-01 5.99735379e-01 5.71876109e-01 -2.70597100e-01 -4.29672956e-01 -7.50665665e-01 -2.03468665e-01 -1.60468712e-01 -9.97331619e-01 -5.77426441e-02 9.63781118e-01 4.53368247e-01 -4.86441165e-01 7.02337563e-01 4.90274042e-01 -8.32968429e-02 -3.17572176e-01 6.42905712e-01 4.49429125e-01 -5.31839967e-01 -1.25269853e-02 3.52440715e-01 1.97178930e-01 9.98931900e-02 -4.00840938e-01 1.41542211e-01 3.61444652e-01 -2.00989008e-01 -4.31329571e-02 4.82351594e-02 4.19735253e-01
2.65880346e-01 -1.44581929e-01 3.88960391e-02 2.13558584e-01 -1.89410138e-03 1.54411718e-01 8.43206286e-01 4.19755606e-03 5.38251400e-01 2.53659904e-01 3.98039162e-01 3.05735052e-01 -4.61859137e-01 -4.71255392e-01 1.32237732e-01 -1.11831152e+00 -1.13827251e-01 -7.44504035e-01 -1.94582657e-03 -5.17561793e-01 -5.05490005e-01 -4.80748937e-02 2.63623148e-01 2.17253249e-02 1.06979840e-01 -4.86349165e-01 -6.44417882e-01 4.55305189e-01 -1.31393537e-01 -1.23063065e-01 2.69331992e-01 -1.22688971e-01
1.57896616e-02 -2.99933553e-02 -2.68244684e-01 4.29690123e-01 5.17501915e-03 4.15140361e-01 1.83530807e-01 -2.59706616e-01 -2.19370663e-01 3.34464073e-01 5.73851988e-02 2.98198387e-02 4.16663021e-01 4.95650232e-01 -1.37370333e-01 -6.36084497e-01 5.26434660e-01 -1.61471248e-01 2.29138229e-02 -2.64513642e-01 -1.89257324e-01 2.82350946e-02 -3.33103508e-01 1.84847683e-01 -1.81629524e-01 -1.14158019e-01 -3.70357707e-02 -7.20027506e-01 1.10470958e-01 -8.82348865e-02 3.24513414e-03 -4.64048088e-01
7.14197278e-01 2.29827277e-02 -1.89780146e-01 1.08095869e-01 8.77349675e-02 -4.58672225e-01 -4.65411320e-02 3.72848094e-01 3.80258530e-01 -2.55587244e+00 5.37959449e-02 2.14250907e-01 4.41672146e-01 -1.66313219e+00 9.19307694e-02 2.69162536e-01 1.97608307e-01 1.54187515e-01 -2.50339866e-01 4.85923886e-02 4.84257877e-01 -1.51258662e-01 -3.73351723e-01 -1.00592174e-01 -3.64467889e-01 -1.38403237e-01 -1.15116149e-01 -1.65232852e-01 2.71934032e-01 4.81834672e-02 -2.84422636e-01 -1.78208560e-01
-7.51546144e-01 1.49769813e-01 -4.67126705e-02 1.12400658e-01 1.08151920e-01 -3.70710194e-01 1.11277699e+00 -9.40785706e-02 -1.10868573e+00 7.26405263e-01 -7.62453914e-01 8.95949304e-02 1.75422907e-01 7.46067837e-02 -6.89697206e-01 7.87491858e-01 6.08212173e-01 6.74915314e-01 2.71660894e-01 3.22582461e-02 -4.17424291e-01 3.92809272e-01 5.80716610e-01 9.47658956e-01 -5.27007043e-01 5.14826894e-01 -6.24231696e-01 1.58826888e-01 8.13300073e-01 -4.61860061e-01 1.20807946e-01 1.33343786e-01
-6.03259742e-01 5.63778698e-01 1.93649549e-02 -2.07304284e-01 5.01053214e-01 2.21388400e-01 8.87259655e-03 5.75359225e-01 -3.41571063e-01 5.34186721e-01 3.60751990e-03 -1.02543607e-01 2.84127325e-01 2.60141104e-01 -4.88233626e-01 -2.72589684e-01 -1.49153516e-01 -1.31629780e-01 3.36263716e-01 -3.63645375e-01 3.82650569e-02 -2.10667267e-01 8.01501274e-02 -5.46461821e-01 1.51195139e-01 -1.41114295e-01 -6.29719675e-01 -5.29190123e-01 2.32029438e-01 -4.29748565e-01 -1.90076768e-01 -3.19194883e-01
-1.09186955e-01 2.54880816e-01 4.70332891e-01 3.28757823e-01 -3.97519052e-01 -3.31462026e-01 2.16463879e-01 8.28857161e-03 1.10910498e-01 -3.52644414e-01 -6.60724699e-01 7.66390860e-02 -2.35678479e-01 -1.21851638e-01 -4.44582757e-03 6.06019497e-01 -5.16343787e-02 6.65260553e-02 3.14725906e-01 2.26883397e-01 -2.91515321e-01 -7.08338857e-01 7.78750703e-02 1.60565794e-01 2.68072430e-02 1.72975302e-01 -1.03871403e-02 -1.31672859e-01 -3.11125189e-01 -1.62134469e-01 1.25326633e-01 -3.09704691e-02
-7.85941303e-01 4.55743402e-01 -6.72821164e-01 -9.94744539e-01 -1.03598081e-01 -2.32326433e-01 -3.78545195e-01 4.29466128e-01 1.32062301e-01 3.65584642e-01 -3.94730233e-02 1.69901162e-01 1.69290036e-01 2.24336416e-01 -7.40421005e-04 1.22267485e+00 6.76085413e-01 1.32257581e+00 -9.61875439e-01 6.49414361e-02 5.85068524e-01 -7.90832818e-01 -6.24245286e-01 3.98035616e-01 -1.14239372e-01 -4.32099164e-01 2.90726155e-01 2.00180888e-01 6.55062258e-01 -7.99062312e-01 1.41962349e-01 -2.75601834e-01
4.12229635e-02 -5.42901993e-01 2.57241540e-02 -1.24876104e-01 -6.35187387e-01 6.24342978e-01 3.95390242e-02 -4.33321983e-01 4.95660722e-01 9.80577469e-01 -2.17943713e-01 8.73559415e-02 5.61436415e-01 4.25628126e-01 3.58530357e-02 -1.06092322e+00 -4.57291991e-01 -1.04801977e+00 -9.56175625e-02 2.10839257e-01 2.90921658e-01 4.01933581e-01 2.86682278e-01 1.38236374e-01 3.02603066e-01 1.16796903e-01 -4.23002392e-01 -3.11247110e-01 -2.12545589e-01 -3.43420357e-01 4.86522883e-01 2.72195548e-01
1.91651601e-02 -9.30779696e-01 3.02448064e-01 1.65531242e+00 1.43826902e-01 4.53479355e-03 -1.34177521e-01 -3.46885771e-01 -1.56713173e-01 1.72659233e-01 1.15981436e+00 -1.05231571e+00 -1.18040359e+00 -3.84835690e-01 1.13410726e-01 -1.37480095e-01 -1.21262217e+00 5.61590672e-01 7.16419339e-01 -7.18373179e-01 8.08241665e-01 1.20691270e-01 -8.28546882e-02 4.88174446e-02 -7.95380399e-02 -5.88183224e-01 2.77644038e-01 7.27757215e-02 -9.52728689e-01 1.33050442e+00 -6.56834006e-01 6.32573292e-02
-8.72549057e-01 -2.67425865e-01 4.75817859e-01 1.76819637e-01 -4.29960608e-01 3.49248827e-01 3.57848525e-01 -9.22878683e-02 -5.28025031e-01 -1.12688936e-01 -9.73391175e-01 2.33300656e-01 4.02655363e-01 1.92695275e-01 2.76394159e-01 -2.05833793e-01 2.73647994e-01 -4.42329615e-01 1.20278671e-01 -4.28186655e-01 -1.14828777e+00 5.40915430e-01 1.07171252e-01 -6.29067957e-01 1.08996645e-01 4.98247892e-01 -6.95443600e-02 2.67550468e-01 -5.07576227e-01 -1.76102057e-01 -8.10563937e-02 3.56048159e-02
-3.59191895e-01 -3.02163869e-01 -4.60141748e-02 -2.25283414e-01 -2.76105642e-01 2.60565504e-02 2.01079667e-01 3.39343250e-01 -6.29738510e-01 1.39735961e+00 -1.92743585e-01 -9.89309028e-02 -4.32243854e-01 3.80758733e-01 -1.27737075e-01 2.30415463e-02 7.36274645e-02 1.10914506e-01 -1.06578656e-01 -1.28067181e-01 2.58825034e-01 2.44456694e-01 4.33665931e-01 -6.76907152e-02 7.10829049e-02 9.35952831e-03 -2.70367563e-01 1.48059353e-01 3.35075319e-01 2.48016074e-01 -1.67614877e-01 8.76394585e-02
-7.84972236e-02 -3.74526590e-01 3.61030512e-02 -1.30739689e-01 -3.41542006e-01 5.14440298e-01 -2.60035366e-01 -4.21803534e-01 7.10251704e-02 -3.88868183e-01 1.85938906e-02 4.15229589e-01 2.23171577e-01 4.48455215e-01 3.72860134e-01 -5.20944595e-01 -4.75880325e-01 -1.21664238e+00 -6.27764389e-02 -3.31479371e-01 -8.38051960e-02 8.94526243e-01 5.44810176e-01 5.86374700e-01 -4.23677951e-01 1.53339893e-01 9.82579291e-02 -2.62445629e-01 -3.50245029e-01 -2.86784261e-01 -2.78644785e-02 -1.33298740e-01
2.30419654e-02 -7.54896626e-02 1.22993089e-01 -9.48173031e-02 2.62916416e-01 -1.03211179e-01 5.49742877e-02 -3.10337603e-01 -2.03424707e-01 3.19609433e-01 1.53081611e-01 1.47749424e-01 9.07047689e-02 -3.14943552e-01 -4.13452685e-02 -3.11378062e-01 6.01017326e-02 1.25571951e-01 -2.02221632e-01 -5.34391403e-01 1.74517691e-01 -1.67482406e-01 -1.03967540e-01 -2.81523746e-02 -3.90748456e-02 2.29122564e-01 -6.43756688e-02 4.76098066e-04 1.09900571e-01 6.52374327e-02 -8.01592842e-02 3.03777531e-02
2.28035841e-02 -5.45020103e-01 -2.21109763e-01 7.66522765e-01 -3.68336022e-01 -4.50869977e-01 2.14746431e-01 -8.97972733e-02 -1.87139109e-01 3.20520568e+00 -5.58539510e-01 9.88725960e-01 6.54547930e-01 9.92593527e-01 7.06087530e-01 1.06131904e-01 3.83375026e-02 1.75840169e-01 5.64715266e-01 3.39671046e-01 2.29590192e-01 1.75383210e-01 -3.26776594e-01 1.07832122e+00 2.10238877e-03 1.52098045e-01 -3.08991224e-01 3.04432094e-01 1.55280426e-01 3.79397534e-02 1.10474670e+00 -3.93166468e-02
-1.05406523e-01 1.80761844e-01 1.44193202e-01 7.35629797e-02 1.19931744e-02 -5.50995171e-02 -3.05911899e-03 9.99527574e-02 6.15087664e-03 -3.21727879e-02 1.67643443e-01 8.25895071e-02 8.39633122e-02 -2.06747595e-02 1.58743054e-01 2.11326241e-01 1.37010375e-02 -1.23869307e-01 2.59689218e-03 7.40294009e-02 -1.72574878e-01 -3.54078896e-02 -2.32362486e-02 -1.82290431e-02 -4.51154888e-01 -2.35101387e-01 4.42064404e-02 -1.16242446e-01 -5.87926283e-02 -5.36937565e-02 2.31559593e-02 -4.67016906e-01
5.60476910e-03 -5.92377372e-02 -3.36379111e-02 2.49265041e-02 -2.40788877e-01 3.07084564e-02 -3.36254723e-02 1.46664903e-01 6.67589158e-02 -5.04809208e-02 -1.00854691e-02 -1.03122108e-02 -7.26200193e-02 3.98917533e-02 -7.99076334e-02 2.39496127e-01 -1.19245179e-01 -1.13308437e-01 4.31101359e-02 3.26368988e-01 -2.59192735e-01 -9.15474147e-02 4.02885526e-02 -2.06247885e-02 2.22428311e-02 -1.04093805e-01 -6.45748600e-02 -5.31593338e-02 -5.68541996e-02 5.48725091e-02 2.26833224e-02 -1.52180567e-02
8.13537478e-01 -2.94151604e-01 4.10087585e-01 3.49414259e-01 -5.67618489e-01 2.11178195e-02 -6.41230941e-01 -4.14675213e-02 7.00556397e-01 7.78534785e-02 -2.13027462e-01 6.06474094e-02 4.15406674e-02 2.85339773e-01 7.71118045e-01 -9.08431292e-01 -4.78970677e-01 -9.80228543e-01 7.06284702e-01 -2.90522277e-01 -8.24021101e-01 2.96197891e-01 -1.26654625e-01 2.30265141e-01 8.19686949e-01 -5.58873005e-02 2.34876573e-01 2.00947821e-02 -5.88824570e-01 2.35805914e-01 1.63471103e-01 5.82313202e-02
1.43152431e-01 -4.28551197e-01 -2.15826556e-01 4.20329183e-01 8.78843218e-02 -5.87147593e-01 2.26168744e-02 -6.01286888e-02 3.04810196e-01 -2.14145452e-01 -2.28172258e-01 4.43139374e-01 3.34746212e-01 -2.26822153e-01 2.74745613e-01 -8.45678687e-01 -3.59588921e-01 -9.21253443e-01 6.23057663e-01 -4.28402781e-01 -2.40263790e-01 -4.67602648e-02 3.63591820e-01 6.76564455e-01 -1.11334056e-01 -3.46339643e-01 4.53828871e-01 -3.62246856e-02 -1.51278302e-01 -4.07522649e-01 8.56868774e-02 1.93674237e-01
5.48584014e-02 8.22253674e-02 7.26685166e-01 1.28027424e-01 -1.31744134e+00 -3.52063060e-01 1.39163032e-01 -1.66391432e-01 7.89446354e-01 7.09054351e-01 -1.06047541e-01 -4.42211151e-01 -1.14013404e-02 5.66074193e-01 -8.65203813e-02 -2.68022704e+00 -1.93061605e-01 -3.29307747e+00 2.26098627e-01 4.77378741e-02 -7.72653997e-01 6.38671577e-01 1.30305052e-01 1.34391323e-01 1.44103929e-01 8.69252756e-02 3.59689534e-01 1.75387263e-01 -2.28315294e-01 -7.55442858e-01 -5.51895738e-01 2.61230379e-01
-1.98976323e-01 -3.53888214e-01 -2.88665682e-01 -2.76454240e-01 -5.97233959e-02 5.89753509e-01 -5.69068687e-03 -9.61532146e-02 -1.34171277e-01 2.65475005e-01 -1.51496992e-01 5.32405637e-02 5.24527505e-02 -3.37255388e-01 -1.87893752e-02 -2.19221413e-01 2.06046358e-01 -3.62636358e-01 -3.43938470e-01 2.05951184e-03 -1.82865232e-01 3.63240570e-01 -1.82651076e-02 3.88191104e-01 4.55813408e-01 -5.08186579e-01 4.82997000e-01 -1.10876925e-01 1.02554128e-01 1.50675312e-01 -1.75626695e-01 -5.47488891e-02
4.40757900e-01 7.06750453e-01 6.54566169e-01 -3.82452458e-01 1.06701024e-01 8.39918107e-02 1.96339592e-01 -1.32738397e-01 -7.65974879e-01 9.80985940e-01 -2.74183601e-01 -2.27953404e-01 -4.56678092e-01 1.13978910e+00 1.00895390e-01 5.42181917e-02 2.49336939e-02 -1.00778639e+00 3.16960961e-01 -2.94831544e-01 4.27448004e-02 6.74700260e-01 -2.71455377e-01 -3.78131062e-01 6.34996951e-01 -7.85328031e-01 5.11085570e-01 -5.69495596e-02 -2.98139393e-01 -5.87504447e-01 -4.15087529e-02 -4.46812570e-01
-4.98424284e-03 -5.80629706e-01 1.20487496e-01 -1.50638267e-01 5.00778742e-02 1.33805543e-01 1.44065589e-01 -2.93529838e-01 -7.15724826e-01 -3.95606995e-01 -8.79592746e-02 -9.98321734e-03 -1.21004075e-01 4.51889515e-01 6.77225173e-01 6.41614437e-01 1.17798574e-01 -1.71798348e-01 -8.49777646e-03 1.07239567e-01 -2.12636471e-01 2.62723505e-01 -2.69359052e-01 1.90322086e-01 1.61764082e-02 -2.70371675e-01 4.31042850e-01 6.62338495e-01 -3.96430671e-01 -4.25571740e-01 2.66700566e-01 2.66219407e-01
-1.31028008e+00 1.34096891e-01 1.61076814e-01 -1.34469867e+00 -8.69050175e-02 3.00171636e-02 1.34712353e-01 6.31436825e-01 1.23738930e-01 3.59575212e-01 -1.01805961e+00 7.10146129e-01 1.14706504e+00 2.98916906e-01 -6.37605429e-01 3.46535325e-01 5.98418832e-01 -3.56011510e-01 -4.06781644e-01 1.06762207e+00 -4.79768604e-01 -2.70305365e-01 -2.24367574e-01 -1.08421430e-01 6.59265161e-01 1.06743705e+00 8.21334183e-01 5.42511582e-01 5.43823838e-01 -1.05951190e+00 1.53252259e-01 1.56791195e-01
-1.05391294e-01 6.63429052e-02 2.91472167e-01 -5.26435114e-02 3.54724586e-01 -1.10003419e-01 6.54666172e-03 5.42454496e-02 -6.87335134e-02 1.62559018e-01 2.74240617e-02 -4.48516989e-03 2.06993101e-03 -1.26071945e-01 1.12085126e-01 -1.78826854e-01 8.84068757e-02 3.88548300e-02 -2.24916916e-02 -4.11979049e-01 1.63878128e-01 -1.12771541e-01 -3.78749589e-03 1.93158686e-02 1.26965791e-01 1.14932226e-03 7.03979880e-02 1.28435731e-01 3.98987308e-02 -9.50992703e-02 -4.49922308e-02 7.13718012e-02
-1.58597276e-01 1.39816806e-01 3.09185296e-01 -1.29804611e-01 1.91599220e-01 1.60135373e-01 6.58753037e-01 3.23801577e-01 1.12929985e-01 -1.23093438e+00 -3.55891019e-01 5.43465912e-01 6.69772208e-01 -2.95486152e-01 -3.59361231e-01 6.92712367e-02 4.06050295e-01 -2.99857736e-01 -8.00051168e-02 -6.03720844e-01 1.05631232e+00 -2.83964396e-01 1.05810359e-01 -1.22424769e+00 -2.03529615e-02 5.45332968e-01 -1.00732768e+00 -9.51351941e-01 3.88177693e-01 -1.22551903e-01 -1.23982958e-01 -3.51766735e-01
6.64122939e-01 -3.19192946e-01 -2.50108421e-01 4.55075353e-01 -2.04237506e-01 -7.22800195e-02 -2.14146301e-01 -2.29769960e-01 6.17957830e-01 -9.00164768e-02 -1.06960714e-01 -5.93745820e-02 7.35920072e-01 -3.14132571e-01 3.69367361e-01 -6.67765260e-01 -4.32871990e-02 -7.48537362e-01 7.35848665e-01 -8.86928961e-02 -3.28993440e-01 1.10473506e-01 1.45463020e-01 1.74119994e-01 4.71777283e-02 -2.37862885e-01 8.10488164e-01 4.64046091e-01 -4.33716059e-01 3.51830840e-01 1.47354245e-01 2.00642005e-01
-1.81439325e-01 3.13607156e-01 -1.46097824e-01 -6.11135513e-02 -5.72472334e-01 -2.24748418e-01 7.65256882e-02 4.25276101e-01 -4.89257500e-02 -5.32026052e-01 -2.05327794e-01 4.69153598e-02 -3.38968903e-01 2.03122094e-01 2.59831399e-01 -1.10910922e-01 -1.36504933e-01 2.69824922e-01 8.75227600e-02 3.52302253e-01 -2.79901832e-01 -4.29735966e-02 -2.06657052e-02 -3.25751118e-02 -7.96908513e-02 -1.02931194e-01 2.54922718e-01 -2.72554576e-01 1.07913621e-01 -3.74762947e-03 9.55813453e-02 1.28015727e-01
-2.95336451e-03 -5.51380515e-01 -6.73672035e-02 -1.08051360e-01 -1.49896920e-01 -8.09453949e-02 -3.54392081e-02 -1.54875219e-01 -4.00829703e-01 5.12842774e-01 -1.15638440e-02 7.05344379e-02 3.58913928e-01 4.11918104e-01 -1.25656441e-01 -6.95397913e-01 -2.13109434e-01 -1.92797661e-01 -2.33741440e-02 4.03664820e-02 1.15104668e-01 -1.92567706e-02 6.28246665e-01 4.69246805e-02 -3.39011550e-01 2.34576911e-01 3.33009869e-01 7.35684037e-02 -3.99144664e-02 1.24141455e-01 5.92837052e-04 -2.56102175e-01
1.07032859e+00 4.83882241e-02 -6.58715248e-01 2.26291373e-01 3.13674837e-01 5.39460704e-02 4.47782815e-01 1.08599581e-01 -2.56817937e-01 -9.71566200e-01 -8.06073070e-01 1.33315384e+00 5.30578010e-02 -9.47777152e-01 2.58766532e-01 5.80625474e-01 8.84549171e-02 5.84256053e-01 -9.63226780e-02 1.61734626e-01 -1.58491337e+00 -4.57560152e-01 -8.44087362e-01 -3.05479139e-01 -3.49624425e-01 -2.61196978e-02 2.79510438e-01 5.32917261e-01 -8.81241933e-02 8.92546773e-02 -1.11473896e-01 4.43382561e-01
-1.85434163e-01 1.44750088e-01 -9.72065806e-01 -4.78832312e-02 3.49900723e-01 3.91371191e-01 -1.30145565e-01 3.61551121e-02 1.13217019e-01 3.57107580e-01 -3.63053799e-01 -1.29118168e+00 3.59296471e-01 3.39810550e-02 -3.41421008e-01 6.35448039e-01 1.06971590e-02 1.46672535e+00 -4.73864406e-01 1.41488060e-01 3.92334014e-01 -1.40834153e-01 6.93061277e-02 6.51164532e-01 -1.87751636e-01 7.64306366e-01 -7.70841986e-02 -3.75467539e-01 1.31790519e-01 1.46630585e-01 4.85151678e-01 -1.53228819e-01
-2.29622945e-02 4.04281884e-01 -1.60350889e-01 -6.23052478e-01 -5.02768531e-02 7.73368180e-01 2.85909653e-01 8.00950527e-01 3.10966939e-01 3.08665991e-01 9.55419600e-01 -2.93616980e-01 9.21592787e-02 2.49064833e-01 2.40149926e-02 -6.81714416e-01 3.26839864e-01 2.55031860e-03 -3.30822110e-01 -5.18606722e-01 -5.69386818e-02 -2.11764857e-01 3.18581432e-01 1.23589650e-01 -2.59007007e-01 1.77394331e-01 2.75820121e-02 -7.10204244e-04 -5.59156299e-01 2.48804554e-01 -1.51852578e-01 1.45607993e-01
7.03198612e-02 5.14078550e-02 -1.23546556e-01 2.13749930e-02 -8.71400237e-02 4.86434437e-02 2.68387869e-02 6.05815500e-02 -8.66756402e-03 -1.71072986e-02 -5.48552237e-02 -3.63536447e-01 2.25130931e-01 2.31180862e-01 -1.77510921e-02 1.04567416e-01 7.65542910e-02 -4.02455255e-02 1.28323942e-01 2.31909662e-01 8.75799581e-02 2.92549491e-01 -2.10705120e-02 1.81801900e-01 -7.50640929e-02 -3.12512219e-01 -1.67200267e-01 -1.50203571e-01 -3.02149922e-01 -1.29750609e-01 4.97812890e-02 -2.98412770e-01
5.26784778e-01 2.34822363e-01 4.41080809e-01 3.70603412e-01 5.94192624e-01 3.36365968e-01 8.72522831e-01 -3.40592295e-01 7.71165192e-01 -2.10644469e-01 -6.16278529e-01 1.64248690e-01 -4.96010959e-01 -5.91282904e-01 -1.59136921e-01 4.84188437e-01 -2.83632755e-01 -1.90489337e-01 2.43131444e-01 2.43035316e-01 -8.79866257e-02 5.05121291e-01 1.99924082e-01 4.24324900e-01 1.87472820e-01 -9.32056233e-02 -2.52896279e-01 -1.64738372e-02 2.07994580e-01 3.87705892e-01 -3.31720039e-02 -1.07891046e-01
-4.66037750e-01 -5.88072896e-01 1.68448424e+00 2.48643775e-02 -1.00970244e+00 -1.42064262e-02 -1.20786846e+00 -8.88727546e-01 2.53920734e-01 1.14101398e+00 -7.39506213e-03 -5.35135448e-01 -2.25907177e-01 1.03277373e+00 7.38917887e-01 -2.14814091e+00 1.34552300e-01 -2.80306816e+00 1.71409428e+00 8.33204150e-01 -4.34234738e-01 1.85397542e+00 -2.77549535e-01 2.10073009e-01 3.78778338e-01 -6.25824153e-01 -3.22923273e-01 2.81227171e-01 2.28854731e-01 -9.03378520e-03 7.46118605e-01 1.27929896e-01
1.67384930e-02 -3.81023088e-03 7.87516236e-02 4.21180986e-02 3.76308739e-01 -9.18599591e-03 -1.40498122e-02 4.93335584e-03 6.39408603e-02 5.48877288e-03 -1.14027271e-02 -7.11187646e-02 9.51251164e-02 2.72062072e-03 -1.95264332e-02 -2.66062077e-02 -5.85988536e-03 -1.97471380e-02 -4.66886871e-02 7.05670640e-02 1.26442462e-01 6.42776489e-02 -2.16855798e-02 -2.54665632e-02 -1.19593337e-01 -1.56839624e-01 1.37148397e-02 3.64315718e-01 -3.97992469e-02 -5.57274707e-02 3.27445418e-02 -2.55661607e-01
-3.84565175e-01 5.23626469e-02 -1.20117508e-01 -7.02314749e-02 -3.13520879e-01 -6.39185309e-02 -4.42378111e-02 7.03616023e-01 -7.11583197e-02 -2.48785894e-02 -1.72924876e-01 7.46336520e-01 5.00627756e-01 3.13528538e-01 9.73225310e-02 4.60765138e-02 -1.43602714e-01 -3.53262946e-02 -1.52218744e-01 -3.40346582e-02 -1.41100228e-01 -6.21936440e-01 -3.16272318e-01 -2.10577652e-01 -3.43994409e-01 -1.72241226e-01 -6.08204901e-01 4.18369681e-01 -2.55676508e-01 -2.54683226e-01 -2.25870565e-01 5.18715322e-01
-1.18587308e-01 -2.17520207e-01 7.47276008e-01 2.09354132e-01 -7.83090055e-01 3.41382951e-01 2.50507146e-01 -5.31505346e-01 5.60471475e-01 3.51932019e-01 -1.28256753e-01 4.02875900e-01 -4.26376611e-02 1.12764485e-01 2.34677702e-01 -2.22463155e+00 1.10997491e-01 -1.19046593e+00 -5.90765616e-03 1.92914635e-01 2.03019977e-02 2.99862504e-01 3.42217058e-01 1.24150038e-01 -1.08801469e-01 -4.83660191e-01 -1.31254554e-01 -2.90701061e-01 -3.41537893e-01 -5.25651813e-01 3.77438277e-01 -4.25349027e-01
-1.90058768e-01 -1.98519349e-01 -2.56125361e-01 2.28526920e-01 1.11839704e-01 3.41820009e-02 2.09008902e-01 -2.28908449e-01 -7.75439441e-01 1.57185388e+00 -2.90519863e-01 -1.75301090e-01 -3.46418440e-01 1.31134760e+00 -2.56525353e-02 1.96445048e-01 -1.15419492e-01 2.63995171e-01 -1.42285496e-01 -3.84830356e-01 9.92067084e-02 1.23269640e-01 1.60028800e-01 -9.64158252e-02 -1.02530621e-01 1.30683538e-02 5.01096964e-01 3.86976898e-01 1.94416031e-01 -3.77571315e-01 1.30160227e-01 -1.30366877e-01
-2.64604352e-02 -1.51667342e-01 5.41570306e-01 4.97557789e-01 3.59702371e-02 -4.60510403e-01 -1.16512918e+00 1.09741792e-01 2.74434149e-01 3.43474001e-01 1.16090178e-01 -7.33727142e-02 9.73757729e-02 1.19908445e-01 -3.06583554e-01 8.49214077e-01 4.93867919e-02 4.07534868e-01 -1.04174502e-01 -2.86410898e-01 8.20951164e-01 3.28678757e-01 2.84619510e-01 -6.28094971e-01 1.02523379e-01 2.21072938e-02 -1.82092950e-01 2.04415336e-01 -1.47637546e-01 3.46481025e-01 -2.77738512e-01 -3.59240651e-01
1.23454702e+00 -3.29898894e-01 4.70525235e-01 9.23787713e-01 -2.40970835e-01 3.12571600e-02 -6.47592604e-01 -6.21015847e-01 4.49531078e-01 -1.90628481e+00 -3.40087444e-01 7.81738341e-01 -1.19202769e+00 -4.04449552e-01 6.37401462e-01 -2.55045384e-01 -3.19760852e-02 6.31923154e-02 6.91068888e-01 8.19518089e-01 1.58003330e-01 -4.30157900e-01 -2.04250503e+00 -5.89865565e-01 4.26913500e-01 5.87220728e-01 -8.53279710e-01 -2.51664102e-01 -1.57237291e-01 1.19978642e+00 -8.80635619e-01 3.16406600e-02
-2.53821108e-02 1.75250798e-01 -2.07142197e-02 -5.22915237e-02 -1.89083904e-01 -4.67707887e-02 1.86470971e-02 -5.12295030e-02 -5.30295074e-02 -1.99132767e-02 4.63041961e-02 8.58459249e-02 8.14571902e-02 -4.47380915e-02 1.49609089e-01 -1.16917044e-01 7.31963590e-02 1.92142501e-01 -4.62519191e-03 -2.95292288e-01 1.34316221e-01 6.11067899e-02 -1.91218890e-02 -3.61618511e-02 -3.03874761e-01 -4.68779244e-02 1.41541455e-02 -7.08192661e-02 -1.30666560e-02 -8.09477177e-03 -7.81781506e-03 -2.18316004e-01
5.59816658e-02 3.29601824e-01 1.68687141e+00 4.52773780e-01 -1.50339270e+00 2.15092003e-01 -1.91925898e-01 -5.74254692e-01 8.56629789e-01 7.06623137e-01 1.45293772e-01 -2.97019958e-01 -9.01839018e-01 7.43569672e-01 5.65256923e-02 -3.84445000e+00 -1.62551075e-01 -5.06331062e+00 3.90195608e-01 1.41629234e-01 -1.18523848e+00 1.02683961e+00 3.93420219e-01 1.51509494e-01 2.04459637e-01 -1.69448435e-01 -5.17658651e-01 6.57434165e-01 -2.10026771e-01 -8.63945205e-03 1.73968524e-01 3.27916965e-02
-8.13166499e-01 1.76748633e-01 1.30607188e-01 -7.36835778e-01 1.55981667e-02 -1.55453444e-01 -2.43937835e-01 4.79546934e-01 -5.52555695e-02 3.05619393e-03 1.15441449e-01 -3.00113201e-01 4.27447557e-01 4.56657648e-01 -3.89764100e-01 -2.75315881e-01 2.00157374e-01 -1.41298071e-01 -3.31833094e-01 1.46954849e-01 9.17813480e-02 7.03687012e-01 2.33977869e-01 -2.51124769e-01 -7.38637000e-02 2.97130346e-01 -7.05461502e-01 8.44005570e-02 7.99883083e-02 -5.56219220e-01 -1.00771137e-01 -7.88199306e-01

layers.2.bias:
-1.43480325e+00
-7.57013798e-01
4.24038798e-01
-5.26263297e-01
2.18822420e-01
-3.28624725e-01
2.31470719e-01
2.21563125e+00
6.35539770e-01
7.52816558e-01
-9.04060304e-01
-1.40482318e+00
-4.23948944e-01
9.00135756e-01
-4.24083233e-01
-7.51011372e-01
-7.02291355e-02
-8.00356746e-01
2.98929900e-01
-9.93721783e-02
-1.17778987e-01
7.64497936e-01
7.40224659e-01
-1.29340753e-01
-2.70792246e-01
9.84921694e-01
-8.53546798e-01
-1.08471465e+00
4.57614660e-01
-1.07161272e+00
-1.11895306e-02
-8.10759366e-02
7.65114844e-01
1.16377786e-01
-3.75360191e-01
-2.35736221e-02
-1.46452263e-01
1.37592483e+00
1.01269102e+00
-1.01881191e-01
9.25691426e-01
-2.08548963e-01
-5.32860458e-01
1.34822953e+00
2.52610624e-01
-1.08653224e+00
1.05389977e+00
-3.25249493e-01
7.61179566e-01
1.82958543e+00
1.19910158e-01
3.02866191e-01
1.01296574e-01
-4.56576794e-01
5.74101694e-02
-3.11936960e-02
8.23899984e-01
-1.85493961e-01
-1.10987842e-01
-5.46875238e-01
8.54225039e-01
5.23748547e-02
-3.26776296e-01
7.13940382e-01

layers.4.weight:
3.16970170e-01 1.17613748e-02 -4.82569672e-02 1.00992927e-02 -5.43239266e-02 7.83813149e-02 -1.72155967e-03 -6.80276573e-01 2.18860209e-01 -3.64316463e-01 3.35519090e-02 9.56643403e-01 -1.73226726e+00 -6.53546602e-02 -2.11064136e-04 -1.44334638e+00 5.55747305e-04 7.29300305e-02 7.50822364e-05 -2.17751531e-05 3.13758440e-02 -6.44704625e-02 5.34848834e-04 2.19620541e-01 -6.70814514e-02 -3.33092622e-02 3.91478388e-04 7.85103142e-01 -4.34013844e-01 3.93017888e-01 -2.09152717e-02 -1.63229346e-01 -5.85342571e-02 -1.42728700e-03 1.00110792e-01 2.69348093e-04 1.17654999e-04 -2.06789911e-01 -1.21689141e-02 2.96123475e-01 -5.33924554e-04 2.35129058e-01 2.13515703e-02 -1.30279526e-01 -1.14193281e-05 1.24107130e-01 -1.43680377e-02 1.57874217e-03 -8.52560699e-02 -6.35640621e-01 -5.90968579e-02 -1.97294690e-02 -5.67971510e-05 -1.31157495e-03 -1.21582091e+00 7.69675942e-04 3.72348586e-03 -3.55556279e-01 -6.85838163e-02 1.23570319e-02 -3.82866412e-02 2.04984084e-04 9.54468668e-01 -2.42795106e-02

layers.4.bias:
-1.06086171e+00

