layers.0.weight:
3.31696361e-01 -5.67613244e-01 7.97264636e-01
5.69172144e-01 -8.09445798e-01 -5.80563486e-01
-8.31293464e-02 -6.13938749e-01 -5.77727258e-01
-1.07055378e+00 1.15616508e-01 4.58123112e+00
2.67282110e-02 4.11940843e-01 1.16166264e-01
-5.79876065e-01 8.58121514e-01 -1.84879377e-01
-1.31842160e+00 4.86020595e-01 -9.88645032e-02
-6.01682402e-02 7.88846374e-01 -9.23566997e-01
6.03414774e-01 -9.26082134e-01 5.12713566e-02
-1.11527514e+00 5.86289167e-02 -1.64189592e-01
7.53551662e-01 -9.85680073e-02 1.41279221e+00
-7.16238439e-01 -1.31785080e-01 -1.29353356e+00
-4.30584475e-02 7.12955832e-01 -1.57757306e+00
-1.16726887e+00 2.10410804e-02 5.00053525e-01
-6.46977663e-01 1.09646142e+00 7.52028525e-01
-1.81771189e-01 9.48456824e-01 1.64468549e-02
5.46070874e-01 -6.33792400e-01 -1.45019031e+00
-1.15504665e-02 1.12846863e+00 1.84981868e-01
8.07071701e-02 -9.54183042e-01 5.35116851e-01
3.41117471e-01 -1.28724232e-01 -8.64976227e-01
2.23475501e-01 1.65966094e-01 -5.10879010e-02
-3.24195027e-01 -2.56797969e-01 -1.00232065e+00
-4.64660525e-01 1.65601885e+00 -4.46076952e-02
-1.56447518e+00 4.06930357e-01 1.75152493e+00
1.05132234e+00 3.79940838e-01 -7.78481364e-01
2.59609371e-01 6.71772659e-01 -1.17486012e+00
-1.16151750e-01 -2.13369340e-01 1.90187418e+00
-3.97779703e-01 -2.44972542e-01 1.92939892e-01
3.22416067e-01 7.57217348e-01 -1.46468067e+00
-1.04933763e-02 4.65525806e-01 1.70563948e+00
-2.89658904e+00 2.84448242e+00 -1.78299040e-01
-1.26738083e+00 -5.19488692e-01 1.02004325e+00

layers.0.bias:
8.77201200e-01
4.81547834e-03
-1.42384720e+00
-6.34384930e-01
7.07518518e-01
-2.04255387e-01
-3.54310095e-01
2.86240637e-01
-7.45998621e-01
-1.59115899e+00
1.64644122e-01
1.80825554e-02
2.46107668e-01
-1.21306002e+00
-2.90836543e-01
1.43946290e+00
9.34610724e-01
1.82654703e+00
-6.68276668e-01
5.78918040e-01
-1.44309163e-01
-1.35729384e+00
1.02535832e+00
-7.05530941e-02
1.36946186e-01
5.60703695e-01
8.80503118e-01
-1.57881156e-01
-4.88352716e-01
7.31267482e-02
8.91685039e-02
-6.70209900e-02

layers.2.weight:
-3.55157197e-01 2.00712949e-01 4.01900858e-02 -4.87624109e-01 -9.26536135e-03 2.63909642e-02 1.22986034e-01 -5.18010706e-02 -1.08614720e-01 2.80226016e+00 7.94024020e-02 8.48679841e-02 -2.19416067e-01 2.43235755e+00 -1.93428934e-01 4.46969599e-01 -6.05935156e-02 6.90532982e-01 1.24808028e-01 -2.71236420e-01 2.15606585e-01 -7.57025853e-02 -5.01197457e-01 6.12477720e-01 -1.36724889e-01 6.19231284e-01 -7.92857230e-01 -1.08452179e-01 -1.72782063e-01 -2.23429278e-01 -2.21527129e-01 3.02282840e-01
-1.15362026e-01 1.42179549e-01 -8.43671620e-01 2.44360510e-02 -4.26188231e-01 1.67312711e-01 -7.30194747e-01 -4.69117761e-01 5.61143100e-01 6.99207485e-01 3.29040200e-01 -2.68073440e-01 2.67509222e-01 -1.38176763e-02 -2.86904216e-01 1.26383632e-01 -3.66005898e-01 3.07867408e-01 -4.30824995e-01 -7.67904744e-02 6.99445248e-01 -1.21702239e-01 -3.96054357e-01 -5.74165545e-02 5.86121250e-03 -6.86332285e-02 -3.53267729e-01 -5.94194353e-01 9.73196924e-02 -2.57301152e-01 -1.44737428e-02 1.87316865e-01
1.28457798e-02 4.65405546e-02 -3.69575694e-02 -6.91652954e-01 -6.47723973e-01 -7.64937922e-02 -5.44018269e-01 2.66788155e-01 5.24903834e-01 6.60713196e-01 -4.86700356e-01 -1.45265862e-01 1.01713851e-01 -4.42913063e-02 -1.38036102e-01 -8.82552803e-01 -1.79646257e-02 -7.34710276e-01 -3.80626172e-02 5.27989566e-01 -4.89422649e-01 -3.18584442e-01 3.42884183e-01 -1.28076470e+00 -2.42662072e-01 3.57698917e-01 -1.11066520e+00 -3.32098478e-03 3.68016720e-01 -3.46896321e-01 3.24996449e-02 3.75120848e-01
2.69743651e-01 -6.29717633e-02 1.99716873e-02 1.36908841e+00 6.43658638e-01 3.62770200e-01 6.36922956e-01 -2.56464303e-01 -1.42353907e-01 -6.78654760e-02 1.83494046e-01 -9.05027390e-02 -5.95725238e-01 1.33554548e-01 6.02007926e-01 1.35281885e+00 -2.83623368e-01 9.25438881e-01 3.21978718e-01 -9.47392941e-01 -7.34081984e-01 -1.77327499e-01 3.46862376e-01 1.41534555e+00 -3.51541042e-01 -5.45636356e-01 5.20298004e-01 9.97862294e-02 -6.87610686e-01 -8.77821892e-02 -4.56898622e-02 3.41440290e-01
2.16807261e-01 -2.61800349e-01 1.78763613e-01 -4.76054490e-01 5.41859977e-02 -4.16148871e-01 -1.29906511e+00 1.27415821e-01 6.65628731e-01 -5.94504237e-01 3.85375053e-01 -6.84116483e-01 8.27631295e-01 -8.65006268e-01 -1.76680923e-01 -9.58281159e-01 -2.39660189e-01 -9.43695903e-01 1.47946477e-02 -5.05981259e-02 8.00962150e-01 -5.95609605e-01 1.08129717e-02 -3.76868814e-01 -7.87063360e-01 6.62849188e-01 7.11062253e-02 -5.19579470e-01 -2.62793839e-01 5.66130459e-01 -3.47549230e-01 4.32590246e-02
-3.55524391e-01 1.02600187e-01 5.24703801e-01 1.28049478e-01 -1.09537232e+00 -2.47365296e-01 -1.20090306e-01 2.70288706e-01 4.65732336e-01 -2.88198460e-02 5.55838227e-01 3.83268476e-01 -5.41004650e-02 -2.20268611e-02 -1.72552511e-01 -1.58829749e+00 -5.26097953e-01 -1.65970373e+00 8.03635716e-01 -3.60714972e-01 -4.79119688e-01 3.70603590e-03 -6.75149262e-01 -2.93774307e-01 1.15530953e-01 8.58757272e-02 1.13436319e-01 1.10037959e+00 -1.46770105e-01 -4.50721502e-01 -7.99687207e-01 2.36603633e-01
-1.24935582e-02 7.58424168e-03 -2.30391413e-01 1.07283751e-02 -1.65294573e-01 1.65044233e-01 -7.96156153e-02 -4.09575522e-01 -1.42247051e-01 2.10772723e-01 3.00986737e-01 4.77633253e-02 2.71660328e-01 -7.87132792e-03 -1.26991067e-02 -2.44627699e-01 8.16438068e-03 1.28105447e-01 -3.73754837e-02 -3.29733253e-01 -4.26445246e-01 1.15588754e-01 6.16725236e-02 1.49010299e-02 1.69748917e-01 2.35823080e-01 -3.44027787e-01 -3.43118757e-01 -1.41724527e-01 8.62876773e-02 -9.57158431e-02 1.27459183e-01
5.33473611e-01 1.80002078e-01 -2.29489744e-01 3.81106377e-01 -2.35552907e-01 -7.62420952e-01 1.20603204e-01 4.42686528e-01 1.71135664e-01 -2.56142229e-01 -1.02059916e-01 9.32445884e-01 2.87050456e-01 -5.41010618e-01 -2.33985737e-01 4.81242649e-02 5.01308918e-01 -6.26842305e-02 3.68699223e-01 4.84079778e-01 -1.44630396e+00 -8.74101400e-01 2.56984495e-02 2.74076313e-01 1.04263127e-01 7.16380715e-01 6.30595446e-01 6.00910008e-01 -7.08950520e-01 5.17497241e-01 9.84118208e-02 -1.64191455e-01
8.75541344e-02 2.65982449e-01 -6.30153000e-01 -2.01295227e-01 1.35473585e+00 -4.00373280e-01 -3.49415869e-01 -3.83606046e-01 -7.09624946e-01 2.95439988e-01 5.11057794e-01 2.15421900e-01 6.27428293e-01 -1.34332985e-01 8.78718272e-02 1.81838214e+00 3.47307473e-01 1.42654908e+00 -5.35760820e-01 -1.15316756e-01 1.12294741e-01 -3.60016435e-01 6.78543225e-02 8.39068592e-02 8.47976953e-02 3.56173038e-01 1.12752318e-01 1.39937606e-02 -5.74517176e-02 1.99995473e-01 2.29069638e+00 -2.72222042e-01
-5.92719018e-01 1.08218916e-01 -1.31154850e-01 -4.96402264e-01 4.87829238e-01 -5.97711827e-04 -7.31817111e-02 3.58177006e-01 4.09015596e-01 -1.91052899e-01 3.76678184e-02 2.18357652e-01 1.61758333e-01 1.75691873e-01 -3.64211231e-01 -5.02137959e-01 3.11682194e-01 -3.52821231e-01 -4.16329175e-01 -5.48588857e-02 -6.56881094e-01 -2.57298797e-01 1.14110291e-01 -1.48708913e-02 -2.17777506e-01 -1.05417602e-01 -1.48836300e-01 2.36348182e-01 2.40800679e-01 1.92436621e-01 1.37330487e-01 -1.89896161e-03
8.14939663e-02 -3.30567390e-01 -4.87007052e-02 -3.57417524e-01 -5.15565097e-01 -2.76510149e-01 -2.57253557e-01 1.37458980e-01 3.75402272e-01 2.64361918e-01 -5.29133856e-01 -1.16166696e-01 8.50005567e-01 -3.21932882e-01 -1.91593826e-01 -3.32417727e-01 -6.39155030e-01 -9.20453966e-01 5.61947888e-03 -4.24816273e-02 1.00623500e+00 -2.27447942e-01 -7.89612412e-01 1.83301702e-01 -1.94920510e-01 -6.68666586e-02 -4.27283287e-01 -4.41120863e-01 2.76249439e-01 -3.93173128e-01 -2.80674957e-02 4.78568405e-01
-1.08497687e-01 -8.71126801e-02 1.68083966e+00 -8.84985566e-01 -7.77537942e-01 1.36357233e-01 9.93123744e-03 -3.81020755e-01 6.75764307e-02 1.91639590e+00 1.23660620e-02 -1.22773014e-01 3.02724272e-01 3.21589160e+00 5.85972741e-02 -6.67068124e-01 3.05864453e-01 -2.46399188e+00 5.63753366e-01 -3.09543997e-01 2.63325095e-01 6.08379126e-01 -2.77163535e-01 8.37657452e-01 -7.52234459e-02 -5.44241726e-01 2.83589542e-01 -1.11685053e-01 1.12966262e-01 2.51311772e-02 5.01921028e-02 -3.37920845e-01
-5.90196013e-01 -1.52539462e-01 8.74745011e-01 3.79719436e-01 -4.61176485e-01 5.89747608e-01 9.55331605e-03 -8.96569014e-01 3.29091430e-01 4.63921279e-01 1.95457458e-01 1.77478492e-01 -4.69503373e-01 -8.74752849e-02 4.14494216e-01 -3.90326738e+00 -7.81567618e-02 -5.73289967e+00 5.62542737e-01 -9.48964775e-01 -6.99129760e-01 4.02386308e-01 6.01512313e-01 -1.26634404e-01 -2.75865555e-01 -2.04207286e-01 -3.87823254e-01 5.89259684e-01 -5.98929346e-01 -3.80941898e-01 -9.65225101e-01 -2.46750578e-01
5.15561663e-02 -1.29661143e-01 -6.53549433e-01 -5.04713804e-02 -1.33643851e-01 -6.09997362e-02 2.27716148e-01 3.26549321e-01 3.79759759e-01 -2.42177516e-01 5.64592004e-01 -1.92614108e-01 3.19271922e-01 -8.34942698e-01 -3.52876395e-01 -4.48709615e-02 -2.08833605e-01 2.31288418e-01 -9.89388078e-02 1.45224378e-01 -4.36650366e-02 -1.67050287e-01 2.51501352e-02 -2.07490191e-01 -1.46850303e-01 7.48097181e-01 7.87103921e-03 5.83689064e-02 -1.96253255e-01 2.64198691e-01 1.33420691e-01 3.77795577e-01
-9.87322509e-01 1.31689563e-01 -1.84297144e-01 4.02944863e-01 9.43512246e-02 6.94996953e-01 -4.47214842e-01 -1.81787133e-01 4.60698724e-01 -1.61376461e-01 -6.82107449e-01 1.57879576e-01 8.98623466e-02 -2.60578603e-01 -1.86106041e-01 -7.83227205e-01 1.66512579e-01 -7.97472119e-01 -2.94951856e-01 2.54679680e-01 1.47530210e+00 8.22680473e-01 5.22373132e-02 2.57112563e-01 -3.54257911e-01 3.61655317e-02 -5.27650118e-01 -9.00757760e-02 6.94606483e-01 -1.80164456e-01 -1.34407669e-01 1.34172752e-01
-5.06627738e-01 -5.68824634e-02 1.14736676e-01 1.19080529e-01 -3.09191763e-01 2.67084628e-01 -9.36097980e-01 -8.43796134e-02 1.00178428e-01 5.24408674e+00 5.59869945e-01 4.19135094e-01 2.33529985e-01 2.64421964e+00 2.34234671e-04 -4.76822481e-02 -4.37582731e-01 -1.87933937e-01 5.93630597e-02 -1.99200138e-01 -6.93107963e-01 4.31236476e-01 1.78852946e-01 2.48209998e-01 -3.90522301e-01 -4.14882243e-01 -6.48627937e-01 3.28349680e-01 -1.52106404e-01 -6.65974736e-01 2.23196357e-01 -2.40753934e-01
-6.86863856e-03 1.48206368e-01 -6.56497478e-02 3.35863568e-02 2.21061837e-02 9.00483131e-03 2.88354307e-02 -5.65015338e-02 2.27237847e-02 -1.71832025e-01 6.59684166e-02 4.80984151e-02 5.05532883e-02 1.08274266e-01 1.08336531e-01 1.94244217e-02 4.47311029e-02 1.10794576e-02 -9.06946696e-03 1.12200521e-01 2.58897483e-01 1.16647668e-01 -6.54937467e-03 2.58448757e-02 7.15441480e-02 3.07493806e-02 5.50458767e-02 2.49822944e-01 5.74410008e-03 2.13281764e-03 3.21307704e-02 2.08662916e-02
1.42971486e-01 -1.32953122e-01 -6.08109176e-01 4.73860167e-02 1.57738328e-01 -1.89728439e-01 -2.10645750e-01 -3.18674594e-01 2.86973000e-01 -6.58509612e-01 6.61117062e-02 -2.60212310e-02 2.01013550e-01 7.00804964e-02 -6.60237074e-02 1.23953529e-01 -3.11445922e-01 4.15459484e-01 -1.16366729e-01 9.11246717e-01 3.33151430e-01 7.46008307e-02 -4.38278466e-01 -1.23178050e-01 -1.56168476e-01 -4.43469584e-01 8.41321528e-01 -5.06724119e-01 2.31360421e-01 3.09821337e-01 -3.95259783e-02 2.35845417e-01
-2.90927202e-01 -9.26134437e-02 -3.39570940e-01 -1.84323266e-01 4.49220061e-01 3.22873890e-02 9.23072472e-02 1.17087051e-01 4.20521110e-01 -4.12966549e-01 -1.37916654e-01 -9.31160212e-01 4.52134669e-01 -1.74935982e-01 -1.65375695e-01 1.64474085e-01 -1.54962346e-01 3.29261750e-01 1.25756204e-01 -9.99934077e-02 2.76966467e-02 -2.14400232e-01 5.00688970e-01 -3.13753664e-01 3.30268234e-01 1.79891154e-01 -1.55577525e-01 2.58777082e-01 6.05222769e-02 3.66876155e-01 4.90485877e-01 2.71017794e-02
6.74708560e-02 1.81926295e-01 3.29129864e-03 6.84241802e-02 -6.97872117e-02 1.03641108e-01 -1.51892323e-02 -8.24421272e-02 4.12962064e-02 7.84690678e-02 6.86115772e-02 1.16820246e-01 -6.61899149e-02 -8.41898695e-02 1.18948914e-01 4.42440301e-01 5.92816435e-02 -3.17648500e-01 4.28917333e-02 -9.42334384e-02 -1.10607773e-01 -1.20420434e-01 1.31149851e-02 -3.03641837e-02 5.19089699e-02 1.31174639e-01 6.70030713e-03 2.57377024e-03 9.88294035e-02 1.74692143e-02 -3.30854207e-03 2.77815238e-02
5.00621676e-01 -2.02181965e-01 7.24219441e-01 5.51818550e-01 -3.58671904e-01 -2.30468482e-01 -6.46262467e-01 -1.39282927e-01 -3.20535779e-01 -8.22861850e-01 -8.18162709e-02 9.35811400e-01 4.69141275e-01 -4.04911578e-01 7.81312108e-01 5.15585542e-01 -1.39424041e-01 -3.25963259e-01 4.79499668e-01 3.96231771e-01 -4.60251808e-01 1.22225285e-01 5.48444092e-01 2.34607562e-01 4.75809835e-02 -4.02568012e-01 1.14812568e-01 4.05971944e-01 -1.31329268e-01 -4.34215665e-02 6.99019358e-02 4.60075080e-01
2.45661080e-01 -1.37437478e-01 2.77016107e-02 1.79499954e-01 7.06862956e-02 1.67113438e-01 9.37964857e-01 5.35509735e-02 4.52575952e-01 2.66788095e-01 3.59084040e-01 3.57531250e-01 -4.24219579e-01 -5.36622763e-01 1.32978618e-01 -9.58647311e-01 -7.79306516e-02 -6.96974814e-01 -7.74360970e-02 -4.66017425e-01 -4.88993973e-01 -3.04880161e-02 2.89769888e-01 -1.02845337e-02 8.52789879e-02 -4.45242107e-01 -6.75777793e-01 4.28707838e-01 -1.21770211e-01 -1.63686544e-01 2.77971864e-01 -7.66520053e-02
9.15860981e-02 -1.48535175e-02 -3.34017754e-01 4.18166935e-01 1.32741168e-01 3.55166018e-01 3.50254923e-01 -2.60895222e-01 -3.47569644e-01 3.17608953e-01 2.91709453e-02 8.13747346e-02 4.29985285e-01 4.82110351e-01 -1.66693032e-01 -4.06804025e-01 5.47693729e-01 -6.10857680e-02 2.72218138e-03 -2.37473547e-01 -3.78484219e-01 2.49229502e-02 -3.58684033e-01 1.85881808e-01 -3.33164155e-01 -9.69160050e-02 -4.17707227e-02 -4.97326881e-01 4.25039418e-02 -1.06793843e-01 -3.33647206e-02 -3.10426354e-01
7.21130192e-01 -3.70431021e-02 -2.51602501e-01 1.52421474e-01 1.42370492e-01 -4.68444288e-01 -3.70873325e-02 3.51509541e-01 2.80235410e-01 -2.57956386e+00 9.15767998e-02 1.84947819e-01 3.95021856e-01 -1.65957355e+00 1.30459860e-01 3.37768048e-01 1.54147908e-01 2.54338205e-01 -2.69903332e-01 5.62108355e-03 4.87647295e-01 -1.93548083e-01 -2.84481734e-01 -5.95214888e-02 -3.54558855e-01 -1.72773421e-01 -7.38348737e-02 -1.64213777e-01 2.96685040e-01 8.66006166e-02 -1.96243972e-01 -1.91350728e-01
-9.04521823e-01 1.50334895e-01 9.40257311e-03 1.22727647e-01 2.88325804e-03 -3.23114485e-01 1.08545625e+00 -4.15077135e-02 -1.07829738e+00 7.49760151e-01 -7.42547274e-01 4.55143228e-02 1.71937123e-01 7.82088861e-02 -7.04863369e-01 7.60067344e-01 6.01655781e-01 5.73673487e-01 -3.52335460e-02 1.45292198e-02 -3.17834765e-01 4.75414127e-01 5.62060535e-01 9.57116544e-01 -4.63572741e-01 5.19316494e-01 -6.17735982e-01 8.21097791e-02 8.63115132e-01 -4.51483577e-01 1.09592095e-01 4.60932404e-02
-5.14639616e-01 6.00779414e-01 -8.39678124e-02 -1.07082091e-01 6.51663959e-01 1.42242283e-01 -2.98480745e-02 4.98306006e-01 -3.22192609e-01 4.60526288e-01 1.02926508e-01 -1.96725205e-01 1.89646736e-01 1.81233287e-01 -5.49440742e-01 -3.64281349e-02 -1.20527230e-01 -3.73732601e-03 3.81484926e-01 -3.66641313e-01 2.85469485e-03 -3.09932262e-01 3.21286209e-02 -5.31785369e-01 1.40634641e-01 -2.10443869e-01 -5.30388832e-01 -5.54662228e-01 1.39166608e-01 -3.19369882e-01 -2.32988894e-01 -2.99723029e-01
-1.49011195e-01 2.43599445e-01 4.93354499e-01 3.17366183e-01 -3.27574730e-01 -2.97356397e-01 -7.99756274e-02 1.08273542e-02 2.85775423e-01 -4.38375324e-01 -6.32962108e-01 -3.61025780e-02 -2.33053878e-01 -2.80927688e-01 5.09454682e-02 5.56585908e-01 -6.80934265e-02 1.58826157e-01 3.08861971e-01 2.18690887e-01 2.95840222e-02 -7.02905238e-01 1.30210847e-01 9.01205093e-02 2.05349788e-01 1.77111804e-01 -2.85916757e-02 -4.72652644e-01 -2.53278583e-01 -1.56269759e-01 6.05260879e-02 -1.86859906e-01
-8.33274245e-01 4.30651426e-01 -6.15954518e-01 -9.82649446e-01 -2.46170446e-01 -1.94770917e-01 -3.31879228e-01 3.70605767e-01 6.58382624e-02 4.74037647e-01 -3.22169252e-02 1.62751243e-01 1.50695324e-01 3.10833305e-01 2.27199383e-02 1.05405223e+00 6.50369585e-01 1.17647302e+00 -6.86414778e-01 3.97546999e-02 5.77389956e-01 -7.68077731e-01 -6.09384358e-01 4.38253790e-01 -1.69833675e-01 -4.70110655e-01 3.04944694e-01 2.78658569e-01 5.41257203e-01 -7.86248028e-01 2.28035063e-01 -2.52729684e-01
1.29598111e-01 -5.39215684e-01 -8.21381435e-02 -1.16328731e-01 -5.28100133e-01 5.36880493e-01 1.27597034e-01 -4.46151346e-01 4.70646560e-01 9.16040182e-01 -2.19707280e-01 1.16706178e-01 5.54339528e-01 4.11570251e-01 1.39054488e-02 -9.83802438e-01 -4.51317161e-01 -9.54945445e-01 -2.28056647e-02 2.14036539e-01 2.49577254e-01 3.35002333e-01 1.98820263e-01 1.50880739e-01 2.57026553e-01 1.09728798e-01 -4.12549436e-01 -2.68240631e-01 -2.40928948e-01 -3.39006305e-01 4.50457007e-01 3.25842947e-01
-5.65094501e-02 -9.69515741e-01 3.59795541e-01 1.58786869e+00 1.47560343e-01 9.54370797e-02 -1.26555339e-01 -2.63625711e-01 -2.21866056e-01 2.36668989e-01 1.08368897e+00 -9.81933177e-01 -1.10479343e+00 -3.90989155e-01 1.94214627e-01 -4.57699150e-02 -1.19413245e+00 6.16565824e-01 6.25911355e-01 -6.82960451e-01 8.79957974e-01 1.90427884e-01 1.61134452e-02 4.33697701e-02 -1.59708317e-02 -5.07881999e-01 2.07056329e-01 7.21408660e-03 -8.81136537e-01 1.26991558e+00 -6.04556799e-01 -7.10242055e-03
-7.31337130e-01 -2.32649207e-01 3.87698144e-01 1.97416916e-01 -4.06545371e-01 2.65553594e-01 3.14339519e-01 -3.39717343e-02 -4.40367311e-01 -1.87484846e-01 -8.78326714e-01 1.83628932e-01 4.08532739e-01 1.21792205e-01 2.30852351e-01 -4.09066170e-01 3.04592550e-01 -4.92854267e-01 9.35075209e-02 -4.06635344e-01 -7.78760672e-01 2.23531142e-01 1.52738458e-02 -6.37619138e-01 1.39504686e-01 5.39650440e-01 -5.47409281e-02 1.19326569e-01 -4.82983202e-01 -1.49124354e-01 -1.40860006e-01 3.47972438e-02
-2.69872159e-01 -3.33532810e-01 -1.57676026e-01 -1.51086450e-01 -2.02451304e-01 -6.35887310e-02 2.21243247e-01 2.68646538e-01 -6.18183315e-01 1.34066415e+00 -1.47784024e-01 -1.00976184e-01 -4.99636889e-01 4.43440586e-01 -1.50090724e-01 2.17049886e-02 2.55540758e-02 1.63031623e-01 -3.57338786e-02 -1.78646713e-01 2.19808474e-01 1.47009373e-01 3.70778114e-01 2.62184255e-02 5.26512004e-02 -5.39904907e-02 -1.88861936e-01 1.85676873e-01 2.62938976e-01 3.12618166e-01 4.06989604e-02 1.03001028e-01
-8.20344463e-02 -4.00429130e-01 -1.31525239e-02 -8.27916265e-02 -3.18327934e-01 4.94106829e-01 -7.62948543e-02 -4.23058480e-01 -7.59057477e-02 -3.52576524e-01 3.14169489e-02 4.54652101e-01 1.88361660e-01 5.34582019e-01 3.46862406e-01 -4.75657105e-01 -5.02446294e-01 -1.19848263e+00 -8.54128376e-02 -3.66931826e-01 -1.22664146e-01 8.59429479e-01 4.80075359e-01 6.70533001e-01 -4.93340403e-01 1.21714219e-01 1.46808863e-01 -1.99332967e-01 -3.90227795e-01 -2.35642031e-01 -7.23230541e-02 -6.20070137e-02
2.14935634e-02 -4.15850803e-02 1.37317389e-01 -8.23199749e-02 2.18675300e-01 -1.04263276e-01 1.34826452e-02 -3.40036809e-01 -1.88176334e-01 3.35229784e-01 1.46348119e-01 1.63997740e-01 6.90962076e-02 -3.29190254e-01 -6.76404759e-02 -2.82664478e-01 6.76849857e-02 1.49811924e-01 -1.58692002e-01 -5.34689724e-01 1.30203933e-01 -1.53796241e-01 -1.11820079e-01 -5.79871014e-02 -1.77610926e-02 1.92536339e-01 -5.35834432e-02 5.49883582e-02 1.01385958e-01 7.89643005e-02 -1.44794816e-02 5.25941001e-03
7.58418143e-02 -5.14799058e-01 -2.12127388e-01 7.28433311e-01 -3.35093141e-01 -4.72165138e-01 1.91589549e-01 -1.10780299e-01 -8.00615698e-02 2.92757010e+00 -5.81696510e-01 9.88027513e-01 6.83258593e-01 8.74609530e-01 7.09335685e-01 7.88137540e-02 5.69960438e-02 8.50913152e-02 5.64151585e-01 3.75023305e-01 2.16486633e-01 1.93186343e-01 -2.24806592e-01 1.02942276e+00 -3.27491164e-02 1.71563759e-01 -3.42907399e-01 2.97348380e-01 1.32908121e-01 9.49396379e-03 8.07309926e-01 1.46706719e-02
-9.52699482e-02 1.73192114e-01 1.31527901e-01 7.24377483e-02 5.06351404e-02 -3.98069434e-02 9.08469409e-03 1.10347055e-01 7.30991224e-03 -2.40650699e-02 1.55624598e-01 9.71288905e-02 9.47899595e-02 -2.04457808e-02 1.66874051e-01 1.97679162e-01 2.94586439e-02 -1.37705356e-01 -1.41483964e-02 8.89021680e-02 -1.58190504e-01 -4.89122719e-02 -1.39139080e-02 9.57108103e-03 -4.51112926e-01 -2.13937685e-01 4.47705351e-02 -1.48219690e-01 -6.68993816e-02 -5.07431887e-02 3.50965858e-02 -4.60313439e-01
1.09129382e-04 -8.77709910e-02 -6.18343577e-02 1.74985100e-02 -2.01874062e-01 2.89653987e-02 -1.83331929e-02 1.70320407e-01 6.44755587e-02 -4.80660461e-02 -1.39834331e-02 -1.16191749e-02 -5.75244501e-02 4.68969308e-02 -6.08590655e-02 2.05257714e-01 -1.12750486e-01 -1.27697274e-01 1.13200843e-02 3.26046884e-01 -2.32378960e-01 -1.17387637e-01 1.09427783e-03 1.02262152e-02 3.48628731e-03 -8.11023861e-02 -7.15225935e-02 -9.01489556e-02 -4.43102047e-02 4.61187325e-02 1.69168767e-02 1.28794264e-03
8.64832938e-01 -2.70793885e-01 2.68336743e-01 3.49511862e-01 -3.07924360e-01 3.19613190e-03 -5.82114518e-01 4.09940351e-03 6.86581910e-01 5.72634935e-02 -1.81084156e-01 4.11923192e-02 4.92200255e-02 2.25265369e-01 7.40545571e-01 -6.34399235e-01 -4.50790375e-01 -7.07395434e-01 4.83622789e-01 -2.64958858e-01 -7.62339413e-01 2.02347577e-01 -1.11781687e-01 2.06230447e-01 7.85203755e-01 -3.10623180e-02 2.33983740e-01 -1.52275398e-01 -5.47349691e-01 2.34968379e-01 9.40460414e-02 1.27760082e-01
1.51667327e-01 -3.93503726e-01 -2.96656460e-01 3.90650511e-01 2.71353632e-01 -6.10255241e-01 8.71217325e-02 2.21284814e-02 2.42888883e-01 -2.70397037e-01 -2.55939394e-01 4.72700357e-01 3.72495830e-01 -2.96445370e-01 2.30674028e-01 -4.76353526e-01 -3.17212224e-01 -6.45939708e-01 3.70498717e-01 -3.87800276e-01 -2.71685869e-01 -5.99943176e-02 3.51795882e-01 6.42153382e-01 -1.15922257e-01 -2.98356980e-01 4.22514439e-01 -5.85796386e-02 -7.83323050e-02 -4.37003821e-01 8.80249143e-02 2.17205882e-01
4.92029190e-02 -6.95997430e-03 7.08421826e-01 1.16570085e-01 -1.13307762e+00 -3.57345819e-01 1.74116209e-01 -1.54112682e-01 6.51169240e-01 5.55615604e-01 -1.05725124e-01 -4.01730269e-01 -5.40168071e-03 6.67628586e-01 -2.61418279e-02 -2.23559165e+00 -2.85329193e-01 -2.75146103e+00 1.94228202e-01 3.27426232e-02 -8.76573980e-01 6.61678314e-01 1.50769979e-01 1.55995741e-01 2.55288959e-01 9.99402553e-02 3.54961812e-01 2.82833129e-01 -2.07211867e-01 -7.69916534e-01 -6.49252117e-01 9.60913971e-02
-1.66648224e-01 -2.41226107e-01 -2.66495258e-01 -2.82520443e-01 -2.38372475e-01 5.45219839e-01 1.71222761e-01 -9.50422809e-02 -1.41257882e-01 3.56485397e-01 -2.09174037e-01 1.93355590e-01 6.30815178e-02 -2.72941351e-01 -1.35419711e-01 -4.32849586e-01 3.12197030e-01 -5.97384393e-01 -3.11418802e-01 4.11449000e-02 -3.76958668e-01 3.88299465e-01 -1.34977072e-01 3.39767665e-01 3.84857595e-01 -4.99436706e-01 4.82421577e-01 9.50245634e-02 6.81843162e-02 1.23184033e-01 -7.88849071e-02 1.92083456e-02
4.69973177e-01 6.92104399e-01 6.97453082e-01 -4.18432802e-01 1.39280170e-01 1.35358557e-01 1.80264696e-01 -1.07229248e-01 -8.14360082e-01 9.53696907e-01 -3.13986897e-01 -2.12284639e-01 -4.22190696e-01 1.12864649e+00 1.42324284e-01 1.54074445e-01 3.87260020e-02 -9.40811694e-01 3.14857692e-01 -2.71144509e-01 2.38782950e-02 7.15086877e-01 -1.54139549e-01 -3.93427581e-01 6.38241231e-01 -7.55476236e-01 4.75032568e-01 -3.63033749e-02 -3.17852020e-01 -6.17581010e-01 -5.22405207e-02 -4.56813812e-01
-8.25992003e-02 -4.39766526e-01 2.21788794e-01 -1.96114436e-01 -1.96043789e-01 1.84307173e-01 9.64735821e-02 -2.59292692e-01 -5.12678444e-01 -2.79629767e-01 -1.14599213e-01 -8.74281116e-03 -7.89191052e-02 4.60226655e-01 5.72661281e-01 3.11646640e-01 2.32712597e-01 -4.08986449e-01 6.30841311e-03 1.45610049e-01 -1.88569069e-01 3.35947931e-01 -3.26881945e-01 1.50514349e-01 -3.59214097e-03 -2.42171407e-01 3.82840991e-01 6.58462644e-01 -3.62078786e-01 -4.63452816e-01 3.34474325e-01 2.84289330e-01
-1.25841439e+00 1.34619564e-01 1.50469407e-01 -1.31543994e+00 -1.48871630e-01 -7.53310248e-02 1.29084259e-01 5.46817005e-01 1.57826275e-01 3.56233597e-01 -9.69726443e-01 6.70022070e-01 1.09353447e+00 3.13579738e-01 -6.64728880e-01 2.15016574e-01 5.72170615e-01 -4.65806395e-01 -3.06018800e-01 1.06563187e+00 -5.39835453e-01 -2.98709750e-01 -3.41967225e-01 -6.94028884e-02 6.13313794e-01 1.00072658e+00 8.51983249e-01 6.09450519e-01 5.09201050e-01 -1.04311347e+00 1.06650785e-01 2.03754216e-01
-9.75531489e-02 8.83025602e-02 3.10618341e-01 -4.68251780e-02 3.29439908e-01 -1.05344839e-01 -2.51800362e-02 2.82324906e-02 -5.76832332e-02 1.80524915e-01 2.12205928e-02 1.56606790e-02 -1.26589043e-02 -1.48400635e-01 9.50074345e-02 -1.31387353e-01 8.74641016e-02 5.95749393e-02 1.48236789e-02 -4.15972650e-01 1.44861758e-01 -1.05630592e-01 1.69971846e-02 1.25077087e-03 1.36241376e-01 -2.54654400e-02 7.36377314e-02 1.55829862e-01 3.64684910e-02 -8.39812234e-02 -1.36467973e-02 6.23348728e-02
-1.03721417e-01 2.43249491e-01 3.13201606e-01 -1.40162379e-01 2.29710162e-01 1.00231633e-01 6.79902732e-01 3.16876769e-01 9.71769840e-02 -1.18458784e+00 -3.65928859e-01 5.52970707e-01 6.81965888e-01 -2.89186805e-01 -4.72385287e-01 2.58715957e-01 4.91837263e-01 -1.90377802e-01 -4.02367748e-02 -5.32573342e-01 9.82179880e-01 -2.67216384e-01 1.90055836e-02 -1.28029025e+00 -1.66914105e-01 5.60294509e-01 -1.01216769e+00 -8.61909509e-01 2.89891511e-01 -1.22732036e-01 -2.65146140e-02 -2.23476186e-01
6.16517246e-01 -2.94422030e-01 -2.94659019e-01 4.26710963e-01 -2.53927503e-02 -6.69280887e-02 -9.37132016e-02 -1.18086636e-01 5.00684142e-01 -1.11029886e-01 -1.29202917e-01 -3.57544757e-02 7.72362471e-01 -3.56427789e-01 3.40159684e-01 -3.06246668e-01 -1.45219741e-02 -4.46273267e-01 1.69385821e-01 -6.06813282e-02 -3.35487306e-01 1.17961071e-01 1.49835616e-01 1.40301511e-01 1.90936157e-03 -1.95258036e-01 7.80477822e-01 4.42265868e-01 -3.28381956e-01 3.23601812e-01 1.72371984e-01 2.67862171e-01
-1.91404685e-01 3.13284457e-01 -1.57638103e-01 -5.68918847e-02 -5.57667255e-01 -2.13978708e-01 1.07172064e-01 4.52283591e-01 -5.13522401e-02 -5.37180185e-01 -2.05746666e-01 2.95475274e-02 -3.29317302e-01 2.02912062e-01 2.67040819e-01 -1.92140415e-01 -1.06299393e-01 2.28764385e-01 4.52803001e-02 3.61803859e-01 -2.37622797e-01 -4.86285575e-02 -2.84312554e-02 -2.41002440e-02 -8.80806297e-02 -8.15917775e-02 2.60241687e-01 -3.01997870e-01 9.89690274e-02 3.82936397e-03 6.10510334e-02 1.43415496e-01
6.03982769e-02 -5.06378174e-01 -1.17783435e-01 -9.65364873e-02 -4.81151007e-02 -1.56957477e-01 -2.03565788e-02 -1.63571745e-01 -4.09871608e-01 4.58066493e-01 -8.19117390e-03 8.61719921e-02 3.49040985e-01 3.02948296e-01 -1.78600043e-01 -5.66260040e-01 -1.71949670e-01 -9.11114663e-02 -3.06714848e-02 8.26250389e-02 5.29206842e-02 -3.99081558e-02 5.72373092e-01 3.87744494e-02 -3.70379508e-01 2.36039057e-01 3.49215388e-01 1.13996781e-01 -7.39138126e-02 1.29789114e-01 -3.03307809e-02 -2.13420182e-01
1.05069530e+00 3.27151828e-02 -6.60952985e-01 2.16721848e-01 3.66315544e-01 7.26807937e-02 4.52003390e-01 1.42721832e-01 -2.80458957e-01 -9.63323116e-01 -8.14955711e-01 1.33917022e+00 6.87608272e-02 -9.58643198e-01 2.74885088e-01 7.39221573e-01 7.85433874e-02 7.38716424e-01 -1.41637042e-01 1.76688865e-01 -1.49523747e+00 -4.47871149e-01 -8.22540760e-01 -2.80506194e-01 -2.74506330e-01 5.05868345e-03 2.67423749e-01 4.16830152e-01 -6.54285550e-02 9.20889005e-02 -9.63989198e-02 3.00233722e-01
-1.89129621e-01 1.25209540e-01 -9.33661103e-01 -7.39726052e-02 2.63225168e-01 3.75355780e-01 2.58072987e-02 6.43413365e-02 -4.14404683e-02 5.22161126e-01 -4.37402844e-01 -1.17296696e+00 3.88870120e-01 2.51912117e-01 -3.72708738e-01 6.77648365e-01 -1.46711888e-02 1.35099709e+00 -5.09007573e-01 1.41923070e-01 2.91532397e-01 -8.66438746e-02 3.25204618e-03 6.19171500e-01 -1.01577125e-01 8.13061595e-01 -1.03733011e-01 -3.14741492e-01 1.38546079e-01 1.22512951e-01 7.12403893e-01 -2.33930632e-01
6.84451312e-02 4.29674387e-01 -1.82408661e-01 -6.64979935e-01 6.94442168e-03 6.46183789e-01 2.22515956e-01 8.19496632e-01 3.50554645e-01 2.01094031e-01 8.75869453e-01 -1.35690197e-01 1.35304958e-01 1.73147008e-01 -1.88954901e-02 -5.43502986e-01 3.58073115e-01 2.91406438e-02 -3.33072811e-01 -3.99498045e-01 -1.10302590e-01 -2.38852620e-01 1.91226125e-01 9.89880413e-02 -1.25491858e-01 2.38531560e-01 -1.26544395e-02 -5.47401793e-02 -5.18298447e-01 1.87749073e-01 -2.71202892e-01 9.44592990e-03
6.92586601e-02 1.31178563e-02 -1.46382749e-01 6.61970582e-03 -4.39489856e-02 4.93611097e-02 2.88766921e-02 7.82500580e-02 -3.12293675e-02 -7.21240938e-02 -6.98491484e-02 -3.71606588e-01 2.41812706e-01 2.28653714e-01 1.77538730e-02 9.47426632e-02 5.73117770e-02 -5.65680154e-02 1.04062684e-01 2.40088433e-01 1.11555435e-01 2.69838333e-01 8.20512790e-03 2.13865116e-01 -1.13272913e-01 -2.96206772e-01 -1.77402705e-01 -1.46071687e-01 -2.92733669e-01 -1.57654747e-01 4.35842574e-03 -2.67666101e-01
3.63087326e-01 -2.12904047e-02 6.06228650e-01 3.57122958e-01 2.63597727e-01 4.67460632e-01 9.52755451e-01 -3.19323093e-01 7.57828712e-01 6.16393459e-04 -6.48407221e-01 1.76473245e-01 -4.83994722e-01 -3.35586011e-01 2.44909171e-02 1.47992224e-01 -6.57048166e-01 -5.48009694e-01 2.42764279e-01 -1.14110261e-02 -3.45113687e-02 6.23206139e-01 2.44129524e-01 5.99336207e-01 1.04233071e-01 -9.48985070e-02 -2.72638977e-01 1.08186789e-01 2.38477781e-01 3.81289899e-01 -8.93616080e-02 -7.02018514e-02
-2.59990036e-01 -5.31223953e-01 1.51974761e+00 9.14585963e-02 -9.30150390e-01 -1.96478084e-01 -1.16524589e+00 -1.01227546e+00 2.98983544e-01 1.06309080e+00 1.75032355e-02 -4.60916221e-01 -2.94053674e-01 1.08378398e+00 6.21985674e-01 -2.13037968e+00 1.41508192e-01 -2.80792904e+00 1.83564830e+00 8.09361339e-01 -5.73230803e-01 1.69100296e+00 -4.47461069e-01 2.37883434e-01 3.43140960e-01 -7.03316808e-01 -2.52974898e-01 3.87460768e-01 1.57301143e-01 4.29923795e-02 7.08067060e-01 1.51775658e-01
2.76842955e-02 -1.50263505e-02 6.15451820e-02 4.11247537e-02 4.08751547e-01 -7.09457416e-03 -2.13858974e-03 2.02318802e-02 6.38352409e-02 -1.36976043e-04 -1.40428813e-02 -5.94826937e-02 1.06452703e-01 4.83843219e-03 -1.39597366e-02 -5.26387505e-02 5.38376765e-03 -3.94882411e-02 -7.00182319e-02 8.15013871e-02 1.44515738e-01 4.34272848e-02 -2.03071646e-02 2.32723039e-02 -1.35773405e-01 -1.35475263e-01 1.32634416e-02 3.29188883e-01 -3.50796282e-02 -5.91646209e-02 2.62910817e-02 -2.35394999e-01
-3.93806666e-01 7.74357095e-02 -1.48587331e-01 -4.28135470e-02 -2.14928702e-01 1.82725061e-02 -1.45672962e-01 6.85486913e-01 -7.92629048e-02 -7.27091804e-02 -1.19345136e-01 5.89504063e-01 4.73182082e-01 2.58265048e-01 2.38807082e-01 1.17460161e-01 -7.39358887e-02 6.98826015e-02 -1.58101022e-01 -9.08466578e-02 -1.24864347e-01 -6.38271213e-01 -1.30705148e-01 -1.94822952e-01 -3.60694736e-01 -1.99268371e-01 -5.81354856e-01 4.22239751e-01 -2.77228534e-01 -2.08631441e-01 -1.76011562e-01 5.34517944e-01
-9.95845348e-03 -2.00112507e-01 5.67331672e-01 2.73038208e-01 -5.65982938e-01 2.64011711e-01 3.68253767e-01 -5.96331120e-01 4.93471950e-01 3.74822468e-01 -5.11655360e-02 3.85161042e-01 -1.08006522e-01 1.75498456e-01 1.82404563e-01 -2.12354732e+00 1.07425474e-01 -9.77953732e-01 2.46458929e-02 1.76104426e-01 -9.99210961e-03 1.47820681e-01 2.68060297e-01 1.37244403e-01 -1.43744469e-01 -5.42411387e-01 -6.24648184e-02 -3.05142522e-01 -3.82282913e-01 -4.72325206e-01 4.81447875e-01 -3.77574682e-01
-1.70241863e-01 7.42247105e-02 -1.57525197e-01 1.19948477e-01 -8.55680630e-02 -7.68464059e-02 2.92129874e-01 -1.51268184e-01 -6.04147434e-01 1.62588739e+00 -4.09659028e-01 -3.38087156e-02 -2.39959672e-01 1.19537473e+00 -2.72288471e-01 7.15952143e-02 5.85065857e-02 5.18900454e-02 -1.57246202e-01 -2.59324938e-01 8.20737425e-03 2.22780213e-01 -5.72301000e-02 -2.10592896e-01 -1.39798120e-01 1.06113456e-01 3.97701681e-01 4.61314917e-01 2.13838354e-01 -4.98407632e-01 3.04832757e-01 -9.50535536e-02
-1.99514911e-01 -2.49491647e-01 6.97115839e-01 4.79149729e-01 -2.66646862e-01 -3.02253336e-01 -1.00364435e+00 1.52291149e-01 1.94472194e-01 5.04679441e-01 9.51023996e-02 -6.45554215e-02 1.13169886e-01 2.57734299e-01 -1.85956746e-01 3.99033517e-01 -2.97951363e-02 4.76592556e-02 -1.64418623e-01 -3.60061467e-01 9.57378447e-01 4.24615711e-01 4.23200041e-01 -5.73720217e-01 -1.32464282e-02 1.37201473e-02 -2.04992712e-01 2.81513929e-01 -1.07250832e-01 3.33936423e-01 -1.06603086e-01 -2.58151740e-01
1.06452596e+00 -3.32387954e-01 6.21490777e-01 9.12441909e-01 -5.71501136e-01 1.72660545e-01 -7.10696816e-01 -5.58924496e-01 7.28705645e-01 -9.07154500e-01 -3.20161432e-01 7.53241777e-01 -1.17047906e+00 -3.43140900e-01 6.42583191e-01 -6.55694187e-01 -3.61812860e-02 -3.42210889e-01 6.67325079e-01 8.04494321e-01 2.31760576e-01 -3.57792795e-01 -2.11505198e+00 -5.79687953e-01 4.86064255e-01 6.14070117e-01 -8.72417092e-01 -2.82296985e-01 -9.62170288e-02 1.19739652e+00 -8.94542158e-01 -2.47003306e-02
-1.22134369e-02 1.77366912e-01 -3.27124223e-02 -4.71873097e-02 -1.55151591e-01 -2.97913570e-02 3.25768366e-02 -5.49704731e-02 -4.42738086e-02 -6.62504509e-03 4.00823355e-02 8.68960992e-02 8.24719295e-02 -6.57480359e-02 1.63865715e-01 -1.31613597e-01 1.04295611e-01 1.79348409e-01 -4.01887251e-03 -2.72508442e-01 1.39042869e-01 5.03374301e-02 -1.21739656e-02 -4.26567607e-02 -2.96026081e-01 -3.67601775e-02 2.42955945e-02 -8.03157464e-02 -4.23208475e-02 5.57858218e-03 1.20802857e-02 -2.17615396e-01
1.02919653e-01 3.08578968e-01 1.59550655e+00 4.44384664e-01 -1.12620008e+00 1.54449835e-01 -1.45456225e-01 -5.23268521e-01 8.36127877e-01 4.98179018e-01 1.77804098e-01 -3.63672525e-01 -8.93846452e-01 9.14101422e-01 2.15567071e-02 -3.25743556e+00 -2.42185816e-01 -4.39153862e+00 3.21741283e-01 1.17415994e-01 -1.22209990e+00 9.85496640e-01 3.56686801e-01 1.48406669e-01 2.54125953e-01 -1.44809812e-01 -5.20476937e-01 6.27362728e-01 -1.49149582e-01 4.67752479e-03 -1.20556466e-01 -6.33819960e-03
-8.17809880e-01 1.75101966e-01 1.32560581e-01 -7.38827288e-01 -2.29526199e-02 -1.54657945e-01 -1.83109805e-01 4.93709981e-01 -8.38768929e-02 8.60746112e-03 1.12412848e-01 -2.92418927e-01 4.29623514e-01 4.46611375e-01 -3.93637568e-01 -3.08835804e-01 2.01577172e-01 -2.00156242e-01 -3.53072286e-01 1.44411147e-01 4.65930477e-02 7.03294039e-01 2.27260649e-01 -2.17004493e-01 -2.11696178e-01 2.92593658e-01 -7.09548056e-01 1.77881688e-01 7.37931132e-02 -5.68369508e-01 -9.89208296e-02 -5.88076830e-01

layers.2.bias:
-1.37218356e+00
-8.42040658e-01
7.59762526e-01
-5.46804547e-01
2.14627370e-01
-4.82888401e-01
2.45987877e-01
2.13224983e+00
5.83433926e-01
8.58286858e-01
-9.40147579e-01
-1.35405874e+00
-2.91502655e-01
9.41312730e-01
-3.82066131e-01
-7.22507238e-01
-6.33388832e-02
-7.90977597e-01
3.15139920e-01
-8.59183744e-02
-2.30512396e-01
7.78026879e-01
8.49552214e-01
-1.33827850e-01
-3.89397025e-01
1.07409537e+00
-9.83485222e-01
-1.10710454e+00
5.18200099e-01
-1.14244831e+00
5.68547212e-02
-4.56205867e-02
7.85606980e-01
1.11587241e-01
-3.36698800e-01
-2.03789212e-02
-1.33241475e-01
1.41549885e+00
1.06855178e+00
-5.96875846e-02
1.00491762e+00
-1.87843308e-01
-5.86421430e-01
1.37796617e+00
2.51422435e-01
-9.92088079e-01
1.08345318e+00
-3.47840518e-01
8.33088398e-01
1.81864977e+00
1.74126849e-01
4.06338394e-01
1.11578085e-01
-6.96665406e-01
2.10504681e-01
-2.22730339e-02
8.06831121e-01
-1.02390811e-01
-2.96799578e-02
-7.01066554e-01
6.81725800e-01
6.39356598e-02
-2.53325284e-01
7.14588046e-01

layers.4.weight:
3.35626036e-01 8.04940462e-02 -4.35100496e-02 5.22995461e-03 3.93992141e-02 1.43035650e-01 4.80983465e-04 -7.39801586e-01 1.57751143e-01 -3.96085411e-01 7.64590129e-02 9.40474033e-01 -1.50662446e+00 -1.38618141e-01 1.17435195e-02 -1.45511031e+00 -1.64923840e-04 6.40340522e-02 -3.48488092e-02 4.55141890e-05 -5.86108910e-03 -5.05611971e-02 -8.97491351e-03 2.37530649e-01 -5.95049784e-02 -4.29077819e-02 7.73813995e-03 7.51612008e-01 -3.58483553e-01 3.82401854e-01 -8.79178848e-03 -1.17932409e-01 -3.43351662e-02 8.64893897e-04 5.96405417e-02 -5.32315229e-04 -8.92203680e-05 -1.73972785e-01 -7.40856631e-03 1.68976307e-01 -4.60819043e-02 2.99580783e-01 3.57351266e-02 -1.19583681e-01 1.72897271e-04 1.34218365e-01 -7.39218527e-03 -1.81843818e-04 -1.11253038e-01 -6.95047736e-01 -1.07031032e-01 -6.61596205e-05 -4.06201172e-04 4.36103418e-02 -1.04128683e+00 -6.90211251e-04 1.58297480e-04 -2.49568224e-01 -5.49989045e-02 3.57236005e-02 -2.32695155e-02 -1.45273385e-04 8.63278449e-01 -1.35775292e-02

layers.4.bias:
-1.12045288e+00

