layers.0.weight:
3.31696361e-01 -5.67613244e-01 7.97264636e-01
5.69172144e-01 -8.09445798e-01 -5.80563486e-01
-8.31293464e-02 -6.13938749e-01 -5.77727258e-01
-1.07055378e+00 1.15616508e-01 4.58123112e+00
2.67282110e-02 4.11940843e-01 1.16166264e-01
-5.79876065e-01 8.58121514e-01 -1.84879377e-01
-1.31842160e+00 4.86020595e-01 -9.88645032e-02
-6.01682402e-02 7.88846374e-01 -9.23566997e-01
6.03414774e-01 -9.26082134e-01 5.12713566e-02
-1.11527514e+00 5.86289167e-02 -1.64189592e-01
7.53551662e-01 -9.85680073e-02 1.41279221e+00
-7.16238439e-01 -1.31785080e-01 -1.29353356e+00
-4.30584475e-02 7.12955832e-01 -1.57757306e+00
-1.16726887e+00 2.10410804e-02 5.00053525e-01
-6.46977663e-01 1.09646142e+00 7.52028525e-01
-1.81771189e-01 9.48456824e-01 1.64468549e-02
5.46070874e-01 -6.33792400e-01 -1.45019031e+00
-1.15504665e-02 1.12846863e+00 1.84981868e-01
8.07071701e-02 -9.54183042e-01 5.35116851e-01
3.41117471e-01 -1.28724232e-01 -8.64976227e-01
2.23475501e-01 1.65966094e-01 -5.10879010e-02
-3.24195027e-01 -2.56797969e-01 -1.00232065e+00
-4.64660525e-01 1.65601885e+00 -4.46076952e-02
-1.56447518e+00 4.06930357e-01 1.75152493e+00
1.05132234e+00 3.79940838e-01 -7.78481364e-01
2.59609371e-01 6.71772659e-01 -1.17486012e+00
-1.16151750e-01 -2.13369340e-01 1.90187418e+00
-3.97779703e-01 -2.44972542e-01 1.92939892e-01
3.22416067e-01 7.57217348e-01 -1.46468067e+00
-1.04933763e-02 4.65525806e-01 1.70563948e+00
-2.89658904e+00 2.84448242e+00 -1.78299040e-01
-1.26738083e+00 -5.19488692e-01 1.02004325e+00

layers.0.bias:
8.77201200e-01
4.81547834e-03
-1.42384720e+00
-6.34384930e-01
7.07518518e-01
-2.04255387e-01
-3.54310095e-01
2.86240637e-01
-7.45998621e-01
-1.59115899e+00
1.64644122e-01
1.80825554e-02
2.46107668e-01
-1.21306002e+00
-2.90836543e-01
1.43946290e+00
9.34610724e-01
1.82654703e+00
-6.68276668e-01
5.78918040e-01
-1.44309163e-01
-1.35729384e+00
1.02535832e+00
-7.05530941e-02
1.36946186e-01
5.60703695e-01
8.80503118e-01
-1.57881156e-01
-4.88352716e-01
7.31267482e-02
8.91685039e-02
-6.70209900e-02

layers.2.weight:
-5.40153742e-01 2.80535892e-02 1.75438389e-01 -5.61923981e-01 -1.26781985e-01 2.90151626e-01 3.84703502e-02 -3.70654464e-02 -2.62714863e-01 3.54093671e+00 5.44033125e-02 4.82053038e-05 -2.09254563e-01 2.53167391e+00 3.68539728e-02 4.73639578e-01 -1.66125223e-01 7.03409314e-01 5.23430295e-02 -2.87726730e-01 3.55334371e-01 6.54894784e-02 -3.35009456e-01 6.26812816e-01 -8.22974145e-02 6.15081072e-01 -8.71178031e-01 -1.85806796e-01 -1.29073352e-01 -2.34791502e-01 2.54764974e-01 2.25310579e-01
-2.17568979e-01 7.76381865e-02 -1.08523655e+00 1.10855073e-01 1.27293870e-01 3.07674229e-01 -7.57358015e-01 -3.86256367e-01 3.29625815e-01 6.63253188e-01 3.21230978e-01 -3.56286198e-01 2.52156377e-01 -1.16624892e-01 -2.25138366e-01 7.97137141e-01 -3.05697411e-01 8.42772186e-01 -6.47113979e-01 -1.24254618e-02 6.53954566e-01 -1.88321576e-01 -1.65203929e-01 -1.02697685e-01 6.90181330e-02 -4.68378961e-02 -2.65703738e-01 -5.76322317e-01 4.43649851e-02 -1.37042418e-01 6.77593276e-02 1.33670837e-01
8.59144330e-02 2.22058401e-01 -1.83984876e-01 -6.20605111e-01 -4.59587187e-01 -1.82170808e-01 -6.64088607e-01 1.46629333e-01 7.36569643e-01 5.55882156e-01 -4.03115392e-01 -2.29203358e-01 5.52650122e-03 -2.33763561e-01 -2.76809543e-01 -1.02058971e+00 2.37212405e-01 -4.43835497e-01 1.00606926e-01 7.56772876e-01 -6.40253425e-01 -4.24265385e-01 1.85278714e-01 -1.35555482e+00 -2.18791097e-01 2.38123894e-01 -1.03687811e+00 -1.11128472e-01 2.74148673e-01 -2.82351613e-01 -7.91643187e-02 4.08996761e-01
2.53707260e-01 -5.85890142e-03 6.49337173e-02 1.33519280e+00 5.45431137e-01 3.28893691e-01 6.57592714e-01 -2.94163376e-01 -8.29564109e-02 -4.00802419e-02 1.59066558e-01 -6.37668893e-02 -6.22367442e-01 1.62558004e-01 5.60853899e-01 8.62415314e-01 -2.36129105e-01 8.71372402e-01 3.66156489e-01 -9.25089240e-01 -7.52645493e-01 -1.47853434e-01 3.05326998e-01 1.36999249e+00 -3.11842531e-01 -5.75319648e-01 4.95624691e-01 1.87986478e-01 -7.13367701e-01 -1.28800005e-01 -7.61482567e-02 1.24555111e-01
6.28412664e-02 -4.08799440e-01 4.55903739e-01 -4.23235565e-01 -3.10398102e-01 -2.90109754e-01 -1.17700160e+00 3.24625745e-02 7.55411088e-02 -3.57137263e-01 4.76131260e-01 -8.08952332e-01 7.17164457e-01 -7.45294750e-01 -1.92516111e-02 -9.30236340e-01 -3.91170353e-01 -1.08949637e+00 1.52878612e-02 -1.49186209e-01 8.03319573e-01 -4.37499762e-01 2.14577317e-01 -3.18354517e-01 -8.98014903e-01 5.32998502e-01 1.26730219e-01 -3.55752438e-01 -3.54602993e-01 6.51817203e-01 -1.64597929e-01 1.10113502e-01
-4.39718753e-01 3.61444592e-01 6.81289852e-01 4.13644388e-02 -1.70327437e+00 -3.48690301e-01 -7.10003316e-01 3.91678572e-01 8.89274299e-01 -2.81376988e-02 6.04866624e-01 2.35367849e-01 5.55443577e-02 -4.67915982e-01 -3.25658947e-01 -1.71189749e+00 -3.70702118e-01 -2.48809719e+00 6.25229955e-01 -2.87855625e-01 -5.03311932e-01 1.17233388e-01 -7.49890625e-01 -1.82792753e-01 -1.40505526e-02 2.00434119e-01 4.78716940e-03 1.03968334e+00 -6.09632805e-02 -5.61032951e-01 -9.16197717e-01 4.02864546e-01
6.21711984e-02 1.77473910e-02 -2.95170724e-01 -7.79524213e-03 8.61562043e-02 1.09097838e-01 -3.50599065e-02 -3.69437665e-01 -1.24450296e-01 1.65520370e-01 3.18435371e-01 8.31448510e-02 3.28301877e-01 2.79048495e-02 -1.04274161e-01 -2.43331566e-01 1.12843163e-01 9.70610082e-02 -7.75500908e-02 -2.43120626e-01 -4.11935061e-01 4.47058491e-02 -1.00370962e-02 1.30689899e-02 1.96832299e-01 3.26561332e-01 -3.55630428e-01 -4.56834048e-01 -1.48325667e-01 5.43048866e-02 2.25438297e-01 1.11897364e-01
4.13290441e-01 -1.97027456e-02 -4.54921752e-01 4.85154957e-01 1.70706138e-01 -5.55417120e-01 -8.02276097e-03 3.62083048e-01 1.78851977e-01 -3.03082943e-01 5.43531822e-03 8.27687025e-01 1.84777051e-01 -2.73325950e-01 -4.50881235e-02 2.98861489e-02 3.82211208e-01 -9.09082592e-03 3.67747903e-01 3.61125261e-01 -1.31956160e+00 -1.00058675e+00 2.47418091e-01 6.01236343e-01 3.58355999e-01 6.04736209e-01 7.34315753e-01 4.12558109e-01 -8.49519432e-01 6.23104274e-01 -1.33995516e-02 -4.40266371e-01
1.24570273e-01 3.15016121e-01 -5.72029889e-01 -3.89340669e-01 1.45643663e+00 -4.54744726e-01 -2.65121490e-01 -1.74392179e-01 -1.16186559e+00 5.52760482e-01 3.06498915e-01 3.92549306e-01 8.25242996e-01 -1.20155700e-01 2.34658886e-02 2.34112024e+00 4.17502820e-01 1.76162612e+00 -7.35011876e-01 -1.77090541e-02 9.84903425e-02 -2.40726516e-01 4.30091992e-02 2.49041945e-01 -7.82320425e-02 5.03684759e-01 -7.81414509e-02 4.11595516e-02 2.35870257e-02 3.96626024e-03 2.57108378e+00 -1.65880069e-01
-7.23617196e-01 1.99244618e-01 3.17682698e-02 -6.56559289e-01 2.22286046e-01 9.20662954e-02 -1.77703068e-01 4.39319670e-01 5.29922605e-01 -1.59346819e-01 -3.19473632e-02 2.00946242e-01 2.64666140e-01 8.08638036e-02 -3.50981206e-01 -6.95446372e-01 3.81010711e-01 -4.90966320e-01 -4.74311769e-01 5.77368066e-02 -5.37432730e-01 -9.87929851e-02 1.84863180e-01 -1.18193321e-01 -1.58278003e-01 -2.61015687e-02 -3.08634222e-01 1.50459945e-01 3.65153998e-01 2.26134658e-02 2.03970354e-02 -6.46242946e-02
6.80814981e-01 -2.07306311e-01 5.47284931e-02 -3.70498657e-01 -1.27348781e+00 -8.92137766e-01 -3.20110232e-01 6.15226589e-02 6.62412047e-01 5.84121168e-01 -6.54455364e-01 9.99255776e-02 8.53153110e-01 1.26888286e-02 -3.30646276e-01 -4.92000252e-01 -6.01154089e-01 -1.68652952e+00 2.34107584e-01 -3.48005667e-02 8.73202503e-01 -2.89526761e-01 -1.65993261e+00 1.96748674e-01 -3.01858217e-01 -9.57823619e-02 -4.33885843e-01 -3.62249613e-01 5.24549745e-03 -4.41531152e-01 6.07641675e-02 5.66924155e-01
-2.42228881e-01 -3.24405869e-03 1.71165609e+00 -9.54785347e-01 -8.66149068e-01 1.87114641e-01 7.25774188e-03 -2.58659065e-01 1.12525104e-02 1.90434146e+00 -9.73328575e-02 -8.33857879e-02 3.78966182e-01 3.06678581e+00 -1.06615730e-01 -7.19212532e-01 3.95621717e-01 -2.62743950e+00 3.92757773e-01 -2.64251709e-01 3.22895199e-01 6.79360509e-01 -2.02291042e-01 7.04893827e-01 4.28709202e-02 -4.34314191e-01 2.06704319e-01 -2.10757986e-01 3.30479175e-01 -9.15986821e-02 5.47851026e-01 -4.44549501e-01
-5.01358509e-01 -1.07004084e-01 8.28716874e-01 3.35601211e-01 -9.22440290e-02 4.90864158e-01 7.72318691e-02 -8.94539177e-01 2.43852824e-01 3.31759334e-01 2.37504140e-01 2.33330742e-01 -4.23683524e-01 -1.48253605e-01 3.39138746e-01 -3.48278952e+00 7.69218011e-03 -5.10505581e+00 5.82324386e-01 -8.38857174e-01 -7.24533498e-01 3.80446076e-01 5.63364744e-01 -1.64321542e-01 -2.70226389e-01 -1.50047764e-01 -4.34176862e-01 5.89763701e-01 -5.91445625e-01 -4.14378524e-01 -6.30932868e-01 -2.38011077e-01
2.85834569e-04 -2.36860946e-01 -6.16934896e-01 -6.18750937e-02 -1.89669728e-01 5.56637906e-02 2.60283560e-01 3.52428049e-01 3.70097071e-01 -6.42530918e-02 4.35532689e-01 -1.44429415e-01 3.31264883e-01 -7.79418826e-01 -1.84768125e-01 -1.26820207e-01 -3.30869734e-01 1.46655917e-01 -1.40369728e-01 7.63476342e-02 7.97039270e-03 -1.37737125e-01 1.55258685e-01 -2.21962303e-01 -8.61914307e-02 7.59681523e-01 -5.34339482e-03 1.92575175e-02 -1.60211906e-01 2.67141432e-01 2.53607869e-01 3.13942373e-01
-1.25187635e+00 4.71851751e-02 -3.85748684e-01 3.88067812e-01 4.55286801e-01 9.06983852e-01 -1.84529901e-01 -9.78671666e-03 1.80692866e-01 9.25838724e-02 -7.55711675e-01 2.05082238e-01 1.46036997e-01 -1.32653177e-01 -1.30523697e-01 -1.42756715e-01 1.69484258e-01 -1.20961376e-01 -1.00496757e+00 2.52421618e-01 1.47430885e+00 7.83420026e-01 1.89777240e-01 3.24607849e-01 -4.84269828e-01 9.04404968e-02 -5.44773519e-01 -1.62420556e-01 8.15375984e-01 -1.93090230e-01 2.10843682e-01 3.30647349e-01
-5.81505418e-01 -1.77901819e-01 3.06094021e-01 -9.48864222e-02 -3.29669505e-01 4.61386383e-01 -1.09750009e+00 1.11948840e-01 5.29387929e-02 5.06658077e+00 4.40317154e-01 3.56903464e-01 4.13551569e-01 2.29406619e+00 4.22763348e-01 6.74660504e-02 -6.86114192e-01 4.76439185e-02 -1.49881065e-01 -1.50233522e-01 -5.61587512e-01 6.56564176e-01 4.20863777e-01 -1.01111174e-01 -2.21598044e-01 -2.18980089e-01 -8.73632073e-01 2.00065300e-01 5.82584552e-02 -7.37352669e-01 8.08608979e-02 -4.00380194e-01
-4.00519744e-02 1.57435194e-01 1.67065915e-02 2.29242817e-02 -2.22440735e-01 1.82343088e-02 -1.91083048e-02 -1.08253390e-01 9.59440395e-02 -2.14974329e-01 8.93590599e-02 1.97385959e-02 2.21795291e-02 5.64835742e-02 1.55568495e-01 -1.13811709e-01 -1.24363881e-03 -7.10547715e-02 7.52087906e-02 7.00961873e-02 2.74065316e-01 1.47294506e-01 -3.43533652e-03 1.97976865e-02 4.31223400e-02 -1.84795707e-02 3.95765938e-02 2.94746786e-01 2.71052066e-02 -1.35117932e-03 -2.55482435e-01 3.47417369e-02
3.51210028e-01 3.76116008e-01 -5.09042382e-01 4.48804386e-02 -1.65279150e-01 -9.03114974e-01 -2.65542686e-01 -2.80141026e-01 7.23705530e-01 -1.31139803e+00 3.11032265e-01 -6.67859975e-04 2.66469836e-01 -7.56603926e-02 -8.79879177e-01 -2.55916119e-01 1.35988981e-01 -1.92443892e-01 -3.91133465e-02 1.12842643e+00 1.49663359e-01 9.71367061e-02 -1.25341380e+00 -1.67813316e-01 -1.52099684e-01 -3.49606454e-01 8.48042548e-01 -4.57586557e-01 2.07173407e-01 1.94811955e-01 -2.90681541e-01 2.31319383e-01
-2.82733142e-01 -8.70286524e-02 -3.78768653e-01 -1.58355549e-01 7.05833972e-01 3.04743042e-03 2.12942213e-01 1.50319263e-01 2.87947536e-01 -6.56008899e-01 -1.02150679e-01 -9.95212078e-01 4.40981507e-01 -3.08690995e-01 -1.85377166e-01 4.75294918e-01 -1.43320292e-01 5.66939712e-01 -3.59423202e-03 -9.16327536e-02 -4.88207676e-02 -2.10859790e-01 5.00341833e-01 -3.67697656e-01 1.81740090e-01 1.84753150e-01 -1.33298606e-01 3.56878072e-01 1.48842130e-02 4.13250923e-01 6.64258659e-01 2.04693198e-01
1.99719407e-02 1.61360905e-01 -9.31270495e-02 8.25159773e-02 2.14958757e-01 1.26072422e-01 4.94424738e-02 5.04032942e-03 -4.85877022e-02 8.71086493e-02 6.45764768e-02 1.18666925e-01 -3.22035141e-02 -7.58462474e-02 8.04011077e-02 5.51546693e-01 1.34598896e-01 -2.97664195e-01 -1.02970809e-01 -5.82346693e-02 -1.25737801e-01 -1.51177973e-01 4.84274002e-03 -2.05020308e-02 4.03282642e-02 1.82887897e-01 1.99115146e-02 1.88072724e-03 9.92014408e-02 1.31770372e-02 3.15038890e-01 4.70131040e-02
4.93776292e-01 -2.48275828e-02 8.91379118e-01 3.97378892e-01 -6.01228476e-01 -3.16317707e-01 -7.40976870e-01 -4.30009626e-02 -2.32149974e-01 -8.85858774e-01 -1.40791878e-01 9.66102481e-01 6.01990819e-01 -4.94535953e-01 6.62745357e-01 5.29529989e-01 -3.66952009e-02 -3.12801987e-01 4.56613243e-01 5.24422526e-01 -5.03803909e-01 2.52820611e-01 4.28625435e-01 1.44300893e-01 -2.70185788e-04 -2.78750241e-01 -4.40985188e-02 4.05071646e-01 -1.12938527e-02 -1.94862559e-01 -1.71361268e-01 5.20705998e-01
4.20684814e-01 -1.51962504e-01 1.43782143e-02 2.31209770e-01 -9.91330668e-02 2.00972836e-02 8.36907327e-01 -7.08145276e-02 5.77946901e-01 1.86967343e-01 4.60772961e-01 2.87332624e-01 -4.94861633e-01 -5.26334286e-01 1.42485365e-01 -1.15327001e+00 -1.40626103e-01 -8.05900693e-01 1.40732914e-01 -5.25399506e-01 -3.99187446e-01 -1.41080216e-01 1.93821356e-01 4.41934764e-02 1.95748881e-01 -5.12268424e-01 -6.21671319e-01 2.86893934e-01 -1.49193227e-01 -1.07127838e-01 1.76290184e-01 -2.05614790e-01
2.04105198e-01 4.37303841e-01 6.07118048e-02 3.07330817e-01 -7.08721220e-01 -1.32718772e-01 6.27485514e-02 -3.43372047e-01 1.12543911e-01 5.82045913e-01 7.69858342e-03 -4.85032424e-02 4.76608664e-01 2.48173252e-01 -6.27786398e-01 -1.02122009e+00 8.16436529e-01 -8.01227927e-01 3.95935982e-01 -1.20135851e-01 -3.71694356e-01 2.14857012e-01 -1.29811954e+00 -3.07639167e-02 -3.52438271e-01 -8.24445263e-02 -1.48751304e-01 -4.77787524e-01 1.45427436e-01 -2.73274928e-01 -4.30000335e-01 -2.63773024e-01
9.08088565e-01 1.65554464e-01 -4.00394589e-01 1.35973871e-01 2.82131106e-01 -6.92829967e-01 1.05719648e-01 2.92786896e-01 2.15465084e-01 -2.88943601e+00 4.17641103e-02 3.56382906e-01 3.73195767e-01 -1.81114483e+00 -1.29294783e-01 4.88426715e-01 3.50447327e-01 4.74541903e-01 -2.04797179e-01 1.20983906e-01 2.79940277e-01 -2.17035994e-01 -3.96370888e-01 -1.31890416e-01 -5.27806342e-01 -1.93747103e-01 -8.43250751e-02 2.00167708e-02 2.34692067e-01 2.12523434e-02 -1.19835235e-01 -9.56095848e-03
-7.36446202e-01 -3.72179866e-01 5.25296219e-02 -1.89893097e-02 -1.37006775e-01 -6.19414784e-02 8.14319253e-01 -2.08879143e-01 -1.34254336e+00 1.47992814e+00 -2.14628530e+00 6.95232213e-01 1.74606800e-01 9.52340961e-02 4.31018442e-01 7.80985415e-01 1.54352739e-01 1.02443206e+00 5.17508268e-01 -1.58129819e-02 -2.81428963e-01 5.08690953e-01 8.78220856e-01 8.10210943e-01 -1.80777952e-01 4.92665052e-01 -7.56410182e-01 5.32867969e-04 9.53805208e-01 -5.24932861e-01 5.04377902e-01 -2.83868581e-01
-4.77064490e-01 5.30123115e-01 -1.38934299e-01 -2.68164910e-02 6.79535747e-01 1.18836179e-01 1.05574317e-01 4.54149783e-01 -3.59537601e-01 5.43858349e-01 8.71921331e-02 -1.15231097e-01 1.42946661e-01 3.16511065e-01 -5.55484533e-01 -1.78962842e-01 -2.07695320e-01 -8.17946419e-02 4.43820506e-01 -5.03249109e-01 -5.75136095e-02 -3.81029725e-01 -2.96043549e-02 -4.39466208e-01 7.65263811e-02 -2.75934398e-01 -4.48341459e-01 -4.67534006e-01 9.83702987e-02 -2.46646225e-01 -4.51303609e-02 -2.51575142e-01
2.66645825e-03 3.38118851e-01 4.02158976e-01 3.83836657e-01 -1.87759653e-01 -4.60868388e-01 -1.93843588e-01 -4.19527180e-02 3.78889441e-01 -7.43740320e-01 -5.13495326e-01 -6.33446127e-02 -2.80231506e-01 -3.53778481e-01 -8.86916295e-02 6.24388814e-01 -1.42789981e-03 2.40487605e-01 3.52144748e-01 2.62395084e-01 -3.94208543e-02 -7.87212908e-01 -3.83135921e-04 1.41623750e-01 2.20479324e-01 1.53598100e-01 3.97862904e-02 -4.91282403e-01 -3.27012032e-01 -1.16576396e-01 -9.60134342e-02 -1.97473049e-01
-8.44718635e-01 4.49838281e-01 -6.10597193e-01 -9.72782910e-01 -1.39860943e-01 -1.66161448e-01 -3.92113596e-01 4.14666444e-01 1.40972763e-01 3.41478258e-01 -2.99235079e-02 1.41373858e-01 1.71603203e-01 3.24341863e-01 -1.21668931e-02 1.09194481e+00 6.73588097e-01 1.13800550e+00 -7.05717325e-01 4.55659255e-02 5.24524033e-01 -7.43797600e-01 -5.96750736e-01 4.51778710e-01 -1.37124360e-01 -4.34762359e-01 3.17213476e-01 2.76544273e-01 5.49525261e-01 -7.70445824e-01 3.64058256e-01 -2.62536734e-01
2.86749363e-01 -6.33838534e-01 -9.63980425e-03 -5.43451756e-02 -8.40741754e-01 5.03465533e-01 2.35240048e-04 -5.95773041e-01 6.11107826e-01 1.22911942e+00 -2.99339116e-01 1.79063901e-01 4.78793770e-01 4.67118412e-01 1.66182622e-01 -1.21265769e+00 -6.02664769e-01 -1.25671268e+00 2.14509934e-01 1.12005383e-01 2.54733086e-01 2.64583617e-01 9.77404192e-02 2.02368215e-01 3.35983664e-01 2.00840142e-02 -3.47741753e-01 -2.84253657e-01 -3.38180751e-01 -2.76719898e-01 1.33061394e-01 2.30865806e-01
-6.67038113e-02 -2.97738582e-01 4.02203411e-01 1.63189816e+00 2.11572424e-01 -2.78872490e-01 -1.96653128e-01 -1.54317856e-01 3.39531779e-01 -9.89019454e-01 3.86505651e+00 -1.52566051e+00 -1.01277471e+00 -5.63103676e-01 -1.20606291e+00 -6.00837290e-01 -5.82940638e-01 -1.72157250e-02 4.69446659e-01 -4.73839581e-01 1.00854397e+00 1.00647159e-01 -1.82047337e-01 2.59711482e-02 4.99073230e-02 -3.76936972e-01 2.50226885e-01 -1.72796890e-01 -8.36510241e-01 1.23890364e+00 -1.04701519e+00 -5.23551926e-02
-7.97562540e-01 -3.49776387e-01 1.68465033e-01 2.47870460e-01 1.75581545e-01 2.85365760e-01 -5.67804603e-03 3.59522939e-01 -4.78752911e-01 -9.75953102e-01 -5.65920889e-01 -1.79528311e-01 7.85100996e-01 -4.22604144e-01 3.97152424e-01 -1.17612742e-01 2.39226013e-01 6.32242560e-02 -4.30412769e-01 -3.27529788e-01 -8.67047161e-02 3.34001891e-02 1.96862057e-01 -6.30501330e-01 7.40293145e-01 1.08412790e+00 -2.21766774e-02 -6.84160709e-01 3.04064780e-01 -8.80133584e-02 9.69763398e-02 -5.54478347e-01
-4.58311290e-01 -4.70319241e-01 1.14768118e-01 -2.01021060e-01 -7.11904228e-01 1.96436867e-01 2.78440714e-02 2.66867757e-01 -5.30832291e-01 1.74340367e+00 -2.51463741e-01 -1.69246823e-01 -4.98746753e-01 4.51355070e-01 1.37047574e-01 -1.16248667e-01 -1.68841556e-01 -4.25595269e-02 1.79542731e-02 -2.62901753e-01 3.61002117e-01 2.78304070e-01 4.26978648e-01 -4.68303391e-04 1.87803745e-01 -7.28713721e-02 -2.45983899e-01 8.76065195e-02 3.88885051e-01 3.28023046e-01 -1.74911007e-01 -3.74989137e-02
-1.68319851e-01 -3.48963648e-01 1.88834623e-01 -1.90587133e-01 -6.86984301e-01 6.15075350e-01 -3.47738951e-01 -4.04004306e-01 7.75107518e-02 -2.07205892e-01 -7.66959861e-02 4.36089754e-01 2.43954003e-01 3.72855157e-01 3.99580747e-01 -5.99090636e-01 -5.17464817e-01 -1.29372621e+00 -3.94129455e-02 -3.13112438e-01 -3.35436761e-02 9.96560097e-01 5.69209456e-01 5.23586154e-01 -4.00334001e-01 1.71724275e-01 3.73171158e-02 -2.82372832e-01 -3.09742510e-01 -3.12904507e-01 -4.41273153e-01 -1.48786217e-01
1.28618747e-01 6.34866282e-02 1.99143648e-01 -1.03810832e-01 -4.50947657e-02 -2.11836785e-01 8.53683949e-02 -3.99419010e-01 -1.55356586e-01 4.42775548e-01 1.71114549e-01 1.96456179e-01 5.26345670e-02 -2.42666140e-01 -1.96060538e-01 -3.60618412e-01 8.96727219e-02 1.62600949e-01 -2.21970119e-02 -5.19865453e-01 8.21898952e-02 -1.41213417e-01 -2.33515561e-01 -3.42466012e-02 -1.07770249e-01 1.76258221e-01 -7.01237917e-02 1.00377135e-01 6.44692928e-02 4.94033881e-02 -1.01670444e-01 9.55383629e-02
-6.94220513e-02 -4.92010087e-01 -2.86725283e-01 8.66114199e-01 -2.24275455e-01 -2.91273683e-01 -3.21252607e-02 -2.23427787e-01 -2.74875108e-02 3.29492950e+00 -3.82182151e-01 7.39031971e-01 5.98025441e-01 9.45718527e-01 6.52791381e-01 4.53222245e-02 7.31560513e-02 6.81970492e-02 7.20880985e-01 3.40878248e-01 2.21234679e-01 9.73325670e-02 -2.11951345e-01 1.31514311e+00 -3.21545213e-01 5.87888509e-02 -1.90352604e-01 3.81964803e-01 -3.17326128e-01 1.32032961e-01 8.25607002e-01 2.61630535e-01
-1.38585389e-01 1.94816872e-01 2.13374302e-01 6.22676201e-02 -1.93355933e-01 -2.34841369e-02 -3.75243202e-02 6.65304884e-02 7.42611885e-02 -5.06059714e-02 1.88152418e-01 5.18688634e-02 6.75909892e-02 -8.17844719e-02 2.02824622e-01 7.36813694e-02 -3.51992925e-03 -2.10714608e-01 5.75251468e-02 5.67953065e-02 -1.39152557e-01 -1.44035984e-02 -1.07405270e-02 1.10599189e-03 -4.97697473e-01 -2.62782246e-01 3.04165073e-02 -1.06184222e-01 -5.01107648e-02 -5.50339520e-02 -2.35538915e-01 -4.26754087e-01
-6.57835305e-02 -1.09558739e-01 -1.37025982e-01 2.44859979e-02 8.39494988e-02 6.69982135e-02 6.00906499e-02 2.68657744e-01 -6.14951849e-02 -9.44433361e-02 1.30304229e-02 -4.37555946e-02 -1.33627867e-02 6.37323484e-02 -9.58176106e-02 3.34236801e-01 -3.93542945e-02 -1.28902361e-01 -1.61232620e-01 3.74164253e-01 -2.52190173e-01 -1.06737480e-01 6.40232768e-03 1.09295901e-02 7.51822488e-03 -2.49154642e-02 -6.40192181e-02 -7.08756521e-02 -5.46379909e-02 4.09630388e-02 3.24247658e-01 3.21773137e-03
6.96415424e-01 -2.79428095e-01 4.24872011e-01 2.98583329e-01 -6.61698580e-01 -3.95351537e-02 -6.26549721e-01 4.02181000e-02 8.70480299e-01 1.19139127e-01 -1.56779081e-01 2.71569211e-02 6.33420870e-02 2.88823903e-01 7.39997268e-01 -9.53688383e-01 -4.89184469e-01 -8.74938488e-01 4.62705672e-01 -3.13155502e-01 -5.87256074e-01 2.40531370e-01 -2.49662325e-01 1.84524402e-01 9.33476031e-01 -3.33957449e-02 1.69769511e-01 -3.29995483e-01 -2.83094049e-01 1.86656326e-01 1.06583759e-01 -3.90660875e-02
2.69245416e-01 -3.00986707e-01 -4.01478708e-02 3.75807196e-01 -5.48410833e-01 -8.97422314e-01 -1.06205158e-01 -1.30729124e-01 9.19919372e-01 -3.37037265e-01 -1.94132522e-01 4.24739808e-01 3.26928079e-01 -3.59533697e-01 1.52983829e-01 -1.30397892e+00 -3.13048661e-01 -1.59593952e+00 9.90945578e-01 -4.16887134e-01 -1.52160749e-01 -3.64727303e-02 -2.42764801e-02 5.82286716e-01 1.40972789e-02 -3.76286834e-01 4.06155556e-01 -1.63393378e-01 8.95074103e-03 -4.55275953e-01 -3.15752059e-01 8.81822705e-02
4.48113456e-02 -8.20625424e-02 7.23813176e-01 1.30191743e-01 -1.24644804e+00 -3.06988239e-01 1.66560799e-01 -1.62577346e-01 5.31137824e-01 6.19774520e-01 -3.43342870e-01 -2.71541506e-01 -1.70871634e-02 4.97552097e-01 4.30336222e-02 -2.29794812e+00 -3.76433104e-01 -2.94673586e+00 1.88965842e-01 -2.20466219e-02 -8.94032061e-01 6.95697725e-01 2.44839862e-01 -9.89843067e-03 3.33558768e-01 1.18622541e-01 3.61113787e-01 2.24821821e-01 -1.33341968e-01 -7.73280263e-01 -1.81309894e-01 6.24368340e-02
-1.46557152e-01 -1.80606604e-01 -1.90936491e-01 -3.20655465e-01 -4.60514575e-01 5.12504816e-01 1.23698540e-01 -1.25420243e-01 -1.95232760e-02 4.48881119e-01 -2.81967312e-01 2.46018946e-01 6.56048134e-02 -3.16986501e-01 -1.06311813e-01 -5.65623283e-01 2.74433821e-01 -6.39922082e-01 -2.15951771e-01 3.13237868e-02 -3.33292216e-01 4.10365373e-01 -1.74614772e-01 2.80451953e-01 4.08664435e-01 -5.07478714e-01 4.42550689e-01 4.39249389e-02 1.15992792e-01 1.01922482e-01 -2.87378639e-01 -5.81140397e-03
4.15522486e-01 6.07091427e-01 6.25077248e-01 -4.03291315e-01 3.44436109e-01 3.36860567e-01 2.66881704e-01 -9.32425186e-02 -1.00317979e+00 1.39340949e+00 -3.23734224e-01 -2.00221509e-01 -4.30043221e-01 1.30599260e+00 2.26138130e-01 2.73360014e-01 2.64513353e-03 -7.97131300e-01 1.89435944e-01 -2.84266651e-01 1.66724417e-02 6.95478320e-01 4.21201698e-02 -2.99238175e-01 5.64443588e-01 -7.71691680e-01 4.95264560e-01 -2.46180203e-02 -3.23896617e-01 -6.08330190e-01 2.32790366e-01 -3.81719857e-01
-1.55516967e-01 -4.54429090e-01 5.18083125e-02 -1.28022939e-01 1.19234614e-01 3.00190300e-01 2.11760357e-01 -3.00600767e-01 -6.93121135e-01 -1.27579113e-02 -7.33830258e-02 -1.77971087e-02 -1.24609329e-01 6.92627609e-01 5.40097296e-01 4.84205484e-01 2.84704924e-01 -2.26574779e-01 3.44338045e-02 1.49882168e-01 -2.95102477e-01 2.52269149e-01 -3.51016343e-01 3.10205668e-01 -2.16205746e-01 -2.88078904e-01 4.59900588e-01 8.14744055e-01 -6.12132907e-01 -4.18048084e-01 4.88608986e-01 4.56894696e-01
-1.15477264e+00 -5.90237200e-01 -2.26402003e-02 -1.26277781e+00 1.62249893e-01 3.61443967e-01 2.93143690e-01 4.70639974e-01 -4.81235832e-01 1.15579641e+00 -2.65815687e+00 1.07856798e+00 9.93075967e-01 4.74238783e-01 7.76868939e-01 9.31296229e-01 -6.83045760e-02 3.57689053e-01 -2.48372614e-01 8.42831850e-01 -6.82318985e-01 -3.40238482e-01 9.36908498e-02 -1.48464935e-02 5.49884915e-01 8.98909390e-01 9.06082153e-01 7.60645866e-01 4.26491022e-01 -8.98477733e-01 6.15336359e-01 2.59899020e-01
-1.18368916e-01 9.16873813e-02 2.23678216e-01 -3.14382650e-02 6.07473671e-01 -1.00102790e-01 5.13408259e-02 1.04544111e-01 -1.21793829e-01 1.95280612e-01 3.75117473e-02 7.98390526e-03 1.75966639e-02 -1.26434982e-01 2.25390811e-02 -3.86583731e-02 1.69328600e-01 9.19173583e-02 -1.13724560e-01 -3.70045304e-01 1.37120605e-01 -1.30413547e-01 2.21165037e-03 -1.51814306e-02 1.55558571e-01 3.69862318e-02 9.09735113e-02 1.13449253e-01 2.44825371e-02 -8.55545253e-02 3.32136571e-01 5.97056188e-02
-4.30041343e-01 -7.36418292e-02 -1.97342299e-02 -2.15393156e-02 9.16908026e-01 3.67237568e-01 5.80512941e-01 4.33787942e-01 8.95166546e-02 -1.86468279e+00 -2.87208468e-01 4.67727810e-01 6.44077182e-01 -1.38435292e+00 -1.35675922e-01 7.93506429e-02 2.20099494e-01 4.32622671e-01 -5.68895221e-01 -7.65999973e-01 1.26944768e+00 -4.43145216e-01 5.83971202e-01 -1.52160847e+00 1.83700234e-01 5.74797392e-01 -9.48117495e-01 -1.27668452e+00 1.34213829e+00 1.40124811e-02 -1.81568116e-01 -4.43343729e-01
8.57112348e-01 -2.81203449e-01 -2.39824370e-01 4.45175886e-01 -3.76988977e-01 -2.13201582e-01 -4.76071537e-01 -2.93063104e-01 1.06185377e+00 -1.69910133e-01 -4.06033620e-02 -9.13334787e-02 6.96152747e-01 -4.19721603e-01 3.43249500e-01 -1.08818221e+00 -4.03939486e-02 -8.37163389e-01 8.00104618e-01 -9.59945396e-02 -1.86761692e-01 3.50345187e-02 2.47430988e-02 1.33951709e-01 3.39440733e-01 -2.76769936e-01 7.92591035e-01 2.35617250e-01 -2.24044874e-01 3.40098709e-01 8.17101747e-02 -1.10690661e-01
-2.70812720e-01 2.90068686e-01 -2.30719045e-01 -3.26993726e-02 -4.44570184e-01 -1.78124174e-01 1.08821630e-01 4.75947440e-01 -1.12538368e-01 -5.62540710e-01 -2.53543764e-01 6.64938167e-02 -3.37749124e-01 1.44900337e-01 2.92624593e-01 -1.36394382e-01 -7.19732940e-02 2.15276077e-01 -1.79769043e-02 3.54901820e-01 -2.21923083e-01 -1.01436995e-01 -2.86172070e-02 -4.72996086e-02 -1.09766513e-01 -1.02119118e-01 2.81973481e-01 -3.02442431e-01 1.14508823e-01 8.47884826e-03 5.80398142e-02 1.69870540e-01
9.26858261e-02 -4.79831964e-01 -7.06643937e-03 -1.30128384e-01 -3.43880117e-01 -1.96312353e-01 -1.78625718e-01 -1.91017509e-01 -2.52545714e-01 3.31604928e-01 6.78970590e-02 -1.33418841e-02 3.58283013e-01 1.59880117e-01 -1.28468782e-01 -7.67477453e-01 -2.37497017e-01 -2.19820082e-01 5.09971306e-02 6.17017224e-02 1.90024734e-01 -2.17120834e-02 5.88630855e-01 -1.21507002e-02 -2.69330293e-01 2.35447258e-01 3.12925905e-01 -2.32976321e-02 2.24987773e-04 1.23576008e-01 -3.24193418e-01 -3.14844638e-01
1.03353167e+00 6.73194751e-02 -3.62220615e-01 2.71806657e-01 -2.32640073e-01 -4.94708829e-02 4.89717126e-01 -1.56894505e-01 9.73155722e-04 -6.04033649e-01 -7.12332904e-01 1.26370704e+00 -1.63387612e-01 -8.02327216e-01 2.35664159e-01 1.05935410e-01 -1.06328502e-02 -5.80289550e-02 1.96145192e-01 -2.96196416e-02 -1.24770331e+00 -2.76835293e-01 -1.12283874e+00 2.13727597e-02 -3.18686247e-01 -3.17571789e-01 3.05435359e-01 7.32393861e-01 -2.08027139e-01 1.81840956e-01 -2.14049771e-01 4.14584428e-01
-2.30501723e-02 -2.57028759e-01 -9.97347295e-01 -2.34538957e-01 9.06764567e-01 7.18078256e-01 7.65057951e-02 1.62925646e-01 -5.64256907e-01 7.31795073e-01 -1.09519982e+00 -7.62663424e-01 5.50871670e-01 1.14199080e-01 3.40464145e-01 1.42477059e+00 -2.85913259e-01 2.25849414e+00 -5.85735321e-01 2.39694491e-01 1.34310380e-01 -1.89387389e-02 4.16517854e-01 4.65668321e-01 -3.00764769e-01 9.42707419e-01 -2.53689855e-01 -1.84061870e-01 1.49317667e-01 4.02927585e-02 8.28799784e-01 -1.48061626e-02
-8.03766306e-03 1.58138245e-01 -2.01809347e-01 -5.58412552e-01 -1.13487616e-03 8.76433969e-01 3.10361803e-01 7.37735391e-01 2.26281583e-01 3.68556648e-01 9.28084433e-01 -2.84233063e-01 1.77575853e-02 3.14965725e-01 3.00389707e-01 -5.87044179e-01 8.41857642e-02 1.22095987e-01 -2.89344400e-01 -6.52035415e-01 -5.11088558e-02 -2.73763478e-01 4.31372583e-01 2.08312854e-01 -2.64563382e-01 9.71565470e-02 8.50653574e-02 1.14930710e-02 -5.92786372e-01 3.49263847e-01 -3.17420214e-01 1.50809512e-01
-9.93618891e-02 -1.52819410e-01 -1.60601124e-01 6.92034047e-03 3.05528373e-01 2.58257836e-01 -7.17204362e-02 1.94076747e-01 -6.96820393e-02 -2.26946965e-01 -1.68260140e-03 -5.02321839e-01 2.92077959e-01 1.34764045e-01 2.09241554e-01 2.26172015e-01 -2.93390825e-02 -4.02674675e-02 -1.43099517e-01 1.97776735e-01 2.71980345e-01 2.95539141e-01 2.78360069e-01 2.42474467e-01 -1.27407676e-03 -2.15741858e-01 -1.91690639e-01 -3.26098621e-01 -2.22424522e-01 -1.14314176e-01 7.23656341e-02 -3.78505826e-01
2.25106373e-01 -5.19668385e-02 7.50655830e-01 2.27878138e-01 9.06136706e-02 7.32193530e-01 8.90097678e-01 -2.27843091e-01 6.13703966e-01 3.49475622e-01 -8.10466528e-01 2.01818332e-01 -3.78101856e-01 -3.19533348e-01 1.68218404e-01 2.91089445e-01 -6.77181840e-01 -4.01509851e-01 1.89443395e-01 4.02590074e-02 -1.46801090e-02 7.89559662e-01 4.71450925e-01 5.35626769e-01 1.25988096e-01 -1.39708817e-02 -4.00892556e-01 1.24943770e-01 3.15519840e-01 2.92303741e-01 -3.86779159e-01 -9.88334268e-02
-2.31779784e-01 -6.23565555e-01 1.54058087e+00 7.89429620e-02 -1.10990500e+00 -1.23999186e-01 -1.26179302e+00 -9.91390944e-01 3.25499117e-01 1.28657699e+00 -2.55852938e-01 -2.60414153e-01 -2.86117345e-01 9.51851845e-01 7.37750411e-01 -2.15160513e+00 3.44147235e-02 -3.03004622e+00 1.81004906e+00 7.52306283e-01 -5.89770854e-01 1.69552696e+00 -3.81540298e-01 1.92772523e-01 4.98566419e-01 -6.60255551e-01 -2.65671343e-01 3.48237455e-01 2.69954771e-01 1.26129659e-02 5.45386136e-01 -1.48398411e-02
2.47431695e-02 -5.85677160e-04 1.51050061e-01 3.82794254e-02 1.18960187e-01 -9.19357582e-04 -7.82849342e-02 -5.41349724e-02 1.29355475e-01 6.85028918e-03 -2.93504521e-02 -6.87867403e-02 6.11597002e-02 -3.93960513e-02 4.43914942e-02 -1.49005055e-01 -6.59015998e-02 -7.35955834e-02 4.69411016e-02 3.35747786e-02 1.43595770e-01 7.93588161e-02 2.56129453e-04 3.79741169e-03 -1.53100535e-01 -2.03972712e-01 1.04454728e-02 3.90738428e-01 -4.29040529e-02 -4.79546152e-02 -3.01776856e-01 -2.33667865e-01
-4.11207110e-01 -2.99466252e-01 -1.89381510e-01 -1.35441154e-01 1.56965405e-01 2.67199308e-01 -9.05842036e-02 7.52444685e-01 -4.43491995e-01 -7.88193941e-02 -2.02270269e-01 6.48037434e-01 5.55406809e-01 2.34064430e-01 1.04225671e+00 4.80565965e-01 -3.69817048e-01 5.73399842e-01 -2.54340947e-01 1.68988500e-02 -6.04151897e-02 -6.24875307e-01 3.11019897e-01 -2.68265963e-01 -3.22137475e-01 -1.12315491e-01 -6.73147798e-01 3.40633214e-01 -2.10181430e-01 -2.43588999e-01 -3.53350192e-01 5.00424266e-01
1.08589001e-01 -2.46326074e-01 6.05285108e-01 2.46019378e-01 -6.79900467e-01 2.47728929e-01 3.75845790e-01 -6.31427824e-01 4.62126434e-01 5.66944242e-01 -2.78322369e-01 6.03330851e-01 -8.79758224e-02 1.91047043e-01 1.95799515e-01 -2.02453399e+00 8.71700570e-02 -1.01622427e+00 1.60987824e-01 1.73747376e-01 -1.38143450e-01 1.64417788e-01 1.99701354e-01 1.84484974e-01 -1.98103085e-01 -5.26619494e-01 -8.87858868e-02 -1.61056891e-01 -4.20514315e-01 -5.09665132e-01 3.62449974e-01 -3.44592571e-01
-2.21672222e-01 -1.20741632e-02 -1.85219660e-01 2.30069160e-01 -3.46801013e-01 6.37604222e-02 5.36373794e-01 -3.22116196e-01 -7.00129747e-01 2.00161362e+00 -3.59029979e-01 -5.48704341e-03 -4.03879136e-01 1.83731830e+00 -2.73218811e-01 3.66720045e-03 -6.58687949e-02 2.32734177e-02 1.20226843e-02 -4.23319638e-01 -2.88972799e-02 1.53359503e-01 1.14503823e-01 -9.00538042e-02 -2.99790055e-01 -9.13121104e-02 5.07681429e-01 6.74225986e-01 1.32763267e-01 -4.08315659e-01 8.45058978e-01 1.66305676e-02
1.97230396e-03 -1.74690068e-01 5.93607545e-01 4.37900305e-01 -2.19243858e-02 -4.33555752e-01 -1.17297328e+00 1.97688058e-01 2.55017698e-01 3.06407213e-01 6.21883459e-02 -1.28562804e-02 1.98478281e-01 7.95594752e-02 -2.75769323e-01 6.05457425e-01 6.53158575e-02 2.32714832e-01 -1.47651821e-01 -2.53419429e-01 7.90831745e-01 4.02573258e-01 3.12194735e-01 -6.37786508e-01 4.23889719e-02 1.23995021e-01 -2.45819867e-01 2.57931948e-01 -1.68619096e-01 2.82198668e-01 -3.44513118e-01 -2.88468063e-01
7.90740967e-01 5.08488789e-02 5.24095356e-01 9.81872022e-01 -7.58093536e-01 2.05231877e-03 -7.56572425e-01 -4.89588886e-01 1.04712021e+00 -1.63780987e+00 2.48410046e-01 4.71443325e-01 -1.18745327e+00 -1.81425199e-01 -4.73553762e-02 -1.05443513e+00 2.99671680e-01 -6.51344717e-01 5.94988704e-01 8.41847897e-01 4.69314665e-01 -4.84394372e-01 -2.50956440e+00 -5.57351470e-01 7.32481480e-01 6.19720459e-01 -8.13575149e-01 -5.16467690e-01 1.80994809e-01 1.18050539e+00 -1.55821949e-01 -2.88360387e-01
9.28831100e-03 2.08614737e-01 2.83179097e-02 -4.65972088e-02 -4.48895931e-01 -4.14446481e-02 -6.16044030e-02 -1.25579044e-01 6.08763807e-02 8.00280087e-03 3.02247833e-02 9.59923416e-02 3.56281511e-02 -9.70980600e-02 2.05512583e-01 -2.72886425e-01 3.36423256e-02 1.68227658e-01 1.13761313e-01 -3.27455878e-01 1.58010498e-01 4.22131084e-02 5.54909138e-03 -3.45018320e-02 -3.10191989e-01 -1.04798570e-01 2.08305474e-02 -6.90253824e-02 -9.42723453e-03 8.23904667e-03 -3.21971804e-01 -2.18362018e-01
7.96584785e-02 3.36980492e-01 1.66040409e+00 3.96630079e-01 -1.32917833e+00 2.15294823e-01 -4.03934777e-01 -4.67522591e-01 8.88000250e-01 6.98214054e-01 -9.62691195e-03 -2.47898281e-01 -8.36019099e-01 9.25498486e-01 1.16936746e-03 -3.39431214e+00 -2.05161214e-01 -4.66470766e+00 2.70588577e-01 1.43191010e-01 -1.23960781e+00 1.01871896e+00 3.51058751e-01 2.33684093e-01 3.11977476e-01 -1.02453537e-01 -5.76671243e-01 6.30623579e-01 -9.74604115e-02 -9.82999802e-02 2.51186937e-01 -1.01552382e-01
-7.02629507e-01 -7.35783279e-02 -1.99099362e-01 -4.69452262e-01 5.49637735e-01 -1.87636286e-01 -5.34014463e-01 7.66697347e-01 -5.29792964e-01 -6.63548589e-01 4.52166587e-01 -6.97047234e-01 5.34106910e-01 -1.29564360e-01 -2.52868474e-01 4.62965131e-01 9.38428740e-04 3.75311047e-01 -7.61280715e-01 -2.04417650e-02 3.89232159e-01 4.49176222e-01 6.05641544e-01 2.78521061e-01 -4.29527685e-02 6.73298657e-01 -4.86684889e-01 -3.87214541e-01 1.32956833e-01 -2.99683869e-01 -3.45434427e-01 -6.35874808e-01

layers.2.bias:
-1.57480836e+00
-7.78151393e-01
9.00342405e-01
-5.77301085e-01
4.80483361e-02
-5.21986902e-01
3.72291327e-01
2.01063848e+00
6.83462560e-01
6.93213880e-01
-7.73050606e-01
-1.39581692e+00
-1.80413544e-01
8.73479605e-01
-3.45588624e-01
-8.63926113e-01
-1.49283826e-01
-5.23473084e-01
3.72350663e-01
-1.55153498e-02
-2.20615804e-01
7.45626390e-01
7.50171185e-01
8.56752172e-02
-3.89507383e-01
1.10201252e+00
-8.41046989e-01
-1.09105265e+00
4.98521835e-01
-1.09606981e+00
1.37140334e-01
-2.75796771e-01
6.52311325e-01
1.35085866e-01
-3.53102952e-01
-1.08479068e-01
-7.86000043e-02
1.23775101e+00
9.17006791e-01
-6.44794628e-02
9.68817234e-01
-1.72115877e-01
-4.80833381e-01
1.45430708e+00
3.28714430e-01
-1.19622529e+00
9.83884931e-01
-3.00066918e-01
7.10193992e-01
1.49028659e+00
4.20676053e-01
2.68349946e-01
2.25602256e-04
-7.94839263e-01
2.22444773e-01
-1.06894881e-01
8.03604901e-01
1.34117331e-03
-1.41097009e-01
-5.21165192e-01
5.34924984e-01
-9.95120592e-03
-2.39318147e-01
8.88159752e-01

layers.4.weight:
8.08248401e-01 6.10197410e-02 -1.95452571e-02 -2.12780200e-03 -6.38649911e-02 1.26275137e-01 4.31884006e-02 -6.43731594e-01 -1.81250095e-01 -3.47645015e-01 8.22080821e-02 7.49536753e-01 -1.34523416e+00 8.84795841e-03 8.50844085e-02 -1.35512340e+00 -8.03993270e-02 3.07269961e-01 2.33408719e-01 1.09728947e-01 -7.91717619e-02 -1.69117406e-01 -1.47023126e-01 2.68689334e-01 -2.62879670e-01 1.85307097e-02 -4.52599674e-02 8.38605046e-01 -5.40064991e-01 5.43034136e-01 6.66712597e-02 -3.01568449e-01 -2.07771465e-01 -4.47406024e-02 2.52977014e-01 -6.02912791e-02 1.54877618e-01 -3.09493214e-01 -1.80597261e-01 3.12416017e-01 -4.32927385e-02 3.72508705e-01 1.18309811e-01 -2.64143050e-01 1.19210906e-01 2.93777466e-01 -8.47671628e-02 5.34578401e-04 -8.66215825e-02 -6.05969727e-01 -3.57874691e-01 -4.83515151e-02 1.31940290e-01 -1.55838177e-01 -9.39578652e-01 -7.98310116e-02 -7.50619173e-02 -3.31513345e-01 -1.72108591e-01 -4.57065180e-03 2.28835881e-01 -1.61366776e-01 9.67007697e-01 6.82858974e-02

layers.4.bias:
-1.02507019e+00

