layers.0.weight:
3.31696361e-01 -5.67613244e-01 7.97264636e-01
5.69172144e-01 -8.09445798e-01 -5.80563486e-01
-8.31293464e-02 -6.13938749e-01 -5.77727258e-01
-1.07055378e+00 1.15616508e-01 4.58123112e+00
2.67282110e-02 4.11940843e-01 1.16166264e-01
-5.79876065e-01 8.58121514e-01 -1.84879377e-01
-1.31842160e+00 4.86020595e-01 -9.88645032e-02
-6.01682402e-02 7.88846374e-01 -9.23566997e-01
6.03414774e-01 -9.26082134e-01 5.12713566e-02
-1.11527514e+00 5.86289167e-02 -1.64189592e-01
7.53551662e-01 -9.85680073e-02 1.41279221e+00
-7.16238439e-01 -1.31785080e-01 -1.29353356e+00
-4.30584475e-02 7.12955832e-01 -1.57757306e+00
-1.16726887e+00 2.10410804e-02 5.00053525e-01
-6.46977663e-01 1.09646142e+00 7.52028525e-01
-1.81771189e-01 9.48456824e-01 1.64468549e-02
5.46070874e-01 -6.33792400e-01 -1.45019031e+00
-1.15504665e-02 1.12846863e+00 1.84981868e-01
8.07071701e-02 -9.54183042e-01 5.35116851e-01
3.41117471e-01 -1.28724232e-01 -8.64976227e-01
2.23475501e-01 1.65966094e-01 -5.10879010e-02
-3.24195027e-01 -2.56797969e-01 -1.00232065e+00
-4.64660525e-01 1.65601885e+00 -4.46076952e-02
-1.56447518e+00 4.06930357e-01 1.75152493e+00
1.05132234e+00 3.79940838e-01 -7.78481364e-01
2.59609371e-01 6.71772659e-01 -1.17486012e+00
-1.16151750e-01 -2.13369340e-01 1.90187418e+00
-3.97779703e-01 -2.44972542e-01 1.92939892e-01
3.22416067e-01 7.57217348e-01 -1.46468067e+00
-1.04933763e-02 4.65525806e-01 1.70563948e+00
-2.89658904e+00 2.84448242e+00 -1.78299040e-01
-1.26738083e+00 -5.19488692e-01 1.02004325e+00

layers.0.bias:
8.77201200e-01
4.81547834e-03
-1.42384720e+00
-6.34384930e-01
7.07518518e-01
-2.04255387e-01
-3.54310095e-01
2.86240637e-01
-7.45998621e-01
-1.59115899e+00
1.64644122e-01
1.80825554e-02
2.46107668e-01
-1.21306002e+00
-2.90836543e-01
1.43946290e+00
9.34610724e-01
1.82654703e+00
-6.68276668e-01
5.78918040e-01
-1.44309163e-01
-1.35729384e+00
1.02535832e+00
-7.05530941e-02
1.36946186e-01
5.60703695e-01
8.80503118e-01
-1.57881156e-01
-4.88352716e-01
7.31267482e-02
8.91685039e-02
-6.70209900e-02

layers.2.weight:
-3.58105123e-01 2.82633305e-01 1.21538877e-01 -5.35160422e-01 -1.36551499e-01 -2.58593764e-02 7.44266734e-02 1.10752033e-02 8.92753713e-03 2.67523170e+00 3.85070257e-02 1.12430878e-01 -1.58773378e-01 2.33160615e+00 -2.79250979e-01 3.52389663e-01 -1.49332015e-02 5.66174090e-01 8.63295421e-02 -2.26407528e-01 2.30678678e-01 -2.31164489e-02 -5.24204910e-01 5.38251340e-01 -1.06170759e-01 6.86061680e-01 -8.41659248e-01 -1.36067629e-01 -1.29747510e-01 -2.70731777e-01 -4.70249265e-01 2.77375102e-01
-7.85073563e-02 1.30013227e-01 -8.58309031e-01 3.37348841e-02 -3.32515806e-01 1.42972395e-01 -7.65765071e-01 -4.69663054e-01 5.12653291e-01 6.52429581e-01 3.27770829e-01 -2.61628717e-01 2.68917829e-01 -1.24123581e-01 -2.88194209e-01 3.68719101e-01 -3.49464506e-01 4.45574522e-01 -4.42807406e-01 -1.56057747e-02 6.53366685e-01 -1.16526879e-01 -4.11878377e-01 -7.03753233e-02 3.37636769e-02 -4.31065857e-02 -3.42402726e-01 -5.86936295e-01 8.02716836e-02 -2.33475149e-01 -5.70823364e-02 1.65640354e-01
-1.14585839e-01 -7.74224326e-02 8.16646963e-02 -8.53759110e-01 -6.12636387e-01 3.65068354e-02 -4.21202868e-01 4.12273139e-01 3.93217266e-01 7.82721102e-01 -6.40260816e-01 7.18423631e-03 2.56021738e-01 7.17342347e-02 -2.45118793e-02 -5.03741801e-01 -1.47358894e-01 -4.41002220e-01 -1.88863188e-01 4.21783447e-01 -3.00972015e-01 -1.71631932e-01 4.61389929e-01 -1.15622914e+00 -1.49347797e-01 5.25765002e-01 -1.27212250e+00 -1.18220739e-01 5.24002910e-01 -4.75791067e-01 1.39344424e-01 5.15669510e-02
1.47901595e-01 -1.44522026e-01 1.93608701e-01 1.24534047e+00 2.37635687e-01 4.80207354e-01 7.59099424e-01 -1.48264483e-01 -2.22504809e-01 5.72673455e-02 6.01685755e-02 3.95423137e-02 -4.77502286e-01 2.66859710e-01 7.05601811e-01 4.62250143e-01 -3.67188901e-01 2.95696646e-01 2.47930899e-01 -1.25058532e+00 -8.32277477e-01 -5.01558594e-02 4.44704950e-01 1.76194680e+00 -8.53218317e-01 -4.67244565e-01 3.97894800e-01 6.71537459e-01 -5.67501187e-01 -2.65199602e-01 7.72098750e-02 5.60801983e-01
1.23797739e-02 -5.37423015e-01 3.05310398e-01 -5.21839201e-01 1.64292082e-01 -2.12449163e-01 -7.21135914e-01 2.61198282e-01 -4.14247304e-01 -3.68575752e-01 3.23253542e-01 -6.20246410e-01 8.85201514e-01 -5.62295496e-01 1.79978814e-02 -9.70662236e-02 -5.18146992e-01 -6.29420161e-01 -2.55623579e-01 -1.45599350e-01 6.96081281e-01 -4.55928117e-01 3.41863692e-01 -2.84438461e-01 -9.73712564e-01 7.12049127e-01 2.65974663e-02 -2.88934886e-01 -1.98262319e-01 5.48006475e-01 -1.15872130e-01 1.76681489e-01
-4.49749231e-01 3.82912219e-01 2.60091990e-01 1.79541185e-01 -6.47669852e-01 -2.17361152e-01 -7.15181947e-01 3.37404668e-01 5.56094408e-01 -3.23193580e-01 6.91275001e-01 9.96011272e-02 -8.41259062e-02 -3.33538592e-01 -4.82665688e-01 -9.47752774e-01 -2.54993349e-01 -1.02393448e+00 5.67123115e-01 -2.05451548e-01 -5.24697125e-01 -5.78323789e-02 -5.17536879e-01 -2.36493528e-01 1.51833117e-01 9.77241471e-02 1.58950180e-01 9.88708615e-01 -8.78622010e-02 -4.14584726e-01 -7.77977109e-01 2.09075332e-01
-1.69705022e-02 5.57329133e-03 -2.19735488e-01 -5.16912527e-03 -1.57151937e-01 1.87808886e-01 -1.01740502e-01 -4.01828319e-01 -1.34610102e-01 2.41173804e-01 2.90414423e-01 4.73212004e-02 2.91048944e-01 -2.74247937e-02 -1.60299763e-02 -2.47250870e-01 1.47365294e-02 1.21181682e-01 -3.27694677e-02 -3.19821119e-01 -3.68940115e-01 1.09614752e-01 7.21670464e-02 4.37841378e-02 1.32857740e-01 2.59439617e-01 -3.56864035e-01 -4.06493336e-01 -1.49662361e-01 7.73701295e-02 -7.47117773e-02 1.64954171e-01
3.10059875e-01 1.36786163e-01 -4.38760549e-01 3.69398057e-01 3.66582900e-01 -6.54959679e-01 1.11072525e-01 4.83096689e-01 8.38414058e-02 -3.23258728e-01 -1.24880798e-01 9.53566194e-01 2.95369357e-01 -5.46247840e-01 -1.98130414e-01 2.31684327e-01 5.35450995e-01 2.12390885e-01 2.21604183e-01 4.98573899e-01 -1.49348223e+00 -9.18830931e-01 1.22151718e-01 3.13798159e-01 2.00160444e-01 7.22148001e-01 6.15963638e-01 5.62045932e-01 -5.95129490e-01 5.06723642e-01 2.08470702e-01 -2.59961069e-01
4.51606289e-02 3.60605508e-01 -5.65289080e-01 -2.00105086e-01 1.24643540e+00 -3.98760945e-01 -7.03488350e-01 -3.84604216e-01 -5.62314987e-01 2.62777269e-01 5.00299692e-01 1.53852627e-01 6.32379234e-01 -3.80723238e-01 4.43730131e-02 1.64378750e+00 4.20097828e-01 1.32575417e+00 -5.15736103e-01 -1.25045165e-01 1.34078786e-01 -2.95981348e-01 5.20486012e-02 2.69359916e-01 1.02656782e-01 3.30253273e-01 1.01463921e-01 2.21108831e-02 -4.35825996e-02 2.18141049e-01 2.31294656e+00 -3.47870052e-01
-6.12968981e-01 9.07834992e-02 -1.00942820e-01 -5.22984505e-01 4.11056489e-01 1.22939870e-02 -3.03558055e-02 3.67773741e-01 4.07844484e-01 -1.60047412e-01 9.10089910e-03 2.52233714e-01 1.79297134e-01 2.66683638e-01 -3.58303756e-01 -6.03530824e-01 2.63932168e-01 -4.17945772e-01 -4.10130024e-01 -5.60417809e-02 -6.60222352e-01 -2.32141733e-01 9.80093405e-02 -7.18569458e-02 -2.09558710e-01 -9.91673991e-02 -1.74791723e-01 2.59344935e-01 2.63804257e-01 1.61856949e-01 1.63583145e-01 -1.48235327e-02
1.72748521e-01 -2.84908473e-01 1.88486949e-02 -4.03107911e-01 -5.80588400e-01 -3.70941728e-01 -3.70565295e-01 1.79802999e-01 5.32844722e-01 2.47918010e-01 -5.71906686e-01 -7.44958147e-02 8.95313144e-01 -3.53676885e-01 -2.23023698e-01 -3.15389425e-01 -6.04268193e-01 -8.76393497e-01 -4.70111631e-02 5.73686957e-05 1.00800323e+00 -1.95028976e-01 -9.79661644e-01 1.32478878e-01 -1.40402898e-01 -2.15128716e-02 -4.73654658e-01 -4.76586133e-01 3.28783900e-01 -4.37041938e-01 -2.41040736e-01 4.42598253e-01
-9.30770114e-02 -2.46515244e-01 1.65590262e+00 -8.78669083e-01 -6.35193884e-01 1.50924817e-01 6.50712894e-03 -3.90828699e-01 -4.53391820e-01 1.87622011e+00 2.81256959e-02 -1.51434958e-01 2.98732370e-01 3.22534204e+00 1.92075118e-01 -3.82402271e-01 2.75874615e-01 -2.22313023e+00 5.75043142e-01 -3.22338015e-01 2.73447901e-01 5.99311173e-01 -2.61000633e-01 8.47723544e-01 -7.69489110e-02 -5.46421587e-01 2.89373040e-01 -1.13292962e-01 9.52834710e-02 3.42423245e-02 7.89334700e-02 -3.40173632e-01
-6.75501168e-01 -2.31282771e-01 9.38743532e-01 3.99170160e-01 -6.25700355e-01 6.41171336e-01 5.90325035e-02 -8.71982217e-01 3.23792756e-01 3.97128016e-01 1.83286920e-01 1.51059270e-01 -4.87673014e-01 -1.51354894e-01 5.29166400e-01 -4.07936668e+00 -1.42476246e-01 -5.98438358e+00 5.08969307e-01 -1.02742803e+00 -6.49533272e-01 4.78797942e-01 6.80350065e-01 -8.65909234e-02 -2.42981613e-01 -2.16250107e-01 -3.71403605e-01 6.14347219e-01 -5.67340136e-01 -3.35349917e-01 -1.30415702e+00 -2.80801177e-01
6.47215620e-02 -1.48683369e-01 -6.49111271e-01 -4.10194322e-02 -1.67158470e-01 -5.91276772e-02 2.53503412e-01 3.06507379e-01 4.02941763e-01 -2.13648617e-01 5.50544024e-01 -2.03170031e-01 3.06791246e-01 -7.96439767e-01 -3.44004720e-01 -1.09629385e-01 -2.49935597e-01 1.66022956e-01 -6.80102855e-02 1.04391851e-01 -6.12443909e-02 -1.72769219e-01 2.69502383e-02 -1.94885373e-01 -1.59940511e-01 7.34926701e-01 1.75545588e-02 8.02014098e-02 -2.08660200e-01 2.81066626e-01 2.31996000e-01 3.91255409e-01
-9.81699646e-01 2.00297371e-01 1.17400087e-01 3.60502362e-01 -4.70272511e-01 6.60239756e-01 -2.93162137e-01 -1.57274634e-01 3.33691061e-01 -1.41869336e-01 -7.74657667e-01 2.42120385e-01 1.30843103e-01 -2.92911559e-01 -2.75534660e-01 -7.60433018e-01 2.03820586e-01 -8.88941765e-01 -2.80068189e-01 2.92978376e-01 1.23222136e+00 1.08359909e+00 -2.52378136e-02 1.98010355e-01 -4.29101706e-01 7.66680092e-02 -5.66751122e-01 2.66512305e-01 7.09429801e-01 -2.25573793e-01 -6.39594048e-02 1.91201314e-01
-4.51624840e-01 -2.14418154e-02 1.34160817e-01 4.89687659e-02 -2.30223164e-01 2.16188654e-01 -8.64867151e-01 -5.04356287e-02 -1.12858124e-03 5.33236456e+00 4.74908024e-01 5.16249299e-01 2.76526630e-01 2.60062075e+00 4.62744087e-02 3.77063826e-02 -3.62430841e-01 -1.12227298e-01 1.80245526e-02 -1.18611448e-01 -7.61127055e-01 4.93744254e-01 1.79894313e-01 1.93331972e-01 -4.56800580e-01 -3.78698349e-01 -7.17093110e-01 4.05204415e-01 -1.32390141e-01 -7.43527591e-01 3.42449844e-01 -1.80105716e-01
-7.29938457e-03 1.41244486e-01 -6.77918568e-02 3.53753380e-02 1.39143458e-02 1.77195680e-03 2.95562446e-02 -6.30192384e-02 2.97896601e-02 -1.70050547e-01 6.32209852e-02 5.34271784e-02 3.96163799e-02 7.56358728e-02 1.27179429e-01 2.61076842e-03 3.58033031e-02 1.20824827e-02 -1.04199825e-02 1.07453585e-01 2.68981904e-01 1.14957809e-01 -1.82206333e-02 2.01386213e-02 7.13519305e-02 1.18028438e-02 5.71262203e-02 2.50107378e-01 4.59965412e-03 3.38132284e-03 6.11740490e-03 2.14113146e-02
1.62118956e-01 -1.14690498e-01 -5.42406678e-01 2.66001225e-02 6.22272864e-02 -2.08390012e-01 -2.96542913e-01 -2.71960586e-01 3.20442587e-01 -7.02653527e-01 4.43996713e-02 -7.27332942e-03 2.30058938e-01 2.68806294e-02 -8.29063803e-02 1.21106707e-01 -2.95805693e-01 4.10682440e-01 -1.47356778e-01 9.34112787e-01 2.96581149e-01 1.40006691e-01 -4.71785486e-01 -1.44982263e-01 -7.46973976e-02 -4.01146740e-01 8.20299149e-01 -5.52483559e-01 2.69729018e-01 2.90232003e-01 -5.19043058e-02 1.44847304e-01
-2.83620298e-01 -1.20823674e-01 -1.85667008e-01 -2.56510079e-01 1.31893992e-01 -1.54767483e-02 2.11360306e-01 1.38317421e-01 5.19105136e-01 -3.41166705e-01 -2.16674671e-01 -8.30310941e-01 5.17868757e-01 6.48486540e-02 -1.99849859e-01 -1.77817300e-01 -2.62448907e-01 -2.06285212e-02 1.92728460e-01 -1.60380751e-01 -7.74667338e-02 -1.24065392e-01 3.03696722e-01 -1.89944252e-01 1.41321957e-01 2.20712706e-01 -2.25075200e-01 4.95102137e-01 5.81207462e-02 2.94858396e-01 2.46631697e-01 1.86000854e-01
6.28876314e-02 1.82658881e-01 -2.01013498e-03 6.87854737e-02 -6.29337505e-02 9.69796628e-02 -5.49670542e-03 -8.48148167e-02 3.42701487e-02 7.13329241e-02 7.10678548e-02 1.14376552e-01 -7.17708841e-02 -5.48895597e-02 1.00892715e-01 4.67838377e-01 4.86988723e-02 -2.90036231e-01 4.37782928e-02 -1.05822049e-01 -1.19456269e-01 -1.22131839e-01 4.36503068e-03 -3.81046236e-02 4.67184484e-02 1.21708184e-01 4.78232093e-03 1.13112349e-02 1.10829003e-01 1.44097488e-02 -2.51089949e-02 2.91056633e-02
4.44641411e-01 -2.12255552e-01 7.28866935e-01 5.45923233e-01 -4.44268286e-01 -1.62402123e-01 -6.53515518e-01 -1.26170650e-01 -2.31800765e-01 -7.47764528e-01 -7.63620436e-02 9.18086886e-01 4.77954090e-01 -3.69022191e-01 8.04172575e-01 1.59349710e-01 -1.28660753e-01 -4.49393094e-01 4.91721153e-01 3.70024711e-01 -3.46102566e-01 1.20938979e-01 5.69981277e-01 1.54543668e-01 1.25526980e-01 -3.88141274e-01 1.05528608e-01 2.73216218e-01 -1.03177130e-01 -6.11979887e-02 8.33536163e-02 4.04934764e-01
2.48648688e-01 -1.21211566e-01 7.23159686e-02 1.20974995e-01 2.66840309e-02 1.46752805e-01 9.58584964e-01 7.85451680e-02 4.67840940e-01 2.62355626e-01 2.96778738e-01 4.15297240e-01 -3.73998016e-01 -5.02339363e-01 1.20870516e-01 -9.99516726e-01 -5.45770489e-02 -7.65164018e-01 -7.60701150e-02 -4.32352245e-01 -5.20372570e-01 1.51253147e-02 2.47853875e-01 -7.28497356e-02 1.40659794e-01 -4.10282522e-01 -7.33499229e-01 4.37348604e-01 -8.34482983e-02 -2.18198135e-01 2.69012153e-01 -1.40878722e-01
4.19549681e-02 -4.69160043e-02 -2.65203804e-01 3.98805350e-01 5.32098785e-02 3.95459533e-01 3.49474460e-01 -2.43470103e-01 -3.25147867e-01 3.61933857e-01 2.02106815e-02 7.65100792e-02 4.44536775e-01 5.01298845e-01 -1.15280889e-01 -5.16733766e-01 5.26154876e-01 -1.56809494e-01 6.57743681e-03 -2.37091824e-01 -2.64891505e-01 6.01348467e-02 -3.20914030e-01 1.61705628e-01 -2.93926805e-01 -9.70701799e-02 -6.52163476e-02 -5.97023785e-01 7.81664699e-02 -1.20510250e-01 5.30459546e-03 -3.40888739e-01
7.17338204e-01 -4.14465405e-02 -2.64891118e-01 2.01904312e-01 1.05551690e-01 -4.63180214e-01 -8.42437223e-02 3.06788087e-01 3.40479642e-01 -2.74288297e+00 1.52890757e-01 1.25620842e-01 3.55173826e-01 -1.65650237e+00 5.37080616e-02 2.98254281e-01 1.13112658e-01 2.25936353e-01 -2.25136444e-01 -3.89919691e-02 5.19135475e-01 -2.40103543e-01 -2.43135720e-01 -2.49873679e-02 -3.28351021e-01 -2.11667210e-01 -2.42211036e-02 -1.99341431e-01 2.80489415e-01 1.40562564e-01 -2.86977172e-01 -2.13265300e-01
-8.66614163e-01 1.72484040e-01 -3.95966470e-02 1.06920227e-01 -2.49318201e-02 -3.60494494e-01 1.05404639e+00 -8.12838301e-02 -1.02451408e+00 7.38547266e-01 -7.17934906e-01 4.30488028e-02 1.64578915e-01 6.37351573e-02 -7.27967143e-01 6.72090948e-01 6.20245218e-01 6.44971907e-01 9.89884287e-02 3.11798528e-02 -1.66298315e-01 3.64113629e-01 5.29226661e-01 9.41070259e-01 -4.21143472e-01 5.10606468e-01 -6.36429131e-01 -1.89080220e-02 9.13699806e-01 -4.68478292e-01 8.10587034e-02 3.58412601e-03
-5.26035309e-01 6.24734104e-01 -5.79780862e-02 -1.26309440e-01 5.62221408e-01 1.40088886e-01 -2.45029218e-02 4.92967397e-01 -2.86553502e-01 4.75029409e-01 8.41408297e-02 -1.72728747e-01 1.98040098e-01 1.99267805e-01 -5.63340425e-01 -2.60888755e-01 -9.98909995e-02 -8.04820806e-02 4.10749465e-01 -3.59348983e-01 -1.15343221e-02 -2.90902585e-01 3.64950276e-04 -5.60462952e-01 1.24797091e-01 -2.22600743e-01 -5.48988879e-01 -5.07460058e-01 1.53850064e-01 -3.50774497e-01 -2.17589945e-01 -2.81898111e-01
-1.33035049e-01 2.09608391e-01 4.48139518e-01 3.70174557e-01 -2.69209623e-01 -2.90989548e-01 -1.09705448e-01 -9.88255721e-03 2.60339230e-01 -4.50593710e-01 -5.78831077e-01 -7.05181062e-02 -2.71815121e-01 -2.88489729e-01 7.16240779e-02 6.35211527e-01 -1.05236560e-01 2.27286756e-01 2.90866047e-01 2.00395852e-01 4.40351740e-02 -7.47663200e-01 1.65610835e-01 1.27138093e-01 2.42481977e-01 1.59766942e-01 2.51840744e-02 -5.16556323e-01 -2.80583233e-01 -1.06657796e-01 7.92045370e-02 -2.17757359e-01
-7.62089849e-01 5.09912491e-01 -4.94781345e-01 -1.06565416e+00 -4.06541109e-01 -2.64941931e-01 -3.47351879e-01 4.05847877e-01 1.21817462e-01 4.62919414e-01 -1.04115739e-01 2.39881158e-01 2.32593000e-01 2.66064227e-01 -5.33885248e-02 8.70865285e-01 7.38024771e-01 9.50289547e-01 -4.85886604e-01 1.25708446e-01 4.56766427e-01 -6.67382061e-01 -6.93973660e-01 3.51422668e-01 -2.20270991e-01 -3.98013413e-01 2.25409448e-01 3.65697950e-01 5.05020678e-01 -8.69652927e-01 1.75620168e-01 -1.92900851e-01
1.49815172e-01 -5.65214574e-01 -1.07285075e-01 -8.72834548e-02 -5.05743325e-01 5.33790350e-01 9.40313861e-02 -4.83104438e-01 5.03753722e-01 9.21194077e-01 -2.06413522e-01 9.66255069e-02 5.19428790e-01 4.38201070e-01 4.53560539e-02 -9.84495580e-01 -4.74882483e-01 -9.47336257e-01 3.93625349e-03 1.88730493e-01 2.61335135e-01 3.06826442e-01 1.78055987e-01 1.86713398e-01 2.94481575e-01 7.43208081e-02 -3.83432388e-01 -2.67110616e-01 -2.66724229e-01 -3.10612381e-01 4.42863196e-01 2.80797541e-01
-2.21568495e-01 -1.18112540e+00 4.86819744e-01 1.42144632e+00 2.92845100e-01 2.63911068e-01 2.34076194e-02 -9.33370367e-02 -4.13798124e-01 3.89245123e-01 9.26655173e-01 -8.39915812e-01 -9.38627899e-01 -2.47823209e-01 3.78928125e-01 4.91810828e-01 -1.45378304e+00 1.28165388e+00 4.42563206e-01 -4.77478772e-01 1.16287673e+00 3.52106035e-01 1.94832131e-01 -3.67305368e-01 3.57620507e-01 -3.32262903e-01 4.24402207e-02 -4.14843261e-01 -7.16160297e-01 1.11592388e+00 -4.60770071e-01 -3.03511798e-01
-6.66971266e-01 -3.42684537e-02 3.68857950e-01 2.10598521e-02 -1.35581046e-01 1.07492082e-01 1.42173007e-01 4.43628803e-02 -2.79943049e-01 -3.10603291e-01 -1.02694607e+00 3.44655633e-01 5.30074477e-01 -3.44445109e-02 3.54381092e-02 -3.00055504e-01 5.06519973e-01 -1.78691998e-01 -9.48860571e-02 -2.06062272e-01 -6.76146448e-01 2.47186303e-01 -1.16997533e-01 -8.22853923e-01 3.05147648e-01 6.17103219e-01 -2.29164615e-01 -7.32084438e-02 -2.88849592e-01 -3.38264823e-01 -2.91227281e-01 -1.21522628e-01
-2.86122501e-01 -3.23309332e-01 -1.24141730e-01 -1.78453818e-01 -2.64402509e-01 -7.70715326e-02 2.43283838e-01 2.66391397e-01 -6.34981275e-01 1.44340754e+00 -1.84101060e-01 -5.38599268e-02 -4.82193530e-01 5.09430170e-01 -1.21495083e-01 8.52922257e-03 4.39449959e-02 1.06195621e-01 -4.46434924e-03 -1.68652356e-01 2.07989082e-01 1.73133329e-01 3.00469369e-01 7.88887497e-03 3.29613127e-02 -5.41871302e-02 -2.15809673e-01 2.16582000e-01 2.63245136e-01 2.82905430e-01 1.44817173e-01 1.18584380e-01
-4.55324091e-02 -3.16059083e-01 -3.52895111e-02 -8.84802490e-02 -3.20925981e-01 4.32065040e-01 -1.57367304e-01 -4.46065694e-01 9.80236158e-02 -4.09937918e-01 3.51844914e-02 4.31381315e-01 1.86323091e-01 4.75645483e-01 2.71023452e-01 -5.41036665e-01 -4.34293121e-01 -1.22302234e+00 -2.31773108e-02 -3.35776180e-01 -1.81054056e-01 8.43351424e-01 4.04575735e-01 6.35543287e-01 -5.19665182e-01 1.13604479e-01 1.42572224e-01 -1.54950231e-01 -3.93415093e-01 -2.52442986e-01 -4.65237424e-02 -3.43756936e-02
2.27322541e-02 -3.94642986e-02 1.52352646e-01 -9.98194218e-02 2.20678702e-01 -1.05220377e-01 -8.10395088e-03 -3.39364231e-01 -1.92650363e-01 3.27460498e-01 1.43658534e-01 1.58802465e-01 8.05945992e-02 -2.72208422e-01 -8.60368907e-02 -2.87072450e-01 5.05841635e-02 1.48273110e-01 -1.55544087e-01 -5.50050616e-01 1.26893461e-01 -1.37768194e-01 -8.71546939e-02 -3.83454636e-02 -3.48004811e-02 2.05119282e-01 -7.13714659e-02 5.40031269e-02 1.13887586e-01 6.17529787e-02 -1.82920378e-02 1.05742030e-02
2.65416861e-01 -5.47973216e-01 -3.42383504e-01 8.07336092e-01 -1.95334330e-01 -6.43136442e-01 4.38648045e-01 -2.37238646e-01 -2.95100193e-02 2.65699267e+00 -5.22156298e-01 9.58533764e-01 6.03075564e-01 9.55122948e-01 6.72914565e-01 1.39994889e-01 2.73734257e-02 1.90455422e-01 7.41740823e-01 3.37302297e-01 9.32526141e-02 8.85919258e-02 -3.54862899e-01 1.09747720e+00 -1.42419472e-01 8.14639106e-02 -2.57667661e-01 4.25189584e-01 -4.06769067e-02 7.28954375e-02 4.91980880e-01 1.13190010e-01
-9.21097547e-02 1.67319655e-01 1.27569661e-01 7.28481039e-02 4.77616414e-02 -4.95289713e-02 4.00030948e-02 1.02683678e-01 -1.51539058e-03 -1.49132349e-02 1.66997716e-01 9.34635326e-02 8.34488794e-02 -5.40209701e-03 1.63742140e-01 2.06964269e-01 1.05108181e-02 -1.22561567e-01 -1.52149880e-02 8.93847719e-02 -1.53900564e-01 -5.28397933e-02 -3.51011157e-02 -2.93445885e-02 -4.51715320e-01 -2.32260153e-01 4.65737395e-02 -1.47356629e-01 -7.30733573e-02 -5.25183156e-02 -4.86105913e-03 -4.56505746e-01
3.09946225e-03 -7.64511451e-02 -5.26861548e-02 2.39486285e-02 -2.12763637e-01 2.07925756e-02 -2.86004134e-02 1.63459644e-01 5.76201193e-02 -5.26001267e-02 -1.22796930e-02 -1.36765754e-02 -6.74619749e-02 1.99240744e-02 -5.55512942e-02 2.21964613e-01 -9.54995677e-02 -1.25120640e-01 9.72083211e-03 3.39120716e-01 -2.47687191e-01 -1.04618363e-01 3.88758862e-03 -9.32524260e-03 1.39523372e-02 -9.36295763e-02 -6.34218901e-02 -7.05995709e-02 -5.63456789e-02 4.98751812e-02 3.53216156e-02 -3.35564069e-03
7.79521942e-01 -2.59755075e-01 3.37307274e-01 3.19731742e-01 -4.02217031e-01 2.63004079e-02 -4.32881296e-01 5.45234941e-02 5.89551151e-01 1.07596256e-01 -2.03154296e-01 6.28864095e-02 7.29750171e-02 2.36546412e-01 7.29336619e-01 -5.02521515e-01 -4.38509554e-01 -6.78946316e-01 3.17783147e-01 -2.53488511e-01 -7.72764802e-01 2.69609630e-01 -1.19256757e-01 1.89851478e-01 6.91508651e-01 -1.78085901e-02 2.02412695e-01 -1.85260884e-02 -5.02148986e-01 2.06540287e-01 1.05965532e-01 2.27240399e-01
9.37372223e-02 -4.19953704e-01 -2.11544722e-01 3.69312465e-01 1.28482312e-01 -5.68730354e-01 1.63200170e-01 5.35904430e-02 2.08286509e-01 -2.18927443e-01 -2.84429938e-01 4.94637519e-01 3.92138422e-01 -2.57606924e-01 2.64827609e-01 -6.95938349e-01 -3.29065293e-01 -8.58418167e-01 3.55065435e-01 -3.93273264e-01 -2.85477310e-01 5.55458013e-03 3.73181522e-01 6.60503864e-01 -1.83029413e-01 -2.87118435e-01 4.00874466e-01 5.07137850e-02 -5.49289994e-02 -4.58421737e-01 1.23020723e-01 2.87934303e-01
5.25969155e-02 -2.94704646e-01 7.16095090e-01 1.58128783e-01 -1.14707828e+00 -2.72473276e-01 5.88583708e-01 -1.84806794e-01 4.84076768e-01 8.18359911e-01 -1.40145272e-01 -2.75818229e-01 -4.25016358e-02 1.07624412e+00 1.92750841e-01 -2.10033655e+00 -5.55761516e-01 -2.64861083e+00 1.98301539e-01 -1.39089242e-01 -8.39793324e-01 6.18868530e-01 2.36214206e-01 2.24369168e-01 3.48164767e-01 7.48684332e-02 3.85594994e-01 2.37984300e-01 -1.53440446e-01 -7.17938721e-01 -3.92073810e-01 7.00534973e-03
-1.68217912e-01 -2.85819888e-01 -2.71533161e-01 -2.71361679e-01 -2.11876139e-01 5.46739697e-01 1.79197997e-01 -1.17433958e-01 -1.41768426e-01 3.69716495e-01 -1.87489972e-01 1.58458680e-01 4.07001600e-02 -2.29304492e-01 -1.02308504e-01 -3.90242904e-01 2.50089288e-01 -5.65965116e-01 -2.88517624e-01 -5.97561663e-03 -3.33339274e-01 3.71427596e-01 -1.26627699e-01 3.73748809e-01 3.63927335e-01 -5.33767343e-01 4.90776867e-01 6.26228973e-02 6.32740408e-02 1.44519344e-01 -4.15583104e-02 3.43429744e-02
3.62611324e-01 6.49251521e-01 6.77450001e-01 -3.88367951e-01 1.69185743e-01 2.23721549e-01 1.31851166e-01 -1.01148210e-01 -8.09228301e-01 1.01029742e+00 -2.57860124e-01 -2.78719574e-01 -4.49831098e-01 1.12327600e+00 1.98184267e-01 6.36482760e-02 1.58416794e-03 -9.29737210e-01 2.42301241e-01 -3.04623246e-01 1.39330000e-01 6.93469942e-01 -5.99982217e-02 -3.91509354e-01 6.88460052e-01 -7.73237526e-01 5.01066864e-01 -1.36194572e-01 -2.57268578e-01 -5.85087299e-01 -4.99885716e-02 -5.03794432e-01
3.07289325e-02 -1.88460901e-01 1.53892830e-01 -1.90728679e-01 -6.07872531e-02 5.89301437e-02 -2.21634418e-01 -2.64592558e-01 -2.67775148e-01 -4.60123152e-01 -8.68996903e-02 -4.21029292e-02 -7.91998580e-02 3.96818407e-02 4.05683786e-01 3.76478493e-01 5.01264274e-01 -2.45426789e-01 2.12068148e-02 3.19548309e-01 -9.29179415e-02 2.70542622e-01 -3.96854281e-01 3.63732353e-02 1.64210930e-01 -2.12768421e-01 3.88532281e-01 3.98521125e-01 -3.61704111e-01 -4.67606902e-01 1.86864406e-01 1.53232440e-01
-1.26025176e+00 1.87525257e-01 1.99054047e-01 -1.35632789e+00 -2.63908595e-01 -1.35481447e-01 1.37451962e-01 4.93365347e-01 1.83247760e-01 3.80421698e-01 -1.01062322e+00 7.54203677e-01 1.09063375e+00 3.39066356e-01 -7.25650668e-01 1.34930447e-01 6.58949792e-01 -5.43184340e-01 -2.33612165e-01 1.11311364e+00 -5.62199354e-01 -2.54807115e-01 -4.06747133e-01 -9.40491110e-02 6.23971403e-01 9.75749493e-01 8.10308933e-01 6.65210783e-01 5.41702271e-01 -1.08220363e+00 1.29085541e-01 1.83244139e-01
-1.05880387e-01 9.27148014e-02 3.07121396e-01 -5.10957986e-02 3.30493748e-01 -9.87298265e-02 1.88156380e-03 3.87267433e-02 -6.04147874e-02 1.91629842e-01 2.58790702e-02 1.33325681e-02 -3.74262617e-03 -1.05853327e-01 6.19828962e-02 -1.22815609e-01 6.68146089e-02 6.87157512e-02 8.00354686e-03 -4.22693163e-01 1.42687276e-01 -1.00126587e-01 1.64761618e-02 8.97665508e-03 1.39122590e-01 -8.81980360e-03 7.01786354e-02 1.44794255e-01 4.14176062e-02 -9.11525637e-02 -3.21825519e-02 5.67863882e-02
-1.24654606e-01 2.51496702e-01 3.64874184e-01 -1.61060736e-01 5.52142551e-03 1.15741909e-01 7.00753331e-01 3.23569924e-01 1.00295730e-01 -1.16281271e+00 -3.86831075e-01 5.74497461e-01 6.96439624e-01 -2.68039912e-01 -4.64203686e-01 -2.93007106e-01 5.28311789e-01 -6.22906804e-01 -2.91083138e-02 -3.96161854e-01 8.85211289e-01 -2.45047539e-01 2.97480579e-02 -1.35626578e+00 -1.73433289e-01 5.45974195e-01 -1.03291285e+00 -7.04020202e-01 3.06148797e-01 -1.67749017e-01 -1.09233949e-02 -1.00479797e-01
5.64511180e-01 -3.23002070e-01 -2.99623996e-01 4.44455624e-01 -2.49705240e-02 -2.54999418e-02 1.06481090e-03 -1.18382238e-01 4.37640786e-01 -6.09827898e-02 -1.19656026e-01 -5.04968986e-02 7.56556273e-01 -3.19714338e-01 3.67484540e-01 -2.59172320e-01 -3.78528871e-02 -4.43775982e-01 9.48125198e-02 -8.37363154e-02 -3.31441045e-01 1.22067079e-01 1.79013401e-01 1.67042658e-01 -5.89175746e-02 -2.12986797e-01 7.98188329e-01 5.09226918e-01 -3.44864786e-01 3.41634780e-01 2.18214929e-01 3.34845304e-01
-1.86536327e-01 2.67297685e-01 -1.44152761e-01 -6.48800284e-02 -5.40434897e-01 -2.33232901e-01 9.17608887e-02 4.30040210e-01 -2.43160855e-02 -5.41606545e-01 -1.98347688e-01 2.58805621e-02 -3.34686607e-01 1.84622839e-01 2.98423678e-01 -1.59233004e-01 -1.76481709e-01 2.58916497e-01 6.32369593e-02 3.61216873e-01 -2.32773691e-01 -4.23559695e-02 -5.37687466e-02 -4.22958918e-02 -6.89935610e-02 -9.27899405e-02 2.54018813e-01 -3.19567442e-01 9.49117243e-02 -6.11709943e-03 1.89414266e-02 1.31740853e-01
5.06401509e-02 -4.87977505e-01 -7.83379972e-02 -1.10378198e-01 -1.33848622e-01 -1.57215983e-01 -6.80359500e-03 -1.57565251e-01 -3.69413912e-01 4.71547723e-01 -1.87142137e-02 9.15744603e-02 3.59860271e-01 3.91710460e-01 -1.83642685e-01 -7.15219200e-01 -1.78278416e-01 -2.19120428e-01 -1.09178741e-02 5.09532653e-02 5.68281375e-02 -3.26257646e-02 5.56058407e-01 4.64888103e-02 -3.76675934e-01 2.34845296e-01 3.33782166e-01 1.29988015e-01 -5.79613633e-02 1.17714077e-01 -1.48764793e-02 -2.16285780e-01
9.21029031e-01 -5.64737394e-02 -6.87832415e-01 2.59539574e-01 3.98346126e-01 1.69934511e-01 5.69883049e-01 1.89196184e-01 -3.80137593e-01 -8.50064218e-01 -8.68412971e-01 1.33324087e+00 3.26466747e-02 -8.35548341e-01 3.52743745e-01 9.25175071e-01 -2.86910385e-02 7.61641681e-01 -2.56844252e-01 -3.61638144e-02 -1.79214418e+00 -3.50663334e-01 -7.34669089e-01 -1.06881857e-01 -5.16080916e-01 -6.79693818e-02 3.09514254e-01 7.23513007e-01 -1.12316750e-01 1.28366590e-01 -4.22097556e-03 5.42983651e-01
-1.54605329e-01 2.16151670e-01 -8.88867676e-01 -1.18891485e-01 1.70368984e-01 3.50961238e-01 1.22986987e-01 5.56802116e-02 8.99752229e-02 5.64490616e-01 -4.54148829e-01 -1.12947774e+00 4.22789514e-01 2.63241798e-01 -4.06656861e-01 5.11948943e-01 6.61620721e-02 1.23712134e+00 -4.38321769e-01 1.93363726e-01 2.95000792e-01 -8.38888958e-02 -6.09971248e-02 6.34883940e-01 -2.84705967e-01 8.12061369e-01 -1.41629472e-01 -2.69155502e-01 1.08720481e-01 6.83804229e-02 7.76057303e-01 -4.27137241e-02
8.56106505e-02 3.49676341e-01 -1.92517594e-01 -7.05724597e-01 1.23447560e-01 6.21610463e-01 2.44875297e-01 8.22539151e-01 2.51678407e-01 1.88468501e-01 8.61315012e-01 -1.32273406e-01 1.64704442e-01 1.56824842e-01 2.82701179e-02 -2.32302070e-01 3.06205124e-01 2.01052532e-01 -3.33737940e-01 -3.57057840e-01 -1.23191960e-01 -2.30579019e-01 1.95545375e-01 7.75023624e-02 -1.31698802e-01 2.56881148e-01 -4.86949421e-02 -6.90506920e-02 -5.08812964e-01 1.64897546e-01 -2.37950802e-01 1.71624199e-02
6.98904172e-02 4.23350669e-02 -1.46757513e-01 2.00109668e-02 -4.76705432e-02 5.37224896e-02 7.29868487e-02 8.90802070e-02 -3.52937095e-02 -3.94084938e-02 -4.96698655e-02 -3.82388741e-01 2.41301671e-01 2.41358221e-01 6.87480578e-03 1.09327167e-01 1.29712254e-01 -5.83413951e-02 9.18186605e-02 2.61622101e-01 1.18299656e-01 2.63302982e-01 -2.95332167e-03 1.84226632e-01 -1.05978660e-01 -2.89050996e-01 -1.66534752e-01 -1.70724273e-01 -3.02506864e-01 -1.34710386e-01 2.00495813e-02 -2.63063759e-01
5.02995729e-01 2.21420079e-01 4.81196731e-01 3.66512805e-01 5.39090335e-01 3.34717095e-01 8.34207952e-01 -3.42216104e-01 7.58735240e-01 -2.05932885e-01 -6.30323231e-01 1.87917396e-01 -4.91491646e-01 -6.87885106e-01 -1.33473039e-01 5.58980346e-01 -2.70002067e-01 -2.24529609e-01 2.58626014e-01 2.04081491e-01 -1.09155387e-01 5.39453030e-01 1.93755820e-01 5.04970610e-01 1.59357890e-01 -8.65758583e-02 -2.57268548e-01 2.60322336e-02 2.04606086e-01 3.87167990e-01 -1.11119911e-01 -9.94908512e-02
-2.87305027e-01 -4.45465803e-01 1.43179166e+00 1.01801977e-01 -8.14322472e-01 -1.66574061e-01 -1.21297300e+00 -9.63459432e-01 2.95863330e-01 1.04248118e+00 3.53517085e-02 -5.16690493e-01 -3.00560445e-01 9.75271702e-01 5.70077360e-01 -2.10434699e+00 2.75420725e-01 -2.71773601e+00 1.74433529e+00 8.58494937e-01 -5.55558145e-01 1.65375066e+00 -4.11903620e-01 2.46276230e-01 3.08798224e-01 -6.95982158e-01 -2.37203106e-01 3.48327786e-01 1.88935220e-01 4.34202179e-02 8.89720201e-01 1.92467451e-01
1.89001951e-02 -3.33406925e-02 4.59651910e-02 4.50794324e-02 4.13523465e-01 -4.75431466e-03 3.35486494e-02 2.48456169e-02 4.71323691e-02 -3.57893133e-03 -1.72748547e-02 -5.93568124e-02 1.04420796e-01 -2.15015505e-02 1.55894682e-02 -4.38250042e-02 4.57755430e-03 -4.03484851e-02 -7.45273978e-02 9.09934416e-02 1.45141810e-01 3.51558775e-02 -3.37090380e-02 -2.59994506e-03 -1.28287017e-01 -1.40649766e-01 1.93278808e-02 3.32682133e-01 -4.24842983e-02 -5.40167838e-02 1.48196202e-02 -2.42571205e-01
-4.02479500e-01 1.12799406e-01 -1.58281952e-01 -3.68524082e-02 -1.67304114e-01 -2.61496622e-02 -3.90086949e-01 6.48803830e-01 -4.32463884e-02 -9.15421322e-02 -1.25459939e-01 5.88710785e-01 4.57604855e-01 -1.08645163e-01 2.12971866e-01 1.59261510e-01 -4.01170291e-02 1.68876752e-01 -1.30629629e-01 4.62386012e-02 -1.15337409e-03 -6.37005568e-01 -1.41748086e-01 -3.58691245e-01 -2.29019567e-01 -2.29042932e-01 -5.76855123e-01 2.32962206e-01 -2.81845331e-01 -2.09834039e-01 -1.69758752e-01 4.48661387e-01
5.61544374e-02 -1.55623525e-01 5.22793055e-01 2.87143409e-01 -5.71082354e-01 2.02269256e-01 3.23567688e-01 -6.17514431e-01 5.11913955e-01 2.93999225e-01 -7.61915445e-02 3.96353245e-01 -1.18819453e-01 1.71820983e-01 1.25051290e-01 -2.08159590e+00 1.38059020e-01 -9.77805257e-01 7.49244988e-02 1.59608677e-01 -1.40341774e-01 1.36117458e-01 2.10697562e-01 2.04914540e-01 -2.76407063e-01 -5.61157644e-01 -4.72004637e-02 -1.10034019e-01 -4.56715673e-01 -4.64478284e-01 4.93293017e-01 -2.65392512e-01
-1.91712737e-01 4.66855541e-02 -1.64681569e-01 1.32651567e-01 -7.93851614e-02 -4.28949744e-02 2.56766766e-01 -1.73923373e-01 -5.71240008e-01 1.64268959e+00 -3.89208794e-01 -5.50590269e-02 -2.59723276e-01 1.27121663e+00 -2.33236924e-01 3.40369754e-02 3.59960273e-02 1.43148284e-02 -1.32848829e-01 -2.81658560e-01 2.65905373e-02 2.14437649e-01 -4.45007645e-02 -1.86897963e-01 -1.35808915e-01 8.33923146e-02 4.09812927e-01 4.46827531e-01 2.09787458e-01 -4.81207192e-01 4.60335135e-01 -9.73157287e-02
-9.04151276e-02 -1.98566675e-01 5.86859643e-01 4.91576403e-01 -9.24483314e-02 -3.88029277e-01 -1.11922956e+00 1.22699462e-01 2.40690708e-01 3.93765301e-01 1.01436339e-01 -6.49334416e-02 1.03403777e-01 1.62231490e-01 -2.49914989e-01 6.57049537e-01 1.94465462e-02 2.62151510e-01 -1.21843323e-01 -3.18914860e-01 8.27757776e-01 3.55627030e-01 3.40841234e-01 -5.94499290e-01 3.95208783e-02 2.05229726e-02 -1.90209478e-01 2.73155063e-01 -1.34798110e-01 3.42510581e-01 -1.84903637e-01 -3.17504704e-01
7.48419702e-01 -4.61529434e-01 5.23884952e-01 1.02688003e+00 -4.65914845e-01 4.88344431e-01 -8.46274316e-01 -5.93379319e-01 6.41793430e-01 -6.03688776e-01 -2.11022705e-01 6.41951501e-01 -1.28428769e+00 -8.82460400e-02 7.58549273e-01 -5.86142182e-01 -1.64816871e-01 -9.57216024e-02 6.05339766e-01 6.31831288e-01 5.32576740e-01 -4.56029654e-01 -2.07594442e+00 -4.53357697e-01 6.79070055e-01 5.00427485e-01 -7.71574676e-01 -5.02936363e-01 5.38416542e-02 1.30639601e+00 -5.32743514e-01 -2.35589921e-01
-2.38092002e-02 1.71682537e-01 -3.17273438e-02 -5.00653982e-02 -1.60257369e-01 -3.64696793e-02 3.37568894e-02 -5.72647341e-02 -3.00889928e-02 2.24319752e-03 4.40847911e-02 8.94536451e-02 7.82793015e-02 -4.16914597e-02 1.47611052e-01 -1.54269233e-01 7.00337291e-02 1.81993693e-01 -4.34226170e-03 -2.89615661e-01 1.55168086e-01 5.31140082e-02 -2.80176774e-02 -4.03868593e-02 -2.95447141e-01 -4.70175110e-02 1.84614602e-02 -9.08371955e-02 -2.88815312e-02 -4.79787122e-03 -3.01954038e-02 -2.22181335e-01
9.84209552e-02 3.03514302e-01 1.62627017e+00 4.57100689e-01 -1.16522110e+00 1.63271844e-01 -2.97533095e-01 -5.66581607e-01 8.47190320e-01 5.48503578e-01 1.55451998e-01 -3.40086341e-01 -9.05454278e-01 8.32004666e-01 4.36799489e-02 -3.26449251e+00 -2.43041694e-01 -4.43402481e+00 3.71799082e-01 1.13067269e-01 -1.22062743e+00 1.00601363e+00 3.58226717e-01 2.09721968e-01 2.57731050e-01 -1.73324615e-01 -5.11711895e-01 6.61933959e-01 -2.10615113e-01 5.73251024e-03 -2.49924809e-02 -4.20881845e-02
-8.09460044e-01 2.04877228e-01 1.33891881e-01 -7.51847684e-01 -2.23153569e-02 -1.94306821e-01 -2.08097801e-01 4.71064866e-01 -5.63087203e-02 -2.17112130e-03 1.08917981e-01 -2.86107838e-01 4.35746700e-01 4.34896946e-01 -4.20478791e-01 -3.12395185e-01 2.34007612e-01 -1.89306915e-01 -3.35922211e-01 1.91740483e-01 4.42385040e-02 7.07976103e-01 1.97691366e-01 -2.45117813e-01 -1.47014976e-01 2.90201962e-01 -7.20396459e-01 1.50278628e-01 9.06812474e-02 -5.74478149e-01 -1.38684392e-01 -7.22346067e-01

layers.2.bias:
-1.37965107e+00
-7.93665707e-01
6.36186838e-01
-6.74089909e-01
1.85367867e-01
-3.96899402e-01
2.37116829e-01
2.19711113e+00
5.29050350e-01
8.33761096e-01
-9.16705847e-01
-1.36197126e+00
-4.09905076e-01
9.48392153e-01
-3.45591992e-01
-6.63712561e-01
-7.37581179e-02
-7.73313880e-01
2.78945237e-01
-8.47512633e-02
-3.30906361e-01
7.92239666e-01
7.82856703e-01
-1.58682510e-01
-3.98724943e-01
1.05815959e+00
-9.75489080e-01
-1.02535748e+00
4.97075081e-01
-1.30718136e+00
1.44131973e-01
-4.35357578e-02
8.34317446e-01
1.13926195e-01
-2.10688248e-01
-2.21327282e-02
-1.36919186e-01
1.40017498e+00
1.03505218e+00
-1.35638490e-01
9.86775517e-01
-2.81965733e-01
-4.94894445e-01
1.33556378e+00
2.59499580e-01
-1.01707029e+00
1.05594552e+00
-3.53649974e-01
8.09712529e-01
1.70768189e+00
1.82285383e-01
4.48200911e-01
1.15864322e-01
-4.90240276e-01
2.24087209e-01
-1.03742946e-02
7.84960389e-01
-3.21118869e-02
-5.55478223e-02
-5.99037230e-01
4.09792423e-01
4.81730402e-02
-2.83383012e-01
7.16331005e-01

layers.4.weight:
3.00934762e-01 1.39814718e-02 -4.51745577e-02 7.59159913e-03 -3.95186944e-05 6.42953664e-02 4.24163300e-04 -7.19057620e-01 -8.29461291e-02 -3.83226186e-01 3.62991765e-02 9.18667793e-01 -1.85365701e+00 -1.13296539e-01 1.00715514e-02 -1.49485195e+00 -3.31075746e-04 6.42325357e-02 -2.19799322e-03 4.98191046e-04 6.34812095e-05 -1.48407370e-01 -1.18264230e-03 2.84990579e-01 -2.83422489e-02 -1.86556540e-02 1.94093515e-03 7.48193085e-01 -3.93697709e-01 3.89138609e-01 -1.12560308e-02 -1.39166966e-01 -5.16789705e-02 1.31550105e-03 1.08407717e-02 2.92729179e-04 -1.78991584e-04 -1.39114872e-01 -1.96268875e-02 2.02777699e-01 -1.37995312e-03 2.72406727e-01 8.03247603e-05 -1.22508608e-01 5.08653116e-04 1.31523788e-01 -8.41702428e-03 -1.24264287e-03 -8.02982301e-02 -6.74459100e-01 -3.89735997e-02 -2.66757968e-04 -1.41057011e-04 7.56055466e-04 -1.08136189e+00 2.30824617e-06 7.66974626e-05 -2.95574337e-01 -7.83449113e-02 1.38507625e-02 -1.40790455e-02 1.34240399e-04 7.54167080e-01 -1.64287426e-02

layers.4.bias:
-1.09970200e+00

