layers.0.weight:
3.31696361e-01 -5.67613244e-01 7.97264636e-01
5.69172144e-01 -8.09445798e-01 -5.80563486e-01
-8.31293464e-02 -6.13938749e-01 -5.77727258e-01
-1.07055378e+00 1.15616508e-01 4.58123112e+00
2.67282110e-02 4.11940843e-01 1.16166264e-01
-5.79876065e-01 8.58121514e-01 -1.84879377e-01
-1.31842160e+00 4.86020595e-01 -9.88645032e-02
-6.01682402e-02 7.88846374e-01 -9.23566997e-01
6.03414774e-01 -9.26082134e-01 5.12713566e-02
-1.11527514e+00 5.86289167e-02 -1.64189592e-01
7.53551662e-01 -9.85680073e-02 1.41279221e+00
-7.16238439e-01 -1.31785080e-01 -1.29353356e+00
-4.30584475e-02 7.12955832e-01 -1.57757306e+00
-1.16726887e+00 2.10410804e-02 5.00053525e-01
-6.46977663e-01 1.09646142e+00 7.52028525e-01
-1.81771189e-01 9.48456824e-01 1.64468549e-02
5.46070874e-01 -6.33792400e-01 -1.45019031e+00
-1.15504665e-02 1.12846863e+00 1.84981868e-01
8.07071701e-02 -9.54183042e-01 5.35116851e-01
3.41117471e-01 -1.28724232e-01 -8.64976227e-01
2.23475501e-01 1.65966094e-01 -5.10879010e-02
-3.24195027e-01 -2.56797969e-01 -1.00232065e+00
-4.64660525e-01 1.65601885e+00 -4.46076952e-02
-1.56447518e+00 4.06930357e-01 1.75152493e+00
1.05132234e+00 3.79940838e-01 -7.78481364e-01
2.59609371e-01 6.71772659e-01 -1.17486012e+00
-1.16151750e-01 -2.13369340e-01 1.90187418e+00
-3.97779703e-01 -2.44972542e-01 1.92939892e-01
3.22416067e-01 7.57217348e-01 -1.46468067e+00
-1.04933763e-02 4.65525806e-01 1.70563948e+00
-2.89658904e+00 2.84448242e+00 -1.78299040e-01
-1.26738083e+00 -5.19488692e-01 1.02004325e+00

layers.0.bias:
8.77201200e-01
4.81547834e-03
-1.42384720e+00
-6.34384930e-01
7.07518518e-01
-2.04255387e-01
-3.54310095e-01
2.86240637e-01
-7.45998621e-01
-1.59115899e+00
1.64644122e-01
1.80825554e-02
2.46107668e-01
-1.21306002e+00
-2.90836543e-01
1.43946290e+00
9.34610724e-01
1.82654703e+00
-6.68276668e-01
5.78918040e-01
-1.44309163e-01
-1.35729384e+00
1.02535832e+00
-7.05530941e-02
1.36946186e-01
5.60703695e-01
8.80503118e-01
-1.57881156e-01
-4.88352716e-01
7.31267482e-02
8.91685039e-02
-6.70209900e-02

layers.2.weight:
-3.43021601e-01 2.06284121e-01 1.14480831e-01 -5.04851878e-01 -2.07265452e-01 -4.59347628e-02 5.41356057e-02 -3.35421562e-02 1.72485501e-01 2.70670533e+00 7.24156424e-02 7.82579258e-02 -1.99954033e-01 2.36732364e+00 -2.41102874e-01 2.54214495e-01 -6.55555427e-02 5.11506975e-01 1.30644530e-01 -2.69666970e-01 2.38709152e-01 -4.49158065e-02 -5.58323801e-01 5.63400269e-01 -9.42244530e-02 6.44139230e-01 -8.13591361e-01 -1.31796211e-01 -1.44495472e-01 -2.39398405e-01 -6.07159317e-01 2.61650860e-01
-9.71452296e-02 1.15375072e-01 -8.46466660e-01 4.35132012e-02 -3.54545116e-01 1.58517540e-01 -7.45982826e-01 -4.81961310e-01 5.22770464e-01 6.81700051e-01 3.36568147e-01 -2.72359788e-01 2.55853623e-01 -4.62183990e-02 -2.83728153e-01 3.30539823e-01 -3.89765441e-01 4.26326066e-01 -4.28033590e-01 -5.34392707e-02 6.60520196e-01 -1.09678075e-01 -4.16101694e-01 -5.66346012e-02 1.62826590e-02 -5.96568212e-02 -3.33755434e-01 -5.70914865e-01 7.19849467e-02 -2.22538054e-01 -3.26710381e-02 1.80781052e-01
5.72948493e-02 1.08586296e-01 -7.44416788e-02 -6.48624301e-01 -7.17022002e-01 -1.22473083e-01 -5.87692618e-01 2.23532751e-01 5.77427626e-01 6.19367898e-01 -4.41509455e-01 -1.93864405e-01 5.85377105e-02 -8.45226720e-02 -1.88816428e-01 -1.01835322e+00 7.19455332e-02 -1.22831702e+00 5.63900732e-03 6.49840474e-01 -5.47953069e-01 -3.61879528e-01 2.96523869e-01 -1.42488718e+00 -4.77270395e-01 3.22328508e-01 -1.06653953e+00 1.69525221e-01 3.24446201e-01 -2.86071807e-01 -1.37561318e-02 3.05337459e-01
2.01444939e-01 -1.13402978e-01 1.20359458e-01 1.29933751e+00 4.40880001e-01 4.28732365e-01 7.04744935e-01 -1.96071312e-01 -1.87420279e-01 2.87448941e-03 1.14619292e-01 -1.74777564e-02 -5.30231714e-01 2.05590770e-01 6.65997148e-01 7.93880641e-01 -3.43077064e-01 6.22587204e-01 2.76710123e-01 -9.95203078e-01 -7.21063256e-01 -1.04914933e-01 4.13592160e-01 1.44185722e+00 -2.27847338e-01 -5.03761947e-01 4.51767206e-01 2.39806309e-01 -6.20387673e-01 -2.01254100e-01 2.32753884e-02 3.36257249e-01
2.55165622e-02 -5.08924067e-01 3.27014059e-01 -5.56516349e-01 1.59373462e-01 -2.31021658e-01 -9.20679510e-01 2.79885262e-01 -2.51084030e-01 -4.04280692e-01 3.12691569e-01 -6.23864174e-01 9.17237043e-01 -6.73810303e-01 1.22344662e-02 -2.08188996e-01 -4.95127052e-01 -6.81022882e-01 -2.67515302e-01 -5.06398268e-02 7.92791367e-01 -4.57805216e-01 3.33469063e-01 -3.10411751e-01 -8.53006005e-01 7.53559411e-01 -7.70695275e-03 -4.89259690e-01 -1.55760214e-01 5.12575209e-01 -1.75220400e-01 6.45197630e-02
-4.39677119e-01 4.44766998e-01 2.87712455e-01 1.69274166e-01 -7.08440244e-01 -2.25283742e-01 -6.12895906e-01 3.38925213e-01 7.54720986e-01 -2.64703900e-01 6.78343534e-01 1.39427215e-01 -7.46335089e-02 -3.44465733e-01 -5.66178560e-01 -1.03037083e+00 -2.38563061e-01 -1.11922753e+00 5.83197236e-01 -2.06279144e-01 -5.33955038e-01 -5.31714894e-02 -5.67162871e-01 -2.43723601e-01 1.17696092e-01 1.08876921e-01 1.49697542e-01 1.01178801e+00 -8.51153433e-02 -4.30227458e-01 -8.26048315e-01 2.59139925e-01
-9.34959110e-03 1.74956601e-02 -2.07726464e-01 -5.80620114e-03 -1.58023760e-01 1.82716921e-01 -8.63094628e-02 -4.08328116e-01 -1.26733094e-01 2.49937370e-01 2.96264678e-01 3.99570949e-02 2.91039199e-01 -3.82508114e-02 -2.82148346e-02 -2.62456596e-01 3.77938636e-02 1.20695561e-01 -2.13173013e-02 -3.10544312e-01 -3.67313713e-01 1.17238566e-01 6.84275180e-02 2.74266973e-02 1.41229630e-01 2.62111723e-01 -3.57635438e-01 -4.26922441e-01 -1.52003303e-01 7.80339167e-02 -6.46860898e-02 1.67072117e-01
3.17103535e-01 1.42163470e-01 -4.74331826e-01 3.80674511e-01 4.12703007e-01 -6.69676542e-01 9.88320857e-02 4.85161573e-01 5.59745356e-02 -3.44288379e-01 -1.19536713e-01 9.54765439e-01 2.90819407e-01 -5.58316529e-01 -2.10362539e-01 3.09746295e-01 5.40491045e-01 2.74233490e-01 2.14199096e-01 5.03418863e-01 -1.50195539e+00 -9.38403726e-01 1.13327630e-01 3.20270658e-01 1.94734663e-01 7.23385453e-01 6.29112303e-01 5.64881027e-01 -5.96961260e-01 5.15257418e-01 1.97470963e-01 -2.54915178e-01
-9.66164377e-03 3.27522933e-01 -5.51464438e-01 -2.14284420e-01 1.35704470e+00 -3.43646854e-01 -6.98400438e-01 -3.54945868e-01 -6.24701262e-01 2.54579157e-01 5.33130646e-01 4.92621213e-02 6.47339344e-01 -3.95772576e-01 7.12946430e-02 1.97034347e+00 3.86546612e-01 1.47488999e+00 -5.75473011e-01 -1.17188379e-01 2.36825392e-01 -2.65192658e-01 1.38309687e-01 3.21158409e-01 5.42843016e-03 3.47503424e-01 8.94969925e-02 -5.50748520e-02 -5.76822124e-02 2.15692714e-01 2.25727487e+00 -2.42751479e-01
-6.17842317e-01 8.68361816e-02 -9.43321362e-02 -5.24856448e-01 3.80123675e-01 1.93530694e-02 -1.28891859e-02 3.74906510e-01 4.00182366e-01 -1.52797595e-01 5.25681255e-03 2.57640928e-01 1.85280412e-01 2.52780378e-01 -3.48993897e-01 -6.40227735e-01 2.76714832e-01 -4.83701378e-01 -4.15862650e-01 -6.77219331e-02 -6.69914603e-01 -2.30092332e-01 1.06339149e-01 -4.16343622e-02 -2.23439425e-01 -9.27310809e-02 -1.76580518e-01 2.78757095e-01 2.66829431e-01 1.57972157e-01 1.72874749e-01 -1.09962979e-02
1.46640003e-01 -2.98998296e-01 1.25453651e-01 -4.12985504e-01 -6.97915852e-01 -3.56484830e-01 -2.85907209e-01 1.87357262e-01 4.81698543e-01 3.18036348e-01 -5.80738664e-01 -6.61071539e-02 9.04972672e-01 -3.08198214e-01 -2.08498806e-01 -3.06818932e-01 -6.15664959e-01 -9.22842562e-01 -4.86494899e-02 -3.02534620e-03 1.00817764e+00 -1.64242372e-01 -9.79790628e-01 1.34829655e-01 -2.30821252e-01 -1.52745545e-02 -4.83361512e-01 -3.95338774e-01 3.16680998e-01 -4.45231825e-01 -1.73492715e-01 5.57881713e-01
-8.14703852e-02 -3.51540178e-01 1.64560163e+00 -8.66623759e-01 -6.36321247e-01 1.40480936e-01 9.78098586e-02 -4.03535187e-01 -5.20596564e-01 1.93819463e+00 3.15595940e-02 -1.16638273e-01 2.86471486e-01 3.26655293e+00 2.28908896e-01 -3.46919268e-01 2.32847482e-01 -2.21207333e+00 5.89693785e-01 -3.46034139e-01 2.56324410e-01 5.88579655e-01 -2.84963369e-01 8.59586060e-01 -8.77760127e-02 -5.59034824e-01 3.01530421e-01 -9.53723788e-02 8.38094279e-02 4.67446968e-02 2.90498510e-02 -3.29833329e-01
-6.77421570e-01 -2.36759618e-01 9.33616936e-01 4.16956365e-01 -6.79368973e-01 6.45691454e-01 1.13608167e-01 -8.82746160e-01 3.19820911e-01 4.30624694e-01 1.79405108e-01 1.64533302e-01 -5.04839242e-01 -1.74396873e-01 5.41223288e-01 -4.16050863e+00 -1.23114251e-01 -6.19902086e+00 5.16305149e-01 -1.00918806e+00 -6.49247885e-01 4.76243287e-01 6.82391644e-01 -1.53448284e-01 -2.03470886e-01 -2.35457450e-01 -3.53643268e-01 6.05178177e-01 -5.83141267e-01 -3.20535272e-01 -1.28355217e+00 -3.05374146e-01
8.94962996e-02 -1.46173328e-01 -6.82893276e-01 -3.21615264e-02 -1.20561056e-01 -8.07653964e-02 2.84921795e-01 2.98247904e-01 3.93793464e-01 -2.28100106e-01 5.58556080e-01 -1.96505919e-01 2.98980951e-01 -7.80946672e-01 -3.55398238e-01 -5.61085455e-02 -2.53019631e-01 2.14364246e-01 -5.94830364e-02 1.01447828e-01 -7.70410523e-02 -2.05227450e-01 4.64412197e-03 -1.85602099e-01 -1.70510143e-01 7.28461802e-01 2.66859233e-02 8.16905275e-02 -2.09028214e-01 2.88032591e-01 2.02551484e-01 4.07589048e-01
-9.24618602e-01 2.23992050e-01 6.93383440e-03 2.82540798e-01 -1.97348937e-01 6.01600170e-01 -3.57473493e-01 -6.17224760e-02 4.24317896e-01 -2.10050002e-01 -8.19447696e-01 2.97362655e-01 2.10616380e-01 -3.58054966e-01 -2.90851563e-01 -6.61021173e-01 2.65507340e-01 -6.94256127e-01 -4.12964165e-01 3.62426639e-01 1.35702980e+00 1.01928782e+00 -8.43387693e-02 1.35452718e-01 -3.07042867e-01 1.59910515e-01 -6.47748947e-01 -5.30248275e-03 8.15762103e-01 -3.00534129e-01 -1.27662778e-01 7.02822730e-02
-4.57950860e-01 -3.70825008e-02 1.37892589e-01 4.97700274e-02 -2.22049817e-01 2.09329993e-01 -8.57617736e-01 -3.84075753e-02 -5.18514356e-03 5.33986759e+00 4.72620040e-01 5.06070793e-01 2.94659376e-01 2.60463047e+00 1.08111098e-01 3.92396078e-02 -3.70055348e-01 -1.17855713e-01 2.51354724e-02 -1.21585965e-01 -7.57299662e-01 4.93579477e-01 1.46431074e-01 1.95006192e-01 -4.63916779e-01 -3.61080825e-01 -7.15734661e-01 4.00334269e-01 -1.40454620e-01 -7.41612673e-01 3.84752125e-01 -1.71802729e-01
-9.91125870e-03 1.34730875e-01 -7.12072775e-02 3.39848846e-02 1.82130318e-02 2.94253114e-03 2.03091651e-02 -6.14655986e-02 1.46839693e-02 -1.86537623e-01 6.25699237e-02 5.23424521e-02 4.12713811e-02 8.04671422e-02 1.35231361e-01 1.99303534e-02 3.63412537e-02 1.80550721e-02 -1.19817359e-02 1.12704471e-01 2.57141441e-01 1.13225296e-01 -1.23509131e-02 2.35655755e-02 6.83227926e-02 1.30882468e-02 5.56432121e-02 2.65758246e-01 9.26372781e-03 1.52993132e-04 4.69678687e-03 1.98444147e-02
1.18863501e-01 -1.65995613e-01 -5.30985057e-01 5.95972203e-02 3.39383818e-02 -1.54305905e-01 -2.29266599e-01 -3.08430642e-01 2.69622892e-01 -6.40004635e-01 8.30262750e-02 -5.13093509e-02 1.93632886e-01 7.87858889e-02 -2.91534718e-02 8.64043683e-02 -3.42260361e-01 3.74742746e-01 -1.38685018e-01 8.89548779e-01 3.26434493e-01 1.40582800e-01 -4.27679032e-01 -1.10415325e-01 -1.21881641e-01 -4.43324804e-01 8.52479339e-01 -5.23148954e-01 2.37264097e-01 3.25400651e-01 -1.52537171e-02 1.89260855e-01
-3.00050586e-01 -1.15881845e-01 -1.90130770e-01 -2.63574302e-01 1.48004442e-01 -1.17170763e-04 1.72997206e-01 1.51487455e-01 5.07869661e-01 -3.54038149e-01 -2.10591227e-01 -8.49476457e-01 5.26138246e-01 3.15958001e-02 -2.12709397e-01 -1.45165876e-01 -2.94697106e-01 -1.42358560e-02 1.67911857e-01 -1.77777827e-01 -4.82352264e-02 -1.21403046e-01 3.39633971e-01 -1.63231373e-01 1.32660672e-01 2.31601521e-01 -2.32304037e-01 4.62294281e-01 6.95272461e-02 2.87389368e-01 2.31054202e-01 1.92447484e-01
5.91013432e-02 1.79816902e-01 2.78686569e-03 6.80006221e-02 -7.23074824e-02 1.00019343e-01 -2.20221151e-02 -8.35546106e-02 4.19708267e-02 6.99380413e-02 6.54664114e-02 1.15810357e-01 -7.10784346e-02 -6.68097585e-02 1.10564359e-01 4.58372921e-01 4.07438241e-02 -3.05796981e-01 4.12602238e-02 -1.07639387e-01 -1.19694337e-01 -1.18639082e-01 6.27146242e-03 -3.36167067e-02 4.71115373e-02 1.20736130e-01 4.21810150e-03 2.04117522e-02 1.05943605e-01 1.41579006e-02 -3.09968740e-02 3.01408023e-02
4.46601927e-01 -1.83496699e-01 7.09420919e-01 5.76795459e-01 -4.29974765e-01 -1.58876121e-01 -6.64083421e-01 -1.42635807e-01 -1.98876470e-01 -7.38646150e-01 -4.71338183e-02 8.83291245e-01 4.48543876e-01 -3.69662046e-01 7.99975634e-01 1.25021055e-01 -7.52601698e-02 -4.57516372e-01 4.97731298e-01 3.81864965e-01 -2.93853074e-01 9.90614146e-02 5.75392842e-01 3.62587348e-02 2.04679668e-01 -4.14408475e-01 1.34372249e-01 1.98977098e-01 -1.16926633e-01 -2.94524878e-02 1.22556530e-01 3.53950322e-01
2.50156254e-01 -1.23671167e-01 7.89975896e-02 1.12240575e-01 1.01462429e-04 1.43433392e-01 9.62698340e-01 8.70794803e-02 4.60900545e-01 2.60983258e-01 2.85543293e-01 4.23084497e-01 -3.61127496e-01 -5.27031720e-01 1.21317677e-01 -1.00480592e+00 -5.62155657e-02 -8.01599562e-01 -7.58375749e-02 -4.27415967e-01 -5.40301323e-01 2.04691067e-02 2.43218973e-01 -3.28287371e-02 1.01285033e-01 -3.96080971e-01 -7.44495809e-01 4.66835737e-01 -7.76655748e-02 -2.27970362e-01 2.69654721e-01 -1.12737559e-01
4.79975045e-02 -4.50130738e-02 -2.72073001e-01 4.02455509e-01 4.04885374e-02 3.92614216e-01 3.58716130e-01 -2.48542801e-01 -3.24796200e-01 3.58040601e-01 2.32518297e-02 7.66061768e-02 4.41720724e-01 5.08255720e-01 -1.20430954e-01 -5.40995419e-01 5.23379385e-01 -1.79903835e-01 1.48251653e-02 -2.41208196e-01 -2.83707857e-01 5.03106788e-02 -3.25475156e-01 1.62170842e-01 -2.98530906e-01 -9.91267040e-02 -6.08330853e-02 -5.66992581e-01 6.92141354e-02 -1.18912145e-01 1.21839042e-03 -3.39472562e-01
7.14032352e-01 -6.34458009e-03 -2.55808651e-01 1.83538437e-01 1.05905682e-01 -4.53098744e-01 -7.09148720e-02 3.20855081e-01 3.26986015e-01 -2.74661469e+00 1.32817537e-01 1.62142321e-01 3.65540683e-01 -1.67293024e+00 -4.64545898e-02 3.08608323e-01 1.37868464e-01 2.26012677e-01 -2.50054330e-01 -1.54049164e-02 5.15975296e-01 -2.24857017e-01 -2.27943763e-01 -4.22068425e-02 -3.25297326e-01 -2.01226428e-01 -4.19955291e-02 -2.00612247e-01 2.93136328e-01 1.20760284e-01 -4.29752439e-01 -2.15232879e-01
-8.33453059e-01 1.69581130e-01 -2.80688219e-02 1.15016095e-01 -2.14343593e-02 -3.68185490e-01 1.18288660e+00 -7.06727728e-02 -1.09876859e+00 7.48011291e-01 -7.31326997e-01 5.97082265e-02 1.71738729e-01 8.27390626e-02 -7.31181324e-01 6.41977012e-01 6.17105186e-01 5.53020477e-01 2.47342587e-01 2.82353982e-02 -3.13403606e-01 3.83102357e-01 5.00864863e-01 9.51209724e-01 -5.59100151e-01 5.14235258e-01 -6.24170363e-01 2.07416490e-01 8.52463543e-01 -4.61851627e-01 8.45779255e-02 1.61919132e-01
-5.18381953e-01 6.20740652e-01 -6.94818050e-02 -1.15730509e-01 5.92801213e-01 1.37571350e-01 -1.96861196e-02 4.90916789e-01 -2.89914161e-01 4.69019532e-01 9.27609727e-02 -1.80967182e-01 1.92019492e-01 1.93838894e-01 -5.61578453e-01 -1.94082782e-01 -1.09287821e-01 -6.39234707e-02 4.09087867e-01 -3.54497939e-01 -3.91951855e-03 -3.02044809e-01 6.78098993e-04 -5.81848145e-01 1.56606480e-01 -2.24234015e-01 -5.38435638e-01 -5.41692317e-01 1.44800514e-01 -3.39980513e-01 -2.22413376e-01 -3.03475529e-01
-1.32609144e-01 2.38076910e-01 4.51996475e-01 3.60391915e-01 -2.44696736e-01 -3.00498486e-01 -1.59336165e-01 -9.41717997e-03 3.13636720e-01 -4.60659325e-01 -5.82713425e-01 -7.16498718e-02 -2.66778558e-01 -3.22864562e-01 5.07474914e-02 6.45691514e-01 -7.26033151e-02 2.71290928e-01 2.96361327e-01 2.31855720e-01 8.58335570e-02 -7.44318604e-01 1.42585143e-01 8.75950530e-02 2.98595965e-01 1.67272478e-01 1.47516625e-02 -5.99188805e-01 -2.69518882e-01 -1.14363439e-01 6.57556057e-02 -2.60341704e-01
-7.36055553e-01 5.55145562e-01 -3.99361253e-01 -1.13427114e+00 -5.51001072e-01 -3.00423652e-01 -3.50834906e-01 4.13628697e-01 1.62553191e-01 4.54048008e-01 -1.72681555e-01 3.07769835e-01 2.92808741e-01 2.29549542e-01 -9.30579975e-02 6.75312340e-01 7.91337669e-01 7.75599658e-01 -4.15930271e-01 1.89744636e-01 4.02377158e-01 -5.92424035e-01 -7.34040320e-01 2.90705264e-01 -2.14021429e-01 -3.45692247e-01 1.59049749e-01 4.00774121e-01 5.18985748e-01 -9.38407004e-01 1.30212694e-01 -1.96373746e-01
1.73331589e-01 -5.53295612e-01 -1.62009433e-01 -7.84602761e-02 -4.09840852e-01 5.08609354e-01 8.75887871e-02 -4.60704833e-01 4.92266744e-01 8.80790591e-01 -2.02627555e-01 9.75695848e-02 5.18726051e-01 4.31139141e-01 2.75987759e-02 -8.66930306e-01 -4.73116577e-01 -8.54434609e-01 -4.17468548e-02 1.87242210e-01 2.34927624e-01 2.73219198e-01 1.53060704e-01 1.90172061e-01 2.96222746e-01 7.81327188e-02 -3.74405235e-01 -2.55594194e-01 -2.52428621e-01 -3.03675562e-01 3.95920992e-01 2.80634344e-01
-2.50053018e-01 -1.21050978e+00 5.12511373e-01 1.39358151e+00 3.29527110e-01 2.91669577e-01 5.95874637e-02 -6.46960735e-02 -4.40899402e-01 4.18698967e-01 8.97492766e-01 -8.06035876e-01 -9.10348713e-01 -1.87884405e-01 4.05112356e-01 5.57023048e-01 -1.49546516e+00 1.65405273e+00 4.11602318e-01 -8.36907446e-01 1.17074013e+00 3.81197274e-01 2.21548468e-01 1.36514464e-02 2.89113075e-01 -3.02335560e-01 1.40287820e-02 -3.68851006e-01 -6.87931716e-01 1.09181261e+00 -4.33186948e-01 -2.76584595e-01
-5.24847865e-01 1.92523040e-02 2.21363962e-01 1.93122625e-01 -9.45641659e-03 2.02768296e-02 7.99015611e-02 -2.76548490e-02 -2.15526864e-01 -4.32295740e-01 -8.64854634e-01 1.86020300e-01 4.03476715e-01 -9.71057564e-02 -2.73571908e-02 -4.02848512e-01 5.49495280e-01 -2.10456640e-01 -7.80729484e-03 -2.31762826e-01 -8.54724407e-01 7.25424364e-02 -1.98097587e-01 -8.45382452e-01 1.42586395e-01 5.13432443e-01 -5.56073189e-02 8.45934376e-02 -4.61779565e-01 -1.68711871e-01 -3.75223130e-01 5.45035824e-02
-2.56818891e-01 -3.51369321e-01 -1.57586470e-01 -1.63188010e-01 -1.92730635e-01 -9.96144637e-02 2.69284546e-01 2.54367173e-01 -7.45324910e-01 1.37342930e+00 -1.69542760e-01 -7.16206208e-02 -4.95572209e-01 4.96936858e-01 -4.69158739e-02 9.26080197e-02 2.83208415e-02 1.79355308e-01 3.01096821e-03 -1.72234908e-01 1.77080452e-01 1.52829826e-01 3.48485887e-01 2.22642757e-02 8.19162466e-03 -6.26260564e-02 -1.99875847e-01 2.34622210e-01 2.41644293e-01 2.98700869e-01 3.02908361e-01 1.43456742e-01
-3.19778845e-02 -2.92292595e-01 -4.59371135e-02 -8.86707231e-02 -3.15095663e-01 4.17643279e-01 -1.79437906e-01 -4.42939252e-01 8.67910758e-02 -4.33075696e-01 3.34549509e-02 4.35841471e-01 1.90300688e-01 4.13356483e-01 2.58581400e-01 -5.35069585e-01 -4.10113543e-01 -1.22637486e+00 -3.07327602e-02 -3.26730639e-01 -2.04163358e-01 8.36835504e-01 3.98641169e-01 6.52261198e-01 -5.37089646e-01 1.19820975e-01 1.43335178e-01 -1.38760924e-01 -3.96333992e-01 -2.54289299e-01 -6.93121850e-02 -1.89319495e-02
2.51127016e-02 -4.19010222e-02 1.46706820e-01 -9.33748037e-02 2.17127264e-01 -1.00027137e-01 2.79243086e-02 -3.29863042e-01 -1.92900345e-01 3.34886670e-01 1.49858341e-01 1.58410817e-01 8.55845213e-02 -2.64810473e-01 -9.07085463e-02 -3.01324517e-01 4.82435450e-02 1.40065193e-01 -1.60816237e-01 -5.49004972e-01 1.27884552e-01 -1.45922437e-01 -9.75167677e-02 -4.07602452e-02 -2.00864747e-02 2.16512382e-01 -6.59667552e-02 4.06059735e-02 1.11073583e-01 6.86387345e-02 -1.93784833e-02 3.89597612e-03
2.46443123e-01 -9.15851712e-01 -3.51728022e-01 7.82127559e-01 -4.51439060e-02 -6.07114494e-01 1.04990995e+00 -2.07198277e-01 -3.66507739e-01 2.66019082e+00 -5.44902682e-01 9.56971884e-01 6.27248406e-01 8.22248816e-01 7.96331346e-01 4.74232674e-01 -3.06110978e-02 4.40260142e-01 6.91708803e-01 3.67087394e-01 1.18761241e-01 1.07940152e-01 -2.75342464e-01 1.07735777e+00 -1.36018157e-01 1.08484201e-01 -2.82561481e-01 3.91748458e-01 -1.66020561e-02 5.53419329e-02 5.40140986e-01 1.11982368e-01
-1.03118129e-01 1.62111640e-01 1.27615780e-01 7.46199787e-02 4.45909239e-02 -4.85536680e-02 1.73408501e-02 1.05692901e-01 -3.44869285e-03 -2.98900027e-02 1.66387334e-01 8.73036534e-02 8.29307809e-02 3.62836290e-03 1.74805030e-01 2.06889614e-01 2.52824044e-03 -1.29956394e-01 -1.99349411e-02 8.51012841e-02 -1.61328390e-01 -5.15311323e-02 -3.10977083e-02 -2.61664763e-02 -4.52017009e-01 -2.33422786e-01 4.79204319e-02 -1.31335407e-01 -7.25653544e-02 -5.30009791e-02 -1.47963967e-02 -4.60868418e-01
-2.68099457e-03 -8.03940222e-02 -6.11702316e-02 2.23605074e-02 -2.11841702e-01 2.67345179e-02 -3.15007120e-02 1.65437296e-01 6.29583523e-02 -5.55738173e-02 -1.43206194e-02 -1.29248397e-02 -6.64998218e-02 2.22991351e-02 -5.52819446e-02 2.14478225e-01 -1.08549856e-01 -1.28793940e-01 7.80981220e-03 3.33360463e-01 -2.40168065e-01 -1.10427774e-01 4.52262536e-03 1.53959278e-04 6.37937291e-03 -9.34217200e-02 -6.41118512e-02 -7.12224543e-02 -5.47233187e-02 4.82727103e-02 2.68930420e-02 -6.56777236e-04
8.30109656e-01 -2.58746326e-01 3.73998672e-01 3.28582883e-01 -4.56538618e-01 4.55744145e-03 -5.00509024e-01 1.69029981e-02 6.59557104e-01 7.79041201e-02 -2.02698112e-01 5.95257506e-02 6.54025450e-02 2.21610740e-01 7.29334772e-01 -6.13335133e-01 -4.40625191e-01 -8.09275329e-01 4.46743697e-01 -2.54453510e-01 -8.06640506e-01 2.77267724e-01 -1.48988381e-01 1.93653747e-01 6.87352777e-01 -2.18537729e-02 2.13197172e-01 7.91941434e-02 -5.47625124e-01 2.15061098e-01 1.25171021e-01 2.41486341e-01
1.22485146e-01 -4.02355462e-01 -2.01324433e-01 3.73859912e-01 9.06941444e-02 -5.91834664e-01 1.47731498e-01 3.52244526e-02 2.35678896e-01 -2.36172497e-01 -2.86030203e-01 4.93002832e-01 3.87153953e-01 -2.75909930e-01 2.46203870e-01 -6.58545196e-01 -3.16238433e-01 -9.21313703e-01 4.14974988e-01 -3.84737611e-01 -3.15283924e-01 1.27982097e-02 3.43659222e-01 6.43360019e-01 -1.89688325e-01 -2.93493897e-01 4.06929731e-01 8.48961174e-02 -8.81122053e-02 -4.54171896e-01 1.00950047e-01 3.03546041e-01
-1.74854279e-01 -2.45144248e-01 1.00964439e+00 9.22732577e-02 -1.49789739e+00 -9.80805606e-02 2.20523521e-01 -1.42625228e-01 5.92556775e-01 8.75352383e-01 -1.67647779e-01 -4.02165711e-01 2.28248499e-02 8.42773020e-01 2.48680502e-01 -2.70497322e+00 -4.67714429e-01 -3.03825212e+00 3.37806106e-01 -8.14425126e-02 -5.85607648e-01 8.64456177e-01 4.11142766e-01 1.82772964e-01 3.92122179e-01 1.29567325e-01 3.14963371e-01 8.51188228e-02 -1.49745688e-01 -7.66854882e-01 -2.70045727e-01 -4.30245623e-02
-1.62836298e-01 -2.89127707e-01 -2.75216013e-01 -2.73346812e-01 -2.08227172e-01 5.42926311e-01 1.83980808e-01 -1.13113143e-01 -1.49580538e-01 3.61292958e-01 -1.92891672e-01 1.65511087e-01 4.82529476e-02 -2.40401536e-01 -1.01939298e-01 -3.80330265e-01 2.42030159e-01 -5.67567468e-01 -2.90323645e-01 -3.57913529e-03 -3.45815927e-01 3.68729472e-01 -1.26789913e-01 3.83381993e-01 3.58461946e-01 -5.25767326e-01 4.87255096e-01 7.45479763e-02 6.46388680e-02 1.41831204e-01 -5.00074103e-02 3.79641056e-02
3.59629810e-01 6.37873650e-01 7.40264416e-01 -4.03064370e-01 6.41060248e-02 2.25491717e-01 1.06728405e-01 -1.14546247e-01 -7.76099563e-01 1.01440132e+00 -2.76957750e-01 -2.63393462e-01 -4.39796537e-01 1.11648822e+00 2.14577585e-01 -4.03455198e-02 -6.10024482e-03 -1.04223776e+00 2.71617979e-01 -3.02090585e-01 1.38779536e-01 7.37524688e-01 -5.17132618e-02 -3.98984969e-01 7.16628134e-01 -7.67452300e-01 4.86838639e-01 -1.36045113e-01 -2.71073997e-01 -5.97293794e-01 -6.54364899e-02 -5.44152737e-01
5.14110271e-03 -1.92499846e-01 1.66528299e-01 -1.88712686e-01 -4.62994687e-02 7.80053660e-02 -2.17060670e-01 -2.64543682e-01 -3.03176373e-01 -4.48281169e-01 -8.56005400e-02 -5.73687740e-02 -8.21455494e-02 3.32212038e-02 4.08605307e-01 4.01230335e-01 5.52850783e-01 -2.28838548e-01 1.26936762e-02 3.45862985e-01 -7.63701424e-02 2.89472282e-01 -3.72766286e-01 4.71815430e-02 1.41947463e-01 -2.17085600e-01 3.90291631e-01 4.02341962e-01 -3.67934912e-01 -4.63724762e-01 1.86164722e-01 1.80662826e-01
-1.17609608e+00 1.94472566e-01 9.50575545e-02 -1.24048710e+00 -2.34861836e-01 -1.66561484e-01 1.59845501e-01 4.49703515e-01 1.99869007e-01 3.08164597e-01 -9.11783516e-01 6.56893134e-01 1.00915289e+00 3.60359251e-01 -7.51170754e-01 3.82352322e-02 6.39722347e-01 -7.14766145e-01 -2.01024488e-01 1.02015674e+00 -6.61063969e-01 -3.70335788e-01 -4.36962366e-01 -6.01298437e-02 5.23415089e-01 9.07245517e-01 9.26434696e-01 7.50922918e-01 4.32689637e-01 -9.71072674e-01 9.40201357e-02 2.88185894e-01
-1.02614418e-01 9.36176106e-02 3.15827459e-01 -4.83717285e-02 3.21743667e-01 -1.03100076e-01 -5.69468085e-03 3.63103896e-02 -5.29025309e-02 1.97288260e-01 2.56022867e-02 1.08786467e-02 -5.39988605e-03 -9.68641862e-02 6.79756701e-02 -1.37644231e-01 6.81927502e-02 5.74971326e-02 9.65590868e-03 -4.34142441e-01 1.36260748e-01 -9.23712999e-02 1.65357254e-02 7.94611964e-03 1.48345575e-01 -1.11709582e-02 7.17172176e-02 1.54516816e-01 3.62482928e-02 -8.77916962e-02 -3.31892185e-02 5.10567501e-02
-1.33274198e-01 2.08814278e-01 3.80474061e-01 -1.58741683e-01 9.71853659e-02 1.26493305e-01 6.99552119e-01 3.27657282e-01 8.82356390e-02 -1.15055478e+00 -3.84904355e-01 5.72491586e-01 6.95447385e-01 -2.39406571e-01 -4.33101207e-01 2.27960441e-02 4.09385651e-01 -2.97632873e-01 -4.39538360e-02 -6.94270313e-01 1.05269217e+00 -2.32877940e-01 4.42699976e-02 -1.23113894e+00 1.97428361e-01 5.53624868e-01 -1.03270280e+00 -9.03321207e-01 3.15162152e-01 -1.50193110e-01 -1.25301881e-02 -2.61263162e-01
4.93316025e-01 -3.69069397e-01 -3.72365385e-01 4.86651927e-01 1.10467017e-01 2.88285092e-02 3.53399478e-02 -1.15125552e-01 3.60249281e-01 -2.99282260e-02 -7.71855339e-02 -9.33558270e-02 7.19794929e-01 -2.80487597e-01 4.12876606e-01 -9.46986079e-02 -8.33900124e-02 -2.80089766e-01 -8.72055069e-02 -1.28288686e-01 -2.72612780e-01 7.37828165e-02 2.34348640e-01 2.10692734e-01 -7.59342238e-02 -2.45378628e-01 8.39068592e-01 4.62934375e-01 -3.40115368e-01 3.83789480e-01 2.71778464e-01 3.50999027e-01
-1.93252087e-01 2.90071756e-01 -1.71991959e-01 -6.55689090e-02 -5.28503001e-01 -2.25261301e-01 8.42559859e-02 4.39356774e-01 -2.88225859e-02 -5.47092259e-01 -2.02612728e-01 4.62227836e-02 -3.35533857e-01 1.87321931e-01 2.84804434e-01 -1.47342965e-01 -1.69800609e-01 2.85975069e-01 4.40152809e-02 3.49563420e-01 -2.30249494e-01 -6.50959909e-02 -5.00443541e-02 -8.73640180e-04 -7.29029849e-02 -9.43810344e-02 2.55435973e-01 -3.17411244e-01 1.09285273e-01 -8.94224644e-03 2.93300133e-02 1.25804558e-01
5.94872236e-02 -5.00528753e-01 -9.63719562e-02 -1.05155714e-01 -1.05955482e-01 -1.62835076e-01 -1.31710609e-02 -1.59133703e-01 -3.90421987e-01 4.55410987e-01 -1.43855345e-02 8.84216428e-02 3.55261087e-01 3.38050604e-01 -1.72142714e-01 -6.81927681e-01 -1.71511620e-01 -1.96914092e-01 -1.57419834e-02 5.79909571e-02 5.14138937e-02 -4.26244512e-02 5.68225086e-01 5.24855629e-02 -3.80609453e-01 2.32443333e-01 3.39001209e-01 1.27071247e-01 -6.11702390e-02 1.21869132e-01 -2.62668505e-02 -2.12511674e-01
9.75518882e-01 -2.03935280e-02 -7.22028553e-01 2.83008456e-01 3.87500554e-01 1.26902729e-01 5.12833774e-01 1.30065277e-01 -3.44560117e-01 -9.00594234e-01 -8.44210863e-01 1.30808961e+00 1.13999285e-02 -8.92912209e-01 3.20253849e-01 8.65423262e-01 9.87352617e-03 7.69810557e-01 -1.48784205e-01 -4.26379740e-02 -1.97490060e+00 -3.69369268e-01 -7.69763887e-01 -1.60985693e-01 -5.75938106e-01 -9.19454843e-02 3.34016889e-01 7.78230071e-01 -1.37793750e-01 1.47284254e-01 -4.84139360e-02 5.82550883e-01
-1.30357862e-01 2.77560383e-01 -9.09712315e-01 -9.34556276e-02 1.71772137e-01 3.22342962e-01 8.39980096e-02 2.34084055e-02 1.05097823e-01 5.30650318e-01 -4.30197030e-01 -1.16234636e+00 3.96189928e-01 2.47854993e-01 -4.52395737e-01 4.80314285e-01 1.55054033e-01 1.23815775e+00 -3.96634787e-01 1.94229528e-01 2.47761518e-01 -1.01585731e-01 -1.01469554e-01 6.39764071e-01 -3.20489913e-01 7.82465637e-01 -1.15005463e-01 -2.14725420e-01 7.20440969e-02 9.25264731e-02 7.17206538e-01 -9.06334445e-03
6.66152462e-02 3.33923250e-01 -1.88300937e-01 -7.03539491e-01 1.32139176e-01 6.38981998e-01 2.41391554e-01 8.30043197e-01 2.55280733e-01 1.96668699e-01 8.68247509e-01 -1.50187507e-01 1.64599195e-01 1.58355206e-01 2.75050960e-02 -2.04728097e-01 2.57446706e-01 2.24981949e-01 -3.44505489e-01 -3.60370547e-01 -9.94132459e-02 -2.22849548e-01 2.01111883e-01 9.46115404e-02 -1.38109237e-01 2.60238737e-01 -4.66648638e-02 -8.29498619e-02 -5.09939909e-01 1.68731794e-01 -2.82236099e-01 2.35264227e-02
7.22649321e-02 3.66636105e-02 -1.30852401e-01 2.10467465e-02 -5.55448011e-02 5.12032621e-02 5.51896393e-02 8.11349675e-02 -2.32887603e-02 -3.47855277e-02 -4.57121357e-02 -3.93506587e-01 2.39940271e-01 2.10578859e-01 1.15749771e-02 8.58750120e-02 1.27768487e-01 -7.88382813e-02 1.04658313e-01 2.73957878e-01 1.26679942e-01 2.74033606e-01 -7.19740335e-03 1.61982328e-01 -1.13269970e-01 -2.89024830e-01 -1.65028527e-01 -1.80659428e-01 -3.15038472e-01 -1.32234454e-01 6.71553751e-03 -2.49998659e-01
5.11514246e-01 2.08029374e-01 4.72472250e-01 3.83005470e-01 5.47397971e-01 3.31575692e-01 9.05106783e-01 -3.64747375e-01 7.33824372e-01 -1.91458404e-01 -6.23762846e-01 1.84473649e-01 -5.10833859e-01 -6.34476185e-01 -1.21432573e-01 5.23534060e-01 -2.13683322e-01 -2.25197703e-01 2.81221479e-01 2.69281775e-01 -1.20268129e-01 5.35689712e-01 1.95573926e-01 3.86207193e-01 1.84598804e-01 -1.09401725e-01 -2.39932254e-01 2.99553182e-02 1.76541775e-01 4.02815133e-01 -6.56958669e-02 -1.01204783e-01
-2.68155783e-01 -4.66910362e-01 1.42554009e+00 1.18472345e-01 -8.62402380e-01 -1.80296212e-01 -1.22793889e+00 -9.78266895e-01 3.11479270e-01 1.03271782e+00 4.60376702e-02 -5.17128646e-01 -3.17214102e-01 9.89629507e-01 5.68421364e-01 -2.13762164e+00 2.22827300e-01 -2.89129472e+00 1.76310205e+00 8.12408388e-01 -5.76492190e-01 1.63970268e+00 -4.23381388e-01 3.01100641e-01 3.13999146e-01 -7.12754726e-01 -2.21377656e-01 3.77777934e-01 1.82023630e-01 5.76635934e-02 8.73666942e-01 1.71108082e-01
2.19177417e-02 -3.44092883e-02 5.25382385e-02 4.66950387e-02 4.08161074e-01 -8.70959274e-03 7.62225920e-03 2.13650074e-02 4.10299450e-02 -1.77653097e-02 -1.48790898e-02 -6.83994219e-02 1.02964520e-01 -5.11044986e-04 1.73132699e-02 -5.23382351e-02 -7.38398591e-03 -5.23910038e-02 -7.27878734e-02 7.99210072e-02 1.29606947e-01 4.00113240e-02 -2.56772302e-02 -1.25028042e-03 -1.22619674e-01 -1.43409178e-01 2.00725961e-02 3.56066018e-01 -4.65085432e-02 -5.26768453e-02 2.67125829e-03 -2.50235915e-01
-3.78849477e-01 1.99607223e-01 -1.68783799e-01 -5.30044846e-02 -1.13929443e-01 -2.48297174e-02 -3.99194360e-01 6.80564106e-01 1.42350176e-03 -1.41385064e-01 -1.39608860e-01 6.01549327e-01 4.79627460e-01 -4.97749783e-02 1.69071436e-01 2.11117402e-01 3.79650891e-02 2.12990418e-01 -1.53696507e-01 1.10302299e-01 -2.08198857e-02 -6.41139328e-01 -1.54478282e-01 -4.22230750e-01 -2.01439694e-01 -1.90896675e-01 -5.91339290e-01 2.31027544e-01 -2.72675872e-01 -2.26449355e-01 -1.88416436e-01 4.21099901e-01
4.02451232e-02 -1.54298708e-01 5.10924697e-01 3.10276866e-01 -6.20180607e-01 2.22773373e-01 3.35456848e-01 -6.24070168e-01 5.10670125e-01 3.15272689e-01 -5.30981682e-02 3.71544331e-01 -1.38508499e-01 1.36867076e-01 1.37946606e-01 -2.21712613e+00 1.60637170e-01 -1.13874614e+00 7.32448399e-02 1.50094658e-01 -1.08985975e-01 1.17711730e-01 2.34702215e-01 1.78639054e-01 -2.58249491e-01 -5.80192864e-01 -2.61501484e-02 -1.32776007e-01 -4.58199471e-01 -4.44505304e-01 5.26489139e-01 -2.76187479e-01
-1.60178185e-01 2.39055052e-01 -1.91699564e-01 1.46706685e-01 -9.65386927e-02 -1.00348756e-01 2.84154594e-01 -1.85666814e-01 -4.99270320e-01 1.57152212e+00 -3.79670948e-01 -3.31085064e-02 -2.69780487e-01 1.28233063e+00 -4.77088958e-01 9.93181579e-03 1.07110813e-01 -1.95455980e-02 -1.15561925e-01 -2.67279804e-01 -3.84374000e-02 1.89030081e-01 -1.06116265e-01 -1.69258848e-01 -1.76509574e-01 7.31997415e-02 4.26035285e-01 5.00512302e-01 1.91543221e-01 -4.75921690e-01 3.62056375e-01 -5.82718439e-02
-1.42555624e-01 -2.16748610e-01 6.72025859e-01 4.49843287e-01 -1.83884442e-01 -3.54264528e-01 -1.08404124e+00 1.66191727e-01 2.21891508e-01 4.37647939e-01 5.57037480e-02 -2.15157308e-02 1.44964352e-01 2.04674304e-01 -2.28605658e-01 5.57270348e-01 6.29645353e-03 1.59128815e-01 -1.56806886e-01 -3.20595622e-01 8.43632698e-01 4.38284159e-01 3.60493273e-01 -5.92807710e-01 6.29293248e-02 5.92188202e-02 -2.33551204e-01 2.99477488e-01 -8.98608789e-02 3.02637160e-01 -1.51597381e-01 -3.62800747e-01
8.65536928e-01 -2.85754770e-01 5.21267235e-01 9.20247734e-01 -3.18264276e-01 2.51497358e-01 -9.93405461e-01 -5.12809217e-01 5.98073125e-01 -1.02750754e+00 -2.73415357e-01 5.87391376e-01 -1.17726493e+00 -4.15900081e-01 5.71057260e-01 -4.31575507e-01 -3.63996456e-04 -1.97927617e-02 4.96953994e-01 8.35602164e-01 4.08024758e-01 -3.98936898e-01 -1.97376323e+00 -5.45942724e-01 5.80631912e-01 6.16465449e-01 -8.66590381e-01 -4.87732977e-01 2.30773278e-02 1.20100820e+00 -1.01145768e+00 -1.05804734e-01
-2.32839454e-02 1.51938125e-01 -3.64128090e-02 -5.33977598e-02 -1.56511098e-01 -3.39225233e-02 4.03336026e-02 -4.30790149e-02 -6.12970479e-02 -9.96942818e-03 3.82307321e-02 1.00154825e-01 8.37747380e-02 -8.15184042e-03 1.70677066e-01 -1.15993671e-01 5.37871420e-02 1.90389395e-01 -2.25439742e-02 -2.96038866e-01 1.40412241e-01 4.95661832e-02 -1.67871844e-02 -3.41765657e-02 -2.98832893e-01 -4.15405147e-02 1.49268508e-02 -6.89509958e-02 -1.53205115e-02 -1.08107291e-02 -3.23223136e-02 -2.25170106e-01
1.16360821e-01 3.07722330e-01 1.57498944e+00 5.09164035e-01 -1.06188583e+00 1.57272264e-01 -1.70834988e-01 -6.06993377e-01 8.21966827e-01 5.59191763e-01 1.97363883e-01 -3.83255422e-01 -9.54253614e-01 9.29867029e-01 5.60916364e-02 -3.27172256e+00 -1.72354996e-01 -4.24135876e+00 4.01896745e-01 1.65999368e-01 -1.19653189e+00 9.68713939e-01 3.52984279e-01 -3.91801968e-02 3.14111501e-01 -2.20280066e-01 -4.61029947e-01 6.04921401e-01 -2.65366018e-01 6.28365278e-02 -3.52928303e-02 -3.50803547e-02
-7.58156478e-01 2.35786259e-01 7.46058300e-02 -6.85197771e-01 5.84377116e-03 -2.23324597e-01 -2.47096613e-01 4.35746938e-01 -2.37624720e-02 -5.31252697e-02 1.70639113e-01 -3.50200385e-01 3.81016612e-01 3.92714918e-01 -4.50979859e-01 -3.40859890e-01 2.65175074e-01 -2.33071476e-01 -3.01620692e-01 1.86752602e-01 -3.84738762e-03 6.43149376e-01 1.64802402e-01 -2.89804578e-01 -1.83185264e-01 2.43755773e-01 -6.53939366e-01 1.92232668e-01 2.98641827e-02 -5.10179281e-01 -1.68867514e-01 -6.80325866e-01

layers.2.bias:
-1.40959561e+00
-8.24339986e-01
8.02353561e-01
-6.20844781e-01
1.69453025e-01
-4.00374770e-01
2.35074773e-01
2.21495056e+00
4.82345253e-01
8.32780600e-01
-9.30595398e-01
-1.35182786e+00
-4.15115088e-01
9.72213924e-01
-2.85187870e-01
-6.59204066e-01
-6.52818084e-02
-8.27836275e-01
2.69158721e-01
-8.79133493e-02
-3.40741754e-01
8.00387323e-01
7.90862679e-01
-1.53350726e-01
-3.43487591e-01
1.07023072e+00
-9.82974172e-01
-9.94341373e-01
5.24269760e-01
-1.33581638e+00
3.03662717e-01
-1.78208889e-03
8.62172425e-01
1.17236607e-01
-2.10726246e-01
-2.08635516e-02
-1.35925859e-01
1.41539061e+00
1.05393827e+00
-3.53308380e-01
9.99251246e-01
-2.91399837e-01
-5.20426035e-01
1.45189106e+00
2.51016855e-01
-1.07363582e+00
1.00819063e+00
-3.46593469e-01
8.28067899e-01
1.75641811e+00
2.12627336e-01
4.29310530e-01
1.09277904e-01
-4.76051420e-01
2.29042947e-01
-1.34582054e-02
8.25451314e-01
-5.55515960e-02
9.61713400e-03
-6.44628048e-01
5.99697888e-01
5.42646721e-02
-2.64285922e-01
7.74922609e-01

layers.4.weight:
3.19252074e-01 3.04066483e-02 -6.58199415e-02 9.16653685e-03 1.75396388e-04 7.31168687e-02 9.32230148e-04 -7.37624288e-01 -1.00395590e-01 -3.90311569e-01 4.41496335e-02 9.36861396e-01 -1.95576048e+00 -1.32552266e-01 1.44890957e-02 -1.47727013e+00 -5.31847531e-04 5.98996691e-02 -3.48609698e-04 3.06381728e-04 4.21155768e-04 -1.71061859e-01 -1.84076850e-03 2.68568933e-01 -3.19745615e-02 -1.76613498e-02 1.17979413e-02 7.50376701e-01 -3.67982626e-01 4.11460727e-01 -5.57307666e-03 -1.22078449e-01 -3.96000817e-02 -3.01979919e-04 2.54317895e-02 -1.25272083e-03 1.11856112e-04 -1.61348820e-01 -2.27524582e-02 2.54585326e-01 -2.55647860e-03 2.93444127e-01 5.13278588e-04 -1.18226178e-01 -2.25790180e-04 1.35418594e-01 -1.33552505e-02 -1.21581033e-04 -6.81543946e-02 -6.92992806e-01 -1.85045681e-03 -2.55832128e-04 9.78026656e-04 3.42822284e-04 -1.10633945e+00 -1.75105850e-03 2.76946412e-05 -3.07284623e-01 -6.83212727e-02 2.89493576e-02 -1.67004839e-02 -2.23679119e-03 6.67644918e-01 -1.20518217e-02

layers.4.bias:
-1.11834061e+00

