layers.0.weight:
3.31696361e-01 -5.67613244e-01 7.97264636e-01
5.69172144e-01 -8.09445798e-01 -5.80563486e-01
-8.31293464e-02 -6.13938749e-01 -5.77727258e-01
-1.07055378e+00 1.15616508e-01 4.58123112e+00
2.67282110e-02 4.11940843e-01 1.16166264e-01
-5.79876065e-01 8.58121514e-01 -1.84879377e-01
-1.31842160e+00 4.86020595e-01 -9.88645032e-02
-6.01682402e-02 7.88846374e-01 -9.23566997e-01
6.03414774e-01 -9.26082134e-01 5.12713566e-02
-1.11527514e+00 5.86289167e-02 -1.64189592e-01
7.53551662e-01 -9.85680073e-02 1.41279221e+00
-7.16238439e-01 -1.31785080e-01 -1.29353356e+00
-4.30584475e-02 7.12955832e-01 -1.57757306e+00
-1.16726887e+00 2.10410804e-02 5.00053525e-01
-6.46977663e-01 1.09646142e+00 7.52028525e-01
-1.81771189e-01 9.48456824e-01 1.64468549e-02
5.46070874e-01 -6.33792400e-01 -1.45019031e+00
-1.15504665e-02 1.12846863e+00 1.84981868e-01
8.07071701e-02 -9.54183042e-01 5.35116851e-01
3.41117471e-01 -1.28724232e-01 -8.64976227e-01
2.23475501e-01 1.65966094e-01 -5.10879010e-02
-3.24195027e-01 -2.56797969e-01 -1.00232065e+00
-4.64660525e-01 1.65601885e+00 -4.46076952e-02
-1.56447518e+00 4.06930357e-01 1.75152493e+00
1.05132234e+00 3.79940838e-01 -7.78481364e-01
2.59609371e-01 6.71772659e-01 -1.17486012e+00
-1.16151750e-01 -2.13369340e-01 1.90187418e+00
-3.97779703e-01 -2.44972542e-01 1.92939892e-01
3.22416067e-01 7.57217348e-01 -1.46468067e+00
-1.04933763e-02 4.65525806e-01 1.70563948e+00
-2.89658904e+00 2.84448242e+00 -1.78299040e-01
-1.26738083e+00 -5.19488692e-01 1.02004325e+00

layers.0.bias:
8.77201200e-01
4.81547834e-03
-1.42384720e+00
-6.34384930e-01
7.07518518e-01
-2.04255387e-01
-3.54310095e-01
2.86240637e-01
-7.45998621e-01
-1.59115899e+00
1.64644122e-01
1.80825554e-02
2.46107668e-01
-1.21306002e+00
-2.90836543e-01
1.43946290e+00
9.34610724e-01
1.82654703e+00
-6.68276668e-01
5.78918040e-01
-1.44309163e-01
-1.35729384e+00
1.02535832e+00
-7.05530941e-02
1.36946186e-01
5.60703695e-01
8.80503118e-01
-1.57881156e-01
-4.88352716e-01
7.31267482e-02
8.91685039e-02
-6.70209900e-02

layers.2.weight:
-2.65774906e-01 3.11390996e-01 1.50377184e-01 -5.30584395e-01 -2.72803485e-01 -1.38215944e-01 5.95334098e-02 -6.96864352e-02 1.78066283e-01 2.58530927e+00 4.57903296e-02 1.16594851e-01 -1.85491592e-01 2.33722091e+00 -2.97537386e-01 2.35617355e-01 -9.13187582e-03 4.36487556e-01 2.30122864e-01 -2.17853680e-01 1.88719377e-01 -2.41840482e-02 -6.52880073e-01 5.35442412e-01 -1.39335588e-01 6.43654764e-01 -8.33688736e-01 -8.68334472e-02 -2.03901932e-01 -2.67615646e-01 -5.03693938e-01 3.13185930e-01
-5.37189282e-02 1.49260849e-01 -8.60452354e-01 7.79289827e-02 -3.89914215e-01 1.19435787e-01 -8.36834788e-01 -5.04212499e-01 5.64491451e-01 6.32480979e-01 3.76117527e-01 -3.09233636e-01 2.26260260e-01 -9.26610753e-02 -3.17214280e-01 2.43398756e-01 -3.68665814e-01 3.66432965e-01 -4.06943232e-01 -7.03543127e-02 6.05591059e-01 -1.29569337e-01 -4.65771735e-01 -1.84544921e-02 5.71636483e-03 -8.10313076e-02 -2.98420370e-01 -5.09095430e-01 3.96439917e-02 -1.92611635e-01 -1.04493476e-01 1.78753868e-01
-1.31205931e-01 -1.01640075e-01 8.13071430e-02 -8.34633887e-01 -6.16486430e-01 6.98943511e-02 -4.01721150e-01 4.17833656e-01 3.62033427e-01 7.92451978e-01 -6.33269668e-01 -2.42877449e-03 2.47133359e-01 8.56643692e-02 -1.17478892e-03 -5.28412580e-01 -1.57797173e-01 -4.83939052e-01 -2.00111210e-01 3.92592460e-01 -3.34170997e-01 -1.70419618e-01 4.89250660e-01 -1.12995636e+00 -2.28551596e-01 5.20382762e-01 -1.25392759e+00 -5.24536446e-02 5.16363263e-01 -4.56937909e-01 1.86749518e-01 1.03563644e-01
3.65312040e-01 6.42575994e-02 -2.42090318e-02 1.46337867e+00 4.82691884e-01 2.63979524e-01 5.41022897e-01 -3.63718182e-01 -1.32310335e-02 -1.59833372e-01 2.78280109e-01 -1.80439964e-01 -6.94985986e-01 4.50568683e-02 4.96938556e-01 3.94449234e-01 -1.55867264e-01 5.47827303e-01 4.55556989e-01 -8.22078705e-01 -9.68937933e-01 -2.66914755e-01 2.39584208e-01 1.28478169e+00 -5.47046781e-01 -6.79165184e-01 6.15707934e-01 3.04692000e-01 -7.84574330e-01 -4.57034670e-02 -1.40760779e-01 6.98986709e-01
2.07210764e-01 -3.12472880e-01 3.37909073e-01 -4.25717443e-01 -2.22305715e-01 -3.60813975e-01 -1.48338401e+00 9.65332165e-02 6.33948684e-01 -5.65030396e-01 4.38323379e-01 -7.37789750e-01 7.79901803e-01 -6.89098895e-01 -1.25126898e-01 -1.61926937e+00 -3.41457874e-01 -1.34982622e+00 1.90259218e-02 -1.44947916e-01 8.29268813e-01 -5.62011003e-01 1.18276916e-01 -3.19946259e-01 -6.98076546e-01 6.16932333e-01 1.16632141e-01 -5.56182325e-01 -2.85010308e-01 6.33925915e-01 -1.64403290e-01 -8.36481601e-02
-5.11216462e-01 2.51756102e-01 3.60612273e-01 1.81740090e-01 -7.95431018e-01 -1.68552771e-01 -9.55076694e-01 3.20772231e-01 5.57708383e-01 -1.86479643e-01 6.62794471e-01 1.45054057e-01 -8.82306322e-02 -3.61837804e-01 -3.15051556e-01 -1.13091016e+00 -3.42042446e-01 -1.25443470e+00 5.83117306e-01 -2.51193583e-01 -4.65930074e-01 -2.88300216e-03 -4.72057164e-01 -1.77001014e-01 8.97876322e-02 8.81717056e-02 1.61852151e-01 1.00990736e+00 -1.23883501e-01 -4.10553813e-01 -6.92625761e-01 2.82789886e-01
-1.79880559e-02 5.62305981e-03 -2.25250676e-01 3.16038937e-03 -1.57139972e-01 1.90224782e-01 -9.09865573e-02 -4.00685191e-01 -1.25518888e-01 2.39159182e-01 2.93228179e-01 6.28506765e-02 2.86573261e-01 -3.01860049e-02 -1.23262582e-02 -2.49543115e-01 1.52961146e-02 1.18398227e-01 -4.67026085e-02 -3.14857930e-01 -3.75055999e-01 1.04929119e-01 6.98882043e-02 2.33219508e-02 1.49442330e-01 2.57180750e-01 -3.47058743e-01 -3.99287939e-01 -1.58491388e-01 8.33152607e-02 -7.47640729e-02 1.53431699e-01
2.98919559e-01 1.05432518e-01 -4.20828462e-01 3.49387437e-01 3.55759442e-01 -6.47186279e-01 9.70403031e-02 4.89915580e-01 9.44558606e-02 -3.09280962e-01 -1.45920381e-01 9.76913214e-01 3.19176137e-01 -5.45490682e-01 -1.64721906e-01 1.95532203e-01 5.30847371e-01 2.09571242e-01 2.52543956e-01 5.10498345e-01 -1.46894097e+00 -8.98593247e-01 1.39309987e-01 3.06150019e-01 2.29738876e-01 7.51294374e-01 5.96204937e-01 5.20802736e-01 -5.80273926e-01 4.88369077e-01 2.51507074e-01 -2.90171772e-01
1.93078727e-01 4.42193508e-01 -6.28415108e-01 -2.53538370e-01 1.46885777e+00 -5.61071575e-01 -5.80384851e-01 -4.06548977e-01 -6.38660491e-01 1.40485972e-01 4.87671316e-01 1.83094576e-01 6.75460577e-01 -4.04154688e-01 -9.12867337e-02 1.96670890e+00 4.98426199e-01 1.61019599e+00 -4.40079808e-01 2.02551531e-03 -4.94717015e-03 -3.21565062e-01 -1.00014135e-01 1.46556169e-01 -9.65158865e-02 3.57812613e-01 6.34440482e-02 9.31286886e-02 -1.45897448e-01 1.59887120e-01 2.03605318e+00 -1.10844649e-01
-6.32238090e-01 9.09749866e-02 -9.00845453e-02 -5.38458467e-01 4.23083603e-01 3.36585268e-02 -3.99855673e-02 3.91618133e-01 3.96104991e-01 -1.48362383e-01 -6.74255053e-03 2.57219046e-01 2.01015219e-01 1.85908914e-01 -3.35096836e-01 -6.00711644e-01 3.18156719e-01 -4.14719999e-01 -4.33025390e-01 -2.25201230e-02 -6.29585266e-01 -2.18286633e-01 1.24625549e-01 -9.61277410e-02 -2.11375669e-01 -7.48125315e-02 -1.90032393e-01 2.22336084e-01 2.80039519e-01 1.47511810e-01 1.83310091e-01 -1.08965132e-02
2.13157997e-01 -3.18811506e-01 -1.03379590e-02 -3.69103521e-01 -5.79159975e-01 -3.57404590e-01 -3.63639235e-01 1.37586907e-01 6.19109988e-01 2.42723674e-01 -5.26752770e-01 -1.18442960e-01 8.60811174e-01 -3.27309728e-01 -1.90181866e-01 -3.83956671e-01 -6.42129600e-01 -9.31709111e-01 1.78529080e-02 -3.72805633e-02 1.05670428e+00 -2.42252320e-01 -9.01425123e-01 1.67049140e-01 -6.19023591e-02 -5.71919456e-02 -4.40138191e-01 -5.47384918e-01 2.89307177e-01 -4.03220147e-01 -1.90815911e-01 3.32017511e-01
-1.67494178e-01 -5.38963497e-01 1.72765398e+00 -9.33253527e-01 -6.74696326e-01 2.25582480e-01 -1.41690522e-01 -3.28631610e-01 -1.85772881e-01 1.91696882e+00 -1.85269639e-02 -1.27787977e-01 3.54082942e-01 3.12483644e+00 2.85519630e-01 -3.46395969e-01 2.68076301e-01 -2.22860098e+00 5.04473150e-01 -2.83716917e-01 3.87687773e-01 6.59238458e-01 -1.75473645e-01 7.68164337e-01 3.21954787e-02 -4.85812306e-01 2.32319757e-01 -2.22807541e-01 1.73567429e-01 -1.52802197e-02 9.76917595e-02 -4.50204521e-01
-7.24851608e-01 -2.37759411e-01 1.10297132e+00 4.14829433e-01 -1.21546018e+00 6.89189970e-01 2.81091258e-02 -9.67470229e-01 4.39331144e-01 4.71894950e-01 1.86163351e-01 1.35368466e-01 -5.18788040e-01 -1.41572401e-01 5.69613516e-01 -4.91860008e+00 -1.56073540e-01 -6.83745861e+00 6.32553279e-01 -1.05744886e+00 -6.39736354e-01 5.61950922e-01 7.16844082e-01 -1.14009678e-01 -2.88697034e-01 -2.60762542e-01 -3.54681611e-01 7.03420639e-01 -6.60041988e-01 -3.22006494e-01 -1.27375948e+00 -2.19428837e-01
8.55711922e-02 -1.88260898e-01 -6.52941167e-01 -6.78873807e-02 -1.08156480e-01 -7.67155364e-02 2.84365803e-01 3.07557553e-01 3.32894385e-01 -2.42949873e-01 5.23802638e-01 -1.66567340e-01 3.30264449e-01 -8.08572710e-01 -3.03454697e-01 -2.85487366e-03 -2.58497179e-01 2.50526011e-01 -5.57238683e-02 1.27680168e-01 -7.59637430e-02 -1.65712506e-01 3.07326261e-02 -2.20612809e-01 -1.57182395e-01 7.54428327e-01 -7.66155450e-03 7.74637014e-02 -2.04073563e-01 2.56475329e-01 2.09341720e-01 3.88866603e-01
-9.62817132e-01 2.44738102e-01 1.41551644e-01 3.53790432e-01 -4.89362836e-01 6.77715778e-01 -2.41614476e-01 -1.60454482e-01 3.42435896e-01 -1.41573846e-01 -7.84522057e-01 2.64899582e-01 1.37002021e-01 -2.98413962e-01 -3.18036824e-01 -8.38105798e-01 2.22228050e-01 -8.74355853e-01 -2.52167106e-01 3.05138826e-01 1.17338789e+00 1.11249340e+00 -6.66271746e-02 1.89078912e-01 -4.72321332e-01 8.39196444e-02 -5.72689354e-01 2.59901524e-01 7.17283666e-01 -2.34824970e-01 3.35061438e-02 2.39094272e-01
-5.78449965e-01 -8.54516495e-03 6.24894425e-02 6.80668131e-02 -1.66825920e-01 2.19789609e-01 -8.39309096e-01 -2.88811978e-02 -2.57334244e-02 5.29417896e+00 4.96578097e-01 4.99725431e-01 2.83244878e-01 2.61653686e+00 -6.74352944e-02 7.62282088e-02 -3.58597845e-01 -2.14420427e-02 -7.67858420e-03 -1.33401632e-01 -7.72093594e-01 4.65151310e-01 1.56236738e-01 2.20017776e-01 -4.40419972e-01 -3.63737226e-01 -6.99993491e-01 3.95411015e-01 -6.60893992e-02 -7.27552593e-01 3.43326807e-01 -1.93867862e-01
-5.91720082e-03 1.40419006e-01 -5.87065443e-02 2.31201872e-02 2.44366918e-02 -3.28757335e-03 2.45843604e-02 -6.73758239e-02 2.41790190e-02 -1.72639042e-01 6.53259903e-02 3.69013138e-02 4.84541245e-02 9.98773277e-02 1.15650326e-01 2.95503996e-02 3.97480875e-02 1.99483447e-02 -1.17152359e-03 1.09095871e-01 2.80408859e-01 1.20627135e-01 -1.50574259e-02 2.82801036e-02 5.60029075e-02 2.15537120e-02 4.42258716e-02 2.40743205e-01 6.66233944e-03 -8.48542433e-03 1.56838186e-02 3.76476310e-02
1.62907913e-01 -1.34966955e-01 -5.66680849e-01 5.13276942e-02 7.44247139e-02 -1.91633731e-01 -2.66101420e-01 -2.65072405e-01 3.00933957e-01 -6.88002586e-01 7.23166615e-02 -3.41607034e-02 2.05324486e-01 4.71209884e-02 -6.01045676e-02 1.55053347e-01 -3.17353457e-01 4.47664648e-01 -2.09263578e-01 9.13964391e-01 3.29799771e-01 1.13273680e-01 -4.54119474e-01 -1.19820550e-01 -8.55733529e-02 -4.22271252e-01 8.44958007e-01 -5.52723289e-01 2.69328237e-01 3.14851880e-01 -2.96947584e-02 1.54417276e-01
-2.22494170e-01 -1.03033476e-01 -3.77129346e-01 -1.52984187e-01 5.11712551e-01 1.69835775e-03 1.41546234e-01 6.60485029e-02 4.24500823e-01 -4.26186621e-01 -1.04177073e-01 -9.77412581e-01 4.17390734e-01 -1.74339592e-01 -1.68270364e-01 1.95485994e-01 -1.63163289e-01 3.96851987e-01 1.98588297e-01 -1.13709360e-01 -1.30332140e-02 -2.57547498e-01 4.67878997e-01 -2.74867088e-01 1.89451084e-01 1.37036279e-01 -1.21929631e-01 3.35524082e-01 -1.27473548e-02 4.04754937e-01 5.65272689e-01 1.79365918e-01
6.92474097e-02 1.82169646e-01 -6.58154115e-03 6.63893521e-02 -6.73417449e-02 8.66093636e-02 -1.97875462e-02 -8.83437768e-02 4.34824377e-02 7.48906955e-02 5.92523851e-02 1.21363617e-01 -7.19059110e-02 -6.80108070e-02 1.18709438e-01 4.51446444e-01 5.98617233e-02 -2.98154801e-01 4.71748710e-02 -1.08881138e-01 -1.22196846e-01 -1.27307996e-01 7.70500046e-04 -2.51502544e-02 4.46424671e-02 1.18535392e-01 1.21396000e-03 1.70687046e-02 1.13885805e-01 1.21604977e-02 -1.27455930e-03 3.09159048e-02
3.95145506e-01 -1.58314899e-01 6.85232401e-01 5.69409490e-01 -3.63194674e-01 -1.23674624e-01 -6.31653488e-01 -1.16418883e-01 -2.69402683e-01 -7.43897498e-01 -5.38369045e-02 9.07793105e-01 4.58451718e-01 -4.22899693e-01 7.55432010e-01 3.43792260e-01 -6.95313513e-02 -3.60101938e-01 4.45582330e-01 4.18361545e-01 -2.94263244e-01 8.78429860e-02 6.14366770e-01 1.51883170e-01 1.24435358e-01 -4.03356373e-01 1.28711283e-01 2.31941670e-01 -1.02065794e-01 -4.19398285e-02 1.75562173e-01 4.09742415e-01
2.68108249e-01 -1.17271312e-01 4.09392416e-02 1.33412123e-01 6.01622611e-02 1.29006088e-01 9.32771027e-01 6.18710108e-02 4.66995984e-01 2.26125896e-01 3.00710320e-01 4.01816964e-01 -3.83993715e-01 -5.49166322e-01 1.10203482e-01 -9.61022735e-01 -5.02262563e-02 -7.09006071e-01 -5.21748364e-02 -4.41777289e-01 -5.74218214e-01 3.55834840e-03 2.40184024e-01 -3.16070840e-02 1.11649163e-01 -4.19347495e-01 -7.21389472e-01 4.79070038e-01 -1.00511551e-01 -2.04215392e-01 2.80596733e-01 -1.17517009e-01
6.67271689e-02 2.23599784e-02 -2.27479979e-01 3.68717581e-01 -1.36222150e-02 3.53910446e-01 3.80376786e-01 -2.31181338e-01 -3.01273406e-01 3.45680147e-01 -2.20678318e-02 1.31187603e-01 4.74807650e-01 4.89560783e-01 -1.89051569e-01 -5.96292198e-01 5.90877116e-01 -2.46084526e-01 2.56139282e-02 -2.03343928e-01 -3.67318064e-01 1.01528578e-01 -3.70146811e-01 1.47486866e-01 -3.40696096e-01 -7.10604638e-02 -9.35387984e-02 -5.05410016e-01 8.21515843e-02 -1.55054480e-01 3.83454433e-04 -3.08539003e-01
7.01890588e-01 -5.96381091e-02 -2.14214668e-01 2.11446360e-01 6.46240264e-03 -4.30786341e-01 -1.77055672e-01 2.87520796e-01 4.81384009e-01 -2.67666006e+00 1.62697166e-01 1.04672454e-01 3.35086018e-01 -1.65921724e+00 1.58820897e-01 1.53241411e-01 9.32170153e-02 8.31916481e-02 -2.12273970e-01 -5.41796796e-02 5.76974034e-01 -2.31724635e-01 -2.46404529e-01 -2.54398789e-02 -2.80916840e-01 -2.33183354e-01 -1.59455594e-02 -2.49082625e-01 2.68916875e-01 1.49433419e-01 -3.54476154e-01 -2.60518044e-01
-7.20368147e-01 2.80991226e-01 1.53063342e-01 -4.74034954e-04 -2.30116963e-01 -4.78031188e-01 8.49045813e-01 1.86432395e-02 -8.42049360e-01 5.87908983e-01 -8.93667459e-01 1.82050109e-01 2.87368566e-01 -5.76170981e-02 -8.31678152e-01 2.62291163e-01 7.26336420e-01 3.09163272e-01 2.87801862e-01 1.39673576e-01 -3.71991456e-01 5.57505786e-01 4.04433727e-01 8.32341373e-01 -2.47024491e-01 6.39393628e-01 -7.41467953e-01 -1.10276565e-01 9.79295850e-01 -5.75948536e-01 -2.37494707e-02 -1.82295337e-01
-5.49546659e-01 6.07969642e-01 -3.23995613e-02 -1.56818926e-01 5.55857897e-01 1.64946213e-01 -5.31954633e-04 5.25104344e-01 -3.10655177e-01 4.96044755e-01 5.18586785e-02 -1.44453004e-01 2.32215568e-01 2.01978296e-01 -5.36749184e-01 -2.19488427e-01 -9.86413211e-02 -1.09638132e-01 3.77567112e-01 -2.90887326e-01 2.38649286e-02 -2.63988107e-01 3.34383994e-02 -6.62155092e-01 1.79388508e-01 -1.83809176e-01 -5.78972161e-01 -5.68603575e-01 1.78919092e-01 -3.80949974e-01 -1.86484933e-01 -3.56592000e-01
-1.38688892e-01 1.87458649e-01 4.30519402e-01 3.94663274e-01 -2.46988311e-01 -2.80464381e-01 -1.83188289e-01 -5.11749880e-03 2.89773971e-01 -4.62191612e-01 -5.47766149e-01 -1.10088833e-01 -2.91828185e-01 -2.78253973e-01 9.77679715e-02 6.45816803e-01 -1.33098185e-01 2.71456182e-01 2.70283759e-01 1.79745197e-01 1.03787623e-01 -7.71074116e-01 1.75897732e-01 1.40626237e-01 3.06285560e-01 1.47132874e-01 4.65586968e-02 -5.83500326e-01 -2.61115164e-01 -8.02588165e-02 8.18208754e-02 -2.92883784e-01
-8.05899620e-01 5.04028738e-01 -6.04236424e-01 -1.05753422e+00 -1.65117800e-01 -2.38740653e-01 -2.64602721e-01 5.14109075e-01 4.09750678e-02 4.89614904e-01 -7.56165162e-02 2.18795270e-01 2.32712820e-01 2.78404802e-01 -5.51361069e-02 1.26298964e+00 7.32966542e-01 1.25879765e+00 -1.00401294e+00 1.18600093e-01 5.19934118e-01 -7.30019748e-01 -6.68335199e-01 3.70495111e-01 -2.09503651e-01 -3.89378428e-01 2.30762064e-01 2.59950727e-01 6.05756402e-01 -8.61606181e-01 1.86197400e-01 -1.94845468e-01
1.74821228e-01 -5.51077247e-01 -2.49443594e-02 -1.14849590e-01 -6.54295623e-01 5.15721738e-01 7.70351961e-02 -5.29725432e-01 5.50989509e-01 9.17685449e-01 -2.47260839e-01 1.32793948e-01 5.44489384e-01 4.26255077e-01 3.04718912e-02 -1.17612565e+00 -4.50113118e-01 -1.15284729e+00 2.65839607e-01 2.13718265e-01 1.85503080e-01 3.75852227e-01 1.64808065e-01 1.68657646e-01 2.37687960e-01 9.06641707e-02 -4.08430219e-01 -1.69867620e-01 -3.38106632e-01 -3.38081926e-01 4.69591111e-01 3.40286136e-01
-1.84354007e-01 -1.15247476e+00 4.62993652e-01 1.45893109e+00 2.13715002e-01 2.27527395e-01 1.16255973e-02 -1.32385403e-01 -3.82735640e-01 3.58708918e-01 9.61292863e-01 -8.63915980e-01 -9.76655960e-01 -2.20748708e-01 3.45088571e-01 3.16927195e-01 -1.43054330e+00 1.00932109e+00 4.85227644e-01 -7.44975328e-01 1.08012497e+00 3.16720307e-01 1.54673800e-01 4.48371889e-03 3.40583473e-01 -3.72495979e-01 7.97142163e-02 -2.64077634e-01 -7.53250360e-01 1.14928842e+00 -4.98575717e-01 -3.24557006e-01
-7.37009645e-01 -1.58155367e-01 2.65318781e-01 7.92216212e-02 2.38749474e-01 2.58203357e-01 2.80858129e-01 1.98420778e-01 -4.26073581e-01 -2.49487102e-01 -1.10303140e+00 3.45449239e-01 5.28504908e-01 5.79097383e-02 1.57424286e-01 4.94502932e-02 3.85750204e-01 1.12869099e-01 -5.96297503e-01 -3.30113053e-01 -1.09396112e+00 3.29018593e-01 -1.97422528e-03 -7.27660418e-01 2.20210716e-01 6.28607631e-01 -1.69278637e-01 3.14819477e-02 -3.81324291e-01 -2.74689645e-01 -1.60762459e-01 -4.81583811e-02
-2.12859839e-01 -3.38269472e-01 -2.05812573e-01 -1.49865538e-01 -1.49711430e-01 -1.62336692e-01 4.56574798e-01 2.36964181e-01 -8.18835378e-01 1.33323097e+00 -1.62795901e-01 -6.28779754e-02 -5.06204128e-01 5.33390880e-01 -1.80564970e-01 1.68936670e-01 3.05698626e-02 2.43953466e-01 9.45383497e-03 -1.80211008e-01 8.65971223e-02 1.22886203e-01 3.27175885e-01 4.69580479e-02 -7.78492987e-02 -7.93156549e-02 -1.83409378e-01 3.27904612e-01 2.13901639e-01 3.08877528e-01 1.24486618e-01 2.33185932e-01
-3.28255333e-02 -3.32756400e-01 -5.70827257e-03 -1.20371923e-01 -3.46460760e-01 4.25841033e-01 -2.80490458e-01 -4.48802024e-01 1.52469933e-01 -4.22276437e-01 5.16971201e-03 4.57163602e-01 2.18900785e-01 3.99842203e-01 2.92111278e-01 -6.15951836e-01 -4.23457026e-01 -1.25781465e+00 4.54984084e-02 -2.95614809e-01 -1.48236081e-01 8.65467668e-01 3.93152982e-01 5.99792838e-01 -4.38748866e-01 1.55534267e-01 1.11752830e-01 -2.11165741e-01 -3.81441772e-01 -2.81329870e-01 -7.13919923e-02 -1.13067463e-01
2.48531178e-02 -4.32680324e-02 1.31201386e-01 -8.61368924e-02 2.31551275e-01 -9.39225554e-02 7.18240365e-02 -3.21538866e-01 -1.93821922e-01 3.68933260e-01 1.58467010e-01 1.70850068e-01 8.21019486e-02 -3.00569952e-01 -7.40798190e-02 -3.03047687e-01 5.86696155e-02 1.46391451e-01 -1.76885024e-01 -5.40204108e-01 1.52746558e-01 -1.70405492e-01 -1.28012642e-01 -4.53380086e-02 -1.83975101e-02 2.16869012e-01 -5.69217168e-02 1.01144370e-02 1.13815621e-01 7.52779692e-02 -5.98620623e-02 1.61636602e-02
2.74676383e-01 -5.00082970e-01 -3.30365926e-01 7.44125783e-01 -4.66440134e-02 -6.22252941e-01 3.37901384e-01 -1.86510712e-01 -3.15295458e-01 2.61448956e+00 -5.88722408e-01 1.02852857e+00 6.63642049e-01 7.59150922e-01 6.94349110e-01 3.83973658e-01 9.88259763e-02 3.29462528e-01 6.62114322e-01 4.25475895e-01 7.88626298e-02 1.36321694e-01 -2.24943697e-01 1.04109812e+00 -1.70951933e-01 1.41529411e-01 -3.17792237e-01 4.19077337e-01 -2.47917380e-02 9.37319268e-03 6.15196705e-01 1.49115860e-01
-8.74046907e-02 1.72677398e-01 1.32142648e-01 6.52596876e-02 4.84482162e-02 -5.81897609e-02 2.13850718e-02 9.71736759e-02 8.81175976e-03 -1.62665453e-02 1.66659370e-01 8.12595710e-02 8.94246325e-02 -5.24258427e-03 1.64939165e-01 1.98017135e-01 2.97055859e-02 -1.32364810e-01 -2.06042663e-03 8.89455676e-02 -1.48337975e-01 -5.59174269e-02 -3.41677330e-02 -7.90036656e-03 -4.59021598e-01 -2.25573495e-01 3.77034284e-02 -1.54414162e-01 -6.48010075e-02 -6.12398237e-02 2.24137623e-02 -4.50686127e-01
7.12087494e-04 -7.91500136e-02 -4.67536636e-02 2.15198230e-02 -2.19393209e-01 1.55677255e-02 -3.89238186e-02 1.56121448e-01 6.79076463e-02 -4.88548242e-02 -1.89384446e-02 -1.62877366e-02 -6.95403889e-02 4.12220359e-02 -6.17780313e-02 2.26957425e-01 -1.07131325e-01 -1.21319614e-01 2.11235881e-02 3.31313670e-01 -2.44085371e-01 -9.48461145e-02 -1.08880852e-03 -7.17111723e-03 7.84573797e-03 -9.85128358e-02 -6.70487732e-02 -6.70231804e-02 -5.90825044e-02 4.89511006e-02 3.96445021e-02 -3.63211241e-03
8.27754915e-01 -2.73977071e-01 2.94579446e-01 3.46566081e-01 -3.25732172e-01 1.81277357e-02 -4.71286923e-01 2.06648875e-02 6.70826435e-01 8.96959677e-02 -1.60920322e-01 2.90960409e-02 5.22439629e-02 2.37759471e-01 7.44742751e-01 -5.74213743e-01 -4.58207190e-01 -6.35837257e-01 3.33836436e-01 -2.73357362e-01 -7.33929992e-01 1.99467704e-01 -1.31331548e-01 2.07424954e-01 6.85980380e-01 -3.58376354e-02 2.30187804e-01 -1.16109408e-01 -5.46412945e-01 2.32927784e-01 9.57076102e-02 2.30743363e-01
1.76697314e-01 -4.29669082e-01 -3.08761269e-01 4.46882248e-01 2.34557420e-01 -6.00803673e-01 3.54009829e-02 -1.16656661e-01 3.27293187e-01 -2.63494611e-01 -2.05241069e-01 4.17824656e-01 3.05685967e-01 -2.72094637e-01 2.71610618e-01 -7.49878705e-01 -3.50581408e-01 -7.85817444e-01 7.47938871e-01 -4.26671296e-01 -2.27625534e-01 -1.10670865e-01 3.58626753e-01 6.72580719e-01 -1.26461178e-01 -3.69617283e-01 4.81665462e-01 -5.92054948e-02 -1.94337502e-01 -3.81684601e-01 1.32316381e-01 2.23406225e-01
-4.01667655e-02 -1.15212917e-01 8.13881397e-01 6.41489401e-02 -1.13588691e+00 -2.58909732e-01 1.87037036e-01 -7.99400732e-02 6.58183992e-01 6.37301266e-01 -2.10594013e-01 -3.11358869e-01 5.40909842e-02 7.29097545e-01 8.80828127e-02 -2.13480473e+00 -3.62220913e-01 -2.64023638e+00 5.77500761e-02 1.24202259e-02 -6.91539347e-01 7.24621892e-01 2.73385674e-01 1.11726284e-01 4.40037072e-01 1.78461641e-01 2.90598571e-01 -1.27165932e-02 -4.29824367e-02 -8.08332503e-01 -5.53530991e-01 -3.88154313e-02
-1.65237561e-01 -2.47540757e-01 -2.61098802e-01 -2.86521703e-01 -2.57563531e-01 5.37070096e-01 1.94921449e-01 -1.24259360e-01 -1.20229460e-01 3.68236184e-01 -2.08869562e-01 1.78349644e-01 5.32032289e-02 -2.53201872e-01 -1.32048175e-01 -4.83104140e-01 2.99989253e-01 -6.24836147e-01 -2.63108343e-01 1.67366117e-02 -3.75861943e-01 3.84544909e-01 -1.44406036e-01 3.71524781e-01 3.24277192e-01 -5.26499212e-01 4.77023274e-01 1.05219066e-01 5.52727878e-02 1.27693892e-01 -4.13245969e-02 7.44376630e-02
3.24609160e-01 6.50181174e-01 6.54015660e-01 -3.74024004e-01 1.96580723e-01 2.22127616e-01 1.95721284e-01 -9.54964086e-02 -8.36962998e-01 1.03789270e+00 -2.50218719e-01 -2.81702518e-01 -4.63050991e-01 1.14108038e+00 1.95185110e-01 1.30839899e-01 -4.43320069e-03 -9.08093095e-01 1.73115432e-01 -3.13652277e-01 1.30852386e-01 6.73457086e-01 -8.43647495e-02 -3.77885401e-01 6.81110978e-01 -7.87935913e-01 5.16747296e-01 -1.42135203e-01 -2.56999046e-01 -5.71908593e-01 -8.95818174e-02 -4.90541250e-01
-8.95304140e-03 -4.90552694e-01 1.83528364e-01 -1.70283869e-01 -1.52623206e-01 1.24397822e-01 2.44366556e-01 -2.63590932e-01 -7.17670679e-01 -3.40622455e-01 -1.07201368e-01 1.68345757e-02 -9.90629196e-02 5.97260714e-01 5.87086082e-01 5.43123722e-01 1.65663064e-01 -3.01507354e-01 3.88337439e-03 1.14665523e-01 -3.06249887e-01 3.08120459e-01 -3.38640839e-01 1.90193847e-01 -1.08706370e-01 -2.49903530e-01 4.10963029e-01 8.25407445e-01 -4.06342238e-01 -4.50703740e-01 1.49363592e-01 3.57008755e-01
-1.37284434e+00 -1.32620603e-01 1.15476087e-01 -1.14728522e+00 -4.53407139e-01 7.16882423e-02 4.30356950e-01 2.75861889e-01 -1.25495821e-01 1.12632930e+00 -1.39365482e+00 1.03683197e+00 8.54370058e-01 6.73169613e-01 -4.35897261e-01 5.75041533e-01 3.11614007e-01 -2.92318374e-01 -1.65260240e-01 7.33817458e-01 -1.21727085e+00 -1.35809079e-01 -1.78828672e-01 1.49279639e-01 3.44901651e-01 6.06262982e-01 1.02062917e+00 1.24360120e+00 2.66921312e-01 -8.59738827e-01 4.36348319e-01 4.35898632e-01
-9.40636694e-02 9.06283259e-02 2.97413588e-01 -4.35711332e-02 3.20972294e-01 -9.56261754e-02 2.93915102e-04 4.35222574e-02 -6.22366294e-02 1.85713425e-01 2.82013584e-02 2.11759526e-02 -6.35283487e-03 -1.28713503e-01 8.41874853e-02 -1.57189727e-01 7.66200721e-02 4.95414548e-02 7.08719599e-05 -4.23152298e-01 1.27585411e-01 -1.14214577e-01 2.30472870e-02 7.99945276e-03 1.48434877e-01 -1.07211331e-02 7.81044960e-02 1.59622967e-01 4.62301113e-02 -8.52262452e-02 -2.64924057e-02 4.86951061e-02
-4.71514463e-02 3.27208847e-01 3.25983942e-01 -7.76284263e-02 -8.13908082e-06 3.53028402e-02 6.18058681e-01 2.38791615e-01 1.91739038e-01 -1.23344564e+00 -3.03338885e-01 4.90327209e-01 6.12740636e-01 -3.25626493e-01 -5.30523777e-01 -4.01400179e-01 5.49429238e-01 -6.24807537e-01 6.26952127e-02 -4.85002488e-01 9.15383577e-01 -3.14684629e-01 -6.37098104e-02 -1.44485176e+00 2.17544120e-02 4.57602620e-01 -9.51059103e-01 -8.27478409e-01 2.25893304e-01 -8.01935866e-02 -9.42736343e-02 -1.15631633e-01
6.42037570e-01 -3.34754884e-01 -2.58651853e-01 4.70260859e-01 -2.00137421e-01 -5.41106649e-02 -1.53684720e-01 -2.66020477e-01 5.84671259e-01 -9.77934375e-02 -1.00129656e-01 -7.10407794e-02 7.19091952e-01 -3.22705984e-01 3.84773701e-01 -7.19926894e-01 -5.72614484e-02 -7.07754314e-01 7.37624824e-01 -1.02870613e-01 -3.14016223e-01 9.58394557e-02 1.64515793e-01 1.83642253e-01 -1.64505206e-02 -2.53456086e-01 8.25965464e-01 4.92230922e-01 -4.43096280e-01 3.66917759e-01 2.27200493e-01 2.80640900e-01
-1.85274929e-01 2.84595102e-01 -1.20840169e-01 -7.41570592e-02 -5.27833879e-01 -2.35896870e-01 8.34760442e-02 4.29727733e-01 -4.32915315e-02 -5.37180066e-01 -1.95450053e-01 2.08941381e-03 -3.27638179e-01 1.84397578e-01 2.98246980e-01 -1.28430843e-01 -1.41894534e-01 2.59095728e-01 7.55577013e-02 3.64257693e-01 -2.13132888e-01 -2.71624904e-02 -4.06681970e-02 -2.80625559e-02 -9.53445137e-02 -8.66983011e-02 2.43352085e-01 -3.38490963e-01 9.26240683e-02 -1.21340938e-02 1.36742638e-02 1.59572095e-01
6.80683032e-02 -4.85428214e-01 -6.29859641e-02 -1.38198242e-01 -1.07619584e-01 -1.71264693e-01 -4.90511432e-02 -1.57133296e-01 -3.76219422e-01 4.37035501e-01 -4.70306650e-02 1.11772247e-01 3.82536709e-01 2.79879719e-01 -1.89603791e-01 -6.70091033e-01 -1.51973784e-01 -1.80581734e-01 -6.06690417e-04 9.55248550e-02 5.04027195e-02 -8.53783730e-03 5.65419078e-01 9.16849636e-03 -3.56680781e-01 2.55539507e-01 3.07033330e-01 9.49673280e-02 -5.06673269e-02 9.27856341e-02 3.84620694e-03 -2.28288218e-01
9.52459931e-01 -5.74270897e-02 -5.73956132e-01 2.34153092e-01 2.27654368e-01 1.56966090e-01 5.61864138e-01 1.01570666e-01 -3.49502116e-01 -8.52787673e-01 -9.04185057e-01 1.37575710e+00 4.67591882e-02 -8.49537313e-01 3.54110062e-01 8.19186926e-01 -3.06197107e-02 5.89034379e-01 -1.18673533e-01 5.51109156e-03 -1.84032917e+00 -3.06944579e-01 -7.68527806e-01 -1.24625415e-01 -4.84032005e-01 -5.48537597e-02 2.86784023e-01 7.26853609e-01 -1.13647595e-01 1.03942476e-01 -5.30974846e-03 5.05999327e-01
-1.02254778e-01 1.51370645e-01 -9.21237528e-01 -1.14519238e-01 2.20332071e-01 2.98607707e-01 1.46300256e-01 4.63460423e-02 2.14566961e-02 4.98497874e-01 -4.43020821e-01 -1.13428235e+00 4.18387324e-01 2.78420895e-01 -4.17686313e-01 6.16154194e-01 -1.45665910e-02 1.31056273e+00 -4.30146039e-01 1.85194120e-01 2.33121470e-01 -1.10434562e-01 -1.03523351e-01 6.48262084e-01 -3.02370548e-01 8.12853575e-01 -1.36647299e-01 -2.36502185e-01 1.04686946e-01 7.37870857e-02 7.03153431e-01 -4.96621504e-02
2.41962005e-03 4.19589192e-01 -1.75562039e-01 -6.54460609e-01 -1.22294230e-02 7.02251136e-01 2.87365943e-01 8.08769226e-01 3.19654375e-01 2.80525953e-01 9.15670216e-01 -2.27941722e-01 1.20325126e-01 1.78053916e-01 1.38447538e-03 -6.13223732e-01 3.82804900e-01 1.45754647e-02 -3.27674329e-01 -4.32895184e-01 -7.40039423e-02 -2.18574226e-01 2.07623199e-01 5.88460341e-02 -2.01135904e-01 2.01258123e-01 -1.05128798e-03 -3.42212394e-02 -5.43394029e-01 2.14569926e-01 -2.26171702e-01 1.02545634e-01
4.99410816e-02 4.76397239e-02 -1.59477949e-01 1.98089704e-02 -5.66752553e-02 6.65290430e-02 6.81953728e-02 9.56649706e-02 -3.51255797e-02 -5.58255538e-02 -4.10979427e-02 -4.01845753e-01 2.40449533e-01 2.35153481e-01 -1.76658016e-02 6.81252554e-02 1.00039765e-01 -6.63493499e-02 7.43113235e-02 2.53522873e-01 1.17213570e-01 2.64961600e-01 1.10879783e-02 1.91908315e-01 -9.90504771e-02 -2.93050677e-01 -1.66707620e-01 -1.68103293e-01 -2.97578096e-01 -1.32310405e-01 -6.46830816e-03 -2.71207333e-01
4.09241885e-01 -8.27263519e-02 5.47715604e-01 4.10491467e-01 3.38301390e-01 4.44210231e-01 1.01198447e+00 -3.59683037e-01 6.56637609e-01 -5.36873862e-02 -5.94411552e-01 1.45524055e-01 -5.34205616e-01 -2.27873281e-01 3.65806147e-02 2.70066649e-01 -6.97754502e-01 -4.61110324e-01 2.65760869e-01 -7.56897405e-02 -9.82767045e-02 5.71382940e-01 2.43208557e-01 6.68708026e-01 2.29233596e-02 -1.43497571e-01 -2.18843803e-01 1.97068766e-01 1.82466730e-01 4.33319360e-01 -1.36438638e-01 -5.10566961e-03
-3.29716295e-01 -5.05297899e-01 1.54965103e+00 1.03245549e-01 -1.10245728e+00 -1.29394293e-01 -1.17362702e+00 -1.01908648e+00 3.09596449e-01 1.10820270e+00 -3.94792948e-03 -4.76842642e-01 -3.12500179e-01 1.00030351e+00 6.28519714e-01 -2.37484002e+00 2.00367883e-01 -3.02094078e+00 1.81616008e+00 8.28450859e-01 -5.71045637e-01 1.74704826e+00 -3.78957033e-01 2.38417149e-01 2.96207666e-01 -7.16555417e-01 -2.33968630e-01 4.23009485e-01 1.24011576e-01 4.76581790e-02 9.34853673e-01 2.21717626e-01
2.80581675e-02 -2.52678394e-02 5.04682772e-02 4.06556688e-02 4.15545762e-01 5.32147149e-03 2.85183806e-02 2.78443620e-02 5.16782477e-02 -7.37190945e-03 -2.76641687e-03 -7.46075958e-02 1.11886561e-01 -8.43133591e-03 -3.15494486e-04 -6.73115551e-02 3.90408630e-03 -5.28900139e-02 -7.24614263e-02 9.10694897e-02 1.55286849e-01 2.53944211e-02 -2.86161732e-02 2.08235462e-03 -1.34693652e-01 -1.30449995e-01 1.55859264e-02 3.18125755e-01 -3.65762971e-02 -5.89316003e-02 1.02926549e-02 -2.33540878e-01
-3.99447620e-01 5.48062846e-02 -9.65842009e-02 -1.13936611e-01 -2.97336519e-01 -8.91056145e-04 2.58438103e-02 7.17092693e-01 -1.18474692e-01 -3.14891562e-02 -2.32548282e-01 7.72362947e-01 5.38919032e-01 3.89543772e-01 2.54677862e-01 7.17111975e-02 -1.05057240e-01 1.62881352e-02 -1.39914304e-01 4.39253403e-03 -1.47336125e-01 -5.88267088e-01 -1.58675432e-01 -2.51942575e-01 -3.17951888e-01 -1.43918768e-01 -6.50743246e-01 4.29227710e-01 -2.25212932e-01 -2.95640767e-01 -1.19716823e-01 4.90699589e-01
3.71022187e-02 -1.38806835e-01 6.77788496e-01 2.31031194e-01 -8.24185610e-01 2.08140761e-01 3.65753293e-01 -6.41663313e-01 5.28382957e-01 3.51569951e-01 -1.62799299e-01 4.74193931e-01 -7.16831833e-02 1.25810176e-01 1.19133510e-01 -2.27883077e+00 1.71276703e-01 -1.23790598e+00 2.37322628e-01 2.16278791e-01 -1.89025059e-01 2.73179978e-01 2.02849582e-01 1.40818700e-01 -3.20251107e-01 -5.27248740e-01 -9.97875407e-02 -2.19136924e-02 -5.18932760e-01 -5.18560946e-01 5.06678402e-01 -1.98759317e-01
-1.61878675e-01 6.17874339e-02 -2.10265979e-01 1.39252171e-01 -4.86640483e-02 -1.16164818e-01 3.02066833e-01 -1.87854096e-01 -5.90242386e-01 1.56676674e+00 -3.87122601e-01 -5.31242937e-02 -2.62547702e-01 1.28401327e+00 -2.87403911e-01 1.14476211e-01 4.56781127e-02 1.01496577e-01 -7.81569779e-02 -2.79283255e-01 -3.62355188e-02 1.89570680e-01 -1.19803362e-01 -1.74285412e-01 -1.79011792e-01 7.70236850e-02 4.18163717e-01 5.05944371e-01 1.98251680e-01 -4.76917148e-01 2.47575492e-01 -5.67636378e-02
-1.91628635e-01 -2.80661881e-01 6.34157419e-01 4.84021723e-01 -1.72581255e-01 -3.00582200e-01 -1.05760205e+00 1.92796364e-01 1.50178805e-01 4.71518934e-01 8.43138397e-02 -5.77071235e-02 1.19803376e-01 2.42536262e-01 -1.55386299e-01 5.85645914e-01 -4.91499193e-02 1.69235632e-01 -2.62230515e-01 -3.64320546e-01 9.02746439e-01 4.02194887e-01 4.40319210e-01 -5.34515738e-01 4.54897061e-02 4.20790277e-02 -2.01521471e-01 2.96733856e-01 -8.27077031e-02 3.36520314e-01 -1.00116581e-01 -3.21756542e-01
8.78240108e-01 -2.93978244e-01 4.45110202e-01 8.45559955e-01 -8.01364630e-02 2.66748697e-01 -1.18714678e+00 -3.84370893e-01 4.72879946e-01 -1.43107533e+00 -3.68071556e-01 7.46357918e-01 -1.09549534e+00 -7.36167908e-01 6.34957552e-01 -2.29719803e-01 3.42476927e-02 2.20435455e-01 2.46800110e-01 8.93582225e-01 4.38438594e-01 -3.96994799e-01 -1.54444325e+00 -6.62767529e-01 8.38762701e-01 7.19305694e-01 -9.48758423e-01 -6.78424597e-01 2.07708567e-01 1.13082027e+00 -1.02992976e+00 -3.95955712e-01
-1.80379692e-02 1.70120940e-01 -2.92346608e-02 -5.48336878e-02 -1.49293512e-01 -3.79507914e-02 3.86074483e-02 -5.92862889e-02 -3.50645892e-02 -2.44836463e-03 4.15477045e-02 9.33960006e-02 8.45615864e-02 -4.30443585e-02 1.58094853e-01 -1.23304769e-01 8.72498453e-02 1.78631261e-01 8.27650446e-03 -2.82313913e-01 1.45619258e-01 4.95721288e-02 -1.92334373e-02 -2.85702720e-02 -2.99196631e-01 -4.12194170e-02 1.35991480e-02 -8.31533298e-02 -2.61450037e-02 -1.10215265e-02 -1.06494473e-02 -2.18779087e-01
-6.20814711e-02 1.66102663e-01 1.96146607e+00 3.46292913e-01 -1.78248215e+00 2.93913960e-01 -7.50920698e-02 -5.58141947e-01 7.52804875e-01 6.52832687e-01 1.27812028e-01 -2.79747844e-01 -8.04281652e-01 9.92013216e-01 2.07881942e-01 -4.07911348e+00 -3.41386557e-01 -5.27715874e+00 6.51985228e-01 1.11298993e-01 -1.05913877e+00 1.18959761e+00 4.75454271e-01 7.69157931e-02 2.64151782e-01 -7.86941946e-02 -6.27424538e-01 6.22701705e-01 -1.70293197e-01 -9.66673493e-02 -1.24624923e-01 -3.44862528e-02
-8.12299252e-01 1.88137695e-01 1.26232639e-01 -7.59223521e-01 5.76970056e-02 -1.96261436e-01 -2.07033798e-01 4.96938378e-01 -6.75686300e-02 -3.39678605e-03 9.71371904e-02 -2.79867440e-01 4.59967524e-01 4.28340733e-01 -4.09710169e-01 -8.95177200e-02 2.12364182e-01 -9.24419388e-02 -3.67078960e-01 2.04056308e-01 1.09684892e-01 7.10056603e-01 2.18756437e-01 -2.87144333e-01 1.02293305e-02 3.31469268e-01 -7.27520227e-01 4.93675889e-03 9.42076594e-02 -5.76383233e-01 -1.27130508e-01 -8.76338422e-01

layers.2.bias:
-1.35420156e+00
-7.87634134e-01
6.40070140e-01
-4.61268604e-01
1.58124626e-01
-5.00774860e-01
2.36819401e-01
2.18595481e+00
7.29392827e-01
8.20853591e-01
-9.50548947e-01
-1.47402394e+00
-5.18261611e-01
9.79873836e-01
-3.27783674e-01
-6.35915279e-01
-6.69540316e-02
-7.81630933e-01
3.57429922e-01
-8.33898485e-02
-3.04420561e-01
8.25231731e-01
8.37665141e-01
-2.29107976e-01
-2.69547105e-01
1.04329872e+00
-9.99203920e-01
-1.02943027e+00
5.25986135e-01
-1.27027822e+00
1.50494963e-01
7.34917670e-02
8.16142559e-01
1.17507316e-01
-1.62455902e-01
-1.46588413e-02
-1.43519580e-01
1.39790320e+00
1.03645051e+00
-1.61870211e-01
9.99206841e-01
-2.75658756e-01
-5.07729053e-01
1.36194456e+00
2.62410372e-01
-9.92401838e-01
1.03965378e+00
-3.55057389e-01
8.39808464e-01
1.70894563e+00
2.54989803e-01
3.53251010e-01
1.12735927e-01
-6.46715760e-01
1.63889453e-01
-5.97287808e-03
8.12842727e-01
-4.40858193e-02
9.18459240e-03
-6.84608281e-01
6.84011936e-01
6.27126694e-02
-4.56613898e-01
7.27774858e-01

layers.4.weight:
3.30003887e-01 3.79519463e-02 -6.88358098e-02 2.74175107e-02 -1.20542288e-01 1.04442596e-01 9.24816763e-04 -7.50009537e-01 -1.65814549e-01 -4.05733734e-01 5.52610420e-02 9.51866865e-01 -2.37154508e+00 -1.45116732e-01 -1.38307204e-02 -1.46836603e+00 1.37447729e-04 7.53847063e-02 -3.34208086e-02 -5.49449687e-05 4.05231491e-04 -1.33652940e-01 -3.80715244e-02 2.67078131e-01 -3.92685682e-02 -5.19403294e-02 2.78449953e-02 8.62417459e-01 -4.35431987e-01 4.09256041e-01 -3.51299420e-02 -1.40083715e-01 -5.15091419e-02 3.28878523e-04 2.57593719e-03 2.27050914e-04 -6.45183609e-04 -2.12240323e-01 -6.41006902e-02 1.77245200e-01 -3.00753508e-02 3.02850217e-01 5.28894067e-02 -1.47990882e-01 3.24461580e-04 1.10141009e-01 -7.37965181e-02 -1.80050192e-04 -7.35149682e-02 -7.05562592e-01 -7.49263540e-02 -6.54678035e-04 -2.76446808e-04 2.83256061e-02 -1.30556524e+00 5.06347242e-05 -1.64225195e-02 -3.82690221e-01 -7.42922798e-02 5.20343333e-02 -9.13798995e-03 8.05842748e-04 9.57763433e-01 -4.00688536e-02

layers.4.bias:
-1.13091683e+00

