layers.0.weight:
3.31696361e-01 -5.67613244e-01 7.97264636e-01
5.69172144e-01 -8.09445798e-01 -5.80563486e-01
-8.31293464e-02 -6.13938749e-01 -5.77727258e-01
-1.07055378e+00 1.15616508e-01 4.58123112e+00
2.67282110e-02 4.11940843e-01 1.16166264e-01
-5.79876065e-01 8.58121514e-01 -1.84879377e-01
-1.31842160e+00 4.86020595e-01 -9.88645032e-02
-6.01682402e-02 7.88846374e-01 -9.23566997e-01
6.03414774e-01 -9.26082134e-01 5.12713566e-02
-1.11527514e+00 5.86289167e-02 -1.64189592e-01
7.53551662e-01 -9.85680073e-02 1.41279221e+00
-7.16238439e-01 -1.31785080e-01 -1.29353356e+00
-4.30584475e-02 7.12955832e-01 -1.57757306e+00
-1.16726887e+00 2.10410804e-02 5.00053525e-01
-6.46977663e-01 1.09646142e+00 7.52028525e-01
-1.81771189e-01 9.48456824e-01 1.64468549e-02
5.46070874e-01 -6.33792400e-01 -1.45019031e+00
-1.15504665e-02 1.12846863e+00 1.84981868e-01
8.07071701e-02 -9.54183042e-01 5.35116851e-01
3.41117471e-01 -1.28724232e-01 -8.64976227e-01
2.23475501e-01 1.65966094e-01 -5.10879010e-02
-3.24195027e-01 -2.56797969e-01 -1.00232065e+00
-4.64660525e-01 1.65601885e+00 -4.46076952e-02
-1.56447518e+00 4.06930357e-01 1.75152493e+00
1.05132234e+00 3.79940838e-01 -7.78481364e-01
2.59609371e-01 6.71772659e-01 -1.17486012e+00
-1.16151750e-01 -2.13369340e-01 1.90187418e+00
-3.97779703e-01 -2.44972542e-01 1.92939892e-01
3.22416067e-01 7.57217348e-01 -1.46468067e+00
-1.04933763e-02 4.65525806e-01 1.70563948e+00
-2.89658904e+00 2.84448242e+00 -1.78299040e-01
-1.26738083e+00 -5.19488692e-01 1.02004325e+00

layers.0.bias:
8.77201200e-01
4.81547834e-03
-1.42384720e+00
-6.34384930e-01
7.07518518e-01
-2.04255387e-01
-3.54310095e-01
2.86240637e-01
-7.45998621e-01
-1.59115899e+00
1.64644122e-01
1.80825554e-02
2.46107668e-01
-1.21306002e+00
-2.90836543e-01
1.43946290e+00
9.34610724e-01
1.82654703e+00
-6.68276668e-01
5.78918040e-01
-1.44309163e-01
-1.35729384e+00
1.02535832e+00
-7.05530941e-02
1.36946186e-01
5.60703695e-01
8.80503118e-01
-1.57881156e-01
-4.88352716e-01
7.31267482e-02
8.91685039e-02
-6.70209900e-02

layers.2.weight:
-2.76420832e-01 2.88182199e-01 1.58724830e-01 -5.20417333e-01 -2.93402642e-01 -1.20458409e-01 2.45067030e-02 -8.54014829e-02 2.32902139e-01 2.62264252e+00 5.43482043e-02 1.03040718e-01 -1.96031973e-01 2.34009099e+00 -2.65138954e-01 1.67990923e-01 -3.45299430e-02 4.17783558e-01 2.43809178e-01 -2.33749211e-01 2.19839811e-01 -2.88700387e-02 -6.36026025e-01 5.36483407e-01 -1.09982401e-01 6.30713761e-01 -8.23621273e-01 -1.15833148e-01 -2.22162575e-01 -2.55293280e-01 -5.25301576e-01 2.84577459e-01
-7.51986429e-02 1.01921245e-01 -8.54462385e-01 7.46903718e-02 -3.45646620e-01 1.40097618e-01 -8.17526519e-01 -4.89819646e-01 4.95097846e-01 6.61990941e-01 3.67673546e-01 -3.13267738e-01 2.29822427e-01 -8.64837691e-02 -2.66911387e-01 3.44483763e-01 -4.09894884e-01 3.93700629e-01 -4.43289846e-01 -7.67610669e-02 6.54765248e-01 -1.21837869e-01 -3.86564672e-01 -1.24579510e-02 2.83761714e-02 -6.50169626e-02 -3.01977962e-01 -5.44260144e-01 4.10173088e-02 -1.92718551e-01 -9.42659080e-02 1.56041518e-01
-8.90818164e-02 -1.02402754e-01 1.24723300e-01 -8.09166372e-01 -7.67571986e-01 7.07910657e-02 -3.99897128e-01 3.64049345e-01 4.09939140e-01 7.77439713e-01 -6.28168881e-01 1.58828199e-02 2.17847794e-01 7.97080621e-02 -9.76711418e-03 -7.03973711e-01 -1.55956939e-01 -7.13486731e-01 -1.15630627e-01 3.42413574e-01 -5.28293371e-01 -1.41771331e-01 3.83475006e-01 -1.07266295e+00 -4.58925843e-01 4.86995608e-01 -1.22624004e+00 1.51585594e-01 4.76126969e-01 -4.37117577e-01 2.04046458e-01 2.82263011e-01
3.51632237e-01 5.83927035e-02 -6.03252463e-03 1.44964480e+00 4.09208775e-01 2.78113812e-01 5.54935813e-01 -3.51102501e-01 -2.15264261e-02 -1.46441296e-01 2.64613479e-01 -1.66550249e-01 -6.81395292e-01 5.85932657e-02 5.07792234e-01 3.16051632e-01 -1.53768003e-01 3.95607054e-01 4.49124008e-01 -8.16282332e-01 -1.00155258e+00 -2.53334671e-01 2.48760328e-01 1.29729557e+00 -8.18636000e-01 -6.70639336e-01 6.02081180e-01 4.34955537e-01 -7.70778954e-01 -6.22398183e-02 -1.25446096e-01 7.55076826e-01
1.81129679e-01 -2.64543593e-01 2.51956969e-01 -3.84775609e-01 -1.77301064e-01 -3.08447093e-01 -1.59170485e+00 1.38739184e-01 6.99690998e-01 -6.36074364e-01 4.69638586e-01 -7.42938042e-01 7.53884614e-01 -6.97862983e-01 -1.96880117e-01 -1.60218000e+00 -3.29736829e-01 -1.30278528e+00 -4.98987027e-02 -1.79196760e-01 8.44294071e-01 -6.27174973e-01 1.38057217e-01 -2.85194218e-01 -6.23563528e-01 6.23328090e-01 1.57251522e-01 -6.35734975e-01 -2.56007433e-01 6.68488681e-01 -1.34641185e-01 -1.63212314e-01
-4.43635762e-01 3.12518746e-01 3.09248239e-01 1.92890033e-01 -8.01910639e-01 -2.39462152e-01 -1.07535577e+00 3.08902949e-01 1.11656976e+00 -2.67271489e-01 6.95356131e-01 1.31387219e-01 -9.90550742e-02 -4.13295865e-01 -3.70662242e-01 -1.20952404e+00 -3.11931461e-01 -1.29504478e+00 5.96389174e-01 -2.38488600e-01 -4.27918792e-01 -7.90587813e-02 -5.36490440e-01 -2.03618675e-01 1.90542907e-01 8.95315781e-02 1.71579570e-01 9.05634284e-01 -1.07173890e-01 -4.02600110e-01 -8.61014962e-01 1.75885513e-01
-2.43373718e-02 5.10955648e-03 -2.15588346e-01 9.36762523e-03 -1.72930896e-01 1.87742382e-01 -9.40917358e-02 -3.93656433e-01 -1.34777710e-01 2.36326069e-01 2.98098981e-01 5.26393093e-02 2.83683211e-01 -2.17935778e-02 -1.57092065e-02 -2.50319481e-01 1.14104114e-02 1.08435556e-01 -5.90728894e-02 -3.21686536e-01 -3.94485801e-01 1.13733679e-01 6.70704171e-02 3.06735244e-02 1.58097818e-01 2.56251901e-01 -3.42171609e-01 -3.88539761e-01 -1.56794190e-01 9.01565105e-02 -1.04307733e-01 1.37310654e-01
3.42464000e-01 1.19974613e-01 -4.37965304e-01 3.51500750e-01 3.76499325e-01 -6.63554907e-01 1.12542100e-01 4.99702901e-01 1.08663842e-01 -3.55535001e-01 -1.46857664e-01 9.82138991e-01 3.19973469e-01 -5.57962716e-01 -1.84241071e-01 2.31751561e-01 5.43985546e-01 2.56576240e-01 2.54525483e-01 5.16121626e-01 -1.50858748e+00 -9.01428878e-01 1.01856478e-01 3.06732714e-01 2.01759100e-01 7.53352523e-01 5.99435747e-01 5.56372702e-01 -5.85977077e-01 4.88857627e-01 3.12122554e-01 -2.60146469e-01
2.01250926e-01 4.43485320e-01 -6.19037688e-01 -2.94907898e-01 1.57855976e+00 -5.71726382e-01 -6.63608909e-01 -3.67032945e-01 -6.54348671e-01 8.67793635e-02 4.67538923e-01 2.05013126e-01 7.17072010e-01 -4.53287154e-01 -1.04322821e-01 2.29057217e+00 4.75440085e-01 1.84504867e+00 -4.81844097e-01 9.88788251e-03 1.88730806e-02 -3.18708807e-01 -9.70612988e-02 2.11444020e-01 -7.51326680e-02 4.10104781e-01 2.05800496e-02 5.45188598e-02 -7.59539679e-02 1.22438602e-01 2.04702830e+00 -1.61480889e-01
-6.36534989e-01 8.46063495e-02 -8.04911405e-02 -5.42817950e-01 3.86909187e-01 4.01383862e-02 -3.05111147e-02 3.96649033e-01 3.93003643e-01 -1.43074691e-01 -1.10233948e-02 2.64735252e-01 2.05727965e-01 2.14920357e-01 -3.31495017e-01 -6.28421068e-01 3.06946635e-01 -4.74931329e-01 -4.36633557e-01 -4.58270721e-02 -6.43650532e-01 -2.12804630e-01 1.26421779e-01 -1.02648683e-01 -2.36038432e-01 -7.05234632e-02 -1.94392264e-01 2.50664145e-01 2.84561634e-01 1.41563460e-01 1.92474902e-01 1.03081381e-02
2.42899805e-01 -3.11241060e-01 -1.58890162e-03 -3.83858383e-01 -5.31021833e-01 -4.14077044e-01 -4.49511290e-01 1.55437142e-01 6.48868322e-01 2.11817905e-01 -5.26196063e-01 -1.26040831e-01 8.75876486e-01 -3.38395834e-01 -1.85679778e-01 -3.72436196e-01 -6.51606202e-01 -9.21691895e-01 -7.07377680e-03 -3.69924866e-02 1.10503638e+00 -2.51522392e-01 -9.38665688e-01 1.82374015e-01 2.00247765e-02 -3.99288274e-02 -4.56706613e-01 -6.09481156e-01 3.21685582e-01 -4.15500551e-01 -3.39665145e-01 2.47752979e-01
-1.29513368e-01 -2.16559350e-01 1.81349552e+00 -9.88607168e-01 -8.20867240e-01 1.44661278e-01 -4.39045802e-02 -3.00076663e-01 3.05802464e-01 1.81457686e+00 -7.65857920e-02 -4.57241461e-02 4.05804962e-01 3.02416086e+00 1.61002994e-01 -6.79408967e-01 3.60453784e-01 -2.46546412e+00 5.75486362e-01 -2.18364000e-01 3.50312024e-01 7.14982331e-01 -2.66223401e-01 6.83915317e-01 4.29634266e-02 -4.37511861e-01 1.77800223e-01 -2.22342268e-01 2.21978396e-01 -7.22864419e-02 -5.05239926e-02 -4.39958781e-01
-7.48752713e-01 -2.59659827e-01 1.08489597e+00 4.52108502e-01 -1.33152092e+00 7.14653134e-01 1.45724090e-02 -9.56070781e-01 4.48022425e-01 4.79854912e-01 1.99331298e-01 1.23065643e-01 -5.50595522e-01 -1.27980590e-01 6.07105136e-01 -5.02054405e+00 -1.74989149e-01 -7.23707676e+00 5.98785520e-01 -1.11017644e+00 -6.34613216e-01 5.45206964e-01 7.48431802e-01 -1.36437461e-01 -2.75048763e-01 -2.93640912e-01 -3.20617676e-01 7.27090955e-01 -6.46261036e-01 -2.90692359e-01 -1.25605190e+00 -2.23393053e-01
1.17846854e-01 -1.51239738e-01 -6.66161716e-01 -6.42941296e-02 -9.80081931e-02 -1.16467327e-01 2.47052893e-01 2.94123054e-01 3.64473104e-01 -2.88108557e-01 5.21622479e-01 -1.61505476e-01 3.27362090e-01 -8.27627599e-01 -3.52363527e-01 2.13013850e-02 -2.34948575e-01 2.59142071e-01 -2.79831029e-02 1.36342421e-01 -1.27709553e-01 -1.71124771e-01 -1.77856982e-02 -2.16723830e-01 -1.70664385e-01 7.48997927e-01 -2.70749582e-03 1.18348047e-01 -2.21790731e-01 2.58058816e-01 1.90412998e-01 3.98863256e-01
-9.37569201e-01 9.44934934e-02 -2.09853664e-01 4.75545943e-01 -3.71821783e-02 7.10630894e-01 -4.30722505e-01 -2.04370439e-01 4.91126209e-01 -1.26521304e-01 -6.09977126e-01 1.01823941e-01 2.33659763e-02 -2.22242981e-01 -1.73254684e-01 -7.24582493e-01 1.00632288e-01 -5.06533265e-01 -3.96571338e-01 1.88431010e-01 1.58869433e+00 7.20013797e-01 2.40209568e-02 2.97030956e-01 -3.31040323e-01 -1.47806229e-02 -4.57425535e-01 -1.05188549e-01 7.18318462e-01 -1.11067206e-01 9.66861397e-02 8.52694735e-02
-5.50364435e-01 2.82886508e-03 5.10289222e-02 5.45233302e-02 -1.14637487e-01 2.19139010e-01 -8.12395573e-01 -2.93035922e-03 -5.60057946e-02 5.27942085e+00 4.80516165e-01 5.14911413e-01 3.00102919e-01 2.60608435e+00 -7.62359723e-02 1.08963378e-01 -3.46112162e-01 4.49437741e-03 -3.68924923e-02 -1.20251812e-01 -7.92731822e-01 4.76804405e-01 1.51559979e-01 2.07879066e-01 -4.70468193e-01 -3.44617248e-01 -7.13411570e-01 4.19056863e-01 -6.14657067e-02 -7.40764916e-01 3.57749850e-01 -1.66118458e-01
-5.99084096e-03 1.44538894e-01 -6.49453104e-02 2.29777191e-02 3.03856507e-02 -7.12040393e-03 2.09766999e-02 -7.21260011e-02 2.86305398e-02 -1.72175646e-01 6.38209954e-02 4.23044600e-02 4.63442244e-02 1.07730687e-01 1.15876339e-01 2.29429528e-02 4.14028987e-02 2.25994810e-02 1.07456762e-02 1.09984376e-01 2.87253916e-01 1.16378173e-01 -7.29984045e-03 2.60832552e-02 6.16102852e-02 1.55906808e-02 4.42829728e-02 2.47304797e-01 1.06620155e-02 -9.86498129e-03 2.16094889e-02 2.82867979e-02
1.83131084e-01 -1.22784309e-01 -5.39264679e-01 4.33507226e-02 1.24650272e-02 -2.20063522e-01 -2.87674755e-01 -2.69301474e-01 3.51691246e-01 -6.74194038e-01 7.42424205e-02 -3.63643579e-02 2.10787177e-01 5.02365306e-02 -6.69419244e-02 8.72824490e-02 -3.13441932e-01 4.18009430e-01 -1.96261525e-01 9.20003951e-01 3.91670048e-01 1.01576507e-01 -4.66616124e-01 -1.27280205e-01 -4.68284078e-02 -4.14206326e-01 8.35486293e-01 -6.21340871e-01 3.01814049e-01 3.07304084e-01 -6.62547126e-02 1.17687479e-01
-2.63624966e-01 -7.81283826e-02 -2.88943321e-01 -2.21655667e-01 3.89620423e-01 1.44299641e-02 1.54464647e-01 1.37089968e-01 4.18326080e-01 -4.07478243e-01 -1.71398491e-01 -9.11664963e-01 4.87568438e-01 -1.79261103e-01 -1.80297747e-01 1.25769779e-01 -1.28444687e-01 2.82836914e-01 1.39241800e-01 -7.14163706e-02 -1.03846779e-02 -1.74291909e-01 4.60970402e-01 -3.34736198e-01 2.24871635e-01 2.03434020e-01 -1.91467211e-01 3.26405764e-01 5.05075753e-02 3.36558074e-01 5.74641883e-01 1.35034978e-01
7.34656900e-02 1.89951584e-01 -1.10167107e-02 6.54717535e-02 -6.38799295e-02 8.33180845e-02 -1.09539656e-02 -9.18786004e-02 6.54755458e-02 8.02761912e-02 6.37681410e-02 1.23771384e-01 -7.37567768e-02 -5.68240583e-02 1.11395240e-01 4.50835109e-01 6.28948063e-02 -3.05098742e-01 5.08351475e-02 -1.06726967e-01 -1.13293752e-01 -1.36325479e-01 7.07554631e-03 -2.94354707e-02 4.92563583e-02 1.14288658e-01 7.26847094e-04 5.43029234e-03 1.17724344e-01 9.97866318e-03 1.36279622e-02 3.32203135e-02
4.04265851e-01 -1.23918474e-01 6.64162815e-01 5.78886151e-01 -3.51239473e-01 -1.24765716e-01 -6.20342314e-01 -1.18759133e-01 -2.65297055e-01 -7.27113307e-01 -3.77919972e-02 8.79489124e-01 4.49660629e-01 -4.42150682e-01 7.32509434e-01 2.99986780e-01 -2.09120940e-02 -3.55691761e-01 4.46534574e-01 4.39447790e-01 -2.90202796e-01 8.04690346e-02 6.23986840e-01 5.58432564e-02 1.49620026e-01 -4.15381908e-01 1.38272032e-01 2.05588713e-01 -1.15572706e-01 -3.18595320e-02 1.82650685e-01 4.10570532e-01
2.72731423e-01 -9.75291207e-02 5.62902503e-02 1.30878046e-01 1.37207638e-02 1.26040637e-01 9.36358631e-01 7.04181716e-02 4.88319486e-01 2.26438865e-01 3.03782910e-01 4.03729647e-01 -3.77559036e-01 -5.23363650e-01 9.38472301e-02 -1.03928936e+00 -3.77738066e-02 -7.74205863e-01 -4.37919535e-02 -4.39792842e-01 -5.93534768e-01 7.41137192e-03 2.14920193e-01 -4.04491760e-02 9.07433927e-02 -4.12735999e-01 -7.23876953e-01 5.18736482e-01 -1.01960860e-01 -2.08595559e-01 2.88574278e-01 -1.00626945e-01
6.12972267e-02 2.17148289e-02 -2.24761784e-01 3.71644229e-01 -5.43069057e-02 3.64857048e-01 3.76654267e-01 -2.31361061e-01 -2.83706099e-01 3.44993144e-01 -1.49700604e-02 1.32961780e-01 4.71661150e-01 5.27621269e-01 -1.86586604e-01 -6.92234576e-01 5.91457307e-01 -3.17574799e-01 3.30316052e-02 -2.10537419e-01 -3.78289700e-01 9.30799916e-02 -3.80802035e-01 1.38139203e-01 -3.40157658e-01 -7.32969344e-02 -9.04902890e-02 -4.73318547e-01 8.08556452e-02 -1.55173361e-01 3.57190669e-02 -3.10297221e-01
6.91963255e-01 -7.04892799e-02 -2.06357777e-01 2.15256780e-01 -2.45000441e-02 -4.30286109e-01 -2.02303842e-01 2.76218176e-01 5.14733255e-01 -2.69813347e+00 1.72449335e-01 9.36512798e-02 3.30075264e-01 -1.66700900e+00 1.66267082e-01 1.30338848e-01 8.14015418e-02 5.70967644e-02 -1.90565154e-01 -6.49192855e-02 5.94733119e-01 -2.36055702e-01 -2.45270133e-01 -2.70196069e-02 -2.37953290e-01 -2.39156932e-01 -1.32026551e-02 -2.76697338e-01 2.70601839e-01 1.56706110e-01 -3.98222208e-01 -3.03996742e-01
-6.89002097e-01 2.98660010e-01 1.15244776e-01 -1.74466893e-02 -1.33977607e-01 -4.98801172e-01 8.35582197e-01 6.29330724e-02 -8.10220718e-01 5.71512878e-01 -8.73515248e-01 1.79771349e-01 3.07244778e-01 -7.43148252e-02 -8.48897874e-01 2.36242861e-01 7.43397653e-01 3.72312963e-01 2.17965171e-01 1.57331064e-01 -2.28510678e-01 4.48284626e-01 3.83917272e-01 8.15291762e-01 -2.31630519e-01 6.60305858e-01 -7.59561479e-01 -1.82836115e-01 1.01649821e+00 -5.92855871e-01 -4.07182314e-02 -1.93930745e-01
-5.41391134e-01 6.05112910e-01 -3.71604860e-02 -1.46248385e-01 5.37058651e-01 1.54815346e-01 -5.54387458e-03 5.12455940e-01 -3.07803124e-01 4.88964885e-01 6.20205551e-02 -1.52070493e-01 2.20617220e-01 2.09669605e-01 -5.43448508e-01 -2.65212655e-01 -1.19159631e-01 -1.48869738e-01 3.89308631e-01 -3.74579161e-01 -3.03576048e-02 -2.73032308e-01 2.75877453e-02 -5.17931104e-01 4.52727564e-02 -1.98889881e-01 -5.68536162e-01 -4.44777131e-01 1.68934956e-01 -3.72223973e-01 -1.97626218e-01 -2.74120897e-01
-1.59047589e-01 1.80825293e-01 4.50970680e-01 3.77014726e-01 -2.72211283e-01 -2.75786906e-01 -1.14032350e-01 8.52752535e-04 2.40985125e-01 -4.31048959e-01 -5.78256607e-01 -7.76347965e-02 -2.79149145e-01 -2.62857139e-01 9.41481814e-02 7.02210724e-01 -1.38771623e-01 2.82510340e-01 2.65357792e-01 1.80277720e-01 5.24609014e-02 -7.35992908e-01 1.87913626e-01 1.71458989e-01 2.61682719e-01 1.55069858e-01 3.16455401e-02 -5.19189179e-01 -2.63859391e-01 -9.91189629e-02 7.54381791e-02 -2.56736010e-01
-7.96669304e-01 5.11796236e-01 -5.82963943e-01 -1.07250631e+00 -1.97199270e-01 -2.40062639e-01 -2.29262769e-01 5.18913388e-01 3.38979624e-02 5.12009740e-01 -7.45042190e-02 2.28564888e-01 2.47128755e-01 2.85439998e-01 -6.30768239e-02 1.18394673e+00 7.43346035e-01 1.21163642e+00 -9.75620389e-01 1.30096778e-01 5.35849094e-01 -7.37826824e-01 -6.74834788e-01 3.63371015e-01 -2.27071896e-01 -3.73361647e-01 2.15384156e-01 2.13128686e-01 6.20590329e-01 -8.76518786e-01 1.79836601e-01 -1.74638242e-01
1.77251324e-01 -5.50856888e-01 -3.69998589e-02 -1.07897587e-01 -6.54164851e-01 5.14169276e-01 8.69386122e-02 -5.29895127e-01 5.43434381e-01 9.24982905e-01 -2.45184004e-01 1.30030215e-01 5.38102686e-01 4.37916577e-01 2.61121206e-02 -1.14486420e+00 -4.52059597e-01 -1.14277875e+00 2.55739123e-01 2.09038720e-01 1.61246940e-01 3.74480247e-01 1.63122386e-01 1.77550763e-01 2.12596282e-01 8.06758478e-02 -4.00570661e-01 -1.19885705e-01 -3.60172272e-01 -3.32022458e-01 4.87868905e-01 3.61761034e-01
-1.38328210e-01 -1.06433523e+00 4.18305874e-01 1.50310361e+00 2.41036236e-01 1.77721038e-01 -6.03842884e-02 -1.78644642e-01 -3.06777060e-01 3.04193795e-01 1.01027071e+00 -9.20743704e-01 -1.02234674e+00 -3.25549573e-01 2.81068802e-01 1.67811513e-01 -1.30906439e+00 1.02101958e+00 5.33931673e-01 -6.56936228e-01 1.07730460e+00 2.70294994e-01 1.04100995e-01 5.64629920e-02 3.85895133e-01 -4.16885197e-01 1.25241697e-01 -3.29287916e-01 -7.98695266e-01 1.19399321e+00 -5.44495940e-01 -3.51074785e-01
-6.35798335e-01 -1.58275023e-01 1.42108351e-01 8.47946778e-02 3.41189921e-01 2.43710279e-01 2.95573056e-01 4.04146314e-01 -4.29747313e-01 -3.37954670e-01 -1.08045936e+00 3.36195201e-01 5.54071665e-01 3.91093735e-03 1.56942397e-01 1.36945128e-01 3.85030925e-01 2.68977463e-01 -7.17206299e-01 -3.18098813e-01 -1.03225720e+00 1.18223622e-01 -2.77649076e-03 -7.27476120e-01 2.12256774e-01 6.76252961e-01 -1.63117185e-01 -2.63418369e-02 -3.67198646e-01 -2.69357651e-01 -1.72174007e-01 -3.40480171e-02
-2.20791951e-01 -3.27874213e-01 -1.96730345e-01 -1.60863861e-01 -1.27362683e-01 -1.23014793e-01 4.68928665e-01 2.72095799e-01 -8.67629111e-01 1.32617533e+00 -1.73049748e-01 -5.65750301e-02 -4.84260172e-01 5.33598065e-01 -1.71637595e-01 2.01793998e-01 3.61121893e-02 2.53471494e-01 -1.63693540e-02 -1.78606004e-01 1.05560109e-01 1.32842824e-01 3.21884930e-01 3.73674631e-02 -7.17401057e-02 -4.92722876e-02 -1.93998724e-01 3.07028353e-01 2.21375734e-01 2.97652245e-01 1.24568433e-01 2.32215434e-01
-3.76984961e-02 -3.27895105e-01 -1.49319340e-02 -1.16122425e-01 -3.32940161e-01 4.39151227e-01 -2.71689117e-01 -4.35463101e-01 1.40097141e-01 -4.37821895e-01 3.67362215e-03 4.52980697e-01 2.17185691e-01 4.11849707e-01 2.83895284e-01 -5.90057909e-01 -4.24250185e-01 -1.24461174e+00 2.60220338e-02 -3.03874135e-01 -1.69987455e-01 8.67661536e-01 3.94905895e-01 6.06857717e-01 -4.62905169e-01 1.54934078e-01 1.16717644e-01 -1.71457946e-01 -3.94176483e-01 -2.78000474e-01 -3.84794697e-02 -9.47008580e-02
2.30707526e-02 -4.32609767e-02 1.38800934e-01 -8.57139304e-02 2.00717092e-01 -1.10189557e-01 2.17634216e-02 -3.40479314e-01 -1.98302567e-01 3.38458449e-01 1.28702834e-01 1.86969832e-01 6.85958862e-02 -3.01597953e-01 -7.18633682e-02 -3.03796113e-01 5.67993186e-02 1.25268266e-01 -1.65159389e-01 -5.55576026e-01 8.93981159e-02 -1.43283188e-01 -1.06327675e-01 -4.15959507e-02 -1.16252257e-02 1.88929230e-01 -5.78974150e-02 7.47540817e-02 1.16084136e-01 7.51583949e-02 -1.33226244e-02 -3.55887995e-03
3.70136470e-01 -4.48126346e-01 -4.19583678e-01 8.00669193e-01 2.89798137e-02 -7.66474605e-01 2.05590606e-01 -2.63670862e-01 -1.39742419e-01 2.45910263e+00 -5.28852820e-01 9.67853606e-01 6.03819847e-01 7.01003969e-01 5.97535431e-01 3.86652797e-01 9.95135456e-02 4.36693341e-01 7.79724240e-01 4.05973017e-01 1.42119033e-02 6.53373078e-02 -4.02900755e-01 1.09636807e+00 -2.43394852e-01 7.71294683e-02 -2.58263409e-01 4.84500974e-01 -9.92366448e-02 6.32866621e-02 3.63691777e-01 2.21388951e-01
-8.66403952e-02 1.77103847e-01 1.20930679e-01 6.12731054e-02 6.60609081e-02 -5.54803312e-02 1.97216533e-02 9.48248878e-02 2.30851322e-02 -2.57846192e-02 1.64545730e-01 8.73084664e-02 9.06910747e-02 -2.01887661e-03 1.65366009e-01 1.72525421e-01 3.04025467e-02 -1.32426560e-01 2.14491808e-03 8.87163281e-02 -1.39206454e-01 -6.63534105e-02 -2.37622783e-02 -1.74587127e-03 -4.60147381e-01 -2.29555935e-01 3.42102982e-02 -1.61459550e-01 -6.03787452e-02 -6.67397901e-02 3.82320024e-02 -4.52434450e-01
7.60090712e-04 -8.05996805e-02 -5.52720465e-02 1.71797238e-02 -2.01102003e-01 1.99344289e-02 -3.48104239e-02 1.48821041e-01 7.43555799e-02 -4.10030894e-02 -1.53693259e-02 -1.21155344e-02 -6.93283081e-02 4.84247655e-02 -6.41796812e-02 2.25352779e-01 -1.08616300e-01 -1.06750607e-01 3.03903855e-02 3.33340347e-01 -2.24582940e-01 -1.05755933e-01 -4.77696909e-03 -8.34312849e-03 1.54203568e-02 -9.77449715e-02 -7.08010122e-02 -9.22090635e-02 -5.57120070e-02 4.49051037e-02 4.26625498e-02 -2.82616075e-03
8.23949456e-01 -2.81353951e-01 3.11538607e-01 3.58978450e-01 -3.93252730e-01 3.20103765e-02 -4.69745725e-01 -1.21326037e-02 6.31932616e-01 6.63996190e-02 -1.36302769e-01 1.15053654e-02 3.96335162e-02 2.26082459e-01 7.50937104e-01 -7.40234137e-01 -4.65849280e-01 -7.57418871e-01 5.46211898e-01 -2.81820327e-01 -7.55344689e-01 2.05752298e-01 -1.19157650e-01 2.10619360e-01 6.70330405e-01 -4.48455848e-02 2.43713647e-01 -7.13166296e-02 -5.81001103e-01 2.45225087e-01 1.05245113e-01 2.41356671e-01
1.85027525e-01 -4.20804501e-01 -3.18690449e-01 4.48979080e-01 2.48616934e-01 -6.09078050e-01 1.85381304e-02 -1.25055522e-01 3.33833367e-01 -2.82454431e-01 -1.93227410e-01 4.09789324e-01 3.02915752e-01 -2.83954799e-01 2.61355639e-01 -7.38339067e-01 -3.43633235e-01 -7.72107005e-01 7.80981183e-01 -4.22900498e-01 -2.27859959e-01 -1.18514583e-01 3.50319505e-01 6.62851393e-01 -1.16490997e-01 -3.72830331e-01 4.83808696e-01 -5.58132455e-02 -1.94128171e-01 -3.79677773e-01 1.35309950e-01 2.11639598e-01
-5.89092337e-02 -1.24420203e-01 8.14015627e-01 4.85099517e-02 -1.04192472e+00 -2.40190148e-01 1.66666940e-01 -3.20366211e-02 7.07340896e-01 6.54991984e-01 -2.26480380e-01 -3.01771045e-01 7.36170933e-02 7.28908300e-01 1.01997592e-01 -2.12469697e+00 -3.69209290e-01 -2.51057768e+00 -2.56363284e-02 1.00875199e-02 -6.51678324e-01 7.11438358e-01 2.92056471e-01 1.17344394e-01 4.87626910e-01 2.03237414e-01 2.71648377e-01 -6.90428391e-02 2.27262322e-02 -8.21020484e-01 -5.16159415e-01 -7.70620257e-02
-1.59920722e-01 -2.95506537e-01 -2.92473257e-01 -2.64694214e-01 -1.53148293e-01 5.49202442e-01 1.21039294e-01 -1.32963806e-01 -9.84836072e-02 3.49639118e-01 -1.73507601e-01 1.38269216e-01 3.58748473e-02 -2.53061533e-01 -7.90007338e-02 -3.77799809e-01 2.50555694e-01 -5.07763326e-01 -2.74922341e-01 -1.18257701e-02 -2.55311787e-01 3.42864692e-01 -1.18492857e-01 3.76476943e-01 4.12745357e-01 -5.41117489e-01 4.95662570e-01 -3.56460996e-02 6.93614259e-02 1.55473664e-01 -2.14386061e-02 -8.38714745e-03
2.92952538e-01 6.21896267e-01 6.55251801e-01 -3.63842160e-01 1.90310404e-01 2.60632455e-01 1.81084052e-01 -9.83745307e-02 -8.21077526e-01 1.09581840e+00 -2.33112544e-01 -3.04013759e-01 -4.72316504e-01 1.15129483e+00 2.32142404e-01 6.69981390e-02 -2.65318677e-02 -9.19889450e-01 1.72097936e-01 -3.30838591e-01 1.81423768e-01 6.62275553e-01 -5.15885614e-02 -3.73006701e-01 7.05650926e-01 -7.96799421e-01 5.25457919e-01 -1.90800473e-01 -2.49205038e-01 -5.59440255e-01 -1.09188586e-01 -5.12468219e-01
-1.40288342e-02 -4.37814504e-01 2.02117652e-01 -2.02829912e-01 -1.21477701e-01 8.87378007e-02 2.36362576e-01 -2.63202339e-01 -7.13787735e-01 -3.30945611e-01 -1.37696117e-01 4.27532196e-02 -7.69926533e-02 4.81986523e-01 5.46257377e-01 6.40043676e-01 2.30753809e-01 -2.50134468e-01 5.39840152e-03 1.80189922e-01 -2.93237150e-01 3.39058876e-01 -3.50062102e-01 1.50315091e-01 -9.82183218e-02 -2.36353695e-01 3.79079103e-01 7.73945391e-01 -3.94274443e-01 -4.82048422e-01 1.00247256e-01 3.68236154e-01
-1.37507844e+00 -4.38924953e-02 3.32808010e-02 -1.23803127e+00 -2.33115964e-02 4.14415300e-02 3.31934035e-01 3.38907063e-01 -5.85589148e-02 1.44683516e+00 -1.69861507e+00 1.34994578e+00 8.53044987e-01 6.16643608e-01 -5.10460854e-01 7.42285252e-01 4.08135742e-01 -7.06778001e-03 -4.43911731e-01 7.85202205e-01 -1.28856301e+00 -2.53532380e-01 -2.04676509e-01 5.78426644e-02 4.19684947e-01 4.73241240e-01 9.28378403e-01 1.37423050e+00 3.58582795e-01 -9.50148344e-01 3.65978569e-01 3.48392248e-01
-8.94431993e-02 9.38781649e-02 3.01401943e-01 -4.12375219e-02 3.18980426e-01 -9.73816812e-02 -2.00149929e-03 5.10965809e-02 -5.60538508e-02 1.82613015e-01 2.80966610e-02 1.93497166e-02 -5.42004826e-03 -1.37502387e-01 8.21006075e-02 -1.55889437e-01 8.09890702e-02 4.63771299e-02 -7.92145263e-03 -4.23335642e-01 1.18731193e-01 -1.11706540e-01 2.20975894e-02 1.61302797e-02 1.43897712e-01 -7.76947476e-03 7.99398869e-02 1.54999241e-01 4.71226536e-02 -8.34084377e-02 -4.68436163e-03 5.10273390e-02
-6.91194236e-02 3.00970852e-01 3.47092330e-01 -9.84601676e-02 -4.22245227e-02 5.76856062e-02 6.39195263e-01 2.59953916e-01 1.68353692e-01 -1.21044838e+00 -3.24319273e-01 5.11492014e-01 6.33618593e-01 -3.00866514e-01 -5.05908370e-01 -3.33697140e-01 5.20172179e-01 -7.28434443e-01 4.08086330e-02 -5.33961058e-01 9.27076995e-01 -2.92611390e-01 -3.89567614e-02 -1.38060617e+00 -6.66532218e-02 4.77908820e-01 -9.71979499e-01 -7.66443074e-01 2.47741595e-01 -9.97870192e-02 -7.37906769e-02 -1.09502494e-01
6.31156266e-01 -3.36654603e-01 -2.65795320e-01 4.72215265e-01 -1.92675129e-01 -4.93971780e-02 -1.67869598e-01 -2.54920423e-01 5.75144768e-01 -1.09585285e-01 -9.75099429e-02 -7.49432743e-02 7.18106568e-01 -3.26092869e-01 3.86195779e-01 -6.68255866e-01 -5.89719638e-02 -6.83155358e-01 6.93677127e-01 -1.05584376e-01 -3.20157379e-01 1.00873649e-01 1.69045791e-01 1.84386671e-01 -1.17300460e-02 -2.55666733e-01 8.27629805e-01 5.21564662e-01 -4.38266337e-01 3.68909061e-01 2.45077223e-01 2.71646500e-01
-1.85503200e-01 2.83510685e-01 -1.20786272e-01 -7.87897110e-02 -5.22355139e-01 -2.36765072e-01 7.87900388e-02 4.21913296e-01 -4.25580293e-02 -5.34326136e-01 -2.04632297e-01 9.83422436e-03 -3.26490462e-01 1.78943500e-01 3.04085851e-01 -1.19033039e-01 -1.44469753e-01 2.72704363e-01 8.58590603e-02 3.62097323e-01 -2.06917673e-01 -2.85871271e-02 -4.33487073e-02 -2.38709580e-02 -1.08711429e-01 -9.02211741e-02 2.39721328e-01 -3.20592135e-01 8.93282294e-02 -1.70894042e-02 2.68193949e-02 1.66639954e-01
6.70719147e-02 -4.59688157e-01 -6.01729788e-02 -1.29780665e-01 -1.62277445e-01 -1.74386770e-01 -4.84428890e-02 -1.64582744e-01 -3.24339569e-01 4.37188923e-01 -4.19074669e-02 1.14748843e-01 3.74938011e-01 3.09275717e-01 -2.14881197e-01 -7.56584466e-01 -1.35315329e-01 -2.31046528e-01 2.75488477e-02 8.98250341e-02 2.76532061e-02 -9.18610487e-03 5.15683591e-01 2.74895364e-03 -3.77597809e-01 2.41987839e-01 3.14679801e-01 1.39269695e-01 -5.66433109e-02 9.80761200e-02 3.40399183e-02 -2.08224103e-01
9.29397225e-01 -8.43263343e-02 -6.28329098e-01 2.32470959e-01 3.86764109e-01 1.71392426e-01 5.85010290e-01 1.80732667e-01 -3.74441922e-01 -8.30400705e-01 -9.03004944e-01 1.37187195e+00 5.84370904e-02 -8.22751284e-01 3.78031433e-01 1.00721049e+00 -6.57273382e-02 8.43857229e-01 -2.51039058e-01 -4.70680669e-02 -1.74944031e+00 -3.29065233e-01 -7.45902658e-01 -9.00837481e-02 -5.47647297e-01 -4.90229130e-02 2.83035338e-01 7.59384155e-01 -8.88063908e-02 1.04050666e-01 1.21908439e-02 5.61333954e-01
-1.19342953e-01 1.53049245e-01 -9.08251286e-01 -1.30493805e-01 2.24242151e-01 3.14233661e-01 1.30198702e-01 6.21325411e-02 1.50035638e-02 5.13862967e-01 -4.57274288e-01 -1.12233245e+00 4.34189528e-01 3.01410377e-01 -4.02344137e-01 6.68875217e-01 5.07287635e-03 1.31006348e+00 -4.49395329e-01 1.98293984e-01 2.71767288e-01 -9.59025621e-02 -7.90859312e-02 6.21628344e-01 -2.62013286e-01 8.29946160e-01 -1.52244672e-01 -2.71744698e-01 1.16083197e-01 5.78800552e-02 7.54021466e-01 -8.66037905e-02
1.06349900e-01 3.20539176e-01 -1.71351209e-01 -7.07250535e-01 1.20435312e-01 6.08959734e-01 1.92795515e-01 8.16039920e-01 3.10765624e-01 1.71407923e-01 8.64326119e-01 -1.47053167e-01 1.68414369e-01 2.05238193e-01 7.68168345e-02 -2.84773678e-01 2.61566728e-01 1.95163876e-01 -3.08827907e-01 -4.31504130e-01 -7.40654245e-02 -2.35004991e-01 1.77996606e-01 1.24781154e-01 -6.98708668e-02 2.58907348e-01 -5.32747433e-02 -1.22606508e-01 -4.85443860e-01 1.67034537e-01 -3.33726883e-01 -5.25576435e-02
6.11157902e-02 4.26794887e-02 -1.60864741e-01 1.95199158e-02 -5.11289760e-02 7.62840882e-02 6.23813532e-02 1.00874931e-01 -2.77902726e-02 -6.94799125e-02 -3.21014859e-02 -4.03417140e-01 2.46789277e-01 2.38056138e-01 -1.55166360e-02 4.71904203e-02 9.80013087e-02 -7.38672987e-02 7.21584186e-02 2.56284684e-01 1.21920429e-01 2.55816400e-01 1.84823330e-02 1.90494135e-01 -1.06341340e-01 -2.82296956e-01 -1.66428179e-01 -1.84919998e-01 -2.96219170e-01 -1.36299327e-01 -1.42534252e-03 -2.65708923e-01
4.35334027e-01 -3.92358787e-02 5.29940069e-01 4.21482682e-01 3.69144768e-01 4.17210132e-01 9.48463142e-01 -3.71625721e-01 6.74341142e-01 -8.11834410e-02 -5.81323445e-01 1.27726793e-01 -5.45769393e-01 -3.84907067e-01 2.78025530e-02 2.93834865e-01 -6.56130195e-01 -4.35620874e-01 2.68949121e-01 -5.01287915e-02 -1.10054120e-01 5.56428671e-01 2.59674162e-01 7.35776305e-01 -4.06766078e-03 -1.48063481e-01 -2.06903458e-01 1.96885407e-01 1.64571643e-01 4.44130957e-01 -1.56716064e-01 1.27875069e-02
-3.56784791e-01 -5.09715259e-01 1.51846659e+00 1.41456291e-01 -1.15349758e+00 -1.05741389e-01 -1.21745431e+00 -1.02183259e+00 3.20263624e-01 1.10547209e+00 7.97401927e-03 -5.04231811e-01 -3.46158743e-01 9.79918063e-01 6.48096323e-01 -2.44633484e+00 2.01665565e-01 -3.19470644e+00 1.78424406e+00 8.01486909e-01 -5.67419648e-01 1.73135483e+00 -3.49523544e-01 2.03682259e-01 3.10458034e-01 -7.49900639e-01 -1.97425976e-01 4.52147335e-01 1.11593761e-01 8.19316879e-02 9.61619020e-01 2.23448187e-01
4.32344861e-02 -2.64178440e-02 4.31671813e-02 3.99302430e-02 4.19942558e-01 -2.08557653e-03 2.54454426e-02 2.94665806e-02 5.79715744e-02 -1.16047999e-02 -3.80686538e-06 -7.54229724e-02 1.13448806e-01 -1.75139320e-03 8.45969422e-04 -7.91358426e-02 5.79113001e-03 -5.42633422e-02 -6.91079870e-02 9.74406824e-02 1.60697654e-01 1.78825222e-02 -9.66764335e-03 2.65868963e-03 -1.29070416e-01 -1.25851259e-01 1.49666583e-02 3.10960263e-01 -3.98912728e-02 -6.03720658e-02 2.66746730e-02 -2.45363474e-01
-3.62330228e-01 1.77802648e-02 -1.81873396e-01 -7.49752484e-03 -2.09534332e-01 8.32519773e-03 8.94458406e-03 6.50410593e-01 -1.09482646e-01 -6.32273555e-02 -1.15956269e-01 6.34448588e-01 4.40820515e-01 3.88367832e-01 2.63594806e-01 7.17650652e-02 -1.66304961e-01 7.78668746e-02 -9.68568176e-02 -9.17584300e-02 -1.48829013e-01 -6.76050782e-01 -1.70035496e-01 -1.85867399e-01 -3.90138030e-01 -2.33902961e-01 -5.46269715e-01 4.57785875e-01 -3.15576077e-01 -1.86617628e-01 -1.03299886e-01 5.73657215e-01
2.15288978e-02 -1.29881367e-01 6.70166016e-01 2.43753776e-01 -8.75549316e-01 2.15816155e-01 3.85653079e-01 -6.34449720e-01 5.22305906e-01 3.84915411e-01 -1.63148642e-01 4.67579871e-01 -8.29112977e-02 1.34079620e-01 1.12030625e-01 -2.29787707e+00 1.82427630e-01 -1.33450687e+00 1.90082565e-01 2.14101061e-01 -2.17041522e-01 2.79261708e-01 2.03022957e-01 1.22762419e-01 -3.64104658e-01 -5.45751631e-01 -8.60121623e-02 4.09561843e-02 -5.47889233e-01 -5.08642912e-01 5.32818139e-01 -1.46220475e-01
-1.33217245e-01 6.92945793e-02 -2.34411359e-01 1.45533830e-01 2.99754515e-02 -1.24790221e-01 3.71945649e-01 -1.85223803e-01 -7.11657107e-01 1.53617001e+00 -3.82712334e-01 -4.87394333e-02 -2.66039819e-01 1.30471706e+00 -2.94395775e-01 2.21170858e-01 4.44689021e-02 1.74668938e-01 -9.69118252e-02 -2.79680014e-01 -6.48074299e-02 1.75939009e-01 -1.18265517e-01 -1.64148107e-01 -2.17779547e-01 7.73541555e-02 4.26351279e-01 5.33655226e-01 1.80065125e-01 -4.72560167e-01 2.62725860e-01 -1.51609890e-02
-1.71059027e-01 -3.54289800e-01 6.07868850e-01 5.03181338e-01 -1.43059701e-01 -2.87307501e-01 -1.05211210e+00 2.11401954e-01 7.38917664e-02 4.89428163e-01 1.10005021e-01 -8.80799741e-02 1.10238060e-01 2.58243501e-01 -7.02593401e-02 6.01317823e-01 -1.29174873e-01 1.80105194e-01 -3.04041356e-01 -4.09367174e-01 9.66974854e-01 3.60616654e-01 5.56443512e-01 -4.43211377e-01 1.20153073e-02 5.81724793e-02 -1.83209896e-01 2.97002614e-01 -8.54397789e-02 3.57104063e-01 -8.97080898e-02 -2.80317396e-01
8.32402587e-01 -2.12176368e-01 4.67011839e-01 8.17063451e-01 -2.52770126e-01 1.23997092e-01 -7.73144424e-01 -4.76851016e-01 3.84505272e-01 -1.09347248e+00 -4.34273481e-01 8.86917412e-01 -1.09422469e+00 -3.58764231e-01 4.74693716e-01 -2.21065983e-01 8.90440047e-02 1.89631477e-01 4.24828589e-01 8.80511463e-01 2.32764482e-01 -3.69506180e-01 -2.14338088e+00 -6.65825486e-01 6.01362467e-01 6.29562080e-01 -9.76329386e-01 -3.70764464e-01 2.25771159e-01 1.09214079e+00 -8.10228348e-01 -1.52839512e-01
-1.43809803e-02 1.73660874e-01 -2.97403801e-02 -5.60043193e-02 -1.48807406e-01 -4.59275246e-02 2.39780303e-02 -6.28060773e-02 -5.36839478e-02 -1.34564955e-02 3.08496729e-02 9.48744565e-02 7.84342438e-02 -5.12531474e-02 1.69072330e-01 -1.29461542e-01 9.46917236e-02 1.80905432e-01 2.63431785e-03 -2.85774350e-01 1.33705094e-01 5.44847250e-02 -7.07778847e-03 -4.12101112e-02 -3.04706722e-01 -5.26317991e-02 1.24711264e-02 -6.31638467e-02 -2.41316482e-02 -1.16114104e-02 1.64561020e-03 -2.18819559e-01
-1.09146796e-01 1.31769851e-01 1.95820808e+00 3.42683673e-01 -1.68243146e+00 3.25762480e-01 -8.57318938e-02 -5.02394259e-01 7.21660972e-01 6.75987363e-01 1.24472193e-01 -2.79666722e-01 -7.95167327e-01 1.01747203e+00 2.43364334e-01 -3.83545566e+00 -3.78525019e-01 -5.09396267e+00 4.58802342e-01 7.81739056e-02 -1.00956798e+00 1.18507385e+00 5.11390984e-01 1.31653234e-01 2.97255576e-01 -6.59983680e-02 -6.34647369e-01 5.60218215e-01 -1.05343461e-01 -9.54840556e-02 -1.21911667e-01 -8.87589157e-02
-8.15034032e-01 2.54636675e-01 1.22145236e-01 -7.62459755e-01 1.06092095e-01 -2.60159045e-01 -2.20024407e-01 4.25704032e-01 8.63787904e-03 -2.19358923e-03 9.37961563e-02 -2.77642518e-01 4.49886262e-01 4.30465400e-01 -4.86822516e-01 -1.55983050e-03 2.68230110e-01 1.88809782e-02 -2.99680412e-01 2.63396472e-01 1.41938940e-01 7.13771284e-01 1.44178614e-01 -3.86829853e-01 2.82461911e-01 2.65741408e-01 -7.31027186e-01 -1.08324379e-01 9.42039266e-02 -5.76017976e-01 -1.94272488e-01 -1.06017125e+00

layers.2.bias:
-1.38801074e+00
-8.13554645e-01
6.57169402e-01
-4.74367410e-01
1.89146668e-01
-4.75508004e-01
2.31295124e-01
2.22194886e+00
7.45323658e-01
8.15559208e-01
-9.64985490e-01
-1.42434096e+00
-5.67419469e-01
1.02551281e+00
-4.47089314e-01
-6.13540888e-01
-7.01215044e-02
-8.00232232e-01
3.44227642e-01
-8.03022385e-02
-3.12813312e-01
8.32168221e-01
8.35066259e-01
-2.42509127e-01
-2.52243996e-01
1.05000055e+00
-1.00504804e+00
-1.01865196e+00
5.32038391e-01
-1.22453833e+00
2.67193377e-01
8.06048140e-02
8.27019751e-01
1.15935192e-01
-9.20551866e-02
-1.35809146e-02
-1.43091157e-01
1.39908516e+00
1.04251266e+00
-1.83502734e-01
9.72791433e-01
-3.20401222e-01
-4.96760309e-01
1.41488910e+00
2.68892765e-01
-1.01650345e+00
1.03546262e+00
-3.58672023e-01
8.38890731e-01
1.68726277e+00
2.36036777e-01
4.14318681e-01
1.11767478e-01
-6.15823030e-01
1.26587525e-01
-4.93521523e-03
8.32202613e-01
-4.55268882e-02
4.55536693e-02
-7.01014280e-01
7.14630723e-01
6.19894303e-02
-4.89843249e-01
7.18747854e-01

layers.4.weight:
3.35524827e-01 2.28868984e-02 -6.53087944e-02 2.24999636e-02 -9.21256170e-02 8.73801485e-02 1.64368888e-04 -7.59955049e-01 -2.17891768e-01 -3.98705065e-01 6.69215918e-02 9.62067366e-01 -2.62542200e+00 -1.51654318e-01 9.36842262e-05 -1.45832562e+00 -6.42749656e-05 5.90588227e-02 -3.18098348e-03 -3.31164018e-04 4.07174157e-05 -1.24229893e-01 -2.10283566e-02 2.61713922e-01 -2.82525178e-02 -2.90406775e-02 4.36040759e-03 8.18471849e-01 -4.02411371e-01 4.05625641e-01 -3.17945778e-02 -1.30069837e-01 -2.25159172e-02 8.31917627e-04 -2.40169829e-04 -3.14326113e-04 -2.55619641e-04 -1.83420897e-01 -3.10248770e-02 1.43592730e-01 -1.05134015e-04 3.10033381e-01 1.29323574e-02 -1.43886283e-01 1.58216189e-05 1.12368509e-01 -4.35257629e-02 7.38928735e-04 -1.85539033e-02 -7.15963066e-01 -4.41007242e-02 4.13149683e-04 -3.18732928e-04 7.02826725e-03 -1.31717682e+00 -4.91017941e-04 -1.39950414e-03 -3.65237415e-01 -6.71223253e-02 5.34576960e-02 -1.37890987e-02 3.28467373e-04 9.38786566e-01 -3.65794003e-02

layers.4.bias:
-1.14109945e+00

