layers.0.weight:
3.31696361e-01 -5.67613244e-01 7.97264636e-01
5.69172144e-01 -8.09445798e-01 -5.80563486e-01
-8.31293464e-02 -6.13938749e-01 -5.77727258e-01
-1.07055378e+00 1.15616508e-01 4.58123112e+00
2.67282110e-02 4.11940843e-01 1.16166264e-01
-5.79876065e-01 8.58121514e-01 -1.84879377e-01
-1.31842160e+00 4.86020595e-01 -9.88645032e-02
-6.01682402e-02 7.88846374e-01 -9.23566997e-01
6.03414774e-01 -9.26082134e-01 5.12713566e-02
-1.11527514e+00 5.86289167e-02 -1.64189592e-01
7.53551662e-01 -9.85680073e-02 1.41279221e+00
-7.16238439e-01 -1.31785080e-01 -1.29353356e+00
-4.30584475e-02 7.12955832e-01 -1.57757306e+00
-1.16726887e+00 2.10410804e-02 5.00053525e-01
-6.46977663e-01 1.09646142e+00 7.52028525e-01
-1.81771189e-01 9.48456824e-01 1.64468549e-02
5.46070874e-01 -6.33792400e-01 -1.45019031e+00
-1.15504665e-02 1.12846863e+00 1.84981868e-01
8.07071701e-02 -9.54183042e-01 5.35116851e-01
3.41117471e-01 -1.28724232e-01 -8.64976227e-01
2.23475501e-01 1.65966094e-01 -5.10879010e-02
-3.24195027e-01 -2.56797969e-01 -1.00232065e+00
-4.64660525e-01 1.65601885e+00 -4.46076952e-02
-1.56447518e+00 4.06930357e-01 1.75152493e+00
1.05132234e+00 3.79940838e-01 -7.78481364e-01
2.59609371e-01 6.71772659e-01 -1.17486012e+00
-1.16151750e-01 -2.13369340e-01 1.90187418e+00
-3.97779703e-01 -2.44972542e-01 1.92939892e-01
3.22416067e-01 7.57217348e-01 -1.46468067e+00
-1.04933763e-02 4.65525806e-01 1.70563948e+00
-2.89658904e+00 2.84448242e+00 -1.78299040e-01
-1.26738083e+00 -5.19488692e-01 1.02004325e+00

layers.0.bias:
8.77201200e-01
4.81547834e-03
-1.42384720e+00
-6.34384930e-01
7.07518518e-01
-2.04255387e-01
-3.54310095e-01
2.86240637e-01
-7.45998621e-01
-1.59115899e+00
1.64644122e-01
1.80825554e-02
2.46107668e-01
-1.21306002e+00
-2.90836543e-01
1.43946290e+00
9.34610724e-01
1.82654703e+00
-6.68276668e-01
5.78918040e-01
-1.44309163e-01
-1.35729384e+00
1.02535832e+00
-7.05530941e-02
1.36946186e-01
5.60703695e-01
8.80503118e-01
-1.57881156e-01
-4.88352716e-01
7.31267482e-02
8.91685039e-02
-6.70209900e-02

layers.2.weight:
-2.60894269e-01 3.14881563e-01 1.55184656e-01 -5.34333944e-01 -3.18360806e-01 -1.46254092e-01 7.42979497e-02 -7.55650699e-02 1.75336853e-01 2.61313748e+00 4.28948365e-02 1.23876311e-01 -1.84402972e-01 2.34158778e+00 -3.01859587e-01 2.17260957e-01 -7.36276293e-03 4.08579737e-01 2.53233731e-01 -2.15221286e-01 1.90271482e-01 -2.14395057e-02 -6.62609994e-01 5.30783534e-01 -1.35293648e-01 6.43934965e-01 -8.37519825e-01 -8.63232315e-02 -2.07794800e-01 -2.71775872e-01 -5.38973510e-01 3.09039026e-01
-9.07972455e-02 9.79264751e-02 -8.66550148e-01 1.08718045e-01 -3.99593890e-01 1.74310505e-01 -7.84514666e-01 -5.26232779e-01 5.16998231e-01 6.82344496e-01 3.96591485e-01 -3.48184347e-01 1.96592137e-01 -5.33668585e-02 -2.63454527e-01 2.21983716e-01 -4.13428664e-01 3.38476360e-01 -3.97401810e-01 -1.14892915e-01 6.23605788e-01 -1.32889181e-01 -4.06908751e-01 1.44081470e-02 -3.24215069e-02 -1.11141227e-01 -2.68524885e-01 -4.84791815e-01 9.16438084e-03 -1.59443855e-01 -2.41655540e-02 2.17644259e-01
-1.86013374e-02 1.95899475e-02 -3.04827709e-02 -7.25273132e-01 -6.04032338e-01 -4.50576432e-02 -5.13680398e-01 3.01930934e-01 4.89850491e-01 6.89058065e-01 -5.18457174e-01 -1.18715100e-01 1.35388419e-01 -2.21875980e-02 -1.10394612e-01 -7.84119248e-01 -1.97168496e-02 -6.30783677e-01 -7.82858208e-02 5.57635546e-01 -4.47618991e-01 -2.92536944e-01 3.78820658e-01 -1.30608535e+00 -3.31399709e-01 4.02827024e-01 -1.14335537e+00 2.59324722e-03 4.01029050e-01 -3.55145454e-01 6.65310249e-02 2.37861693e-01
2.97873020e-01 -2.50014234e-02 2.88330298e-02 1.39668727e+00 5.50361753e-01 3.33254337e-01 6.08736277e-01 -2.92556405e-01 -9.57365036e-02 -9.21711102e-02 2.11261421e-01 -1.13913663e-01 -6.27213717e-01 1.13595121e-01 5.73403835e-01 7.41038799e-01 -2.68882215e-01 7.74284720e-01 3.72381359e-01 -9.50580657e-01 -8.01593959e-01 -1.99413329e-01 3.16178471e-01 1.39081836e+00 -1.94664255e-01 -6.00896478e-01 5.48712730e-01 1.50606900e-01 -7.17340648e-01 -1.03252001e-01 -7.34483898e-02 4.14834082e-01
1.58638418e-01 -2.98221499e-01 3.55136126e-01 -4.23901498e-01 -2.94610590e-01 -3.14289719e-01 -1.21874583e+00 9.72589776e-02 5.08113325e-01 -4.71515924e-01 4.41132993e-01 -7.49647319e-01 7.78374135e-01 -6.91900313e-01 -1.44007787e-01 -1.61778271e+00 -3.22732717e-01 -1.41885436e+00 6.20059520e-02 -1.41366422e-01 8.17936718e-01 -5.40970623e-01 1.59872457e-01 -3.25363815e-01 -7.99679756e-01 6.09876394e-01 1.21489055e-01 -4.87605333e-01 -3.19444180e-01 6.36022568e-01 -1.62822455e-01 3.53436358e-02
-4.99512881e-01 2.37697825e-01 3.57189626e-01 1.88554987e-01 -7.10688531e-01 -1.63449198e-01 -9.22554135e-01 3.09063017e-01 4.52873945e-01 -1.98079109e-01 6.67390287e-01 1.27785847e-01 -9.59635526e-02 -4.25540328e-01 -2.73886085e-01 -1.01390493e+00 -3.33334714e-01 -1.16828895e+00 5.85841417e-01 -2.23321512e-01 -4.56616849e-01 -1.83287775e-03 -4.23277766e-01 -1.93992779e-01 6.57233372e-02 8.11077803e-02 1.70184195e-01 9.83889818e-01 -1.48087770e-01 -3.99943352e-01 -6.31363869e-01 3.13839257e-01
2.72990484e-02 -6.96273567e-03 -2.32043698e-01 -5.84325986e-03 -1.45958886e-01 1.75013974e-01 -4.80857976e-02 -4.20252055e-01 -1.18164293e-01 2.37781778e-01 2.96531200e-01 7.21882656e-02 2.91248441e-01 1.61302893e-03 -1.20764701e-02 -2.83179432e-01 1.21669583e-02 1.16943948e-01 -1.00306636e-02 -3.05497944e-01 -3.82441252e-01 7.82419816e-02 6.91091865e-02 1.23670939e-02 1.63209945e-01 2.65377432e-01 -3.56666982e-01 -4.40802157e-01 -1.54920965e-01 7.71335438e-02 -1.97053272e-02 1.45583928e-01
3.13890487e-01 1.00809090e-01 -4.27974641e-01 3.45840126e-01 3.78039718e-01 -6.41261220e-01 1.13847747e-01 4.91401076e-01 8.40643570e-02 -3.17987949e-01 -1.42369628e-01 9.77568746e-01 3.24536890e-01 -5.32258034e-01 -1.59050673e-01 1.97128505e-01 5.26471555e-01 2.06824690e-01 2.33669072e-01 5.08338451e-01 -1.45845294e+00 -9.14153695e-01 1.55372933e-01 3.02818328e-01 2.38859609e-01 7.54245281e-01 5.92142761e-01 5.02413988e-01 -5.78182459e-01 4.85512525e-01 2.65480727e-01 -2.95133442e-01
1.26293346e-01 3.84333730e-01 -5.58659673e-01 -2.88914293e-01 1.31022155e+00 -4.91436750e-01 -5.61748505e-01 -3.49919081e-01 -6.57152951e-01 2.02166498e-01 4.42024320e-01 2.30989188e-01 7.14401543e-01 -3.32751572e-01 -1.50691541e-02 1.82670856e+00 4.40822303e-01 1.40115917e+00 -4.96939480e-01 -4.90169078e-02 1.96229983e-02 -2.61974066e-01 -3.61813344e-02 2.33245090e-01 -8.16295743e-02 3.95372242e-01 2.35392228e-02 1.30716994e-01 -8.15028548e-02 1.25893310e-01 2.17608857e+00 -1.49879739e-01
-6.21276736e-01 7.57985339e-02 -1.03367724e-01 -5.28056026e-01 4.49950159e-01 2.90544052e-02 -1.21642221e-02 3.84278804e-01 3.84644657e-01 -1.50352895e-01 5.46430412e-04 2.55040109e-01 1.91675708e-01 2.13690668e-01 -3.31090331e-01 -5.59285700e-01 2.96240717e-01 -3.85056883e-01 -4.29253370e-01 -2.89551355e-02 -6.37827873e-01 -2.30367362e-01 1.21421501e-01 -9.41799283e-02 -2.03938693e-01 -8.38082433e-02 -1.79473802e-01 2.18414605e-01 2.68706352e-01 1.58813432e-01 1.76676214e-01 -1.04032913e-02
2.18769014e-01 -3.23375612e-01 -7.86563288e-03 -3.61756176e-01 -5.91240048e-01 -3.35828304e-01 -3.23013127e-01 1.18719928e-01 6.70120418e-01 2.65138268e-01 -5.20677507e-01 -1.21411838e-01 8.52454782e-01 -3.17233175e-01 -1.92002520e-01 -4.10594553e-01 -6.42537475e-01 -9.35059786e-01 4.98376191e-02 -4.13794443e-02 1.02924383e+00 -2.35147119e-01 -9.10779476e-01 1.77613705e-01 -1.26952007e-01 -6.73924834e-02 -4.31483924e-01 -4.93014276e-01 2.70975143e-01 -3.96767706e-01 -9.58295241e-02 4.00901258e-01
-1.73520923e-01 -2.97077656e-01 1.74097884e+00 -9.38639283e-01 -7.27007806e-01 2.23639637e-01 -1.11517914e-01 -3.20827156e-01 -1.24000609e-01 1.92620635e+00 -2.44297795e-02 -1.13148384e-01 3.59915167e-01 3.12128854e+00 2.31084436e-01 -4.97071207e-01 2.95051724e-01 -2.33151984e+00 4.98545080e-01 -2.79228508e-01 3.84366661e-01 6.65796101e-01 -1.81777552e-01 7.59347081e-01 3.74907963e-02 -4.79480803e-01 2.26923957e-01 -2.24434674e-01 1.83035016e-01 -2.20752843e-02 1.04428552e-01 -4.53580439e-01
-7.06069946e-01 -2.61326432e-01 1.11772645e+00 3.99597466e-01 -1.05428147e+00 6.75816596e-01 2.85382438e-02 -9.96831298e-01 4.05014724e-01 4.46158558e-01 1.95283130e-01 1.29165396e-01 -5.08553624e-01 -1.85183451e-01 5.80887377e-01 -4.67339516e+00 -1.83517471e-01 -6.51537371e+00 6.84003174e-01 -1.03728497e+00 -6.09944403e-01 5.73982418e-01 7.11094558e-01 -1.09829880e-01 -2.83801585e-01 -2.50922233e-01 -3.68393540e-01 6.58128917e-01 -6.82577431e-01 -3.29949528e-01 -1.30872118e+00 -2.21812949e-01
7.95031339e-02 -1.68207154e-01 -6.42400026e-01 -6.78499117e-02 -1.56825572e-01 -7.30473101e-02 2.94024557e-01 3.04848969e-01 3.57486427e-01 -2.24904910e-01 5.22628725e-01 -1.62497967e-01 3.29979092e-01 -7.90029526e-01 -3.27256680e-01 -7.27941915e-02 -2.45829448e-01 1.82028100e-01 -5.07869273e-02 1.27483383e-01 -8.81674066e-02 -1.59114733e-01 2.07395423e-02 -2.20080405e-01 -1.62672162e-01 7.52543271e-01 -7.05904420e-03 9.82467532e-02 -2.13349029e-01 2.54487664e-01 1.91282660e-01 3.93146813e-01
-9.30056572e-01 2.46513903e-01 2.15008080e-01 3.34887624e-01 -5.00544190e-01 6.49451971e-01 -2.83425301e-01 -1.56453431e-01 3.67466033e-01 -1.56178325e-01 -8.08399379e-01 2.90049821e-01 1.54388249e-01 -3.09387386e-01 -3.20848644e-01 -8.83810222e-01 2.34734952e-01 -9.07549679e-01 -2.27428466e-01 3.20384383e-01 1.16356683e+00 1.14285421e+00 -8.16124156e-02 1.80317149e-01 -4.43262577e-01 1.02182508e-01 -5.91840386e-01 2.31576994e-01 7.36954987e-01 -2.53074169e-01 -6.11757599e-02 2.11498052e-01
-5.79433322e-01 -1.94389885e-03 7.22152665e-02 5.79983145e-02 -1.57950506e-01 2.07026079e-01 -8.31060708e-01 -2.24575810e-02 -4.01234776e-02 5.25556231e+00 4.87866998e-01 5.08812606e-01 2.92039216e-01 2.60346985e+00 -7.33301714e-02 9.27721709e-02 -3.49958062e-01 -1.63369672e-03 -1.68375243e-02 -1.24357462e-01 -7.81963706e-01 4.78963494e-01 1.48259565e-01 2.08828896e-01 -4.43194598e-01 -3.55468988e-01 -7.10855603e-01 4.04010803e-01 -4.64673974e-02 -7.37417638e-01 3.42748702e-01 -1.91721216e-01
-1.32780531e-02 1.49548665e-01 -6.29743859e-02 2.70899516e-02 2.03752331e-02 -7.68469472e-04 2.79195234e-02 -6.72263056e-02 1.90774035e-02 -1.75053671e-01 6.54030815e-02 4.12827730e-02 4.47265208e-02 1.01897083e-01 1.09042734e-01 2.64439471e-02 4.52557057e-02 1.76853240e-02 -4.76511801e-03 1.06538415e-01 2.70932764e-01 1.21140145e-01 -1.34859579e-02 2.42490433e-02 6.27848879e-02 1.71294678e-02 4.90757748e-02 2.52876818e-01 6.88708201e-03 -4.56497399e-03 1.71944220e-02 2.89022289e-02
1.60683945e-01 -1.35635644e-01 -5.57807624e-01 5.20139150e-02 6.73969686e-02 -1.91237256e-01 -2.63653100e-01 -2.64827609e-01 3.11735511e-01 -6.81263506e-01 6.14699870e-02 -2.82642990e-02 2.05663592e-01 4.95813638e-02 -6.04564250e-02 1.41160071e-01 -3.17437649e-01 4.36689585e-01 -1.80697381e-01 9.13659334e-01 3.23749810e-01 1.23474844e-01 -4.73536521e-01 -1.19225994e-01 -8.21449012e-02 -4.20549631e-01 8.45924318e-01 -5.48356116e-01 2.70887256e-01 3.15551698e-01 -2.74182018e-02 1.53159320e-01
-2.33180597e-01 -9.11753103e-02 -3.58665884e-01 -1.79361969e-01 4.90911394e-01 8.75507423e-04 1.67183504e-01 8.86818543e-02 4.08565193e-01 -4.18066889e-01 -1.21873721e-01 -9.56211448e-01 4.44762647e-01 -1.71270519e-01 -1.80062771e-01 2.04495311e-01 -1.49822786e-01 3.83752972e-01 1.77339822e-01 -9.71152335e-02 -1.02188913e-02 -2.41531610e-01 4.63935643e-01 -2.97182947e-01 2.12108061e-01 1.64668366e-01 -1.49459749e-01 3.20080042e-01 1.01926355e-02 3.79815012e-01 5.41892171e-01 1.56176984e-01
6.75127283e-02 1.86541751e-01 -8.94225389e-03 6.80943802e-02 -6.69395998e-02 8.89521614e-02 -2.76469458e-02 -9.12457928e-02 4.41036820e-02 7.10201040e-02 6.11386821e-02 1.24115780e-01 -7.42458031e-02 -7.18419179e-02 1.12957165e-01 4.53936040e-01 6.04960918e-02 -2.96836615e-01 4.82201800e-02 -1.10271350e-01 -1.27531722e-01 -1.26643807e-01 5.66130597e-03 -1.80846695e-02 4.69552279e-02 1.17312774e-01 3.79886455e-03 2.25399826e-02 1.14901319e-01 1.39971292e-02 7.89632648e-03 2.56109834e-02
4.14535403e-01 -2.23362893e-01 7.16561139e-01 5.43339193e-01 -3.13495427e-01 -1.49210587e-01 -6.01350605e-01 -1.20881215e-01 -3.35180640e-01 -7.84391880e-01 -8.75593871e-02 9.45870638e-01 4.82445657e-01 -4.06280249e-01 8.09697092e-01 5.40123045e-01 -1.30661801e-01 -2.79959083e-01 4.66530889e-01 4.13441062e-01 -3.71555597e-01 1.25884593e-01 6.06863737e-01 2.03124747e-01 8.72247741e-02 -3.81210089e-01 1.05410047e-01 3.27131540e-01 -1.08448513e-01 -6.37349784e-02 1.30980104e-01 4.27023739e-01
2.69029349e-01 -1.41387373e-01 4.57739867e-02 1.52783692e-01 5.87797426e-02 1.49589688e-01 9.17630553e-01 3.56089436e-02 4.87536371e-01 2.45127603e-01 3.30187559e-01 3.72226745e-01 -4.05001104e-01 -5.28147340e-01 1.40038401e-01 -1.00567329e+00 -7.67105371e-02 -7.32953072e-01 -3.42914872e-02 -4.66627389e-01 -5.22549331e-01 -1.32174464e-02 2.55313843e-01 -1.84015501e-02 1.20036587e-01 -4.36434001e-01 -7.02799559e-01 4.46423262e-01 -1.21921204e-01 -1.82121679e-01 2.96140969e-01 -1.20062925e-01
7.28760511e-02 1.99088287e-02 -2.42484793e-01 3.78353685e-01 1.54196471e-02 3.58259767e-01 3.50331604e-01 -2.37609193e-01 -2.98465669e-01 3.32818747e-01 -2.39831605e-03 1.09563649e-01 4.65641588e-01 4.73441452e-01 -1.84054226e-01 -5.94221473e-01 5.85865915e-01 -2.19749644e-01 1.96517911e-02 -2.07718059e-01 -3.38533431e-01 8.77433121e-02 -3.61177653e-01 1.47122011e-01 -3.32810849e-01 -7.91263804e-02 -8.44989568e-02 -5.41739643e-01 7.39224851e-02 -1.43897548e-01 -2.14263648e-02 -3.08204591e-01
7.25290596e-01 -8.09750557e-02 -2.23584369e-01 2.25573704e-01 3.11028101e-02 -4.45715100e-01 -1.47277340e-01 2.67990410e-01 4.30096298e-01 -2.70120764e+00 1.79262102e-01 9.57480371e-02 3.20927680e-01 -1.64178646e+00 1.74126476e-01 2.03003809e-01 7.13342950e-02 1.17124155e-01 -1.77479669e-01 -7.11260140e-02 5.64813912e-01 -2.46065751e-01 -2.43772864e-01 -1.37157571e-02 -2.83899039e-01 -2.49287948e-01 -1.99533720e-03 -2.40678042e-01 2.42536113e-01 1.67376041e-01 -3.47888529e-01 -2.57318437e-01
-7.16325164e-01 2.67057598e-01 1.35146990e-01 1.40276272e-02 -2.30474651e-01 -4.67076361e-01 8.68267834e-01 -1.10144131e-02 -8.41556311e-01 6.04513466e-01 -8.33275139e-01 1.47241727e-01 2.71813333e-01 -4.23320122e-02 -8.17497194e-01 1.84773281e-01 7.11945832e-01 2.88667351e-01 3.47274095e-01 1.25683144e-01 -2.47901887e-01 4.54788655e-01 4.09937084e-01 8.47282290e-01 -2.65621215e-01 6.26899421e-01 -7.27870166e-01 -1.40554085e-01 9.75685120e-01 -5.61654270e-01 -8.89579952e-03 -1.60932466e-01
-5.36172748e-01 6.16826057e-01 -4.33996432e-02 -1.46149963e-01 5.56734860e-01 1.51402012e-01 -3.72481509e-03 5.11612296e-01 -3.01081538e-01 4.87017810e-01 6.10161833e-02 -1.51287809e-01 2.20323503e-01 1.98752463e-01 -5.50002456e-01 -2.46352822e-01 -9.57262889e-02 -1.03665620e-01 3.94593954e-01 -3.09184521e-01 -1.31472284e-02 -2.75146395e-01 1.53817469e-02 -6.00707948e-01 1.20517924e-01 -2.00313643e-01 -5.68160236e-01 -5.13584852e-01 1.64483994e-01 -3.71231824e-01 -2.04563528e-01 -2.91462898e-01
-1.40024483e-01 1.97385460e-01 4.34907168e-01 4.08217937e-01 -2.69197732e-01 -2.89533406e-01 -1.68696478e-01 -2.28163768e-02 3.05382311e-01 -4.48282629e-01 -5.43673992e-01 -1.17119648e-01 -3.09686244e-01 -2.73231804e-01 8.70846435e-02 6.20102406e-01 -1.24832675e-01 2.43327558e-01 2.97837645e-01 1.74994230e-01 8.21694583e-02 -7.69030094e-01 1.57925665e-01 1.57522306e-01 2.74271250e-01 1.30864665e-01 6.00967892e-02 -5.49796820e-01 -2.77494967e-01 -6.85499609e-02 9.04796869e-02 -2.58723527e-01
-8.14678013e-01 4.96679842e-01 -6.34957314e-01 -1.05016255e+00 -1.05956957e-01 -2.31080130e-01 -2.73296773e-01 5.30631125e-01 3.42311747e-02 4.88301337e-01 -7.71428570e-02 2.15467900e-01 2.27296636e-01 2.82643795e-01 -4.82409559e-02 1.33600867e+00 7.25749195e-01 1.33091450e+00 -1.13506627e+00 1.11553542e-01 5.44150651e-01 -7.48819590e-01 -6.59278870e-01 3.79571229e-01 -1.84956804e-01 -3.90810996e-01 2.37720385e-01 2.21731052e-01 6.25802457e-01 -8.54260623e-01 1.99992910e-01 -2.23130554e-01
1.82319477e-01 -5.50369501e-01 -8.89181532e-03 -1.14654966e-01 -6.91297710e-01 5.12122929e-01 9.14712846e-02 -5.46046674e-01 5.52956879e-01 9.25408661e-01 -2.36437246e-01 1.28452942e-01 5.42753816e-01 4.30835366e-01 2.92614717e-02 -1.21776152e+00 -4.50115919e-01 -1.19812417e+00 3.28876406e-01 2.13664100e-01 1.79046988e-01 3.76267195e-01 1.56110510e-01 1.69784710e-01 2.14584380e-01 8.73022974e-02 -4.07855242e-01 -1.47503421e-01 -3.52570534e-01 -3.38100970e-01 4.66955483e-01 3.64690274e-01
-2.22778738e-01 -1.18771231e+00 5.02508759e-01 1.42163038e+00 1.73961714e-01 2.67458826e-01 5.27318940e-02 -9.23835784e-02 -4.20481175e-01 3.96990925e-01 9.23547387e-01 -8.26342404e-01 -9.38196540e-01 -1.84907705e-01 3.84775430e-01 3.70576024e-01 -1.45618343e+00 9.43717718e-01 4.43731070e-01 -8.85956168e-01 1.10707712e+00 3.55001479e-01 1.95964187e-01 7.93382302e-02 2.93140650e-01 -3.32817197e-01 4.17077765e-02 -2.54561126e-01 -7.15670466e-01 1.11213839e+00 -4.59075689e-01 -2.90793628e-01
-5.87600410e-01 -1.65165141e-01 6.98914349e-01 1.13055766e-01 -4.22939897e-01 2.07953811e-01 3.05322289e-01 -5.79986721e-02 -2.79225379e-01 -2.25854978e-01 -9.86863554e-01 3.21901500e-01 4.84961450e-01 8.73952359e-02 1.66652471e-01 -7.40787268e-01 3.86420488e-01 -5.65306306e-01 1.88527003e-01 -3.26115161e-01 -1.14349020e+00 4.27698672e-01 -2.55040467e-01 -7.11790502e-01 1.84207499e-01 5.97534716e-01 -1.29677996e-01 9.38937739e-02 -4.36464399e-01 -2.44933918e-01 -1.67016625e-01 -6.53467327e-03
-2.64487326e-01 -2.99390256e-01 -1.50791317e-01 -1.79649562e-01 -2.35938206e-01 -1.09629631e-01 2.89669007e-01 2.82048166e-01 -6.52397096e-01 1.39760149e+00 -1.85377076e-01 -5.38584180e-02 -4.72417772e-01 5.03140926e-01 -1.95650741e-01 4.50980887e-02 6.12495616e-02 1.45284116e-01 -3.03070098e-02 -1.58218712e-01 1.62893504e-01 1.60579562e-01 2.75968581e-01 1.44395307e-02 -2.57670302e-02 -4.40152884e-02 -2.15245545e-01 2.65596300e-01 2.62238652e-01 2.80129582e-01 5.62798008e-02 1.81395024e-01
-2.46743746e-02 -3.39067906e-01 6.94328174e-03 -1.27260223e-01 -3.40587556e-01 4.29814786e-01 -2.60768682e-01 -4.52041715e-01 1.37674317e-01 -4.22705799e-01 1.41008734e-03 4.65933919e-01 2.26018265e-01 4.14131016e-01 2.99719363e-01 -6.08305454e-01 -4.25902992e-01 -1.27708316e+00 3.73544656e-02 -2.91476399e-01 -1.54075935e-01 8.71559858e-01 4.09744382e-01 5.95863879e-01 -4.34582025e-01 1.66228145e-01 1.05332047e-01 -2.09015474e-01 -3.85346025e-01 -2.88224876e-01 -5.51411733e-02 -1.17998488e-01
3.65260430e-02 -5.05132675e-02 1.32337704e-01 -9.31324437e-02 2.30642483e-01 -1.10658050e-01 4.64056656e-02 -3.30120891e-01 -1.86843604e-01 3.60440880e-01 1.42616332e-01 1.77722573e-01 7.98547640e-02 -2.99387425e-01 -6.75708950e-02 -2.94829279e-01 5.23893833e-02 1.48259863e-01 -1.67717978e-01 -5.48027396e-01 1.43097579e-01 -1.65686086e-01 -1.16325557e-01 -3.79041098e-02 -1.86007768e-02 2.06984788e-01 -6.45011291e-02 1.96977612e-02 1.18556447e-01 7.07958788e-02 -3.66166718e-02 6.62582926e-03
2.28773057e-01 -5.09312809e-01 -2.89842933e-01 7.44308293e-01 -1.80768028e-01 -5.95539629e-01 2.96074092e-01 -1.80053860e-01 -1.49300739e-01 2.72450328e+00 -5.87504148e-01 1.02244008e+00 6.64751410e-01 7.99762905e-01 7.03870595e-01 1.92638427e-01 8.28677863e-02 1.94894627e-01 6.78981781e-01 4.05477494e-01 1.26493946e-01 1.50309533e-01 -2.47995287e-01 1.03590536e+00 -1.12886347e-01 1.42372727e-01 -3.21196198e-01 3.86858493e-01 4.92605800e-03 1.01147275e-02 5.99528730e-01 8.60418975e-02
-9.51022357e-02 1.84279025e-01 1.27685890e-01 6.78068101e-02 4.30121683e-02 -5.46383373e-02 1.39997313e-02 1.02315232e-01 6.47316175e-03 -2.10078247e-02 1.66840106e-01 8.35723802e-02 8.75782892e-02 -1.27136549e-02 1.58475563e-01 1.91787958e-01 3.77667286e-02 -1.37131914e-01 -1.27115753e-02 8.57853219e-02 -1.58463582e-01 -5.74645326e-02 -2.86311768e-02 4.69575217e-03 -4.59792674e-01 -2.27960065e-01 4.08372544e-02 -1.41378894e-01 -5.75604141e-02 -5.92990443e-02 3.09947748e-02 -4.55988467e-01
-6.68516709e-03 -7.51247779e-02 -4.55157757e-02 2.52596680e-02 -2.20399514e-01 1.93656366e-02 -3.40299681e-02 1.52015939e-01 5.86933531e-02 -5.27042076e-02 -1.55611224e-02 -1.39437588e-02 -7.40691498e-02 4.56847213e-02 -6.70889169e-02 2.24525377e-01 -1.07533269e-01 -1.23396717e-01 2.19268277e-02 3.30107689e-01 -2.53447890e-01 -8.83497372e-02 2.61840201e-03 -1.52722709e-02 1.61431637e-02 -1.02827989e-01 -6.29166886e-02 -5.52236661e-02 -6.32669330e-02 5.02722748e-02 2.95741130e-02 -1.07711218e-02
8.57935786e-01 -2.85174698e-01 3.26147050e-01 3.60567540e-01 -4.15422916e-01 1.55843068e-02 -4.92604405e-01 -2.79606786e-02 7.04427958e-01 9.01963189e-02 -1.44769296e-01 1.45846130e-02 3.58416587e-02 2.46268153e-01 7.58472741e-01 -8.62050772e-01 -4.71908033e-01 -8.17106545e-01 5.58586955e-01 -2.85407275e-01 -7.37842321e-01 1.89749166e-01 -1.33236662e-01 2.20539525e-01 6.79156184e-01 -5.22011518e-02 2.45394006e-01 -9.01392326e-02 -5.92661440e-01 2.46832207e-01 1.08831383e-01 2.37192005e-01
1.79353103e-01 -4.26831067e-01 -2.63539433e-01 4.40066218e-01 1.41212270e-01 -6.05889380e-01 3.36606614e-02 -1.34838745e-01 3.34489465e-01 -2.61636853e-01 -2.06937820e-01 4.22922224e-01 3.09993565e-01 -2.71178544e-01 2.69177020e-01 -8.45052540e-01 -3.48393589e-01 -8.91806901e-01 8.66877377e-01 -4.23954278e-01 -2.49282479e-01 -8.51085111e-02 3.52609277e-01 6.71466887e-01 -1.43230990e-01 -3.69108975e-01 4.75297719e-01 -2.51453128e-02 -2.06256166e-01 -3.88776630e-01 1.27939031e-01 2.40836203e-01
-2.55252458e-02 -1.04464605e-01 8.22311938e-01 6.93487749e-02 -1.23333931e+00 -2.66064674e-01 1.39657006e-01 -8.90492126e-02 7.22158432e-01 6.58760190e-01 -1.95897207e-01 -3.30170572e-01 4.87430356e-02 7.39839435e-01 7.91559666e-02 -2.30105615e+00 -3.60496402e-01 -2.87245846e+00 8.40985849e-02 2.27567577e-03 -6.89360499e-01 7.12493479e-01 2.57409751e-01 1.38487831e-01 3.99302244e-01 1.69318020e-01 2.95655310e-01 2.55991728e-03 -5.85848168e-02 -8.03535581e-01 -5.03333569e-01 2.29451945e-03
-1.68184996e-01 -2.42209777e-01 -2.62333691e-01 -2.93440461e-01 -2.56518900e-01 5.41869640e-01 1.95960730e-01 -1.17507316e-01 -1.20284453e-01 3.69894445e-01 -2.06604198e-01 1.83072492e-01 6.23395517e-02 -2.49993965e-01 -1.35228768e-01 -5.00685275e-01 3.05903524e-01 -6.27520978e-01 -2.75654942e-01 2.23590322e-02 -3.61027747e-01 3.80914807e-01 -1.38519943e-01 3.51544827e-01 3.38921219e-01 -5.19751430e-01 4.70859319e-01 8.81376788e-02 6.02829419e-02 1.19929843e-01 -5.80713339e-02 6.48496598e-02
3.25545430e-01 6.46761119e-01 6.36133313e-01 -3.73868614e-01 2.26952687e-01 2.21092552e-01 2.01674029e-01 -9.14600641e-02 -8.68486822e-01 1.02699447e+00 -2.48494521e-01 -2.82359749e-01 -4.63881403e-01 1.14055502e+00 1.98147431e-01 1.85880631e-01 -5.86655410e-03 -8.51725698e-01 1.62620142e-01 -3.13360304e-01 1.33530349e-01 6.65336609e-01 -7.57821500e-02 -3.77005696e-01 6.85189903e-01 -7.87364841e-01 5.16897440e-01 -1.49510562e-01 -2.42999315e-01 -5.71558356e-01 -7.53817707e-02 -4.95673954e-01
-1.30672771e-02 -4.17270035e-01 1.74489841e-01 -1.50520474e-01 -1.88580707e-01 1.16853543e-01 1.61396295e-01 -2.81029075e-01 -5.94622493e-01 -3.44501495e-01 -8.26077014e-02 -1.76254660e-02 -1.18972778e-01 5.07558167e-01 5.37440598e-01 4.03298527e-01 2.12644443e-01 -3.56596380e-01 2.65218690e-02 1.12031333e-01 -2.81334609e-01 2.91332990e-01 -3.57126981e-01 2.03377441e-01 -9.68809426e-02 -2.71772385e-01 4.29779708e-01 7.88954973e-01 -4.09708560e-01 -4.31915015e-01 1.89346090e-01 3.50958526e-01
-1.25381887e+00 -3.77457365e-02 1.92761384e-02 -1.19935930e+00 3.50314341e-02 1.87863894e-02 2.99569637e-01 4.18679863e-01 -2.35528462e-02 1.07375526e+00 -1.30343843e+00 1.06604767e+00 9.17018473e-01 5.63951015e-01 -5.40082157e-01 5.31720161e-01 3.89987171e-01 -2.22120062e-01 -3.69974494e-01 7.96965063e-01 -1.04461145e+00 -4.06109661e-01 -2.42819294e-01 9.61605087e-02 4.11738425e-01 5.93111575e-01 9.69754994e-01 1.12744331e+00 3.47079128e-01 -9.14634705e-01 2.94383168e-01 3.76114488e-01
-8.73946175e-02 8.88711438e-02 2.95244098e-01 -4.59731966e-02 3.25087488e-01 -9.84869301e-02 -1.71400141e-03 4.68072407e-02 -5.32785431e-02 1.92723319e-01 2.66674068e-02 1.60832480e-02 -3.20334639e-03 -1.30205378e-01 8.57181251e-02 -1.53681144e-01 7.88145512e-02 5.48248217e-02 -1.01293670e-04 -4.22638774e-01 1.36034057e-01 -1.22273788e-01 1.85620915e-02 1.50174610e-02 1.44720212e-01 -6.43160380e-03 7.49565437e-02 1.46386370e-01 5.00026643e-02 -8.44675004e-02 -1.89171266e-02 5.03780954e-02
-5.36383800e-02 2.85008818e-01 3.69659066e-01 -7.17388615e-02 -4.92185727e-03 4.17253077e-02 6.14544749e-01 2.38189250e-01 1.87290415e-01 -1.22721756e+00 -2.98010796e-01 4.85055506e-01 6.08225763e-01 -2.98697472e-01 -4.89160180e-01 -2.59487063e-01 4.12143648e-01 -5.03190577e-01 5.70866875e-02 -8.30597997e-01 1.09650576e+00 -3.04015964e-01 -5.91745935e-02 -1.32905042e+00 2.63541639e-01 4.57777590e-01 -9.48077738e-01 -9.38438237e-01 2.29932055e-01 -6.21696189e-02 -1.01257794e-01 -2.84266859e-01
6.59162223e-01 -3.25874329e-01 -2.25745052e-01 4.62597817e-01 -2.71612287e-01 -6.70808926e-02 -1.70530811e-01 -2.88454175e-01 6.04575992e-01 -1.06882811e-01 -9.94751081e-02 -6.67916164e-02 7.24367797e-01 -3.31320792e-01 3.76663804e-01 -8.31015706e-01 -4.94412035e-02 -7.92753696e-01 9.42586243e-01 -9.53414589e-02 -3.34888607e-01 1.11825578e-01 1.50857344e-01 1.75105140e-01 -2.49014553e-02 -2.51365155e-01 8.19186509e-01 5.15907884e-01 -4.59243596e-01 3.59106153e-01 2.19191179e-01 2.90651023e-01
-1.98747337e-01 3.04050922e-01 -1.42850608e-01 -6.26574382e-02 -5.44985354e-01 -2.29349330e-01 8.36290345e-02 4.42227453e-01 -4.58825603e-02 -5.43753564e-01 -1.94717005e-01 6.86854497e-03 -3.35827410e-01 1.93142638e-01 2.89269060e-01 -1.69332653e-01 -1.22797415e-01 2.50136554e-01 4.66698259e-02 3.57787132e-01 -2.27216423e-01 -3.51478122e-02 -4.10660096e-02 -3.52385044e-02 -9.24278423e-02 -9.81313512e-02 2.54824966e-01 -3.03722531e-01 1.05962858e-01 -7.22915912e-03 2.14845706e-02 1.49222851e-01
7.66334236e-02 -4.73159730e-01 -5.06405979e-02 -1.50752619e-01 -1.14039980e-01 -1.81799635e-01 -5.97333163e-02 -1.49548024e-01 -3.69981170e-01 4.29696530e-01 -5.32485098e-02 1.23202592e-01 3.95583481e-01 2.81647861e-01 -2.00583667e-01 -6.73685730e-01 -1.46628559e-01 -1.92755789e-01 -8.34406540e-03 1.04488738e-01 5.25919460e-02 -1.33247813e-04 5.59710145e-01 -8.48801341e-03 -3.39511901e-01 2.67744333e-01 2.92745858e-01 8.10451731e-02 -4.30416651e-02 8.00721049e-02 -3.29629891e-02 -2.42771834e-01
1.02365029e+00 5.43220006e-02 -6.23244524e-01 1.89703792e-01 2.64427006e-01 5.31550981e-02 4.72582012e-01 1.15908876e-01 -2.62495726e-01 -9.32170570e-01 -8.49799871e-01 1.37152588e+00 8.26768577e-02 -9.33078587e-01 2.55453587e-01 6.79809690e-01 1.04590498e-01 5.31847715e-01 -1.14784658e-01 1.85069993e-01 -1.55546772e+00 -4.18129474e-01 -8.38830411e-01 -2.90242076e-01 -3.88544947e-01 -2.91406456e-02 2.42125392e-01 5.67644894e-01 -5.08509576e-02 5.02682291e-02 -1.27546728e-01 4.50434804e-01
-1.04135171e-01 1.72755986e-01 -9.50477421e-01 -1.20111249e-01 2.45640308e-01 3.10823858e-01 1.74693063e-01 6.08277842e-02 3.67533369e-03 5.16452193e-01 -4.35645878e-01 -1.12908578e+00 4.25375521e-01 3.17032039e-01 -4.24283922e-01 6.11478984e-01 2.40337700e-02 1.34414792e+00 -4.52162415e-01 1.99332103e-01 2.63470560e-01 -1.37531519e-01 -8.58496130e-02 6.19745493e-01 -2.81323701e-01 8.21356654e-01 -1.42787650e-01 -2.82079726e-01 1.24646164e-01 6.67117238e-02 7.36454487e-01 -6.01458438e-02
-6.54719770e-03 4.23842579e-01 -1.68831438e-01 -6.51109993e-01 -4.29529734e-02 7.04209328e-01 2.81676382e-01 8.05319071e-01 3.42821538e-01 2.93528825e-01 9.17756855e-01 -2.27000386e-01 1.16298176e-01 1.99195802e-01 -4.75546625e-03 -6.75213456e-01 3.73328984e-01 -2.31465343e-02 -3.14634353e-01 -4.53817964e-01 -7.01543689e-02 -2.17183769e-01 2.06029266e-01 8.06580707e-02 -2.08807006e-01 1.94828644e-01 1.60989328e-03 -2.25421544e-02 -5.40147841e-01 2.16904029e-01 -2.08649948e-01 1.01640001e-01
4.83103953e-02 4.33483124e-02 -1.51840791e-01 1.13618271e-02 -4.76966500e-02 6.18023649e-02 3.88914980e-02 8.89644176e-02 -2.87011713e-02 -5.31475283e-02 -4.43184115e-02 -3.98202956e-01 2.42364004e-01 2.25605205e-01 -2.04354636e-02 7.33326375e-02 9.09900144e-02 -5.99694066e-02 8.17518234e-02 2.50893086e-01 1.21945210e-01 2.73476124e-01 1.74012110e-02 2.12732837e-01 -1.15033023e-01 -2.91407704e-01 -1.74563497e-01 -1.74149692e-01 -2.97910154e-01 -1.44257739e-01 -6.65740168e-04 -2.59037346e-01
4.33438122e-01 -1.81589031e-03 5.25902390e-01 4.35914040e-01 3.29789519e-01 4.09204662e-01 9.58208919e-01 -3.88347208e-01 7.30702400e-01 -7.72621706e-02 -5.66854000e-01 1.18065655e-01 -5.60894966e-01 -2.87569851e-01 -1.57269668e-02 2.17384055e-01 -6.50529385e-01 -4.63839114e-01 3.06594312e-01 -8.64487961e-02 -1.22563772e-01 5.47087848e-01 2.01827958e-01 7.06532896e-01 8.85708898e-04 -1.69272870e-01 -1.93966955e-01 2.26917922e-01 1.61236599e-01 4.57518160e-01 -1.51428342e-01 1.47694787e-02
-3.04973722e-01 -5.13931215e-01 1.53363395e+00 1.12615198e-01 -1.03860378e+00 -1.46103561e-01 -1.18347168e+00 -1.06400621e+00 3.11702251e-01 1.08030438e+00 2.82078478e-02 -5.02035201e-01 -3.25589985e-01 1.00142443e+00 6.25141084e-01 -2.34569192e+00 1.81602955e-01 -2.93443346e+00 1.87405992e+00 8.24905276e-01 -5.60909271e-01 1.72315013e+00 -3.92824799e-01 2.40974054e-01 2.87546456e-01 -7.29828835e-01 -2.23589510e-01 4.20091778e-01 8.80000442e-02 5.93899116e-02 8.97153974e-01 2.31286600e-01
1.85416061e-02 -2.10385714e-02 4.76568118e-02 4.28412035e-02 4.10193413e-01 7.89387058e-03 1.65652670e-02 3.61500308e-02 4.32116948e-02 -1.09589109e-02 -7.83129595e-03 -8.26863796e-02 1.10911578e-01 -2.16931235e-02 8.79946689e-04 -6.92392588e-02 9.87268239e-03 -5.83532713e-02 -8.41231793e-02 8.75548944e-02 1.47524819e-01 2.81034373e-02 -2.04057302e-02 7.36851245e-03 -1.36932552e-01 -1.31027982e-01 1.69798248e-02 3.33938181e-01 -3.54727805e-02 -5.37400320e-02 -1.56710495e-03 -2.36988068e-01
-4.15975690e-01 6.39794618e-02 -7.34418929e-02 -1.44705370e-01 -2.86953092e-01 3.58266905e-02 -3.40112075e-02 7.60882497e-01 -1.24008335e-01 -3.28545012e-02 -2.51843423e-01 7.91242123e-01 5.74890137e-01 3.04445386e-01 2.59566307e-01 6.58989400e-02 -8.30378458e-02 2.35537346e-03 -2.01469883e-01 4.00797985e-02 -1.04161769e-01 -5.69460392e-01 -1.31130874e-01 -2.81366199e-01 -2.78784275e-01 -9.52271596e-02 -6.81337416e-01 3.69572967e-01 -1.94285035e-01 -3.25965464e-01 -1.12660520e-01 4.53623027e-01
3.37986834e-02 -1.56096697e-01 6.70749426e-01 2.47764483e-01 -8.20431054e-01 2.22600177e-01 3.68875057e-01 -6.76311314e-01 5.24796963e-01 3.61763597e-01 -1.30660743e-01 4.48000103e-01 -9.01736990e-02 1.34024769e-01 1.37225762e-01 -2.34396958e+00 1.55531615e-01 -1.24066412e+00 3.23510736e-01 2.04755098e-01 -1.51998773e-01 2.53736913e-01 2.19668329e-01 1.40394524e-01 -2.98288673e-01 -5.44418275e-01 -8.33477527e-02 -5.60190305e-02 -5.38442910e-01 -5.01146019e-01 5.29260159e-01 -2.17987314e-01
-2.36381084e-01 6.87299147e-02 -1.47256687e-01 9.61440057e-02 -8.89965668e-02 -2.43408699e-02 2.56547540e-01 -1.18015751e-01 -5.81940234e-01 1.64696527e+00 -4.24788296e-01 -3.00168693e-02 -2.15937749e-01 1.23597848e+00 -2.49000818e-01 5.31206690e-02 6.94851726e-02 2.87355818e-02 -1.97634101e-01 -2.50082016e-01 3.40091512e-02 2.42472112e-01 -4.49453816e-02 -2.19081089e-01 -1.15626030e-01 1.32066637e-01 3.72751266e-01 4.30086762e-01 2.69389898e-01 -5.18156886e-01 3.77761215e-01 -1.14838429e-01
-1.72548994e-01 -2.60459393e-01 6.24091923e-01 4.89797264e-01 -1.85492635e-01 -3.11686367e-01 -1.05767524e+00 1.74137414e-01 1.96661234e-01 4.69438791e-01 8.11586156e-02 -5.85500002e-02 1.13589950e-01 2.36655146e-01 -1.78646758e-01 5.29995620e-01 -3.15776095e-02 1.67337075e-01 -1.93737254e-01 -3.57522726e-01 8.99260700e-01 3.90596002e-01 3.92169505e-01 -5.59374034e-01 5.27725555e-02 3.38358730e-02 -1.95323691e-01 2.87753910e-01 -9.48350951e-02 3.41749132e-01 -9.81340632e-02 -3.27683687e-01
8.43094587e-01 -4.66111034e-01 4.72988069e-01 1.03380227e+00 -4.18460846e-01 4.03609991e-01 -1.06698453e+00 -7.21573770e-01 5.29153168e-01 -7.56351709e-01 -2.48033941e-01 6.94119453e-01 -1.30749404e+00 -4.59502749e-02 7.69302607e-01 -6.14365995e-01 -1.69288054e-01 -1.38816610e-01 8.42367053e-01 6.39347970e-01 4.55009282e-01 -4.95319307e-01 -1.91735315e+00 -4.48603302e-01 6.57893181e-01 4.46901262e-01 -7.60282457e-01 -4.53456253e-01 -8.66058320e-02 1.31145716e+00 -3.94775242e-01 -2.09707856e-01
-1.14329206e-02 1.77322552e-01 -3.48787978e-02 -5.76443113e-02 -1.52406484e-01 -4.26408835e-02 2.97603495e-02 -5.61168939e-02 -3.43063287e-02 -1.79980614e-03 3.89145948e-02 9.67405215e-02 8.08549449e-02 -4.20424603e-02 1.60548449e-01 -1.29571468e-01 9.53507051e-02 1.89977497e-01 -6.99356571e-03 -2.89942324e-01 1.47771716e-01 4.58166599e-02 -2.14121733e-02 -2.50581801e-02 -3.02093685e-01 -4.67379205e-02 1.08956825e-02 -8.45294446e-02 -1.91713125e-02 -1.29790977e-02 3.63003928e-03 -2.17184216e-01
8.00394788e-02 2.85912067e-01 1.75118482e+00 4.61860597e-01 -1.54296577e+00 1.72236443e-01 -1.54632017e-01 -6.70262754e-01 8.78182769e-01 5.57303071e-01 2.08708659e-01 -3.62600356e-01 -9.24694300e-01 8.63845706e-01 8.67547542e-02 -4.07277822e+00 -2.43415892e-01 -5.10446501e+00 5.41080773e-01 1.24862894e-01 -1.18967259e+00 1.04196012e+00 3.56106788e-01 6.69463277e-02 1.56663746e-01 -2.05582663e-01 -5.04110515e-01 7.15091467e-01 -3.24989706e-01 8.02783947e-03 -2.11108789e-01 1.08188152e-01
-8.22877228e-01 1.93132922e-01 1.46197215e-01 -7.75036037e-01 1.34796305e-02 -1.98180929e-01 -1.91521630e-01 4.97545272e-01 -7.10901245e-02 8.86914693e-03 8.30275491e-02 -2.64716119e-01 4.74811345e-01 4.37886417e-01 -4.06525761e-01 -2.08822176e-01 2.30704397e-01 -1.68380558e-01 -3.65387946e-01 2.29320377e-01 7.14825168e-02 7.23820508e-01 2.20085651e-01 -2.85690874e-01 -8.21887329e-02 3.30171049e-01 -7.42904723e-01 6.45701215e-02 1.05971240e-01 -5.96186876e-01 -1.34063169e-01 -7.86476910e-01

layers.2.bias:
-1.36118221e+00
-8.36008012e-01
7.42118478e-01
-5.31392932e-01
1.36743143e-01
-4.85086501e-01
2.71438152e-01
2.19439864e+00
6.46878064e-01
8.35016966e-01
-9.45454597e-01
-1.47218013e+00
-4.99497354e-01
9.73976612e-01
-3.15524995e-01
-6.26183808e-01
-6.96368590e-02
-7.87536442e-01
3.60204428e-01
-8.41894895e-02
-2.61509597e-01
7.98030317e-01
8.36925685e-01
-2.14279264e-01
-2.84450948e-01
1.05873322e+00
-1.00399005e+00
-1.03708613e+00
5.28502405e-01
-1.30870175e+00
1.48689151e-01
-3.00642452e-03
8.22907686e-01
1.13920704e-01
-2.34080598e-01
-1.86211541e-02
-1.42642438e-01
1.39450824e+00
1.03718746e+00
-1.68874398e-01
9.97206986e-01
-2.72508413e-01
-5.20173430e-01
1.51106596e+00
2.61822551e-01
-1.07279277e+00
1.04817641e+00
-3.62946779e-01
8.44784975e-01
1.79211628e+00
2.48295397e-01
3.36638957e-01
1.06748663e-01
-6.26903474e-01
1.76208153e-01
-1.41169848e-02
8.00658464e-01
-6.18973076e-02
-5.49588092e-02
-6.78991079e-01
4.73723978e-01
5.71309589e-02
-3.31166923e-01
7.20862031e-01

layers.4.weight:
3.27325016e-01 4.92600165e-02 -7.70994574e-02 3.67586538e-02 -9.65041965e-02 8.01168904e-02 1.65015110e-04 -7.45408356e-01 -1.78881466e-01 -4.14530545e-01 5.55607006e-02 9.47915494e-01 -2.27454996e+00 -1.40913144e-01 -2.00351346e-02 -1.47557580e+00 8.40869907e-04 9.15574431e-02 -1.93221774e-02 -2.06034325e-04 4.51335363e-04 -1.67120695e-01 -3.12763900e-02 2.74187088e-01 -3.12140957e-02 -6.21647090e-02 3.68818380e-02 9.00139749e-01 -4.63125646e-01 4.18071747e-01 -4.36108410e-02 -1.36144087e-01 -9.38526466e-02 -1.63831247e-03 2.07982529e-02 2.76989129e-04 7.05146696e-04 -2.45662734e-01 -8.59448910e-02 1.78168252e-01 -5.70687056e-02 2.98538417e-01 3.58962268e-02 -1.57682627e-01 -1.02439756e-03 1.01418979e-01 -1.02971882e-01 1.22302023e-04 -1.09268948e-01 -7.00778306e-01 -1.06908023e-01 1.90195540e-04 7.28775689e-04 3.28119844e-02 -1.33046651e+00 1.53383822e-03 -3.37512866e-02 -4.11620677e-01 -7.47771040e-02 4.29641195e-02 -7.24948272e-02 -4.95029090e-04 9.52098668e-01 -4.82942238e-02

layers.4.bias:
-1.12638414e+00

