layers.0.weight:
3.31696361e-01 -5.67613244e-01 7.97264636e-01
5.69172144e-01 -8.09445798e-01 -5.80563486e-01
-8.31293464e-02 -6.13938749e-01 -5.77727258e-01
-1.07055378e+00 1.15616508e-01 4.58123112e+00
2.67282110e-02 4.11940843e-01 1.16166264e-01
-5.79876065e-01 8.58121514e-01 -1.84879377e-01
-1.31842160e+00 4.86020595e-01 -9.88645032e-02
-6.01682402e-02 7.88846374e-01 -9.23566997e-01
6.03414774e-01 -9.26082134e-01 5.12713566e-02
-1.11527514e+00 5.86289167e-02 -1.64189592e-01
7.53551662e-01 -9.85680073e-02 1.41279221e+00
-7.16238439e-01 -1.31785080e-01 -1.29353356e+00
-4.30584475e-02 7.12955832e-01 -1.57757306e+00
-1.16726887e+00 2.10410804e-02 5.00053525e-01
-6.46977663e-01 1.09646142e+00 7.52028525e-01
-1.81771189e-01 9.48456824e-01 1.64468549e-02
5.46070874e-01 -6.33792400e-01 -1.45019031e+00
-1.15504665e-02 1.12846863e+00 1.84981868e-01
8.07071701e-02 -9.54183042e-01 5.35116851e-01
3.41117471e-01 -1.28724232e-01 -8.64976227e-01
2.23475501e-01 1.65966094e-01 -5.10879010e-02
-3.24195027e-01 -2.56797969e-01 -1.00232065e+00
-4.64660525e-01 1.65601885e+00 -4.46076952e-02
-1.56447518e+00 4.06930357e-01 1.75152493e+00
1.05132234e+00 3.79940838e-01 -7.78481364e-01
2.59609371e-01 6.71772659e-01 -1.17486012e+00
-1.16151750e-01 -2.13369340e-01 1.90187418e+00
-3.97779703e-01 -2.44972542e-01 1.92939892e-01
3.22416067e-01 7.57217348e-01 -1.46468067e+00
-1.04933763e-02 4.65525806e-01 1.70563948e+00
-2.89658904e+00 2.84448242e+00 -1.78299040e-01
-1.26738083e+00 -5.19488692e-01 1.02004325e+00

layers.0.bias:
8.77201200e-01
4.81547834e-03
-1.42384720e+00
-6.34384930e-01
7.07518518e-01
-2.04255387e-01
-3.54310095e-01
2.86240637e-01
-7.45998621e-01
-1.59115899e+00
1.64644122e-01
1.80825554e-02
2.46107668e-01
-1.21306002e+00
-2.90836543e-01
1.43946290e+00
9.34610724e-01
1.82654703e+00
-6.68276668e-01
5.78918040e-01
-1.44309163e-01
-1.35729384e+00
1.02535832e+00
-7.05530941e-02
1.36946186e-01
5.60703695e-01
8.80503118e-01
-1.57881156e-01
-4.88352716e-01
7.31267482e-02
8.91685039e-02
-6.70209900e-02

layers.2.weight:
-3.43736321e-01 2.87901014e-01 1.18097767e-01 -5.28084576e-01 -1.55871257e-01 -3.77437957e-02 1.19009942e-01 -2.15925146e-02 -7.33789206e-02 2.74435043e+00 4.38818745e-02 1.14607304e-01 -1.80089206e-01 2.37877584e+00 -2.67763227e-01 4.04817641e-01 -1.81674212e-02 5.66120386e-01 1.12652443e-01 -2.28122935e-01 2.04229593e-01 -2.82422472e-02 -5.46973407e-01 5.50203502e-01 -1.34391919e-01 6.56693578e-01 -8.32597196e-01 -1.06848337e-01 -1.51430100e-01 -2.66292572e-01 -3.84991527e-01 3.08447421e-01
-9.52092782e-02 1.32530868e-01 -8.70328069e-01 6.55372515e-02 -3.75341594e-01 1.51836544e-01 -7.26637244e-01 -5.07930636e-01 5.32172859e-01 6.81062877e-01 3.54160815e-01 -2.93831348e-01 2.28611082e-01 -1.72409452e-02 -3.05187225e-01 2.70207912e-01 -3.66591930e-01 3.85515124e-01 -4.01449174e-01 -9.23933387e-02 6.27460003e-01 -1.31352812e-01 -4.31674182e-01 -3.50565575e-02 -2.60246303e-02 -1.00329190e-01 -3.12278479e-01 -5.09311557e-01 4.93519865e-02 -2.05094397e-01 -2.73284968e-02 2.12975532e-01
-8.88638347e-02 -6.52174205e-02 2.88441237e-02 -7.91913450e-01 -5.54448426e-01 2.65795272e-02 -4.42137867e-01 3.75148714e-01 4.10261869e-01 7.59798825e-01 -5.88144422e-01 -4.87852134e-02 2.05989376e-01 5.19686900e-02 -3.38172391e-02 -5.18607974e-01 -1.23121157e-01 -3.57011855e-01 -1.57740921e-01 4.27670628e-01 -3.08729738e-01 -2.20862463e-01 4.48721379e-01 -1.20748532e+00 -1.45686433e-01 4.81921226e-01 -1.21313035e+00 -1.47705197e-01 4.71122354e-01 -4.06314254e-01 1.33967325e-01 1.40475601e-01
2.49722973e-01 -8.56846049e-02 5.40838800e-02 1.34707117e+00 6.18943393e-01 3.83724123e-01 6.56374454e-01 -2.32056737e-01 -1.66672990e-01 -4.65570316e-02 1.64357960e-01 -7.13686645e-02 -5.74440658e-01 1.55689880e-01 6.26443624e-01 1.18374431e+00 -3.07669699e-01 8.69845390e-01 2.88337111e-01 -9.63221729e-01 -7.03062057e-01 -1.55775771e-01 3.83260518e-01 1.41918516e+00 -2.88986444e-01 -5.13463914e-01 5.00578463e-01 4.33151945e-02 -6.66243017e-01 -1.16139397e-01 -2.58943718e-02 1.99360937e-01
3.81180942e-02 -3.49322677e-01 2.73237050e-01 -4.64685261e-01 1.13701243e-02 -2.43438140e-01 -1.01406801e+00 1.74699247e-01 1.26125533e-02 -4.07028407e-01 4.07462299e-01 -7.30271995e-01 8.24238241e-01 -7.79381871e-01 -6.56624436e-02 -9.14164662e-01 -3.16232771e-01 -9.48936343e-01 -1.46826953e-01 -9.28820521e-02 8.61859977e-01 -5.41710854e-01 2.73809135e-01 -3.40368897e-01 -9.00146246e-01 6.56029046e-01 8.13120380e-02 -5.11504889e-01 -2.60123730e-01 5.87460816e-01 -1.42347917e-01 1.52785391e-01
-4.49410349e-01 2.18777135e-01 4.17184055e-01 1.23589300e-01 -8.27449739e-01 -2.00042903e-01 -4.11699980e-01 3.58781964e-01 4.74075645e-01 -7.67825022e-02 6.08092606e-01 2.46786430e-01 -4.03739735e-02 -2.83850074e-01 -2.64118731e-01 -1.17575908e+00 -3.95719737e-01 -1.29204690e+00 5.87281644e-01 -2.53422201e-01 -4.48124617e-01 1.66394133e-02 -5.37308753e-01 -3.54054481e-01 2.58418858e-01 1.36213422e-01 1.07084170e-01 9.08569932e-01 -6.23535663e-02 -4.45678204e-01 -5.22551715e-01 1.25845298e-01
7.22471904e-03 4.94433288e-03 -2.24144146e-01 5.64484904e-03 -1.55923337e-01 1.59664631e-01 -7.14836121e-02 -4.15034324e-01 -1.22865841e-01 2.21448749e-01 3.09301138e-01 5.51971272e-02 2.76376814e-01 9.84883169e-04 -1.43514518e-02 -2.53497928e-01 6.58364268e-03 1.36886030e-01 -2.49898676e-02 -3.30467492e-01 -4.04289931e-01 1.04855359e-01 5.85185438e-02 2.49352176e-02 1.61159277e-01 2.46584535e-01 -3.49421531e-01 -3.90406132e-01 -1.35829568e-01 8.16709399e-02 -8.16085190e-02 1.36081919e-01
3.17740738e-01 1.32821247e-01 -3.96850854e-01 3.24837297e-01 3.10775071e-01 -6.63020432e-01 1.35399908e-01 5.17745733e-01 7.89717808e-02 -3.12134981e-01 -1.55867368e-01 9.89653289e-01 3.46388489e-01 -5.88131487e-01 -1.86768338e-01 1.95074424e-01 5.50975680e-01 1.74880266e-01 2.14005753e-01 5.34864426e-01 -1.45247221e+00 -8.92797589e-01 1.31150752e-01 2.69564390e-01 2.18634516e-01 7.84656703e-01 5.71199238e-01 4.95435596e-01 -5.56719899e-01 4.62115556e-01 1.52774051e-01 -2.75913268e-01
-1.30490027e-02 2.04185113e-01 -5.06675839e-01 -2.91266948e-01 1.27617514e+00 -3.32349926e-01 -5.11951149e-01 -2.61289209e-01 -8.13145161e-01 2.74099141e-01 4.78634715e-01 1.87390760e-01 7.33550251e-01 -1.63449779e-01 1.74195394e-01 1.81638730e+00 2.89575934e-01 1.37498379e+00 -6.70011282e-01 -1.42264932e-01 1.58564031e-01 -2.19783694e-01 1.72257334e-01 3.24632257e-01 3.08888368e-02 4.28198606e-01 5.12212282e-03 7.51298619e-03 4.74766269e-02 1.52254179e-01 2.27408600e+00 -2.90894032e-01
-5.98152578e-01 1.16572030e-01 -1.25416741e-01 -5.04340351e-01 4.64250714e-01 1.88396405e-03 -6.62300438e-02 3.58405292e-01 4.25570190e-01 -1.82153165e-01 3.07748523e-02 2.19560370e-01 1.65965527e-01 1.65335968e-01 -3.62394065e-01 -5.79660535e-01 3.20821941e-01 -3.69183272e-01 -4.04457211e-01 -1.64849479e-02 -6.50884032e-01 -2.52615035e-01 9.82847214e-02 -6.39589876e-02 -2.12769628e-01 -1.08409733e-01 -1.55253187e-01 2.26027638e-01 2.46194631e-01 1.81370288e-01 1.51227176e-01 8.93065881e-04
6.91915378e-02 -3.52345854e-01 -1.21824734e-01 -3.35165054e-01 -4.23595518e-01 -2.55313337e-01 -3.06920201e-01 1.22915499e-01 4.20314342e-01 2.82930493e-01 -5.03350675e-01 -1.41740486e-01 8.28571737e-01 -2.98356563e-01 -1.69596046e-01 -3.29571486e-01 -6.62607431e-01 -8.20433080e-01 -1.76137276e-02 -6.35729656e-02 1.06669939e+00 -2.80269861e-01 -7.48598635e-01 1.99129626e-01 -1.21200457e-01 -8.66644010e-02 -4.06087816e-01 -5.30082405e-01 2.81364679e-01 -3.70758295e-01 -4.35206778e-02 3.95251989e-01
-1.45360947e-01 -1.13781206e-01 1.64526606e+00 -8.82659018e-01 -6.40174091e-01 1.94914475e-01 9.32356343e-03 -3.50301683e-01 -1.99842960e-01 1.91259670e+00 3.26389372e-02 -1.51513189e-01 3.07424396e-01 3.23629880e+00 7.66728446e-02 -3.89604002e-01 2.89131671e-01 -2.24193740e+00 4.83791947e-01 -3.24593961e-01 2.81540424e-01 6.00549996e-01 -2.32972726e-01 8.51231337e-01 -6.11012243e-02 -5.27897775e-01 2.84492165e-01 -1.29745245e-01 1.54943854e-01 3.19673307e-02 3.47689152e-01 -3.54021877e-01
-6.16763175e-01 -2.24769920e-01 9.40287411e-01 3.97842050e-01 -6.18832767e-01 5.92451572e-01 4.65103015e-02 -9.22477186e-01 3.64586234e-01 4.25294548e-01 1.54370427e-01 1.96311280e-01 -4.90969807e-01 -1.58503950e-01 5.04073501e-01 -4.06330395e+00 -1.73590735e-01 -5.93436193e+00 5.82365394e-01 -1.02306998e+00 -6.81250930e-01 4.62202519e-01 6.24483168e-01 -1.39940411e-01 -2.35085234e-01 -2.24968061e-01 -3.73271972e-01 6.30472720e-01 -6.12035692e-01 -3.35285962e-01 -1.32040489e+00 -2.73615092e-01
3.74683663e-02 -1.56888947e-01 -6.52691424e-01 -4.42234278e-02 -1.52752876e-01 -4.27492671e-02 2.62253046e-01 3.22484344e-01 3.58937621e-01 -1.97402716e-01 5.57195187e-01 -1.79167569e-01 3.12285483e-01 -8.19304287e-01 -3.31362218e-01 -6.23101331e-02 -2.25350663e-01 2.19849139e-01 -9.23043489e-02 1.32623985e-01 -3.54185142e-02 -1.67360380e-01 1.92671437e-02 -1.95599332e-01 -1.54495925e-01 7.40472138e-01 1.33341542e-02 6.15201592e-02 -1.95083961e-01 2.71127135e-01 1.63513973e-01 3.83375376e-01
-9.59193408e-01 1.88919634e-01 -1.31495118e-01 4.01913881e-01 -7.21413717e-02 6.65243447e-01 -4.56253767e-01 -1.74778938e-01 4.58571702e-01 -1.69594884e-01 -6.92994237e-01 1.68938071e-01 9.16863084e-02 -2.73277372e-01 -2.54012525e-01 -7.56943107e-01 1.71350509e-01 -7.40601182e-01 -3.23495001e-01 2.59760082e-01 1.44248331e+00 8.63909781e-01 -7.25770718e-04 2.26917967e-01 -3.55583429e-01 3.96194197e-02 -5.28384924e-01 -2.88863685e-02 6.99099958e-01 -1.84510052e-01 -9.79698673e-02 1.41367301e-01
-5.19928694e-01 -3.94233055e-02 7.19703436e-02 9.23187062e-02 -1.67573154e-01 2.44659021e-01 -8.83196056e-01 -5.15835769e-02 4.42996621e-02 5.28237152e+00 5.24295807e-01 4.66005206e-01 2.60784775e-01 2.63456011e+00 -2.96314694e-02 1.42448284e-02 -3.90055209e-01 -5.36854453e-02 1.62158236e-02 -1.63655251e-01 -7.38822639e-01 4.44710404e-01 1.31592631e-01 2.42789045e-01 -4.24686521e-01 -3.86236846e-01 -6.75766885e-01 3.67434323e-01 -1.01058945e-01 -7.00837255e-01 3.11139315e-01 -2.11062595e-01
-1.48362834e-02 1.40113369e-01 -5.90396896e-02 3.23553793e-02 1.58047117e-02 9.55904648e-03 2.41506789e-02 -6.10881001e-02 1.94487423e-02 -1.70213163e-01 5.69597110e-02 5.18843085e-02 4.85952310e-02 1.01160713e-01 1.21117532e-01 2.86737811e-02 4.13306989e-02 4.82217362e-03 -4.99080308e-03 1.13069363e-01 2.62834430e-01 1.19522750e-01 -1.63851120e-02 7.54970824e-03 6.65868521e-02 2.58382577e-02 5.63346520e-02 2.63548255e-01 -7.04998383e-03 3.91005585e-03 2.12017670e-02 2.56796200e-02
1.56739414e-01 -1.28894210e-01 -5.84783256e-01 4.49581854e-02 1.19972534e-01 -1.98268011e-01 -2.40910530e-01 -3.19908738e-01 2.87419200e-01 -6.77908659e-01 4.43968624e-02 -7.39193661e-03 2.04098448e-01 6.35056794e-02 -7.12291375e-02 1.60078451e-01 -3.06854486e-01 4.18558240e-01 -9.85203087e-02 9.17132199e-01 2.57997096e-01 1.13506615e-01 -4.50136125e-01 -1.26447633e-01 -1.41381249e-01 -4.40925330e-01 8.40328574e-01 -4.64663923e-01 2.25043401e-01 3.06591362e-01 -3.40321586e-02 2.16926768e-01
-2.65212089e-01 -8.13534409e-02 -3.23149413e-01 -1.97028875e-01 4.10627425e-01 1.22570815e-02 1.97012112e-01 1.09645426e-01 4.05772716e-01 -3.81902397e-01 -1.66881561e-01 -8.84868860e-01 4.62700874e-01 -1.42685294e-01 -1.84469402e-01 1.62422195e-01 -1.41956732e-01 3.02179903e-01 1.60518199e-01 -8.90581608e-02 -2.23764312e-02 -2.08849996e-01 4.45114762e-01 -3.14973921e-01 2.35634804e-01 1.82921693e-01 -1.65935144e-01 3.48394245e-01 3.64327393e-02 3.44237834e-01 5.17328203e-01 1.27857074e-01
6.01283982e-02 1.79322585e-01 8.60363652e-04 7.00847805e-02 -6.28427491e-02 1.07450478e-01 -1.17975222e-02 -8.16730782e-02 4.08798158e-02 7.98632279e-02 6.62523732e-02 1.19007848e-01 -6.80559427e-02 -9.77570787e-02 1.26353413e-01 4.50723410e-01 6.23203889e-02 -3.12216163e-01 4.11695689e-02 -9.26005542e-02 -1.09915100e-01 -1.24314688e-01 1.15051707e-02 -3.62819508e-02 4.94822264e-02 1.25803545e-01 7.51407165e-03 -3.43956723e-04 9.98973772e-02 1.79813504e-02 -2.30382849e-03 2.95363981e-02
4.09393668e-01 -2.17636004e-01 7.71277666e-01 5.32200277e-01 -4.14287329e-01 -1.67422831e-01 -6.37760162e-01 -9.38829407e-02 -3.29299659e-01 -7.58410811e-01 -8.20526555e-02 9.23093557e-01 4.92183000e-01 -3.89368236e-01 8.12385440e-01 4.63018030e-01 -1.56201512e-01 -3.99332374e-01 4.12977308e-01 4.01712716e-01 -3.74315321e-01 1.48364872e-01 5.98255932e-01 1.91486821e-01 1.02971815e-01 -3.76932353e-01 9.02540684e-02 2.80307651e-01 -7.42251948e-02 -5.56018539e-02 1.23959981e-01 4.18024123e-01
2.56279141e-01 -1.02017388e-01 2.39896663e-02 1.53970316e-01 1.03831738e-01 1.40238002e-01 9.02462184e-01 7.71706775e-02 4.88396436e-01 2.36337781e-01 3.41425389e-01 3.71404409e-01 -4.00649935e-01 -5.87097049e-01 1.11439668e-01 -9.48566616e-01 -3.39134037e-02 -6.64007545e-01 -9.27599519e-02 -4.18054610e-01 -4.85452414e-01 -2.41579916e-02 2.54175127e-01 -7.77903870e-02 1.69155136e-01 -4.15311337e-01 -6.99941993e-01 3.52067590e-01 -9.24400836e-02 -1.96296707e-01 2.28359878e-01 -1.57102451e-01
1.11558855e-01 -3.35996575e-03 -3.34808528e-01 4.18977886e-01 1.06736094e-01 3.37354869e-01 3.65405470e-01 -2.77057499e-01 -3.28406364e-01 3.12143594e-01 3.68653797e-02 7.41461515e-02 4.28353697e-01 4.79652822e-01 -1.74289107e-01 -4.59363669e-01 5.57366133e-01 -6.74427375e-02 4.56349254e-02 -2.35569924e-01 -3.95564616e-01 5.94900735e-03 -3.81447017e-01 2.03760579e-01 -3.94144893e-01 -1.13581441e-01 -4.30202708e-02 -4.42267299e-01 3.33635397e-02 -1.05242185e-01 -5.84843606e-02 -2.48513460e-01
7.38702714e-01 -3.13187763e-02 -2.18601435e-01 1.83851197e-01 2.32669599e-02 -4.70396906e-01 -8.04809630e-02 3.05517316e-01 3.59894544e-01 -2.66979885e+00 1.28352180e-01 1.48345828e-01 3.62852871e-01 -1.65442705e+00 1.30526707e-01 2.57309943e-01 1.25210956e-01 1.19057201e-01 -2.08303526e-01 -2.32279394e-02 5.13735950e-01 -2.12807447e-01 -2.62282610e-01 -4.78163920e-02 -3.39647502e-01 -2.10069567e-01 -4.15793024e-02 -1.84183940e-01 2.59234548e-01 1.18708342e-01 -4.77820307e-01 -2.02459037e-01
-8.59318793e-01 1.41681820e-01 -6.17427984e-03 1.38428614e-01 -6.71580136e-02 -3.33511442e-01 9.94236350e-01 -9.76644531e-02 -9.82565522e-01 7.30013430e-01 -6.99672759e-01 1.54006537e-02 1.51568636e-01 8.05826038e-02 -6.93084955e-01 3.37913156e-01 5.86772859e-01 4.30717260e-01 1.93556756e-01 -7.44825084e-05 -1.30246997e-01 3.44911665e-01 5.47053218e-01 9.71701682e-01 -3.69744211e-01 5.10574162e-01 -6.04668021e-01 -6.79530427e-02 8.89001429e-01 -4.36575323e-01 1.13594629e-01 -6.15728348e-02
-5.41458070e-01 5.96508265e-01 -5.00591770e-02 -1.36119574e-01 5.60930669e-01 1.65877774e-01 -7.93633633e-04 5.15423298e-01 -3.17430556e-01 4.89292800e-01 7.37390593e-02 -1.63411766e-01 2.14093551e-01 2.09528834e-01 -5.31938076e-01 -2.85772800e-01 -1.29652768e-01 -8.98607448e-02 3.89106959e-01 -3.80139738e-01 -2.86838412e-03 -2.81909555e-01 2.45918520e-02 -5.07134676e-01 9.61399674e-02 -2.06489384e-01 -5.58538735e-01 -5.00821173e-01 1.65239543e-01 -3.62456590e-01 -2.01502234e-01 -2.66742349e-01
-1.59542307e-01 2.21205726e-01 4.84920561e-01 3.47003192e-01 -3.23604167e-01 -2.78460562e-01 -1.20172456e-01 -8.24384112e-03 3.06738943e-01 -4.29334402e-01 -5.99075258e-01 -6.78407997e-02 -2.61806786e-01 -2.65165210e-01 6.68289736e-02 5.28035522e-01 -9.24551710e-02 1.44479513e-01 3.06995511e-01 1.98681191e-01 8.29407945e-02 -7.22534060e-01 1.59416124e-01 1.02549314e-01 2.71565169e-01 1.58450186e-01 -8.71873926e-04 -5.57883978e-01 -2.60109961e-01 -1.19362898e-01 1.01264194e-01 -2.46155620e-01
-7.99332023e-01 4.64861006e-01 -5.93773365e-01 -1.00529706e+00 -2.60239899e-01 -2.26045445e-01 -3.38676631e-01 3.77955914e-01 7.50422180e-02 4.78381664e-01 -6.59761801e-02 1.91588655e-01 1.72313049e-01 3.02844524e-01 -1.58568416e-02 1.11162305e+00 6.87929332e-01 1.14446390e+00 -5.98810136e-01 7.28109330e-02 5.00834227e-01 -7.31129050e-01 -6.49629295e-01 4.13191766e-01 -2.10462227e-01 -4.53114003e-01 2.86097318e-01 3.50177705e-01 4.86906767e-01 -8.09529305e-01 2.42330611e-01 -2.04567671e-01
1.30267084e-01 -5.63061833e-01 -8.96689594e-02 -1.08712301e-01 -5.20820439e-01 5.47920406e-01 1.43804103e-01 -4.63069409e-01 4.88533318e-01 9.57679331e-01 -2.07166359e-01 1.06150456e-01 5.45674622e-01 4.42734182e-01 4.08032350e-02 -1.01195931e+00 -4.59744722e-01 -9.89478171e-01 2.38508475e-03 2.05244049e-01 2.56206870e-01 3.23995352e-01 1.93505883e-01 1.74620390e-01 2.49160424e-01 9.75688547e-02 -4.04856712e-01 -2.94683695e-01 -2.65117735e-01 -3.31046760e-01 4.57948744e-01 3.28287393e-01
-1.62572369e-01 -1.08952403e+00 4.45501655e-01 1.47579646e+00 1.38604835e-01 2.06657588e-01 3.16665582e-02 -1.55667350e-01 -3.48772675e-01 3.67286086e-01 9.72584605e-01 -9.41877723e-01 -9.98633564e-01 -3.85788113e-01 3.12374264e-01 4.74060103e-02 -1.30270076e+00 6.54961765e-01 5.13911605e-01 -5.10090709e-01 1.03730583e+00 2.92436779e-01 1.29771724e-01 -2.83572018e-01 1.88550159e-01 -3.94282520e-01 1.01292886e-01 -1.95663288e-01 -7.75322974e-01 1.17595530e+00 -5.41025281e-01 -1.79666936e-01
-6.65866435e-01 -1.24303736e-01 3.56459975e-01 6.93796128e-02 -9.26091298e-02 1.76689297e-01 2.06294745e-01 1.22965403e-01 -3.61440301e-01 -2.94699192e-01 -9.86232460e-01 2.99668372e-01 5.37842751e-01 1.38016101e-02 1.25158817e-01 -3.08201522e-01 4.16889429e-01 -2.06631675e-01 -1.46236420e-01 -2.84197211e-01 -6.63996458e-01 2.11727694e-01 -4.20463346e-02 -7.45006621e-01 2.64854223e-01 6.67878687e-01 -1.81732744e-01 -5.15897535e-02 -3.33223730e-01 -2.84510195e-01 -2.31939927e-01 -8.61583948e-02
-2.55058676e-01 -3.46161395e-01 -1.30252630e-01 -1.53666258e-01 -2.47390941e-01 -8.49021003e-02 2.55134553e-01 2.72599518e-01 -6.74913764e-01 1.45719445e+00 -1.56943709e-01 -9.30799320e-02 -4.96973753e-01 5.00073373e-01 -1.41780958e-01 6.41552731e-02 1.06855016e-02 1.65547028e-01 -4.05548960e-02 -1.84459537e-01 1.83821186e-01 1.63752764e-01 3.16975832e-01 3.57373320e-02 -8.77712329e-04 -5.17527051e-02 -1.90752089e-01 2.32556611e-01 2.46579915e-01 3.14166367e-01 4.38295156e-01 1.57410666e-01
-6.71684295e-02 -3.87857407e-01 -3.38885076e-02 -7.07253590e-02 -3.16778153e-01 4.79936272e-01 -7.70486146e-02 -4.40951854e-01 -6.12917077e-03 -3.65278989e-01 4.33967523e-02 4.65263635e-01 1.74810424e-01 5.26434958e-01 3.35452586e-01 -5.19002378e-01 -4.72695947e-01 -1.23739123e+00 -6.47615194e-02 -3.55563641e-01 -1.43048897e-01 8.39624345e-01 4.73128498e-01 6.77358210e-01 -5.26016295e-01 1.09946035e-01 1.59534559e-01 -1.80954903e-01 -4.05018091e-01 -2.39251614e-01 -7.59659559e-02 -2.60647777e-02
2.56855525e-02 -3.21792141e-02 1.31798178e-01 -8.01540315e-02 2.16334805e-01 -1.02640629e-01 2.25281343e-02 -3.38724852e-01 -1.84037223e-01 3.28014642e-01 1.60435930e-01 1.69809565e-01 6.97505623e-02 -3.31315815e-01 -7.89153352e-02 -3.07306796e-01 7.34795108e-02 1.39662266e-01 -1.62510008e-01 -5.36014676e-01 1.33313149e-01 -1.62374660e-01 -9.67356563e-02 -3.73552516e-02 -1.90080591e-02 1.97499886e-01 -5.38433269e-02 2.94933375e-02 1.13311678e-01 7.37954229e-02 -9.30433348e-03 5.69738680e-03
1.48881897e-01 -4.95491385e-01 -2.46571645e-01 7.36666918e-01 -2.87438154e-01 -5.45094192e-01 1.91309154e-01 -1.53239399e-01 -3.94710600e-02 2.81588578e+00 -5.83114862e-01 9.98880208e-01 6.72741771e-01 8.28176200e-01 7.06317306e-01 7.84074366e-02 7.67046586e-02 1.04523540e-01 6.46153092e-01 3.95182252e-01 1.95848599e-01 1.70283228e-01 -2.86536574e-01 1.02947807e+00 -5.53091839e-02 1.52474985e-01 -3.31499785e-01 3.24597418e-01 5.98392226e-02 8.60153418e-03 5.81887841e-01 2.90155783e-02
-1.04632817e-01 1.68736979e-01 1.30810335e-01 7.34060258e-02 5.12524024e-02 -3.68356369e-02 1.15982331e-02 1.06063873e-01 2.49424716e-03 -2.20879689e-02 1.49289563e-01 1.04471549e-01 9.13015679e-02 -2.79407669e-02 1.73238620e-01 1.98802575e-01 3.12976874e-02 -1.36685058e-01 -1.17743267e-02 9.07525793e-02 -1.56857610e-01 -5.21961227e-02 -1.94046814e-02 -8.78580322e-04 -4.50029433e-01 -2.19046578e-01 4.73849550e-02 -1.38960510e-01 -7.14330897e-02 -5.03648743e-02 3.22972313e-02 -4.64888811e-01
-4.41782270e-03 -8.35533366e-02 -5.86925931e-02 1.86044555e-02 -2.10914001e-01 2.91821472e-02 -2.20020451e-02 1.70208618e-01 5.72580956e-02 -4.60332930e-02 -1.43926498e-02 -1.77079383e-02 -5.82520850e-02 5.11139594e-02 -6.64500669e-02 2.11473644e-01 -1.11156784e-01 -1.33989871e-01 9.54269338e-03 3.27076197e-01 -2.44296134e-01 -1.10972531e-01 -8.40499939e-04 1.55021697e-02 1.16140349e-02 -8.31525847e-02 -7.04557300e-02 -8.32176656e-02 -4.81835566e-02 4.81825024e-02 1.08892694e-02 -4.20892658e-03
8.44697893e-01 -2.61680394e-01 3.01313668e-01 3.29333037e-01 -3.27015132e-01 5.35608036e-03 -4.61133897e-01 4.10515405e-02 6.23111010e-01 7.79194608e-02 -1.97542623e-01 6.13126829e-02 7.17409179e-02 2.22434774e-01 7.30335474e-01 -5.39029598e-01 -4.39049363e-01 -6.72258675e-01 3.81168872e-01 -2.51975030e-01 -7.81089902e-01 2.30747312e-01 -1.26647994e-01 1.99811399e-01 7.02643275e-01 -1.31688714e-02 2.13138670e-01 -9.95078161e-02 -5.24388254e-01 2.13999599e-01 6.35535419e-02 2.13951141e-01
1.29355699e-01 -4.11536515e-01 -2.96390384e-01 3.93133312e-01 2.50614315e-01 -5.87559223e-01 1.22692578e-01 2.76564211e-02 2.36948654e-01 -2.45377913e-01 -2.45405048e-01 4.64609176e-01 3.69025469e-01 -2.77834862e-01 2.53789872e-01 -5.69930017e-01 -3.24752212e-01 -7.14037716e-01 3.84806722e-01 -3.94627273e-01 -2.48281419e-01 -5.94780669e-02 3.64587218e-01 6.51535392e-01 -1.31851047e-01 -3.07735026e-01 4.25142199e-01 -7.53475800e-02 -6.82399496e-02 -4.35941845e-01 1.15215190e-01 2.29968295e-01
-1.95887499e-02 -9.69164446e-02 7.89010525e-01 6.79543838e-02 -1.08255935e+00 -2.72646129e-01 2.70619571e-01 -5.86627759e-02 6.33493364e-01 6.74202919e-01 -1.51994377e-01 -3.78140002e-01 5.05071320e-02 7.42134571e-01 6.42805994e-02 -2.19787169e+00 -3.67492944e-01 -2.61568618e+00 5.44397570e-02 1.09530240e-03 -7.07449913e-01 7.17231095e-01 2.38782167e-01 7.85011798e-02 3.85497570e-01 1.68205202e-01 2.96197236e-01 1.95202194e-02 -6.19086772e-02 -7.78757989e-01 -4.81519014e-01 1.62077453e-02
-1.62684888e-01 -2.23800138e-01 -2.61350572e-01 -2.86563694e-01 -2.60379225e-01 5.35224080e-01 1.59211025e-01 -9.89628509e-02 -9.84414890e-02 3.58282119e-01 -1.97853953e-01 1.81204230e-01 6.39374852e-02 -2.91775137e-01 -1.41635403e-01 -5.10739326e-01 3.24651629e-01 -6.22174263e-01 -2.96303064e-01 5.28201908e-02 -3.45834911e-01 3.80132109e-01 -1.51286855e-01 3.23201805e-01 3.74463171e-01 -5.02542317e-01 4.79535460e-01 6.05553947e-02 7.03702644e-02 1.15155190e-01 -9.61836502e-02 3.33752111e-02
4.37225878e-01 6.64430916e-01 6.53457463e-01 -3.69338632e-01 1.79958403e-01 1.73307046e-01 1.28413051e-01 -1.35610193e-01 -7.66850412e-01 9.56494510e-01 -2.54982084e-01 -2.64998168e-01 -4.71214414e-01 1.14450228e+00 1.76094681e-01 7.82995671e-02 5.25386445e-03 -9.67217684e-01 2.94072092e-01 -3.10647160e-01 8.15587789e-02 6.66916549e-01 -1.00114852e-01 -3.65433782e-01 6.72085762e-01 -7.96190262e-01 5.23625314e-01 -9.28654224e-02 -3.00038993e-01 -5.73773980e-01 -9.77509543e-02 -4.88642961e-01
-3.73198986e-02 -3.72689784e-01 2.04077631e-01 -1.84787959e-01 -2.23117217e-01 1.27762213e-01 9.52367112e-02 -2.73929000e-01 -4.89920706e-01 -3.27769190e-01 -1.10568739e-01 1.49990455e-03 -9.05242935e-02 4.55826908e-01 4.97984707e-01 3.17950994e-01 2.65241116e-01 -3.92252743e-01 4.09062766e-02 1.48913488e-01 -2.35971540e-01 3.21023136e-01 -3.96799207e-01 1.57208607e-01 -3.65567766e-02 -2.57173389e-01 3.95122796e-01 7.16370225e-01 -3.76958013e-01 -4.61984158e-01 2.69349694e-01 3.08647186e-01
-1.26473546e+00 9.36035514e-02 1.39665157e-01 -1.31449306e+00 -8.44992474e-02 -5.52332029e-02 1.13554165e-01 5.57261050e-01 1.13588296e-01 3.62032861e-01 -9.76336956e-01 6.52100742e-01 1.10045791e+00 2.98979044e-01 -6.27727270e-01 3.17058593e-01 5.39406896e-01 -3.71334106e-01 -3.20876390e-01 1.04472780e+00 -5.35861313e-01 -3.01014900e-01 -3.16758841e-01 -5.65885007e-02 6.07035339e-01 1.00770116e+00 8.52629244e-01 6.06480420e-01 5.10350466e-01 -1.03168619e+00 2.29064956e-01 2.09184989e-01
-9.35992151e-02 9.60536897e-02 3.13671052e-01 -4.26201783e-02 3.36380273e-01 -1.04578406e-01 -1.43281110e-02 2.60879211e-02 -5.26526384e-02 1.82961822e-01 2.65555158e-02 1.93789266e-02 -1.40066743e-02 -1.56257570e-01 8.61941352e-02 -1.34769633e-01 8.74681026e-02 6.92450553e-02 1.45295244e-02 -4.18208152e-01 1.39613032e-01 -9.59695280e-02 3.13180052e-02 7.29948608e-03 1.41470894e-01 -2.20390130e-02 7.63958469e-02 1.50373772e-01 3.39756086e-02 -8.10036659e-02 -6.10292889e-03 5.32437228e-02
-1.15628980e-01 2.32237846e-01 3.46592069e-01 -1.49444401e-01 1.65098831e-01 1.07944630e-01 6.91721261e-01 3.21036011e-01 8.77042785e-02 -1.16718757e+00 -3.77050757e-01 5.64730883e-01 6.88739598e-01 -2.65753955e-01 -4.64325607e-01 1.53863996e-01 4.66876298e-01 -2.77638018e-01 -4.54382598e-02 -5.67250848e-01 9.68076885e-01 -2.50547826e-01 3.04588377e-02 -1.25136578e+00 -2.24488944e-01 5.57718694e-01 -1.02351010e+00 -8.02689850e-01 2.97718376e-01 -1.37888178e-01 -2.18715593e-02 -1.28767356e-01
5.88640273e-01 -3.16339791e-01 -3.07778209e-01 4.41879004e-01 -1.82226673e-02 -3.88926119e-02 -2.68646199e-02 -1.33004785e-01 4.63345796e-01 -6.65249452e-02 -1.09338783e-01 -5.32728992e-02 7.57802844e-01 -3.26872647e-01 3.61180723e-01 -3.05583775e-01 -3.17964591e-02 -4.40680325e-01 1.63324565e-01 -7.81178996e-02 -3.24268162e-01 1.04623981e-01 1.72624558e-01 1.61700130e-01 -5.01701012e-02 -2.12725297e-01 7.95989811e-01 4.60911989e-01 -3.49626362e-01 3.38865399e-01 2.07906440e-01 3.18959862e-01
-1.96140870e-01 3.05884629e-01 -1.44469097e-01 -6.50186241e-02 -5.63631237e-01 -2.16966599e-01 9.77545604e-02 4.43927974e-01 -4.58338149e-02 -5.18009305e-01 -2.12941781e-01 2.81137954e-02 -3.25573623e-01 1.97120294e-01 2.75109589e-01 -1.62729889e-01 -1.06243894e-01 2.26954877e-01 5.53046577e-02 3.71431917e-01 -2.24686638e-01 -4.99762483e-02 -4.83362228e-02 -3.36798914e-02 -9.84089375e-02 -7.95544460e-02 2.54828513e-01 -3.11623514e-01 8.09700862e-02 5.07452805e-03 5.33933043e-02 1.60895392e-01
5.68559095e-02 -5.18124759e-01 -9.27645564e-02 -1.16711296e-01 -8.53892118e-02 -1.56258553e-01 3.97997303e-03 -1.52138829e-01 -4.14489597e-01 4.68575627e-01 -2.83495523e-02 1.11898839e-01 3.67967367e-01 3.08612108e-01 -1.54896885e-01 -6.19999290e-01 -1.83293000e-01 -1.46014318e-01 -3.19177024e-02 8.05712640e-02 6.42315596e-02 -2.89948620e-02 5.85202277e-01 3.49216126e-02 -3.95612568e-01 2.48376042e-01 3.29588413e-01 1.17687762e-01 -6.40648156e-02 1.03725418e-01 -4.31314148e-02 -1.92151695e-01
1.04480207e+00 2.71028858e-02 -6.59949541e-01 2.01396823e-01 3.80208820e-01 7.77898505e-02 4.59544539e-01 1.55829489e-01 -2.88584888e-01 -9.58268285e-01 -8.26460421e-01 1.35553348e+00 8.21147710e-02 -9.47883546e-01 2.79829681e-01 7.87056684e-01 7.24760741e-02 7.80559897e-01 -1.54120311e-01 1.71245724e-01 -1.47590089e+00 -4.43247229e-01 -8.16115737e-01 -2.68509269e-01 -2.38625392e-01 2.12231614e-02 2.54787385e-01 3.84805411e-01 -5.13729230e-02 7.48446733e-02 -9.54437405e-02 2.25173116e-01
-1.71452135e-01 6.99908510e-02 -9.11032557e-01 -8.02921206e-02 1.70966312e-01 3.89116913e-01 2.01737642e-01 4.61718328e-02 -1.03795111e-01 6.20777369e-01 -4.60010588e-01 -1.10708928e+00 3.89512360e-01 4.04341936e-01 -3.38523984e-01 5.35774112e-01 -6.69682845e-02 1.25758970e+00 -4.47461247e-01 9.33017135e-02 2.70631313e-01 -9.82069001e-02 -3.11073773e-02 6.80555642e-01 -2.54296958e-01 7.85818636e-01 -1.08234242e-01 -2.30366066e-01 1.23062558e-01 1.04609713e-01 8.47591639e-01 -8.56153890e-02
-1.13799644e-03 3.74071389e-01 -1.88455164e-01 -6.17482424e-01 -2.78259274e-02 7.26141274e-01 2.89345324e-01 7.96529531e-01 3.14592957e-01 2.94613630e-01 9.50923502e-01 -2.59366095e-01 8.73012692e-02 2.23012626e-01 3.72612365e-02 -6.79875076e-01 3.11028928e-01 -2.69921161e-02 -3.27774972e-01 -4.90638375e-01 -6.41853288e-02 -2.41722375e-01 2.58615613e-01 1.38253614e-01 -2.29037315e-01 1.80072919e-01 3.42801958e-02 -1.62268132e-02 -5.60868382e-01 2.47871250e-01 -1.86695680e-01 1.20380022e-01
7.85600021e-02 1.50456140e-02 -1.45017713e-01 1.02137066e-02 -4.85662371e-02 4.79388647e-02 3.40068750e-02 7.33797997e-02 -3.24157700e-02 -6.61705062e-02 -6.92267418e-02 -3.68135542e-01 2.38492861e-01 2.42871150e-01 7.46968063e-03 9.85888839e-02 5.59644587e-02 -5.45815118e-02 1.08115189e-01 2.40663260e-01 1.01804443e-01 2.71948636e-01 1.11190081e-02 2.12947637e-01 -9.34764221e-02 -2.95176685e-01 -1.73390359e-01 -1.53938264e-01 -2.94161767e-01 -1.53862461e-01 2.20272336e-02 -2.85679787e-01
3.92156839e-01 -3.29269245e-02 5.65127373e-01 3.89271736e-01 3.18662971e-01 4.47107166e-01 9.77354348e-01 -3.51250410e-01 7.23975539e-01 -2.73003038e-02 -6.17648005e-01 1.55085146e-01 -5.16303778e-01 -2.91261941e-01 5.94621338e-03 2.30266929e-01 -6.74876571e-01 -4.64409202e-01 2.74818122e-01 -4.87293117e-02 -6.36949390e-02 5.90371370e-01 2.19185308e-01 6.38660729e-01 6.32275864e-02 -1.30506694e-01 -2.40375623e-01 1.43368989e-01 2.04762146e-01 4.19551879e-01 -7.72537291e-02 -3.28936204e-02
-2.69811362e-01 -4.72538859e-01 1.45956385e+00 8.76629725e-02 -7.93075442e-01 -1.93190396e-01 -1.25534916e+00 -9.61983144e-01 3.13459635e-01 1.01196492e+00 2.60506310e-02 -4.70251411e-01 -2.84668148e-01 9.95382965e-01 5.69179177e-01 -1.91158211e+00 2.04216376e-01 -2.59682846e+00 1.75464761e+00 8.38055491e-01 -5.88555992e-01 1.67416382e+00 -4.37000155e-01 2.96556920e-01 3.34167331e-01 -6.76105797e-01 -2.56904274e-01 3.79456520e-01 2.11769119e-01 2.27733497e-02 8.29642594e-01 1.57769278e-01
1.81063171e-02 -2.12675203e-02 6.28035218e-02 4.21736948e-02 4.09135163e-01 -4.56610415e-03 -7.78598711e-03 1.67829581e-02 5.58064580e-02 -1.09854263e-04 -2.25600284e-02 -5.37469387e-02 1.02851398e-01 -4.08196123e-03 -3.80303035e-03 -4.16024104e-02 4.73984703e-03 -4.05925810e-02 -6.78057522e-02 8.33450779e-02 1.41352832e-01 4.62301373e-02 -2.52412558e-02 9.45222937e-03 -1.35918677e-01 -1.41656160e-01 1.63567793e-02 3.49290669e-01 -4.41094972e-02 -5.78934439e-02 2.55283434e-02 -2.40441874e-01
-3.81789654e-01 1.45650595e-01 -1.28611475e-01 -7.53899291e-02 -2.47589320e-01 -1.37837194e-02 -1.77778766e-01 7.02883601e-01 -3.00036464e-02 -9.06115919e-02 -1.61189958e-01 6.66491330e-01 5.04056871e-01 2.16342881e-01 1.93843886e-01 8.55661556e-02 -1.96111109e-03 3.54190879e-02 -1.58209294e-01 2.58891732e-02 -1.34820670e-01 -6.23979449e-01 -1.80634692e-01 -2.23568961e-01 -3.36374581e-01 -1.68121859e-01 -6.12954557e-01 4.09024894e-01 -2.53484905e-01 -2.59733021e-01 -2.09047973e-01 5.12306690e-01
1.65251531e-02 -1.40037954e-01 6.34863079e-01 2.05256492e-01 -6.55359387e-01 2.17740655e-01 3.86355042e-01 -5.37933648e-01 4.74232614e-01 3.51469070e-01 -1.41530320e-01 4.79249954e-01 -3.57450247e-02 1.32387400e-01 1.20024651e-01 -1.98442376e+00 1.69218749e-01 -1.01943970e+00 2.69436203e-02 2.25520089e-01 -1.25540376e-01 2.32594162e-01 2.05887273e-01 1.63987935e-01 -2.89448202e-01 -4.82105285e-01 -1.31307751e-01 -1.35902151e-01 -3.92896980e-01 -5.49549878e-01 5.27757466e-01 -2.45971262e-01
-1.56375065e-01 1.09889423e-02 -2.18436673e-01 1.68680027e-01 9.05992184e-03 -5.60636558e-02 2.62059838e-01 -2.00004429e-01 -6.38476372e-01 1.58394265e+00 -3.62684697e-01 -7.49556869e-02 -2.88474083e-01 1.25857615e+00 -2.33828574e-01 1.23277456e-01 2.36399472e-02 1.21390089e-01 -1.27000332e-01 -3.00417572e-01 1.81721691e-02 1.68606400e-01 -3.51698995e-02 -1.46648750e-01 -1.47131518e-01 6.02510162e-02 4.46805388e-01 4.52120870e-01 1.77861825e-01 -4.45517629e-01 2.01184690e-01 -8.83963332e-02
-1.66543961e-01 -2.32863694e-01 6.47188485e-01 4.87855673e-01 -1.39318109e-01 -3.32688034e-01 -1.05427670e+00 1.33638754e-01 2.05459997e-01 4.65566665e-01 8.95686150e-02 -6.27250448e-02 1.06371887e-01 2.22280145e-01 -2.11633667e-01 6.44912601e-01 -6.78554876e-03 1.93974003e-01 -1.65585443e-01 -3.42204005e-01 9.03479338e-01 4.07434136e-01 3.97589415e-01 -5.92322290e-01 3.17512006e-02 2.13417932e-02 -1.95612103e-01 2.66189247e-01 -1.31586060e-01 3.42361122e-01 -1.35261089e-01 -3.00324649e-01
8.78049612e-01 -3.60096395e-01 5.09225190e-01 9.68775749e-01 -3.13327700e-01 2.95019865e-01 -9.71495569e-01 -5.51033914e-01 7.06271410e-01 -1.16353035e+00 -1.80478692e-01 5.84960282e-01 -1.22451544e+00 -4.18775618e-01 6.56575739e-01 -5.02082586e-01 -5.23116179e-02 -1.68276373e-02 4.99379158e-01 7.66719818e-01 4.03987408e-01 -4.23692405e-01 -1.93753803e+00 -5.21351755e-01 7.00866759e-01 5.85659921e-01 -8.22753906e-01 -5.09883285e-01 2.45639924e-02 1.25803244e+00 -8.33908319e-01 -2.65362412e-01
-1.56126553e-02 1.74896091e-01 -3.76003571e-02 -4.92895432e-02 -1.50306836e-01 -2.74241026e-02 3.06579340e-02 -5.30928895e-02 -3.70883644e-02 -5.56616578e-03 3.80824804e-02 9.35576260e-02 8.36316347e-02 -6.67350888e-02 1.65242061e-01 -1.41579673e-01 1.05283968e-01 1.79745406e-01 -3.83745972e-03 -2.73057908e-01 1.49280190e-01 4.32798192e-02 -1.53238922e-02 -4.19451892e-02 -3.04074854e-01 -3.52575034e-02 2.26362031e-02 -7.65466988e-02 -3.71932834e-02 4.97765373e-03 8.14875308e-03 -2.13840872e-01
9.98327956e-02 2.91219234e-01 1.65520716e+00 4.29083586e-01 -1.28559172e+00 1.48422033e-01 -2.28223532e-01 -5.59674203e-01 8.51438344e-01 4.82479811e-01 1.90305531e-01 -3.75618517e-01 -8.83238137e-01 9.66603577e-01 4.63144593e-02 -3.47428560e+00 -2.64745265e-01 -4.65938377e+00 3.81804585e-01 1.07685514e-01 -1.23092771e+00 1.01247489e+00 3.47587466e-01 1.79321498e-01 2.24160567e-01 -1.59893245e-01 -5.35092235e-01 6.90098405e-01 -2.13397354e-01 -1.01729911e-02 -2.18090072e-01 -1.90758482e-02
-8.13038170e-01 1.74923152e-01 1.24961868e-01 -7.43480623e-01 -4.78501013e-03 -1.53002724e-01 -1.90024570e-01 5.10919869e-01 -8.78429189e-02 4.93762433e-04 1.12058967e-01 -2.91297734e-01 4.42425966e-01 4.35585111e-01 -3.85308236e-01 -3.15543234e-01 2.06737176e-01 -1.77537173e-01 -3.65125775e-01 1.63744271e-01 6.25985116e-02 7.00986385e-01 2.31203020e-01 -2.36389428e-01 -1.68621197e-01 3.16167772e-01 -7.12220311e-01 1.40865505e-01 8.25780705e-02 -5.70344150e-01 -1.03046775e-01 -6.43683672e-01

layers.2.bias:
-1.36403716e+00
-8.20338845e-01
6.64470196e-01
-5.71232200e-01
1.32625118e-01
-4.51357603e-01
2.49031976e-01
2.18704629e+00
5.01062453e-01
8.54028225e-01
-9.64532316e-01
-1.36837482e+00
-3.67761225e-01
9.26509678e-01
-3.80137205e-01
-6.69971347e-01
-6.76831007e-02
-7.76420832e-01
3.41363877e-01
-8.60622078e-02
-2.84723252e-01
8.04566801e-01
8.61486971e-01
-1.67720139e-01
-4.15635616e-01
1.04940605e+00
-1.00924551e+00
-1.06457555e+00
5.10609448e-01
-1.24873126e+00
1.61052108e-01
-2.51207110e-02
8.08452189e-01
1.14598162e-01
-3.13169867e-01
-2.12048516e-02
-1.33484676e-01
1.42905748e+00
1.05679870e+00
-1.40226692e-01
1.00059497e+00
-2.27772802e-01
-5.49974322e-01
1.37880754e+00
2.52066910e-01
-1.02015686e+00
1.06655192e+00
-3.48586410e-01
8.24376345e-01
1.81508267e+00
1.67382285e-01
3.32503855e-01
1.16029821e-01
-6.69540763e-01
2.42105946e-01
-2.45317854e-02
8.28953087e-01
-4.06396426e-02
-3.24610993e-02
-6.68252766e-01
5.74703991e-01
6.20276891e-02
-2.84061730e-01
7.26714432e-01

layers.4.weight:
3.19561750e-01 5.34068607e-02 -4.64977436e-02 1.61793660e-02 -1.23761212e-02 5.73778301e-02 -6.33140298e-05 -7.36435831e-01 -8.45193639e-02 -4.03852552e-01 6.72681108e-02 9.37342286e-01 -1.78883421e+00 -1.35514736e-01 1.02556581e-02 -1.47217727e+00 6.40620943e-04 6.41719401e-02 6.16941135e-04 5.39964349e-05 -4.32027184e-04 -6.20738640e-02 -3.66435610e-02 2.61912048e-01 -1.75565630e-02 -4.18064706e-02 3.77254784e-02 7.63971090e-01 -3.84815097e-01 3.87934953e-01 -1.28852269e-02 -1.32048324e-01 -5.16137071e-02 -9.31916584e-04 3.61739658e-02 -2.37131899e-05 -1.24194863e-04 -1.52792156e-01 -2.67151929e-02 1.97259009e-01 -6.89266324e-02 2.94968188e-01 2.09713578e-02 -1.24069721e-01 -3.12319549e-04 1.29774645e-01 -1.24239028e-02 -2.57794454e-04 -1.23321123e-01 -6.91789746e-01 -8.45889971e-02 -3.75968846e-03 5.11676131e-04 3.74016017e-02 -1.01933801e+00 3.34129960e-04 -1.44874246e-03 -2.67869532e-01 -5.44020049e-02 4.73450497e-02 -1.82397813e-02 -5.15669526e-04 9.33811843e-01 -1.80212315e-02

layers.4.bias:
-1.11734986e+00

