layers.0.weight:
3.31696361e-01 -5.67613244e-01 7.97264636e-01
5.69172144e-01 -8.09445798e-01 -5.80563486e-01
-8.31293464e-02 -6.13938749e-01 -5.77727258e-01
-1.07055378e+00 1.15616508e-01 4.58123112e+00
2.67282110e-02 4.11940843e-01 1.16166264e-01
-5.79876065e-01 8.58121514e-01 -1.84879377e-01
-1.31842160e+00 4.86020595e-01 -9.88645032e-02
-6.01682402e-02 7.88846374e-01 -9.23566997e-01
6.03414774e-01 -9.26082134e-01 5.12713566e-02
-1.11527514e+00 5.86289167e-02 -1.64189592e-01
7.53551662e-01 -9.85680073e-02 1.41279221e+00
-7.16238439e-01 -1.31785080e-01 -1.29353356e+00
-4.30584475e-02 7.12955832e-01 -1.57757306e+00
-1.16726887e+00 2.10410804e-02 5.00053525e-01
-6.46977663e-01 1.09646142e+00 7.52028525e-01
-1.81771189e-01 9.48456824e-01 1.64468549e-02
5.46070874e-01 -6.33792400e-01 -1.45019031e+00
-1.15504665e-02 1.12846863e+00 1.84981868e-01
8.07071701e-02 -9.54183042e-01 5.35116851e-01
3.41117471e-01 -1.28724232e-01 -8.64976227e-01
2.23475501e-01 1.65966094e-01 -5.10879010e-02
-3.24195027e-01 -2.56797969e-01 -1.00232065e+00
-4.64660525e-01 1.65601885e+00 -4.46076952e-02
-1.56447518e+00 4.06930357e-01 1.75152493e+00
1.05132234e+00 3.79940838e-01 -7.78481364e-01
2.59609371e-01 6.71772659e-01 -1.17486012e+00
-1.16151750e-01 -2.13369340e-01 1.90187418e+00
-3.97779703e-01 -2.44972542e-01 1.92939892e-01
3.22416067e-01 7.57217348e-01 -1.46468067e+00
-1.04933763e-02 4.65525806e-01 1.70563948e+00
-2.89658904e+00 2.84448242e+00 -1.78299040e-01
-1.26738083e+00 -5.19488692e-01 1.02004325e+00

layers.0.bias:
8.77201200e-01
4.81547834e-03
-1.42384720e+00
-6.34384930e-01
7.07518518e-01
-2.04255387e-01
-3.54310095e-01
2.86240637e-01
-7.45998621e-01
-1.59115899e+00
1.64644122e-01
1.80825554e-02
2.46107668e-01
-1.21306002e+00
-2.90836543e-01
1.43946290e+00
9.34610724e-01
1.82654703e+00
-6.68276668e-01
5.78918040e-01
-1.44309163e-01
-1.35729384e+00
1.02535832e+00
-7.05530941e-02
1.36946186e-01
5.60703695e-01
8.80503118e-01
-1.57881156e-01
-4.88352716e-01
7.31267482e-02
8.91685039e-02
-6.70209900e-02

layers.2.weight:
-3.72126102e-01 2.05009654e-01 9.79780927e-02 -5.06038785e-01 -4.31066118e-02 2.97466293e-03 9.89669561e-02 -4.45599183e-02 -1.39477238e-01 2.79353166e+00 6.67470247e-02 7.85439089e-02 -2.01744020e-01 2.39133906e+00 -1.44870818e-01 4.45431739e-01 -6.02571853e-02 6.35649383e-01 1.25564843e-01 -2.54261374e-01 2.57272154e-01 -5.48725463e-02 -5.61881602e-01 5.84671915e-01 -1.07234329e-01 6.33662879e-01 -8.11193526e-01 -1.55301064e-01 -1.99798062e-01 -2.37145796e-01 -1.26884669e-01 2.69902706e-01
-6.40984103e-02 1.50971487e-01 -8.97989333e-01 9.43671688e-02 -3.61367673e-01 1.15727432e-01 -7.60334849e-01 -5.28738379e-01 5.68476140e-01 6.53047979e-01 3.78910244e-01 -3.15330654e-01 2.02267691e-01 -1.52659472e-02 -3.26131225e-01 1.98442146e-01 -3.70658249e-01 3.57015848e-01 -3.87512356e-01 -9.91284549e-02 6.05104506e-01 -1.63955554e-01 -4.35162187e-01 -2.30264422e-02 -3.11592054e-02 -1.19351812e-01 -2.83817291e-01 -4.94865060e-01 3.11128870e-02 -1.79071411e-01 -8.74519125e-02 2.17872575e-01
-9.80084762e-02 -7.46804997e-02 6.73724040e-02 -8.01120996e-01 -6.29886687e-01 3.48129384e-02 -4.39020753e-01 3.77595991e-01 4.11052525e-01 7.79449224e-01 -5.94403088e-01 -4.40638326e-02 2.10914999e-01 7.99576789e-02 -2.50128005e-02 -5.55465162e-01 -1.68068543e-01 -4.09510344e-01 -1.58532232e-01 3.28614891e-01 -2.61806160e-01 -2.02581257e-01 4.55849767e-01 -1.18506527e+00 -6.80235103e-02 4.82005119e-01 -1.22042191e+00 -1.43531084e-01 4.77965355e-01 -4.20579225e-01 1.40978903e-01 3.82443182e-02
2.11621121e-01 -1.26089245e-01 1.07628562e-01 1.31052804e+00 4.95009303e-01 4.21751946e-01 6.95504189e-01 -2.01769650e-01 -1.95116162e-01 -8.37310683e-03 1.24965660e-01 -2.78409831e-02 -5.39859533e-01 1.94031417e-01 6.68054581e-01 1.00153863e+00 -3.64175856e-01 6.19168341e-01 2.69728303e-01 -9.97869849e-01 -6.66491389e-01 -1.16546996e-01 4.15382206e-01 1.45264411e+00 -7.04263896e-02 -5.04035056e-01 4.62475538e-01 1.55304357e-01 -6.30219042e-01 -1.90694019e-01 1.37924775e-02 1.61419913e-01
6.24185801e-02 -3.25399548e-01 2.75837064e-01 -4.45423096e-01 5.29209152e-02 -2.66288936e-01 -1.44692993e+00 1.79481342e-01 1.80147573e-01 -5.05947471e-01 4.43161219e-01 -7.88644135e-01 8.04820836e-01 -8.72119606e-01 -7.98303783e-02 -9.36106443e-01 -3.09971601e-01 -8.72369766e-01 -1.64108977e-01 -1.06054284e-01 9.25339818e-01 -5.52927017e-01 2.68901139e-01 -3.31109554e-01 -7.29803920e-01 6.47925675e-01 9.72632244e-02 -6.61339581e-01 -2.10228756e-01 6.21702194e-01 -1.67582214e-01 -3.84366326e-02
-3.11573327e-01 3.10113072e-01 3.99563849e-01 1.37340665e-01 -1.06120074e+00 -3.95331025e-01 -1.27114370e-01 2.94452697e-01 3.95738125e-01 8.85876939e-02 5.74996352e-01 3.79961789e-01 -5.29604666e-02 3.96077484e-02 -4.22501564e-01 -1.19338465e+00 -3.02167624e-01 -1.44425297e+00 7.65696406e-01 -2.32692361e-01 -7.33924389e-01 -3.13512236e-03 -9.77362275e-01 -2.88927406e-01 -7.27795390e-03 9.44962502e-02 1.24650612e-01 1.27866483e+00 -2.02296063e-01 -4.71223950e-01 -5.68563938e-01 3.69327515e-01
6.27757534e-02 -5.13336249e-03 -2.07602695e-01 -1.33245578e-02 -1.99996263e-01 1.46864161e-01 -7.21802190e-02 -4.43128169e-01 -5.66972345e-02 2.57725179e-01 2.95050651e-01 9.22738686e-02 2.88168013e-01 6.98630288e-02 -7.48851290e-03 -4.14666474e-01 1.01185897e-02 2.36353595e-02 3.68064232e-02 -3.16848308e-01 -3.99634868e-01 7.81991631e-02 3.02595366e-02 2.03527696e-02 1.73753917e-01 2.59626329e-01 -3.64679754e-01 -4.28724885e-01 -1.47275865e-01 6.61621615e-02 2.73687821e-02 1.35024801e-01
3.66121978e-01 1.39138207e-01 -3.79057944e-01 3.55380863e-01 2.34401539e-01 -6.70979857e-01 1.02668241e-01 4.89553839e-01 1.21992141e-01 -3.24659258e-01 -1.29006043e-01 9.61569369e-01 3.17131609e-01 -5.55010080e-01 -2.05199495e-01 1.25762701e-01 5.17015159e-01 1.19480729e-01 2.65049458e-01 4.99913424e-01 -1.43969214e+00 -9.01395142e-01 1.39215142e-01 2.83686131e-01 2.12463275e-01 7.50665486e-01 6.02731228e-01 5.11895061e-01 -6.08201623e-01 4.93971586e-01 1.51824221e-01 -2.69584805e-01
1.68427244e-01 2.02581868e-01 -7.21826136e-01 -1.21481858e-01 1.61439884e+00 -4.56444740e-01 -6.18081689e-01 -4.75090086e-01 -6.40701294e-01 1.78552404e-01 5.87105095e-01 9.62734446e-02 5.51572084e-01 -2.87914813e-01 1.50981843e-01 2.05593157e+00 2.61177748e-01 1.87054431e+00 -4.40532029e-01 -1.89806208e-01 1.83168828e-01 -4.20140356e-01 7.66419023e-02 2.83517808e-01 1.20968580e-01 2.54528105e-01 1.85869455e-01 -6.21335283e-02 -1.39364436e-01 3.00510973e-01 2.16173720e+00 -3.47026765e-01
-6.22629762e-01 6.76199049e-02 -1.09276213e-01 -5.30446649e-01 5.00295281e-01 2.79886685e-02 -4.57237363e-02 3.85116667e-01 3.77857268e-01 -1.63449451e-01 3.28972749e-03 2.46119663e-01 1.92902625e-01 1.92319468e-01 -3.27304840e-01 -4.50678736e-01 2.90773183e-01 -2.83077598e-01 -4.32153016e-01 -2.00141408e-02 -6.15936100e-01 -2.27310419e-01 1.23886853e-01 -1.14179499e-01 -1.73133969e-01 -8.04989263e-02 -1.81685507e-01 1.86816826e-01 2.70653456e-01 1.60870329e-01 1.43188998e-01 -3.34211551e-02
2.26933971e-01 -2.50712812e-01 -5.68220690e-02 -4.09643769e-01 -5.37807107e-01 -4.14562851e-01 -3.46318334e-01 1.86430410e-01 4.81013864e-01 2.06026167e-01 -5.76579690e-01 -6.67055473e-02 9.02896702e-01 -3.83242488e-01 -2.60626048e-01 -2.91950822e-01 -5.78414083e-01 -9.78556156e-01 -3.52907591e-02 1.69243868e-02 9.93916750e-01 -2.25003302e-01 -9.31089461e-01 1.24188237e-01 -1.12643130e-01 -1.70054212e-02 -4.80276883e-01 -5.09114444e-01 3.05297136e-01 -4.46442813e-01 -1.13606580e-01 3.81653816e-01
-1.02075711e-01 4.50918376e-02 1.63566971e+00 -8.08204353e-01 -8.70797336e-01 1.50218442e-01 -1.47515997e-01 -4.22060758e-01 7.86174476e-01 1.80784857e+00 1.20076671e-01 -2.44746178e-01 2.32928932e-01 3.26607704e+00 -5.91656677e-02 -1.14554179e+00 2.88487881e-01 -2.74994612e+00 5.79212606e-01 -3.94171327e-01 2.98049241e-01 5.39155543e-01 -2.55051583e-01 9.16926324e-01 -4.87657040e-02 -5.99473000e-01 3.55828494e-01 -1.29651934e-01 1.01027071e-01 9.72471833e-02 3.19569744e-02 -3.73971254e-01
-6.23023927e-01 -1.81370333e-01 9.74366844e-01 4.32245851e-01 -8.84280205e-01 6.22954309e-01 7.53292814e-02 -9.93748724e-01 4.12289083e-01 5.41694105e-01 2.34891564e-01 1.37507781e-01 -5.36021590e-01 -1.00984953e-01 4.91363853e-01 -4.75124168e+00 -1.03905283e-01 -6.46877575e+00 6.75911844e-01 -1.02380991e+00 -6.90561712e-01 4.50140238e-01 6.27916396e-01 -1.06385350e-01 -2.94787467e-01 -2.80979753e-01 -3.33993465e-01 6.65928483e-01 -6.96836710e-01 -3.07112813e-01 -1.11006641e+00 -2.18377322e-01
4.94850501e-02 -1.44033298e-01 -6.13610566e-01 -5.37674986e-02 -2.21556187e-01 -7.54312426e-02 2.53665566e-01 3.15348595e-01 4.08061981e-01 -2.34575197e-01 5.40897310e-01 -1.93712592e-01 3.19614589e-01 -8.08682323e-01 -3.77278328e-01 -1.38790712e-01 -2.65172631e-01 1.36545256e-01 -7.20554069e-02 1.08613051e-01 -3.50017026e-02 -1.44399673e-01 3.83684016e-03 -2.13695526e-01 -1.52554318e-01 7.43494749e-01 5.02890302e-03 6.73882961e-02 -2.08286464e-01 2.70527005e-01 4.64169644e-02 3.85576129e-01
-9.78961825e-01 2.17473686e-01 -5.22107407e-02 3.44116569e-01 -1.99370697e-01 6.64312661e-01 -3.92877340e-01 -1.20721452e-01 4.42162544e-01 -1.27307937e-01 -7.57541001e-01 2.35641509e-01 1.49782538e-01 -3.00960064e-01 -2.85059512e-01 -7.17939079e-01 2.23993316e-01 -7.13626802e-01 -3.61160487e-01 3.13110679e-01 1.34783280e+00 9.64781702e-01 -7.54823443e-03 2.03798443e-01 -3.91928077e-01 1.00177191e-01 -5.86757302e-01 7.60997608e-02 7.72570550e-01 -2.42225885e-01 -8.77813175e-02 1.59790263e-01
-5.49904108e-01 -4.93356809e-02 4.67220135e-02 1.32756501e-01 -2.48945460e-01 2.84493089e-01 -9.21759069e-01 -8.58805552e-02 7.73443505e-02 5.22712374e+00 5.60735464e-01 4.32917327e-01 2.21532315e-01 2.66813612e+00 -2.98605710e-02 -1.67635828e-02 -4.22917068e-01 -8.92775953e-02 3.44934389e-02 -1.99410900e-01 -7.10287273e-01 4.12629843e-01 2.38493726e-01 2.70819843e-01 -4.02510613e-01 -4.23940897e-01 -6.35579348e-01 3.45057607e-01 -1.09786861e-01 -6.63672626e-01 2.04482719e-01 -2.32002079e-01
-3.79224718e-02 1.47501394e-01 -7.27902874e-02 3.83714773e-02 1.67097449e-02 1.66479517e-02 3.33685838e-02 -5.08477092e-02 -1.57811027e-02 -2.02385500e-01 6.34377673e-02 3.72428745e-02 4.48170751e-02 7.40144998e-02 1.16843089e-01 3.17693539e-02 4.81558889e-02 1.70786325e-02 -2.70895287e-02 1.08653307e-01 2.51289427e-01 1.24056786e-01 7.13825738e-03 2.33596526e-02 6.31449372e-02 1.78086236e-02 6.05987236e-02 2.89427131e-01 4.35972679e-03 2.62721651e-03 -2.24755425e-02 1.88250169e-02
1.34952813e-01 -1.38377100e-01 -6.72640324e-01 5.55750318e-02 3.19866717e-01 -1.80972040e-01 -2.12371469e-01 -2.74390906e-01 2.41977945e-01 -6.74232900e-01 5.66483922e-02 -2.14635357e-02 1.98853314e-01 7.11071566e-02 -6.41094893e-02 4.21024114e-01 -3.12178701e-01 6.83254600e-01 -2.63341755e-01 9.10079300e-01 2.69110411e-01 8.18866119e-02 -4.14075285e-01 -1.11007743e-01 -1.11594841e-01 -4.42073137e-01 8.49855721e-01 -5.24208009e-01 2.66153276e-01 3.17976177e-01 5.06976619e-03 1.78582877e-01
-2.64627814e-01 -1.08345106e-01 -3.36887926e-01 -2.02394068e-01 5.00075281e-01 1.81698594e-02 1.88760757e-01 1.20342612e-01 3.56133699e-01 -4.22680378e-01 -1.59311458e-01 -9.17395651e-01 4.69967455e-01 -2.01135188e-01 -1.56944990e-01 3.46152604e-01 -1.53061062e-01 4.30615097e-01 1.37122333e-01 -8.56454819e-02 -1.51103660e-02 -2.04811290e-01 4.92366970e-01 -3.01977932e-01 2.26964325e-01 1.91632748e-01 -1.71179160e-01 3.33268076e-01 3.74755971e-02 3.55457634e-01 5.04230082e-01 1.36232853e-01
6.38175532e-02 1.77204326e-01 -1.08734760e-02 7.02698603e-02 -5.88760935e-02 9.90976617e-02 -1.98002271e-02 -7.63178170e-02 5.52593321e-02 7.37671182e-02 6.69127926e-02 1.17092624e-01 -6.68875352e-02 -7.53275380e-02 1.22799955e-01 4.47892964e-01 6.10046647e-02 -3.07754457e-01 3.64487432e-02 -1.00003079e-01 -1.13131367e-01 -1.34579495e-01 -9.07511334e-04 -1.98533088e-02 3.73139754e-02 1.27878577e-01 6.05420442e-03 1.07210493e-02 1.12705275e-01 1.46979820e-02 -4.34521819e-03 3.99378911e-02
5.34239113e-01 -1.41865596e-01 6.98547900e-01 5.26663601e-01 -3.67503166e-01 -2.42288858e-01 -6.59364283e-01 -1.37634888e-01 -2.86798090e-01 -8.07248771e-01 -1.01769224e-01 9.76291835e-01 4.91985708e-01 -3.85461479e-01 7.07343578e-01 4.57169920e-01 -7.74203464e-02 -2.89875180e-01 5.10622084e-01 4.43020195e-01 -5.32600164e-01 1.08699925e-01 5.22757828e-01 2.02377424e-01 -6.92456262e-03 -3.82273078e-01 9.07811895e-02 4.34178382e-01 -1.09342784e-01 -8.52621645e-02 9.18358341e-02 5.29269516e-01
2.84343243e-01 -8.15655589e-02 4.14168015e-02 1.57474220e-01 3.67066078e-02 1.19006313e-01 9.23461676e-01 5.33371493e-02 4.82780814e-01 2.14377835e-01 3.43436480e-01 3.64448547e-01 -4.05373633e-01 -5.78427672e-01 7.06435218e-02 -1.09509242e+00 -2.75671817e-02 -7.25200415e-01 -4.98221703e-02 -4.30536866e-01 -5.55683851e-01 -1.08132074e-02 2.43739575e-01 -5.92297465e-02 8.01662058e-02 -4.27805364e-01 -6.96989536e-01 4.61705655e-01 -1.28744364e-01 -1.82815880e-01 2.45890290e-01 -6.09451458e-02
9.98619497e-02 1.39600765e-02 -2.43229121e-01 3.84892046e-01 -4.01033647e-02 3.38281274e-01 3.62619907e-01 -2.67219722e-01 -3.07501167e-01 3.18236142e-01 4.46919957e-03 1.06127411e-01 4.56828535e-01 4.73712146e-01 -1.91696525e-01 -6.59484625e-01 5.71114659e-01 -2.41142839e-01 6.91129789e-02 -2.14857176e-01 -4.03082788e-01 6.83544427e-02 -3.97233725e-01 1.57901525e-01 -3.86824340e-01 -9.09133181e-02 -7.59955645e-02 -4.47733760e-01 3.70002054e-02 -1.38385817e-01 -3.27150039e-02 -2.42029712e-01
7.66591311e-01 -5.81577346e-02 -2.50445366e-01 1.65811732e-01 1.40955418e-01 -4.90008116e-01 -4.45795618e-02 3.17159027e-01 2.76164740e-01 -2.59090996e+00 1.10119060e-01 1.63005769e-01 3.79775673e-01 -1.62026191e+00 1.67736337e-01 3.37765247e-01 1.29257381e-01 2.37855300e-01 -2.12446809e-01 -9.03441105e-03 4.91355091e-01 -2.07697257e-01 -3.35454941e-01 -4.10710461e-02 -3.66451472e-01 -1.97486818e-01 -5.84198497e-02 -1.60265923e-01 2.29617774e-01 1.07087232e-01 -7.75877610e-02 -1.79965988e-01
-8.65932345e-01 1.65305674e-01 1.52413666e-01 1.11940794e-01 -4.19738740e-01 -3.45671177e-01 1.11298120e+00 -1.46817565e-01 -1.03753996e+00 7.57896066e-01 -7.51661599e-01 5.86620718e-02 1.71077356e-01 7.59022459e-02 -7.20414400e-01 1.98744431e-01 6.14503682e-01 8.92795250e-02 6.54776394e-01 2.40482762e-02 -4.17005807e-01 5.35817444e-01 5.17693222e-01 9.47530508e-01 -5.95467389e-01 5.01969695e-01 -6.24407351e-01 3.97323489e-01 7.29245424e-01 -4.64137137e-01 8.81532505e-02 1.88385993e-01
-5.30253053e-01 6.30316854e-01 -5.41167445e-02 -1.37669712e-01 5.63840032e-01 1.44036993e-01 -8.31976719e-03 4.97781932e-01 -2.83135802e-01 4.79325622e-01 6.97652325e-02 -1.59950972e-01 2.11193606e-01 1.99405670e-01 -5.63245237e-01 -2.89755553e-01 -8.79502520e-02 -3.75629440e-02 4.20370668e-01 -3.51062626e-01 -1.77122410e-02 -2.82031268e-01 -1.29596163e-02 -5.78044951e-01 1.03947207e-01 -2.20981389e-01 -5.60191631e-01 -5.05656540e-01 1.56737223e-01 -3.60242337e-01 -2.32166156e-01 -2.49709785e-01
-1.59963474e-01 2.18932033e-01 4.16374475e-01 3.92494351e-01 -2.38292173e-01 -2.75100529e-01 -1.38936743e-01 -9.29205865e-03 2.89883047e-01 -4.36114967e-01 -5.58087170e-01 -1.03507891e-01 -2.99358487e-01 -2.85345346e-01 6.66939020e-02 6.29066885e-01 -1.01000935e-01 2.34608948e-01 2.71308929e-01 1.69742614e-01 9.70763192e-02 -7.76260972e-01 1.89092338e-01 1.63905770e-01 2.58870840e-01 1.30550086e-01 4.27342728e-02 -5.69341600e-01 -2.57473826e-01 -8.75705332e-02 9.23334807e-02 -2.48951375e-01
-8.07494283e-01 4.62195784e-01 -6.76862359e-01 -1.00198436e+00 -9.67399776e-02 -2.26613656e-01 -3.69703680e-01 4.37494069e-01 1.06259435e-01 4.43619579e-01 -4.96302769e-02 1.78951383e-01 1.74778536e-01 2.81149626e-01 -8.91977176e-03 1.22985244e+00 6.84150159e-01 1.35863733e+00 -9.27335501e-01 6.87947273e-02 5.85458457e-01 -7.91116416e-01 -6.33002341e-01 4.09562379e-01 -1.11374453e-01 -4.35884506e-01 2.85133213e-01 2.02419624e-01 6.24324381e-01 -8.06449533e-01 2.22661376e-01 -2.95142412e-01
1.93234965e-01 -5.33171058e-01 -8.16243887e-03 -1.18508041e-01 -7.12517917e-01 5.10559618e-01 4.74547036e-02 -5.00590742e-01 5.50243318e-01 8.72812331e-01 -2.20503837e-01 1.17517099e-01 5.50120234e-01 3.93021941e-01 7.16164848e-03 -1.14237761e+00 -4.51785117e-01 -1.14954793e+00 1.59161583e-01 2.15331301e-01 2.31844708e-01 3.62034202e-01 1.92430004e-01 1.43724903e-01 2.63307720e-01 1.01431817e-01 -4.13793236e-01 -2.36792222e-01 -2.97046542e-01 -3.41566265e-01 4.15784001e-01 3.15661937e-01
-2.56742463e-02 -8.99137795e-01 3.58184755e-01 1.60183156e+00 5.67157604e-02 3.50914262e-02 -1.91416368e-01 -3.13376009e-01 -1.48351833e-01 1.83527306e-01 1.12093270e+00 -1.02237821e+00 -1.13404727e+00 -4.44652855e-01 1.29534572e-01 -2.66125649e-01 -1.12629187e+00 4.25877064e-01 6.89105928e-01 -6.20578408e-01 8.45583022e-01 1.75793931e-01 -4.48762700e-02 -3.38557474e-02 -3.74573506e-02 -5.42594373e-01 2.21991554e-01 5.48915230e-02 -8.98783684e-01 1.27525663e+00 -6.84885919e-01 1.05911903e-02
-7.19277501e-01 -1.96668133e-01 4.10566866e-01 1.33048683e-01 -3.13309908e-01 2.38946944e-01 2.69515693e-01 -2.38989815e-02 -4.19265717e-01 -2.34655708e-01 -9.39752340e-01 2.50544101e-01 4.65617299e-01 7.72416070e-02 1.94099739e-01 -3.44322324e-01 3.43892336e-01 -3.79601151e-01 1.21975996e-01 -3.52934211e-01 -7.90591359e-01 2.79103398e-01 2.35631224e-02 -6.91157937e-01 2.20355511e-01 5.97133636e-01 -1.13941856e-01 3.09013892e-02 -4.43295509e-01 -2.21616939e-01 -1.94324836e-01 -4.83756810e-02
-2.69651294e-01 -3.85878235e-01 -2.24545598e-01 -1.17113821e-01 -1.39161274e-01 -4.01250497e-02 2.52373934e-01 2.39399046e-01 -6.66372180e-01 1.32671583e+00 -1.22132704e-01 -1.10986449e-01 -5.35038233e-01 5.30983090e-01 -1.40765443e-01 5.46772256e-02 -6.05743611e-03 2.10766599e-01 -1.17222117e-02 -2.14714661e-01 2.01838881e-01 1.00961819e-01 3.82939637e-01 7.94086158e-02 2.78142821e-02 -8.89162123e-02 -1.54378116e-01 2.09147111e-01 2.43249282e-01 3.43108714e-01 -8.10981845e-04 1.26142994e-01
-4.01609428e-02 -3.72289807e-01 4.26621586e-02 -1.31552354e-01 -4.12091643e-01 4.32723284e-01 -2.50376433e-01 -4.27214921e-01 1.37490839e-01 -4.46974248e-01 9.54130385e-03 4.62000370e-01 2.28863448e-01 4.38421786e-01 3.26271355e-01 -6.54327035e-01 -4.85061020e-01 -1.32503521e+00 -2.99411006e-02 -3.18675160e-01 -9.84364152e-02 8.87971342e-01 4.22919184e-01 5.92053354e-01 -4.18597460e-01 1.68689013e-01 9.94944051e-02 -2.57258385e-01 -3.67485017e-01 -2.89846838e-01 -1.74848169e-01 -1.34624556e-01
4.05915044e-02 -3.61910537e-02 1.20014705e-01 -8.66129100e-02 2.53034055e-01 -1.11607760e-01 5.42591177e-02 -3.34851474e-01 -1.58119202e-01 3.82176429e-01 1.51293904e-01 1.76998928e-01 7.54013732e-02 -2.99008340e-01 -7.33903348e-02 -2.83702552e-01 8.04172084e-02 1.52718246e-01 -1.56536624e-01 -5.32009363e-01 1.58418402e-01 -1.76499650e-01 -1.43798158e-01 -4.73538339e-02 -8.63514002e-03 2.08755121e-01 -5.78109622e-02 -8.51832330e-03 1.10238351e-01 7.36130103e-02 3.24776731e-02 1.75486051e-03
1.04982249e-01 -5.69529533e-01 -1.72990441e-01 7.44578302e-01 -2.63139099e-01 -5.02081692e-01 2.08653569e-01 -1.34006113e-01 -3.74995381e-01 2.96071100e+00 -5.79011261e-01 9.77651894e-01 6.68634534e-01 8.46846104e-01 8.41957152e-01 2.46462464e-01 3.14886197e-02 1.83823645e-01 5.59646785e-01 3.79881293e-01 2.35807672e-01 1.92195341e-01 -2.23893270e-01 1.03472996e+00 -4.15699370e-02 1.49626732e-01 -3.25048000e-01 2.84016877e-01 6.02428690e-02 2.00528726e-02 1.32144308e+00 2.39466559e-02
-1.36277303e-01 1.87521845e-01 1.14509083e-01 7.87755176e-02 6.79897591e-02 -2.32912581e-02 3.12427594e-03 1.24819346e-01 -2.94147041e-02 -1.90658383e-02 1.64760053e-01 6.48684502e-02 8.85288566e-02 -5.83859645e-02 1.54959932e-01 2.47444808e-01 5.34422584e-02 -8.66620243e-02 -4.73669656e-02 9.76849496e-02 -1.67569950e-01 -4.35610898e-02 4.19992441e-03 4.85312287e-03 -4.78143424e-01 -2.27048486e-01 5.21114916e-02 -1.18120655e-01 -6.80418611e-02 -5.08780330e-02 -2.13593571e-03 -4.45196360e-01
-5.89341857e-03 -8.18025842e-02 -5.00015914e-02 2.72665657e-02 -2.21978813e-01 3.50796990e-02 -3.39569040e-02 1.63686305e-01 5.35911657e-02 -3.83053869e-02 -1.23229492e-02 -2.50906665e-02 -6.79260418e-02 3.79555896e-02 -7.14014620e-02 2.13209346e-01 -1.11346535e-01 -1.04264602e-01 1.17734699e-02 3.32969159e-01 -2.56726801e-01 -9.26448777e-02 2.60585323e-02 -2.12124120e-02 1.62732024e-02 -9.46094766e-02 -6.08763844e-02 -5.58084734e-02 -6.00352585e-02 5.57640307e-02 7.45323859e-03 -8.45823996e-03
8.45742345e-01 -2.86458433e-01 3.25734556e-01 3.52403641e-01 -4.28659230e-01 1.86653174e-02 -5.80577612e-01 -1.10007562e-02 7.17956126e-01 8.85775164e-02 -1.73669234e-01 3.50321308e-02 4.42443117e-02 2.61030763e-01 7.60605216e-01 -8.12430561e-01 -4.71613228e-01 -8.21121037e-01 5.87836325e-01 -2.84338623e-01 -7.32617974e-01 2.11818159e-01 -1.25095367e-01 2.24357158e-01 8.00511539e-01 -4.76341918e-02 2.36178607e-01 -1.55852169e-01 -5.62357187e-01 2.38919780e-01 1.05681822e-01 9.52397510e-02
1.56331539e-01 -4.31495011e-01 -1.92796007e-01 4.13428396e-01 -4.77656052e-02 -5.96211374e-01 8.06022882e-02 -7.86788315e-02 3.13069403e-01 -2.50414938e-01 -2.23037750e-01 4.44949567e-01 3.39452446e-01 -2.58796662e-01 2.78695077e-01 -9.49717820e-01 -3.60752374e-01 -1.10020041e+00 7.49474943e-01 -4.30532247e-01 -2.45713308e-01 -4.59545776e-02 3.48969221e-01 6.77812874e-01 -1.78945407e-01 -3.52885306e-01 4.46853071e-01 1.61011110e-03 -1.73438594e-01 -4.15092647e-01 6.62113279e-02 2.71061063e-01
7.55899101e-02 7.58235306e-02 7.20867932e-01 1.18449897e-01 -1.24788094e+00 -3.61927629e-01 1.47664204e-01 -1.53420448e-01 7.76237488e-01 5.90325654e-01 -1.01170078e-01 -4.50353265e-01 -1.56239734e-03 6.54500425e-01 -1.15535900e-01 -2.67905831e+00 -2.10418001e-01 -3.07568455e+00 2.10046679e-01 3.32621932e-02 -8.27742636e-01 6.44119024e-01 1.42802030e-01 1.58003062e-01 1.63205743e-01 1.05297789e-01 3.49531889e-01 2.08522707e-01 -1.81177154e-01 -7.67130971e-01 -4.81493652e-01 2.36634374e-01
-1.69777185e-01 -2.24268839e-01 -2.52080917e-01 -2.83136189e-01 -2.79466927e-01 5.45509398e-01 1.40478447e-01 -1.10057965e-01 -8.35957676e-02 3.46197695e-01 -1.90834746e-01 1.61082566e-01 5.93966618e-02 -2.90920109e-01 -1.50877044e-01 -5.92629969e-01 3.24312925e-01 -6.47962272e-01 -2.78585255e-01 3.93421240e-02 -3.34014893e-01 3.84613991e-01 -1.46176949e-01 3.32876086e-01 3.70207638e-01 -5.12548327e-01 4.81689960e-01 5.33580780e-02 6.09398186e-02 1.30735710e-01 -1.08876728e-01 4.24594469e-02
3.77153814e-01 6.65453255e-01 6.41926050e-01 -3.88953954e-01 2.74181634e-01 2.10029319e-01 1.74668759e-01 -9.19708684e-02 -8.79653215e-01 1.01587319e+00 -2.67592579e-01 -2.63183922e-01 -4.48569566e-01 1.14322865e+00 1.81919396e-01 2.15473980e-01 1.37114944e-02 -7.97432959e-01 2.09534630e-01 -2.94907659e-01 8.80754143e-02 6.76186144e-01 -1.07262738e-01 -3.80248368e-01 6.61066592e-01 -7.72362888e-01 5.03674030e-01 -1.11249730e-01 -2.67967135e-01 -5.87193727e-01 8.04201439e-02 -4.72472042e-01
-3.21969539e-02 -3.68043095e-01 1.67874470e-01 -1.48048908e-01 -1.92842335e-01 1.25882760e-01 7.04687014e-02 -3.15048844e-01 -4.49494034e-01 -3.36063355e-01 -7.66369924e-02 -3.05508766e-02 -1.27061844e-01 3.73679966e-01 5.11644244e-01 3.28065634e-01 2.80731052e-01 -4.41711664e-01 6.91823289e-02 1.46542907e-01 -2.50746846e-01 2.79644489e-01 -3.82652819e-01 1.99283630e-01 -8.26980472e-02 -2.96254575e-01 4.33617979e-01 7.33144820e-01 -4.24310505e-01 -4.32096869e-01 2.62415558e-01 3.58588427e-01
-9.42703128e-01 -2.48808086e-01 -1.26129240e-01 -1.13169038e+00 4.26347196e-01 -9.45192426e-02 -3.59979868e-01 3.72345567e-01 -2.85013348e-01 7.55473077e-01 -1.06257522e+00 8.81020308e-01 7.99551725e-01 2.28034884e-01 -2.38345489e-01 9.17457581e-01 2.67740071e-01 1.10165589e-01 -5.45715868e-01 8.84189367e-01 -7.24006057e-01 -5.47611237e-01 7.67920688e-02 1.94354698e-01 8.11461747e-01 7.96620846e-01 1.04083347e+00 7.06984341e-01 2.61535704e-01 -8.36532831e-01 7.42539585e-01 -6.89327344e-02
-8.58140588e-02 1.05088763e-01 2.93252856e-01 -4.54580896e-02 3.46074373e-01 -1.11703947e-01 -2.29762774e-03 3.28002870e-02 -2.34863907e-02 2.24048316e-01 2.70891171e-02 2.09879410e-02 -1.23663982e-02 -1.17255062e-01 8.07431787e-02 -1.49743170e-01 1.02987289e-01 5.28941527e-02 1.32489521e-02 -4.14513171e-01 1.50689885e-01 -1.18760213e-01 -1.03497589e-02 1.95692736e-03 1.47839338e-01 -1.79843325e-02 7.56819621e-02 1.23480842e-01 3.86040583e-02 -8.74588042e-02 4.58509289e-02 5.59321046e-02
-9.85020474e-02 2.44832158e-01 2.84284532e-01 -1.42038867e-01 2.95862377e-01 9.89067033e-02 6.86008811e-01 3.22263479e-01 8.00662115e-02 -1.19967639e+00 -3.68417352e-01 5.56647360e-01 6.83584929e-01 -3.19365352e-01 -4.77080256e-01 1.68313861e-01 5.34107447e-01 -1.58487096e-01 -4.64061461e-02 -4.35545295e-01 9.09649432e-01 -2.80686826e-01 2.50052083e-02 -1.30386961e+00 6.91447640e-03 5.56964397e-01 -1.01403272e+00 -9.46724772e-01 2.85926521e-01 -1.38779357e-01 -1.06547149e-02 -2.17435434e-01
6.73633456e-01 -3.19235235e-01 -2.25238815e-01 4.57614392e-01 -3.05897772e-01 -8.27716440e-02 -1.36428386e-01 -2.74133414e-01 6.09043360e-01 -1.13602020e-01 -8.52192342e-02 -7.11598322e-02 7.29358852e-01 -3.37536722e-01 3.71981353e-01 -8.31573963e-01 -4.69569564e-02 -8.51173699e-01 9.37765181e-01 -9.56235602e-02 -3.23021799e-01 1.02531090e-01 1.31227806e-01 1.67780250e-01 -5.34258150e-02 -2.56623626e-01 8.13987851e-01 5.08767962e-01 -4.64961052e-01 3.54014546e-01 1.18160248e-01 3.18973541e-01
-2.65239060e-01 3.31665128e-01 -1.92609742e-01 -4.37409319e-02 -5.12708187e-01 -1.87487856e-01 1.03845894e-01 4.80633557e-01 -1.22502044e-01 -5.74751198e-01 -1.86678156e-01 -2.26578563e-02 -3.40924442e-01 1.24664567e-01 2.64045328e-01 -7.90100470e-02 -8.49071816e-02 3.16410452e-01 -2.29975693e-02 3.71695638e-01 -2.31153071e-01 -4.80563380e-02 5.95591636e-03 -4.75042649e-02 -1.09704904e-01 -1.00113042e-01 2.73490518e-01 -2.80291319e-01 1.13660075e-01 1.02980807e-02 -1.73441060e-02 1.59821525e-01
7.70922825e-02 -5.31111419e-01 -6.98780864e-02 -1.31444156e-01 -1.08688064e-01 -1.74481243e-01 -7.58071244e-02 -1.66152254e-01 -3.44651967e-01 4.30474043e-01 -3.12181320e-02 1.01112753e-01 3.76957834e-01 3.02766055e-01 -1.54745117e-01 -7.14895248e-01 -1.94694370e-01 -1.68812245e-01 9.42699611e-03 7.67100006e-02 8.32954347e-02 -1.83781069e-02 5.58142304e-01 1.76766310e-02 -3.37951332e-01 2.54434675e-01 3.14521521e-01 7.66346455e-02 -5.98825701e-02 1.00855418e-01 -6.56248331e-02 -2.45780393e-01
9.84704614e-01 -1.10786408e-02 -5.84249139e-01 1.38433456e-01 2.85113722e-01 1.32249683e-01 5.21733522e-01 1.97195411e-01 -3.25114280e-01 -9.00277734e-01 -8.92235339e-01 1.41609752e+00 1.40101790e-01 -8.83973181e-01 3.16639870e-01 7.79488325e-01 3.87302451e-02 7.13371873e-01 -1.79306194e-01 1.94879860e-01 -1.42481613e+00 -3.71909142e-01 -7.85579205e-01 -3.11144620e-01 -2.55755365e-01 5.04703969e-02 1.90604419e-01 4.31645036e-01 2.05621799e-03 7.18974881e-03 -1.50180785e-02 3.44401956e-01
-8.63263234e-02 -4.44519632e-02 -1.03252113e+00 6.59073237e-03 3.39518189e-01 3.29366505e-01 7.65084922e-02 -4.18496691e-02 -2.55163088e-02 4.55636978e-01 -3.41059834e-01 -1.23856211e+00 3.01689297e-01 3.86504441e-01 -2.76788116e-01 7.62134492e-01 -2.12405533e-01 1.49387872e+00 -3.73773396e-01 -2.13432498e-02 2.34770551e-01 -2.04281852e-01 -9.67506692e-03 8.57873619e-01 -3.70256990e-01 6.94409370e-01 -1.97160318e-02 -1.65954158e-01 5.25943637e-02 1.96569875e-01 6.81921542e-01 1.05116367e-02
-6.16596313e-03 3.89241904e-01 -1.75200060e-01 -6.22224510e-01 -5.42313159e-02 7.27703631e-01 2.83422500e-01 7.96097100e-01 3.35987031e-01 2.85631031e-01 9.50152159e-01 -2.63646632e-01 9.03083161e-02 2.17661172e-01 1.80071536e-02 -7.32217729e-01 3.12516958e-01 -4.27793935e-02 -3.20756406e-01 -5.20002425e-01 -4.20030989e-02 -2.32838616e-01 2.57639050e-01 1.23192765e-01 -2.16985583e-01 1.78793788e-01 2.92188525e-02 -3.26883346e-02 -5.56712151e-01 2.47549251e-01 -2.13872656e-01 1.11891262e-01
8.41071457e-02 2.64285002e-02 -1.22345544e-01 4.01794259e-03 -4.60213870e-02 5.02080210e-02 -1.22485711e-04 7.30598196e-02 4.41168755e-04 -3.39334272e-02 -5.20896800e-02 -3.91541600e-01 2.47521147e-01 2.33998463e-01 4.00474062e-03 8.77801701e-02 7.49700665e-02 -6.41394258e-02 1.16503827e-01 2.52798766e-01 1.30302176e-01 2.83609957e-01 1.98481814e-03 2.22078726e-01 -1.12224415e-01 -2.84755975e-01 -1.81574672e-01 -1.85736224e-01 -3.07669371e-01 -1.46176040e-01 4.05919291e-02 -2.63842434e-01
4.27028567e-01 3.15242149e-02 5.26144683e-01 4.43357050e-01 3.18264335e-01 4.15735275e-01 9.26097989e-01 -3.94290179e-01 7.83704400e-01 -6.61275387e-02 -5.61734259e-01 1.08778521e-01 -5.68172276e-01 -3.93159240e-01 -3.05544864e-02 1.73759043e-01 -6.05638146e-01 -5.03876567e-01 3.08642954e-01 -7.39527866e-02 -1.01609603e-01 5.41080117e-01 1.99473083e-01 7.04387009e-01 5.28879231e-03 -1.80327371e-01 -1.87841728e-01 1.90337405e-01 1.62937254e-01 4.63354051e-01 -1.12368450e-01 2.23937798e-02
-4.29602921e-01 -6.18261874e-01 1.67533886e+00 3.10258102e-02 -1.05169070e+00 -5.25300466e-02 -1.17269373e+00 -9.28888381e-01 2.30089545e-01 1.14042616e+00 -4.17661816e-02 -4.36821193e-01 -2.37434134e-01 1.07415664e+00 7.40854084e-01 -2.15300727e+00 9.55405980e-02 -2.86187816e+00 1.72240806e+00 8.10084164e-01 -4.58242744e-01 1.83537877e+00 -3.00112337e-01 2.41630241e-01 4.13984984e-01 -6.35102868e-01 -3.12861174e-01 3.21058869e-01 2.38248587e-01 -8.46075360e-03 8.27142477e-01 7.91126713e-02
-4.16841358e-03 -1.77596975e-02 6.20687641e-02 4.52096537e-02 4.03674126e-01 1.21672242e-03 3.78053170e-03 2.30319090e-02 2.58343853e-02 -1.59372445e-02 -1.91327948e-02 -7.64054805e-02 1.00663789e-01 -2.76660100e-02 6.50678528e-04 -3.39648910e-02 7.16965552e-03 -3.71375345e-02 -8.28251317e-02 8.16748068e-02 1.37996122e-01 6.03486449e-02 -1.24627762e-02 -1.30521238e-03 -1.35497600e-01 -1.47947088e-01 1.95334107e-02 3.68970692e-01 -5.06792814e-02 -5.46448529e-02 -1.90398321e-02 -2.43955508e-01
-4.31848824e-01 9.55413654e-02 -6.99274316e-02 -1.41091734e-01 -3.13540787e-01 2.52084844e-02 -7.89981708e-02 7.55079746e-01 -8.09544176e-02 -2.57178675e-02 -2.43789643e-01 7.77347505e-01 5.67811787e-01 2.95912445e-01 2.05729395e-01 4.29092161e-02 -8.30707178e-02 -3.72113241e-03 -1.94802552e-01 3.34191881e-02 -9.44200233e-02 -5.64073265e-01 -1.63071319e-01 -2.76619375e-01 -2.85622507e-01 -1.10276610e-01 -6.78617835e-01 3.71429116e-01 -1.93600968e-01 -3.21824521e-01 -2.75297046e-01 4.58003640e-01
-3.66493650e-02 -2.31406778e-01 7.64537632e-01 1.98887601e-01 -8.56318057e-01 2.77932703e-01 3.03106189e-01 -5.71637869e-01 5.39318085e-01 3.34592253e-01 -1.54682785e-01 4.74885166e-01 -3.72518897e-02 1.49734899e-01 2.27945819e-01 -2.24551177e+00 8.87729153e-02 -1.27756560e+00 1.11201972e-01 1.86143756e-01 -1.97758861e-02 2.92106688e-01 2.84820110e-01 1.41244322e-01 -1.20534241e-01 -4.80788201e-01 -1.39554352e-01 -2.45699495e-01 -3.68304372e-01 -5.40333748e-01 3.83828968e-01 -4.22272712e-01
-1.37725413e-01 3.33465263e-02 -1.44025773e-01 1.23185880e-01 -7.75770843e-02 -7.19555393e-02 3.06976229e-01 -1.86086297e-01 -6.08560324e-01 1.62177634e+00 -4.03172076e-01 -4.52437960e-02 -2.46996105e-01 1.24861264e+00 -2.24540100e-01 6.15429431e-02 3.09070665e-02 2.72581242e-02 -9.90320146e-02 -2.66898364e-01 1.24329049e-02 2.24580452e-01 -4.69136350e-02 -2.10388884e-01 -1.75384715e-01 9.03568119e-02 4.04033005e-01 4.66798872e-01 1.58002540e-01 -4.89818633e-01 2.41622970e-01 -5.30997887e-02
-1.72467947e-01 -1.99197054e-01 5.58902323e-01 4.82179284e-01 -1.90509518e-03 -3.57863396e-01 -1.09703279e+00 1.55733794e-01 2.58932531e-01 4.47608590e-01 7.54197761e-02 -5.22988178e-02 1.11193091e-01 2.18947560e-01 -2.47138396e-01 7.20395207e-01 2.07086802e-02 4.25052196e-01 -1.90320939e-01 -3.29888046e-01 9.65858877e-01 3.65351111e-01 3.79895538e-01 -6.26743913e-01 1.57237723e-01 1.46218427e-02 -2.05347359e-01 1.35605350e-01 -4.73102517e-02 3.33905786e-01 -1.84000939e-01 -4.45253104e-01
6.91356063e-01 -3.30609828e-01 6.78455114e-01 8.92912328e-01 -6.50399745e-01 4.07451570e-01 -9.14638400e-01 -4.26651210e-01 1.04396248e+00 -6.91589713e-01 -3.38679165e-01 7.58089960e-01 -1.13730025e+00 -3.46514106e-01 6.50680542e-01 -8.74441206e-01 -2.83286460e-02 -6.30598187e-01 3.72537792e-01 8.03494990e-01 4.56713676e-01 -3.38274747e-01 -2.00099683e+00 -5.89995086e-01 7.31680274e-01 6.91342294e-01 -9.01576340e-01 -5.80369592e-01 9.82608125e-02 1.17291129e+00 -6.34526312e-01 -2.44091615e-01
-3.90109643e-02 1.80984765e-01 -6.67139217e-02 -4.55137007e-02 -1.39934689e-01 -2.66147722e-02 4.93145213e-02 -2.67722663e-02 -7.34199286e-02 -3.30789126e-02 4.27818559e-02 9.02412608e-02 8.53996947e-02 -7.34709203e-02 1.71701670e-01 -1.28067091e-01 1.10669501e-01 1.68539092e-01 -4.62904610e-02 -2.81554431e-01 1.47267953e-01 2.52005849e-02 -2.00024862e-02 -9.67543945e-03 -3.12315971e-01 -3.91577594e-02 2.29854956e-02 -7.67605081e-02 -1.07593816e-02 -5.78961242e-03 -3.19175757e-02 -2.14930192e-01
4.60931249e-02 3.36665034e-01 1.69052160e+00 4.48129117e-01 -1.41988099e+00 2.05119029e-01 -2.03817695e-01 -5.53951383e-01 8.49939823e-01 5.97593784e-01 1.59247711e-01 -3.56650084e-01 -8.96173418e-01 8.30340803e-01 4.21289951e-02 -3.74541140e+00 -1.67108431e-01 -4.95297432e+00 3.67574990e-01 1.47575468e-01 -1.18706489e+00 1.04343390e+00 3.86439383e-01 1.16541468e-01 2.08131060e-01 -1.70064032e-01 -5.23078382e-01 6.56036139e-01 -2.16597036e-01 -7.98301399e-03 8.01443961e-03 3.25444937e-02
-8.33372116e-01 2.04289094e-01 1.89472243e-01 -7.83410013e-01 -1.44719109e-01 -1.68675825e-01 -1.81020528e-01 4.92239416e-01 -2.16728505e-02 2.01297551e-02 7.59323686e-02 -2.58032650e-01 4.66395468e-01 4.63559210e-01 -4.13263947e-01 -4.10964221e-01 2.20593870e-01 -2.79943705e-01 -3.12576741e-01 1.70052320e-01 6.31110519e-02 7.46277094e-01 1.88224494e-01 -2.79103637e-01 -1.76419020e-01 3.05194229e-01 -7.52389371e-01 1.80655479e-01 1.02216735e-01 -6.03875756e-01 -1.51586264e-01 -7.13443696e-01

layers.2.bias:
-1.40416944e+00
-7.95494437e-01
6.25185728e-01
-6.07903302e-01
1.18191667e-01
-3.08811665e-01
2.74224639e-01
2.16344714e+00
5.69671690e-01
8.31243098e-01
-8.76035988e-01
-1.40400219e+00
-3.82684290e-01
9.16259050e-01
-3.24656010e-01
-7.05857694e-01
-7.52275512e-02
-7.68929482e-01
3.32686543e-01
-7.83509612e-02
-1.76475912e-01
8.40905786e-01
8.71116102e-01
-1.40694067e-01
-3.73892844e-01
1.05864048e+00
-1.00884247e+00
-1.08568525e+00
5.11732519e-01
-1.12890816e+00
9.07350928e-02
-2.67206132e-02
7.84372687e-01
1.21695437e-01
-3.48527640e-01
-1.54090878e-02
-1.25677511e-01
1.38615060e+00
1.00882995e+00
-6.03535473e-02
9.92465854e-01
-2.28294566e-01
-5.31869650e-01
1.70644474e+00
2.62535125e-01
-9.42174911e-01
1.04282641e+00
-3.64161551e-01
8.18170309e-01
1.75422859e+00
1.97688386e-01
3.09215069e-01
1.13573283e-01
-6.39032781e-01
7.50903934e-02
-3.85952108e-02
7.81698048e-01
-1.53326914e-01
-3.96538824e-02
-6.75016642e-01
5.37853301e-01
5.39684705e-02
-3.19978893e-01
6.61389947e-01

layers.4.weight:
3.52799475e-01 6.20337576e-02 -6.74502775e-02 3.01257670e-02 -8.51354748e-02 1.14372961e-01 -6.18506921e-03 -7.22970963e-01 -1.21531256e-01 -3.95239979e-01 3.60631533e-02 9.29952264e-01 -1.93860030e+00 -1.21413358e-01 -1.00090774e-02 -1.42944229e+00 -3.20616527e-04 1.03003412e-01 2.88224295e-02 6.11584226e-04 -1.19370045e-02 -1.40132353e-01 -2.69119348e-02 2.25666791e-01 -5.88314086e-02 -6.22101054e-02 4.97919880e-02 8.68260086e-01 -4.17768389e-01 4.08116937e-01 -3.24721225e-02 -1.24031276e-01 -1.29779071e-01 1.07676582e-03 1.22335576e-01 1.00710022e-03 -2.52776139e-04 -2.29487568e-01 -8.73104036e-02 3.85002762e-01 -6.35685697e-02 3.02936465e-01 4.92634512e-02 -1.46792084e-01 2.60575092e-04 1.09363005e-01 -7.97669739e-02 7.14862486e-04 -1.14931285e-01 -6.78363562e-01 -9.41886678e-02 -3.46333697e-03 6.84961735e-04 3.67800556e-02 -1.30859804e+00 -2.23437120e-04 -2.89269425e-02 -3.81305277e-01 -5.12824319e-02 5.77228963e-02 -8.23223442e-02 2.73064419e-04 1.05109870e+00 -3.88344340e-02

layers.4.bias:
-1.10417175e+00

