layers.0.weight:
3.31696361e-01 -5.67613244e-01 7.97264636e-01
5.69172144e-01 -8.09445798e-01 -5.80563486e-01
-8.31293464e-02 -6.13938749e-01 -5.77727258e-01
-1.07055378e+00 1.15616508e-01 4.58123112e+00
2.67282110e-02 4.11940843e-01 1.16166264e-01
-5.79876065e-01 8.58121514e-01 -1.84879377e-01
-1.31842160e+00 4.86020595e-01 -9.88645032e-02
-6.01682402e-02 7.88846374e-01 -9.23566997e-01
6.03414774e-01 -9.26082134e-01 5.12713566e-02
-1.11527514e+00 5.86289167e-02 -1.64189592e-01
7.53551662e-01 -9.85680073e-02 1.41279221e+00
-7.16238439e-01 -1.31785080e-01 -1.29353356e+00
-4.30584475e-02 7.12955832e-01 -1.57757306e+00
-1.16726887e+00 2.10410804e-02 5.00053525e-01
-6.46977663e-01 1.09646142e+00 7.52028525e-01
-1.81771189e-01 9.48456824e-01 1.64468549e-02
5.46070874e-01 -6.33792400e-01 -1.45019031e+00
-1.15504665e-02 1.12846863e+00 1.84981868e-01
8.07071701e-02 -9.54183042e-01 5.35116851e-01
3.41117471e-01 -1.28724232e-01 -8.64976227e-01
2.23475501e-01 1.65966094e-01 -5.10879010e-02
-3.24195027e-01 -2.56797969e-01 -1.00232065e+00
-4.64660525e-01 1.65601885e+00 -4.46076952e-02
-1.56447518e+00 4.06930357e-01 1.75152493e+00
1.05132234e+00 3.79940838e-01 -7.78481364e-01
2.59609371e-01 6.71772659e-01 -1.17486012e+00
-1.16151750e-01 -2.13369340e-01 1.90187418e+00
-3.97779703e-01 -2.44972542e-01 1.92939892e-01
3.22416067e-01 7.57217348e-01 -1.46468067e+00
-1.04933763e-02 4.65525806e-01 1.70563948e+00
-2.89658904e+00 2.84448242e+00 -1.78299040e-01
-1.26738083e+00 -5.19488692e-01 1.02004325e+00

layers.0.bias:
8.77201200e-01
4.81547834e-03
-1.42384720e+00
-6.34384930e-01
7.07518518e-01
-2.04255387e-01
-3.54310095e-01
2.86240637e-01
-7.45998621e-01
-1.59115899e+00
1.64644122e-01
1.80825554e-02
2.46107668e-01
-1.21306002e+00
-2.90836543e-01
1.43946290e+00
9.34610724e-01
1.82654703e+00
-6.68276668e-01
5.78918040e-01
-1.44309163e-01
-1.35729384e+00
1.02535832e+00
-7.05530941e-02
1.36946186e-01
5.60703695e-01
8.80503118e-01
-1.57881156e-01
-4.88352716e-01
7.31267482e-02
8.91685039e-02
-6.70209900e-02

layers.2.weight:
-3.99881929e-01 2.05314592e-01 1.17520072e-01 -5.13872981e-01 -6.49920329e-02 3.69499102e-02 6.16937950e-02 -2.91539971e-02 -1.21745087e-01 2.82285213e+00 6.24554232e-02 7.39301071e-02 -1.92689061e-01 2.37019181e+00 -1.32647544e-01 4.08323973e-01 -5.80743551e-02 6.07588053e-01 1.09131172e-01 -2.50307769e-01 2.91501492e-01 -4.29263711e-02 -5.31308711e-01 5.72253227e-01 -6.91538528e-02 6.44874334e-01 -8.20136189e-01 -1.92535222e-01 -1.85668811e-01 -2.43891641e-01 -4.45525646e-02 2.33180210e-01
-4.32722867e-02 1.97649166e-01 -8.91843677e-01 9.66031998e-02 -4.10179883e-01 8.77152532e-02 -8.15738440e-01 -5.27493358e-01 6.56567216e-01 6.30130649e-01 3.80140424e-01 -3.13758194e-01 2.00854108e-01 -1.92094352e-02 -3.88310969e-01 8.42239931e-02 -3.54702979e-01 2.76542813e-01 -3.82035434e-01 -1.01044789e-01 5.94126821e-01 -1.66701972e-01 -4.87375915e-01 -1.72621254e-02 -1.59684531e-02 -1.18556112e-01 -2.81471074e-01 -4.92281854e-01 3.18819806e-02 -1.78787395e-01 -8.60742927e-02 2.01635167e-01
-1.20063327e-01 -8.18879455e-02 1.39532939e-01 -8.28227341e-01 -7.17604637e-01 5.17693497e-02 -4.29821670e-01 4.07573819e-01 3.89906168e-01 8.10207307e-01 -6.22726381e-01 -1.60263032e-02 2.38935396e-01 1.21321879e-01 -2.08339933e-02 -5.37419856e-01 -2.26854846e-01 -4.33580458e-01 -1.90638140e-01 2.64499962e-01 -2.21944526e-01 -1.51626468e-01 4.80005950e-01 -1.16532290e+00 -5.62378839e-02 5.11391759e-01 -1.24882841e+00 -1.28005147e-01 5.13553858e-01 -4.43984300e-01 1.68573201e-01 -1.35123786e-02
3.18477809e-01 3.13568953e-03 1.95301939e-02 1.41673088e+00 4.49098140e-01 3.13706487e-01 5.88282764e-01 -3.12203705e-01 -7.34075606e-02 -1.14546053e-01 2.31476560e-01 -1.33686259e-01 -6.47067249e-01 8.86043683e-02 5.53338885e-01 5.33859074e-01 -2.13283196e-01 4.03159678e-01 3.93865556e-01 -8.46382678e-01 -9.07091677e-01 -2.22173050e-01 3.01787794e-01 1.33368504e+00 -4.85487312e-01 -6.23319864e-01 5.69031000e-01 3.07155788e-01 -7.37217724e-01 -9.36372578e-02 -9.24865082e-02 5.64584732e-01
9.13356692e-02 -4.07856405e-01 2.96554983e-01 -4.40729648e-01 4.18224595e-02 -2.68467546e-01 -1.58683407e+00 1.39675915e-01 2.15505511e-01 -5.37475705e-01 4.49031919e-01 -7.99249649e-01 7.92405188e-01 -8.59979689e-01 1.01441778e-02 -1.04005837e+00 -3.66256714e-01 -9.25392509e-01 -1.20281182e-01 -1.22700103e-01 9.58447039e-01 -5.54190218e-01 3.22258204e-01 -3.28079432e-01 -6.80486083e-01 6.33728087e-01 1.01408020e-01 -7.08809853e-01 -2.23400116e-01 6.29931748e-01 -1.41195744e-01 -9.10706818e-02
-2.97103137e-01 3.01783264e-01 4.76872265e-01 1.39863551e-01 -1.27199757e+00 -3.40317488e-01 -1.09774163e-02 2.70812035e-01 6.84524715e-01 3.45685154e-01 5.77582240e-01 3.86126339e-01 -5.80621362e-02 6.74353540e-02 -3.61817986e-01 -1.42514443e+00 -2.95369685e-01 -1.68919718e+00 8.30524802e-01 -2.28458390e-01 -6.50224745e-01 1.42975012e-02 -9.86596465e-01 -3.07071209e-01 3.52143981e-02 9.07046646e-02 1.26999393e-01 1.21043479e+00 -2.50044763e-01 -4.66052115e-01 -3.06976914e-01 3.51144105e-01
4.86840755e-02 -9.18583106e-03 -2.28407726e-01 -1.21173952e-02 -1.39568582e-01 1.63284868e-01 -8.71055052e-02 -4.29509193e-01 -8.86860415e-02 2.61476606e-01 2.95740724e-01 8.08164328e-02 2.88994610e-01 3.31290215e-02 -2.57399795e-03 -3.24730545e-01 1.91546828e-02 9.24694762e-02 9.13430098e-03 -3.09819669e-01 -3.77408028e-01 7.93133304e-02 5.03984764e-02 2.30058599e-02 1.71125919e-01 2.62865543e-01 -3.63826603e-01 -4.46295410e-01 -1.43892467e-01 6.84870258e-02 1.02681024e-02 1.37270361e-01
3.83093745e-01 1.35955721e-01 -4.02263522e-01 3.46529484e-01 3.05134654e-01 -6.81742966e-01 1.36269361e-01 4.87580299e-01 6.48729280e-02 -3.47591609e-01 -1.39661103e-01 9.77121413e-01 3.24745893e-01 -5.61283350e-01 -2.07464322e-01 2.14274883e-01 5.28053164e-01 1.97784796e-01 2.80943781e-01 5.13681710e-01 -1.47554922e+00 -9.03121889e-01 1.44006655e-01 2.83406615e-01 1.87153935e-01 7.56802738e-01 5.95003247e-01 5.39215863e-01 -6.19301498e-01 4.84874278e-01 1.49738982e-01 -2.47317761e-01
2.01674670e-01 2.58470982e-01 -5.89573801e-01 -2.86804408e-01 1.51971149e+00 -5.09883046e-01 -6.30521834e-01 -3.34559202e-01 -7.15675831e-01 1.23616219e-01 4.43669379e-01 2.27287859e-01 7.15139508e-01 -2.88197279e-01 8.83421972e-02 2.39867091e+00 3.13604265e-01 1.71234441e+00 -5.26818573e-01 -9.47035030e-02 1.64633244e-01 -2.75047243e-01 3.02271899e-02 2.29180738e-01 1.21246457e-01 4.13285077e-01 2.12194100e-02 -6.42381907e-02 -6.58028424e-02 1.35740340e-01 2.12160039e+00 -3.79431933e-01
-6.86758280e-01 2.96724830e-02 -5.10928780e-02 -5.94656944e-01 4.91222858e-01 9.25925747e-02 -1.83328353e-02 4.51032817e-01 3.31567883e-01 -1.06484465e-01 -6.07953332e-02 3.02860796e-01 2.58475423e-01 1.94398716e-01 -2.73591906e-01 -3.47791851e-01 2.73255885e-01 -2.32265919e-01 -4.97973591e-01 3.93207707e-02 -5.37984252e-01 -1.63718596e-01 1.88398719e-01 -1.69113904e-01 -1.01081327e-01 -1.44240176e-02 -2.45828241e-01 1.06543571e-01 3.33462447e-01 9.87337902e-02 2.06322059e-01 -1.04116090e-01
3.22824895e-01 -2.47423097e-01 -5.53895421e-02 -3.38651150e-01 -8.23792398e-01 -4.37065214e-01 -3.99773329e-01 8.39346722e-02 6.44759893e-01 2.30152711e-01 -5.06720960e-01 -1.35621458e-01 8.27498674e-01 -3.59916151e-01 -2.40278021e-01 -7.13067949e-01 -5.72908521e-01 -1.73170471e+00 1.34884536e-01 -2.95819957e-02 9.94732499e-01 -2.75872201e-01 -9.71752048e-01 1.73757434e-01 -2.06856057e-01 -1.01736344e-01 -4.06862527e-01 -4.43102062e-01 1.65715069e-01 -3.82578403e-01 -1.65010497e-01 4.70028520e-01
-9.72226635e-02 1.13793582e-01 1.63067627e+00 -7.99073935e-01 -9.19495285e-01 1.45164564e-01 -1.43037602e-01 -4.29606199e-01 1.01802933e+00 1.81982839e+00 1.30563959e-01 -2.61202484e-01 2.25369826e-01 3.28433275e+00 -9.49884653e-02 -1.35819018e+00 2.74833858e-01 -2.88088584e+00 5.92988849e-01 -4.11588639e-01 2.95925796e-01 5.32435775e-01 -2.61161476e-01 9.23286617e-01 -4.85862792e-02 -6.05233252e-01 3.63163471e-01 -1.24771714e-01 9.01373923e-02 1.05573431e-01 -9.92758013e-03 -3.75422210e-01
-6.47313774e-01 -1.85589701e-01 1.04812074e+00 4.29047704e-01 -1.16011786e+00 6.39148057e-01 3.47192064e-02 -1.01401472e+00 4.54116911e-01 5.72977066e-01 2.22552612e-01 1.46442518e-01 -5.37251413e-01 -4.44120876e-02 4.97515768e-01 -5.15545654e+00 -1.25591695e-01 -6.94484425e+00 7.14297235e-01 -1.05252326e+00 -7.17898905e-01 4.93568748e-01 6.34027660e-01 -9.39376652e-02 -3.15353155e-01 -2.93892950e-01 -3.36001992e-01 7.47679174e-01 -7.30031073e-01 -3.12689543e-01 -1.09342873e+00 -2.14886039e-01
3.01079322e-02 -1.89845815e-01 -6.16360307e-01 -6.83470592e-02 -1.56568706e-01 -3.70310023e-02 2.89419293e-01 3.35914224e-01 3.12656194e-01 -2.42340058e-01 5.25739253e-01 -1.85404435e-01 3.36624593e-01 -8.30127060e-01 -3.03739786e-01 -3.99581939e-02 -2.65603215e-01 2.05141515e-01 -1.03264078e-01 1.23751432e-01 -3.36546078e-02 -1.31754220e-01 6.89135939e-02 -2.27407843e-01 -1.50983855e-01 7.62661517e-01 -1.28249349e-02 5.86789660e-02 -1.92743152e-01 2.58504659e-01 4.19110768e-02 3.84434789e-01
-9.59213495e-01 2.08783671e-01 9.70120281e-02 3.46438020e-01 -6.35771453e-01 6.57208204e-01 -3.38711232e-01 -1.56445637e-01 4.49008912e-01 -5.28968014e-02 -7.69178391e-01 2.45758176e-01 1.44123852e-01 -2.79998571e-01 -2.79154867e-01 -8.77134383e-01 2.14272618e-01 -1.00290561e+00 -1.78529084e-01 3.05127621e-01 1.25825274e+00 1.05949938e+00 -7.57870600e-02 2.27761120e-01 -4.63505626e-01 9.20839831e-02 -5.81973672e-01 2.79021263e-01 7.33772814e-01 -2.39820272e-01 -8.87169540e-02 2.24869594e-01
-5.59832752e-01 -4.98843305e-02 4.08921316e-02 1.35998115e-01 -2.19307974e-01 2.98046887e-01 -9.24440205e-01 -8.77830684e-02 6.31660745e-02 5.22539377e+00 5.63156843e-01 4.29414719e-01 2.18364000e-01 2.67339396e+00 -3.65851931e-02 -8.60504154e-03 -4.28142279e-01 -6.16840981e-02 3.29460464e-02 -2.03450739e-01 -7.03907490e-01 4.10018533e-01 2.62647122e-01 2.72456706e-01 -3.98617268e-01 -4.26233888e-01 -6.32012546e-01 3.40517074e-01 -1.15835510e-01 -6.60014868e-01 1.92475721e-01 -2.34757781e-01
-2.47466713e-02 1.48826852e-01 -6.21510372e-02 3.43590677e-02 5.00709284e-03 1.33892819e-02 3.40591520e-02 -6.24508671e-02 3.24485824e-03 -1.99213892e-01 6.66329935e-02 4.26004827e-02 4.64470312e-02 8.54546353e-02 1.09923355e-01 2.33837180e-02 4.32402603e-02 1.85484476e-02 -5.26646571e-03 1.11186601e-01 2.46687889e-01 1.18234105e-01 1.17004970e-02 2.28018034e-02 6.33270741e-02 1.90846454e-02 5.70218898e-02 2.78134733e-01 6.75908336e-03 -9.66088613e-04 1.02439541e-02 2.05338392e-02
1.57954648e-01 -1.57782510e-01 -6.79815352e-01 8.21998566e-02 3.03352296e-01 -1.82771891e-01 -2.15218797e-01 -3.18897069e-01 2.72026390e-01 -6.58736765e-01 9.51839536e-02 -5.46866767e-02 1.70479178e-01 9.07669663e-02 -4.28519472e-02 2.82224536e-01 -3.37209642e-01 6.00784242e-01 -2.00272813e-01 8.84570837e-01 3.11481893e-01 2.98955664e-02 -4.36687618e-01 -8.98408890e-02 -1.28916711e-01 -4.67939913e-01 8.76137674e-01 -5.20976186e-01 2.37357825e-01 3.44343424e-01 -2.79001356e-03 1.96624056e-01
-2.76896060e-01 -1.08658500e-01 -2.84525603e-01 -2.30633318e-01 3.58254075e-01 2.39607207e-02 1.87681451e-01 1.27437741e-01 4.07744110e-01 -4.35372353e-01 -1.87305719e-01 -8.70464265e-01 4.94621873e-01 -1.31860867e-01 -1.68807879e-01 1.59928128e-01 -1.73805773e-01 2.41867751e-01 1.50220051e-01 -9.71501172e-02 -5.17502502e-02 -1.78759724e-01 4.76736903e-01 -2.80483425e-01 2.26494312e-01 2.12987751e-01 -1.99662179e-01 3.81200999e-01 6.62111491e-02 3.25886130e-01 4.35441285e-01 1.21697560e-01
7.28874654e-02 1.78063601e-01 -9.36449133e-03 6.87434673e-02 -5.16686104e-02 9.78794843e-02 -2.12132763e-02 -7.63788968e-02 5.53376116e-02 8.18325505e-02 6.91259950e-02 1.10822313e-01 -6.54717013e-02 -7.29176179e-02 1.16403349e-01 4.56267267e-01 5.73587418e-02 -2.98538804e-01 4.03646789e-02 -9.78097320e-02 -9.95272920e-02 -1.30469352e-01 -5.07050287e-03 -2.60330737e-02 3.86479199e-02 1.29620150e-01 4.67885192e-03 -1.45292841e-04 1.06927410e-01 1.41204549e-02 -1.36274789e-02 4.18064483e-02
4.38652605e-01 -2.06967160e-01 7.15889931e-01 5.42847455e-01 -3.42275143e-01 -1.39398277e-01 -6.82956338e-01 -1.09840557e-01 -3.13372314e-01 -6.84341609e-01 -8.31773281e-02 9.30424094e-01 4.81479496e-01 -3.75000089e-01 7.97259748e-01 4.28197235e-01 -1.13591038e-01 -3.00449967e-01 4.36098695e-01 4.18786526e-01 -4.04308081e-01 1.21506184e-01 6.20317221e-01 1.91647381e-01 9.76883173e-02 -3.81250054e-01 1.02833390e-01 3.04665297e-01 -8.66430998e-02 -6.23312443e-02 1.56622410e-01 4.27145183e-01
3.01428020e-01 -1.03992194e-01 1.37319798e-02 1.87901884e-01 2.06008945e-02 1.19663052e-01 9.44241464e-01 1.03190923e-02 4.73597080e-01 2.08594099e-01 3.73978645e-01 3.32377017e-01 -4.38101232e-01 -5.62110603e-01 9.30056870e-02 -1.16935563e+00 -4.88662571e-02 -7.49456346e-01 1.14733411e-03 -4.60537344e-01 -5.65662324e-01 -3.58590707e-02 2.73523867e-01 -1.81600358e-02 1.89920068e-02 -4.67761159e-01 -6.65812254e-01 5.13076484e-01 -1.64256737e-01 -1.52502656e-01 2.61997193e-01 -1.92696659e-03
1.12544842e-01 3.58335376e-02 -2.63731539e-01 3.84339184e-01 -5.91525808e-02 3.19409549e-01 3.68995726e-01 -2.66487092e-01 -3.04110467e-01 2.93482602e-01 -1.58705190e-03 1.12622671e-01 4.56820577e-01 4.71398205e-01 -2.10049748e-01 -6.67274833e-01 5.97140372e-01 -2.39228174e-01 8.18607658e-02 -2.06098080e-01 -4.42119241e-01 6.46615177e-02 -4.00708616e-01 1.49408832e-01 -4.00185376e-01 -9.67165157e-02 -7.58921504e-02 -4.08175796e-01 4.17981036e-02 -1.40526503e-01 -4.88584004e-02 -2.33575270e-01
7.64866531e-01 -4.36457582e-02 -2.40782559e-01 1.63231224e-01 1.14052504e-01 -4.98420686e-01 -6.38163164e-02 3.21825624e-01 3.12573880e-01 -2.57834530e+00 1.12084813e-01 1.57638445e-01 3.81087482e-01 -1.62203205e+00 1.55048117e-01 3.10431421e-01 1.33552581e-01 2.08533049e-01 -1.99439600e-01 -8.14653840e-03 4.96648729e-01 -2.00167269e-01 -3.42145264e-01 -4.63229977e-02 -3.60835314e-01 -1.94738284e-01 -6.22478463e-02 -1.63867250e-01 2.12048307e-01 1.04619384e-01 -4.11803275e-02 -1.85633272e-01
-8.35806549e-01 1.56949595e-01 1.56832114e-01 1.26203209e-01 -4.87336010e-01 -3.50184321e-01 1.10884643e+00 -1.92000553e-01 -9.91225898e-01 7.71910250e-01 -7.28228629e-01 4.05099653e-02 1.53513849e-01 9.12527218e-02 -7.09914982e-01 -4.63909134e-02 5.99328637e-01 -1.00648087e-02 8.13524604e-01 1.06279720e-02 -3.65576327e-01 4.88730282e-01 5.10379434e-01 9.61230159e-01 -6.10407114e-01 4.84665900e-01 -6.09826803e-01 3.62576067e-01 7.07622647e-01 -4.49727923e-01 9.51016322e-02 2.15967864e-01
-5.43065548e-01 6.28763676e-01 -4.38607372e-02 -1.50508493e-01 5.62244058e-01 1.58922449e-01 -2.46808380e-02 5.14487386e-01 -2.82528937e-01 4.83133644e-01 5.91224544e-02 -1.56035617e-01 2.25490123e-01 1.77772433e-01 -5.51538110e-01 -3.06982100e-01 -8.10035691e-02 -2.05368288e-02 4.04309362e-01 -2.84029365e-01 2.62490921e-02 -2.69413203e-01 4.21242509e-03 -6.44912004e-01 1.75960049e-01 -2.02027485e-01 -5.72908282e-01 -5.83387017e-01 1.72195032e-01 -3.71725380e-01 -2.25677907e-01 -2.96145946e-01
-1.70299590e-01 1.84901506e-01 4.51579958e-01 3.73793542e-01 -2.54836202e-01 -2.55872190e-01 -1.23496145e-01 1.66437719e-02 2.73486227e-01 -4.10706371e-01 -5.77964306e-01 -8.04753378e-02 -2.78906405e-01 -2.56656408e-01 1.02270849e-01 6.66671574e-01 -1.27208069e-01 1.98996127e-01 2.37883225e-01 1.72448426e-01 1.26755938e-01 -7.50890911e-01 1.98215380e-01 1.50665537e-01 2.84739822e-01 1.55415505e-01 2.39437129e-02 -5.92108428e-01 -2.38816515e-01 -1.04657233e-01 1.18534118e-01 -2.76585937e-01
-8.10652733e-01 4.78226304e-01 -7.00630367e-01 -1.01272953e+00 -1.36879105e-02 -2.32651457e-01 -3.37291241e-01 4.79928464e-01 7.18520954e-02 4.49399173e-01 -5.71825877e-02 1.88100547e-01 1.88719854e-01 2.71432400e-01 -2.91447155e-02 1.42491150e+00 7.00135529e-01 1.46379530e+00 -1.23522890e+00 8.48210156e-02 5.82656860e-01 -7.97054410e-01 -6.44463062e-01 3.96777421e-01 -1.08494990e-01 -4.17815089e-01 2.73426771e-01 1.67819098e-01 6.49130166e-01 -8.17308426e-01 1.97832480e-01 -2.97344476e-01
1.87181979e-01 -5.35403371e-01 1.31482165e-02 -1.23475716e-01 -7.40442574e-01 5.18213272e-01 5.95312342e-02 -5.08523822e-01 5.46174049e-01 8.83918226e-01 -2.28533983e-01 1.23149596e-01 5.53461790e-01 3.96500379e-01 1.13043636e-02 -1.19755900e+00 -4.49678361e-01 -1.21026814e+00 2.21113235e-01 2.18106598e-01 2.19318509e-01 3.81483525e-01 1.95676461e-01 1.41051561e-01 2.36188337e-01 1.01765521e-01 -4.17979360e-01 -2.02176988e-01 -3.22362691e-01 -3.46009672e-01 4.41870034e-01 3.49169016e-01
-2.00072393e-01 -6.40480280e-01 5.69174826e-01 1.41865671e+00 -3.33107352e-01 4.25612070e-02 -1.36009187e-01 -3.11390221e-01 1.33790657e-01 1.92566037e-01 1.02343309e+00 -9.10460114e-01 -9.45401847e-01 -4.31701213e-01 -1.92444086e-01 -6.54899240e-01 -8.85702610e-01 3.43679264e-02 7.93353498e-01 -3.64796937e-01 9.43385124e-01 3.61414135e-01 -2.94074863e-01 -2.45437220e-01 7.94067755e-02 -4.65724051e-01 3.94097418e-02 -6.39059022e-02 -7.19346404e-01 1.07826447e+00 -1.09368956e+00 -5.80001399e-02
-7.53837883e-01 -2.27700114e-01 5.14239550e-01 1.60816163e-01 -6.39820397e-01 2.86101818e-01 3.10182184e-01 -8.24841708e-02 -4.40519392e-01 -1.94725499e-01 -9.33513522e-01 2.35719949e-01 4.35979784e-01 1.18958384e-01 2.26954103e-01 -4.18213576e-01 3.14574778e-01 -5.78951240e-01 3.62606645e-01 -3.81063521e-01 -1.02216136e+00 4.43365455e-01 2.10023895e-02 -6.61987484e-01 1.81408793e-01 5.65656722e-01 -8.44306126e-02 1.10996924e-01 -4.83062893e-01 -1.93998769e-01 -1.54402390e-01 -1.23209460e-02
-2.61017531e-01 -4.33806568e-01 -2.34700069e-01 -1.10489458e-01 -1.11757174e-01 -6.04604408e-02 2.56249905e-01 2.18402609e-01 -7.45927215e-01 1.32074916e+00 -1.17247261e-01 -1.19960830e-01 -5.44638515e-01 5.44476032e-01 -9.17007253e-02 1.16938859e-01 -3.55772451e-02 2.81809628e-01 4.22511576e-03 -2.25222751e-01 2.00226903e-01 9.77898166e-02 3.71585459e-01 8.76999497e-02 1.79005489e-02 -1.04192086e-01 -1.47083327e-01 2.17334807e-01 2.50119120e-01 3.51195425e-01 -4.40377295e-02 1.33626014e-01
-6.45288974e-02 -4.03000832e-01 7.13936388e-02 -1.39153883e-01 -4.37057465e-01 4.64640558e-01 -2.34173745e-01 -4.30368721e-01 1.10709228e-01 -4.32288975e-01 3.76807293e-05 4.62329179e-01 2.34442711e-01 4.25162345e-01 3.67675632e-01 -6.74169481e-01 -5.00061810e-01 -1.34711277e+00 -2.31902860e-02 -3.21576864e-01 -7.94790164e-02 9.08558786e-01 4.66045231e-01 5.85667610e-01 -4.15662289e-01 1.70132443e-01 9.12395939e-02 -2.64908195e-01 -3.61303300e-01 -2.94246495e-01 -1.54198885e-01 -1.37951851e-01
4.07056138e-02 -4.95636947e-02 1.25587150e-01 -8.88101682e-02 2.46612564e-01 -1.03015512e-01 2.69216001e-02 -3.27422500e-01 -1.63209960e-01 3.62780899e-01 1.46442279e-01 1.77433357e-01 7.85147250e-02 -2.95226246e-01 -6.39599785e-02 -2.68299192e-01 6.46477938e-02 1.17768951e-01 -1.67885676e-01 -5.40553987e-01 1.58120081e-01 -1.67333394e-01 -1.40930921e-01 -2.88912803e-02 -1.16253309e-02 2.12919042e-01 -6.02905713e-02 7.83221796e-03 1.15187734e-01 7.17102066e-02 -2.02326030e-02 6.18951977e-04
1.08336754e-01 -5.31028867e-01 -1.44891366e-01 7.49146819e-01 -3.70848477e-01 -5.09417772e-01 1.32345811e-01 -1.49013594e-01 -2.10030258e-01 2.96129990e+00 -5.69240212e-01 9.59513307e-01 6.61268234e-01 8.27317595e-01 8.14179659e-01 9.76798907e-02 3.27769332e-02 4.43622395e-02 5.67299485e-01 3.76076370e-01 2.67930597e-01 1.94496170e-01 -2.28045315e-01 1.02256644e+00 -1.48602007e-02 1.39780596e-01 -3.19776565e-01 2.60084510e-01 5.23024835e-02 2.37000920e-02 1.32678604e+00 -9.50500718e-04
-1.17109694e-01 1.76176801e-01 1.31443143e-01 7.68731833e-02 3.70956473e-02 -4.71507087e-02 2.78197359e-02 1.08402610e-01 -9.94649995e-03 -4.59939577e-02 1.66481525e-01 7.92011693e-02 8.76529366e-02 -2.89021339e-02 1.67595953e-01 2.04224110e-01 2.66708992e-02 -1.26624539e-01 -1.81580484e-02 8.80446360e-02 -1.66579068e-01 -5.09745888e-02 -1.89869497e-02 -7.72202294e-03 -4.52916533e-01 -2.27698341e-01 5.04170544e-02 -1.29582837e-01 -6.93105608e-02 -5.24625741e-02 -4.85989684e-03 -4.66161579e-01
9.21129715e-03 -7.69857541e-02 -5.11051677e-02 2.21291594e-02 -2.22779244e-01 1.96426827e-02 -4.38407138e-02 1.65829152e-01 5.58052510e-02 -3.78493592e-02 -1.38104474e-02 -2.30380595e-02 -6.29400015e-02 3.97149064e-02 -7.11880103e-02 2.03906834e-01 -1.11913972e-01 -1.03799857e-01 1.81298330e-02 3.31294328e-01 -2.45414048e-01 -9.60027575e-02 1.94201265e-02 -4.85388841e-03 8.63693748e-03 -9.06085297e-02 -6.61724210e-02 -6.33282512e-02 -5.81755824e-02 5.06017655e-02 3.30299698e-02 -5.53753925e-03
8.56278241e-01 -2.90801078e-01 3.66718709e-01 3.54750901e-01 -5.55799186e-01 1.59826167e-02 -5.94047010e-01 -4.77310717e-02 7.45718658e-01 8.50135386e-02 -1.79924563e-01 3.78778651e-02 3.81352976e-02 2.72502780e-01 7.66632199e-01 -1.07551980e+00 -4.76762921e-01 -9.86791611e-01 8.60511839e-01 -2.90444404e-01 -7.60505736e-01 2.36719951e-01 -1.29042283e-01 2.28682846e-01 7.67094553e-01 -6.15640394e-02 2.39615098e-01 -3.07986178e-02 -5.92565298e-01 2.41212398e-01 1.12069242e-01 1.31416664e-01
1.88561127e-01 -4.39464390e-01 -2.00836003e-01 4.33191597e-01 -3.73523422e-02 -5.97804785e-01 4.60686199e-02 -1.24119796e-01 3.31625819e-01 -2.62437791e-01 -2.03267261e-01 4.24814939e-01 3.18118423e-01 -2.55166113e-01 2.88014799e-01 -1.05857134e+00 -3.71648103e-01 -1.12694550e+00 9.99399006e-01 -4.38583046e-01 -2.41446629e-01 -6.41677603e-02 3.59828055e-01 6.84093118e-01 -1.84373498e-01 -3.67638767e-01 4.68410343e-01 9.49116983e-03 -2.36413017e-01 -3.95317465e-01 6.42329678e-02 2.83129722e-01
6.00707904e-02 7.21442178e-02 7.30774939e-01 1.34065136e-01 -1.32202709e+00 -3.62225622e-01 1.65355280e-01 -1.59391865e-01 7.72306621e-01 5.95613658e-01 -9.63895693e-02 -4.59199935e-01 -1.61181688e-02 6.89060807e-01 -1.03651233e-01 -2.84112954e+00 -2.17954487e-01 -3.24669838e+00 2.09370613e-01 9.86219570e-03 -8.22381318e-01 6.50151074e-01 1.48598745e-01 1.57098979e-01 1.65078297e-01 9.06510204e-02 3.63817483e-01 2.23622382e-01 -1.93995208e-01 -7.51228690e-01 -5.28179526e-01 2.34284058e-01
-1.88998073e-01 -2.16306180e-01 -2.56368876e-01 -2.86777377e-01 -2.57318676e-01 5.66511571e-01 1.16706230e-01 -1.05597958e-01 -7.78342709e-02 3.33546579e-01 -1.95700869e-01 1.59380630e-01 6.27534017e-02 -3.32493216e-01 -1.48910493e-01 -5.54928839e-01 3.38001430e-01 -6.00434840e-01 -2.86085993e-01 4.92312573e-02 -3.33664775e-01 3.89071196e-01 -1.14536591e-01 3.22748303e-01 3.78896415e-01 -5.09518743e-01 4.77204740e-01 4.59349416e-02 6.85058460e-02 1.28519759e-01 -1.31627992e-01 3.33590396e-02
3.57506394e-01 6.56483233e-01 6.41712725e-01 -3.81748974e-01 2.66098022e-01 2.31718421e-01 1.34402558e-01 -8.78253803e-02 -8.45599115e-01 1.01833463e+00 -2.56150424e-01 -2.79580444e-01 -4.53956515e-01 1.13941944e+00 1.94894224e-01 1.86242566e-01 5.07552829e-03 -7.97423959e-01 1.94159657e-01 -3.04211944e-01 1.23282857e-01 6.71787441e-01 -8.82605463e-02 -3.75018209e-01 6.98941290e-01 -7.74112284e-01 5.09065747e-01 -1.49883240e-01 -2.51746207e-01 -5.79417169e-01 1.05581261e-01 -5.10611355e-01
-3.73467803e-02 -3.95250887e-01 1.50309235e-01 -1.35117114e-01 -1.48432165e-01 1.19686492e-01 8.08006525e-02 -3.16794336e-01 -4.75714684e-01 -3.30996454e-01 -6.49052635e-02 -3.79081182e-02 -1.37370259e-01 4.04594064e-01 5.25736630e-01 3.57073516e-01 2.51284212e-01 -4.36473727e-01 4.80485372e-02 1.32306769e-01 -2.39353552e-01 2.65645415e-01 -3.80733043e-01 2.04268977e-01 -6.20636865e-02 -2.99497485e-01 4.46195751e-01 7.13111818e-01 -4.26228940e-01 -4.19239163e-01 2.73807406e-01 3.42411965e-01
-8.82631898e-01 -1.24709457e-01 1.35978600e-02 -1.27779830e+00 -4.13729437e-02 1.24955453e-01 4.05103028e-01 1.39289675e-02 -1.83242202e-01 1.78546846e+00 -1.49643385e+00 1.78045475e+00 8.01014662e-01 6.17255449e-01 -2.84226596e-01 7.20094919e-01 3.96779478e-01 -8.25770125e-02 -1.87307194e-01 8.87089133e-01 -1.08404934e+00 -4.28503990e-01 1.67979315e-01 1.39446938e-02 4.96270478e-01 5.46380579e-01 8.97421300e-01 1.13575304e+00 3.73378336e-01 -9.93976414e-01 4.90740627e-01 2.87881106e-01
-8.80137309e-02 8.98410454e-02 2.96730965e-01 -4.82126102e-02 3.47378403e-01 -1.02767989e-01 -1.78036373e-02 3.93923298e-02 -3.56171913e-02 2.10454583e-01 2.42459029e-02 1.96168255e-02 -8.95883143e-03 -1.11868657e-01 8.65178704e-02 -1.25067979e-01 8.58590975e-02 4.42538448e-02 2.45487667e-03 -4.21221972e-01 1.55635938e-01 -1.08294196e-01 -4.70659370e-03 1.21705439e-02 1.44748256e-01 -1.35809984e-02 7.26647824e-02 1.32991940e-01 4.14716229e-02 -8.93691182e-02 -1.70142278e-02 5.67764491e-02
-1.19066194e-01 2.34064430e-01 3.13530594e-01 -1.63670897e-01 2.27059647e-01 1.13595299e-01 7.06195056e-01 3.37095529e-01 7.04593062e-02 -1.17773879e+00 -3.89782697e-01 5.78239381e-01 7.02781737e-01 -2.96060741e-01 -4.63745415e-01 1.32949635e-01 5.13421535e-01 -2.45822310e-01 -5.67078739e-02 -4.64298785e-01 9.22886312e-01 -2.57494777e-01 3.57640982e-02 -1.27971125e+00 -6.45929500e-02 5.69722593e-01 -1.03537309e+00 -8.85186970e-01 3.06151360e-01 -1.61862314e-01 -8.77140439e-04 -2.15726331e-01
6.88076973e-01 -3.27525496e-01 -2.14662388e-01 4.67985213e-01 -3.41972917e-01 -7.97723159e-02 -1.62781179e-01 -3.10513467e-01 6.27671301e-01 -1.19920127e-01 -7.66502768e-02 -8.09138045e-02 7.16530919e-01 -3.32995206e-01 3.80903214e-01 -9.55896795e-01 -5.66086508e-02 -9.12115157e-01 1.20242238e+00 -1.03279740e-01 -3.27376604e-01 1.01364091e-01 1.38272420e-01 1.77528605e-01 -6.75380453e-02 -2.68554270e-01 8.25238764e-01 5.39474607e-01 -5.12112796e-01 3.64429533e-01 1.34173721e-01 3.36581558e-01
-2.24500939e-01 3.11185360e-01 -1.57207280e-01 -5.63167967e-02 -5.78763247e-01 -2.16649130e-01 1.10191233e-01 4.59752530e-01 -8.25068951e-02 -5.75652719e-01 -1.94168046e-01 6.10556593e-03 -3.33076477e-01 1.86481103e-01 2.70579457e-01 -1.49625093e-01 -1.21022813e-01 2.54255295e-01 2.49323342e-02 3.59223485e-01 -2.61679173e-01 -4.72676419e-02 -1.79879703e-02 -3.30147073e-02 -1.04639530e-01 -9.37830731e-02 2.61313558e-01 -2.63386935e-01 1.14647128e-01 -1.71678991e-03 1.14357257e-02 1.50340214e-01
6.40507191e-02 -5.25334179e-01 -5.78812845e-02 -1.54099077e-01 -1.03365414e-01 -1.51447460e-01 -7.45360404e-02 -1.47183120e-01 -3.77874702e-01 4.18497592e-01 -5.56838289e-02 1.21662714e-01 3.98686022e-01 2.75596410e-01 -1.49429858e-01 -6.77469432e-01 -1.78903416e-01 -1.50790721e-01 -7.04601360e-03 9.71106812e-02 8.71356875e-02 3.54430568e-03 6.00983381e-01 -6.37710793e-03 -3.20334882e-01 2.75443375e-01 2.91477948e-01 6.38110638e-02 -3.62896249e-02 7.92062059e-02 -6.24092184e-02 -2.65891135e-01
9.26067233e-01 -9.98783410e-02 -5.57533503e-01 9.34670269e-02 3.85077566e-01 1.96936905e-01 5.69878697e-01 2.62762457e-01 -4.11284536e-01 -8.46644700e-01 -9.37691212e-01 1.45487905e+00 1.89842269e-01 -8.49535584e-01 3.98336053e-01 1.03502274e+00 -5.16527332e-02 9.93043959e-01 -2.61084110e-01 2.56032467e-01 -1.29766035e+00 -3.26542139e-01 -7.04384506e-01 -4.11935747e-01 -7.59126991e-02 1.14717267e-01 1.45346731e-01 2.30050504e-01 5.48783839e-02 -3.18085775e-02 3.06913145e-02 2.14899555e-01
-9.38808993e-02 -4.59593199e-02 -1.03392911e+00 4.75703413e-03 4.08611178e-01 3.30189824e-01 2.22029574e-02 -4.69287373e-02 1.73280183e-02 4.14425462e-01 -3.38874102e-01 -1.24570322e+00 3.02166939e-01 3.20905030e-01 -2.75860548e-01 8.51218104e-01 -3.00117940e-01 1.61969745e+00 -3.70851040e-01 -2.67625190e-02 2.75637835e-01 -2.07177639e-01 -3.56427692e-02 8.25450420e-01 -3.10589701e-01 6.96547747e-01 -2.13888530e-02 -2.26659074e-01 6.45567775e-02 1.99120298e-01 5.87307394e-01 -4.08770777e-02
2.81258505e-02 4.47027683e-01 -1.56118110e-01 -6.77075386e-01 -4.92766500e-02 6.73307657e-01 2.81235635e-01 8.19207251e-01 3.31747800e-01 2.11135298e-01 8.93015504e-01 -1.85959339e-01 1.40921503e-01 1.59733593e-01 -3.09744552e-02 -6.06782019e-01 3.76144588e-01 -1.17453467e-02 -3.23072702e-01 -4.32926834e-01 -1.04431838e-01 -2.11047307e-01 2.08996832e-01 6.30983487e-02 -1.96265221e-01 2.28211895e-01 -2.20885389e-02 -1.13363909e-02 -5.23511052e-01 1.88521296e-01 -2.86927372e-01 8.65543857e-02
8.65279585e-02 2.72586495e-02 -1.44818053e-01 1.31292120e-02 -3.69141772e-02 4.33318019e-02 4.08875383e-02 7.88833797e-02 -2.10490841e-02 -2.79339794e-02 -5.51388673e-02 -3.80585641e-01 2.40612879e-01 2.42320597e-01 1.06357038e-02 7.02457577e-02 8.67198110e-02 -7.16311410e-02 1.03963085e-01 2.52535939e-01 1.25042960e-01 2.76322335e-01 -1.69453695e-02 1.95964366e-01 -9.36460868e-02 -2.90383667e-01 -1.72623724e-01 -1.76217675e-01 -3.12785625e-01 -1.39061823e-01 3.13943326e-02 -2.78322995e-01
4.08177406e-01 1.57128163e-02 5.44740975e-01 4.29873616e-01 2.79599994e-01 4.31511998e-01 9.78080451e-01 -3.71881783e-01 7.59641767e-01 -3.45159397e-02 -5.76556444e-01 1.32982314e-01 -5.52928150e-01 -3.13365817e-01 -3.18233669e-02 1.37381554e-01 -6.17130637e-01 -5.61490417e-01 2.82277733e-01 -6.76560625e-02 -9.21917409e-02 5.56430221e-01 2.03490183e-01 6.79036438e-01 2.65362132e-02 -1.60685986e-01 -2.01547459e-01 1.76553458e-01 1.81295946e-01 4.48445231e-01 -7.34151155e-02 7.62363384e-03
-4.80926484e-01 -6.37795985e-01 1.74425662e+00 2.15702672e-02 -1.16284668e+00 -2.50973105e-02 -1.17993021e+00 -9.31693256e-01 2.35893697e-01 1.12520349e+00 -6.30094782e-02 -4.26074445e-01 -2.30243787e-01 1.06080437e+00 7.70532548e-01 -2.24674582e+00 8.04677680e-02 -2.98551273e+00 1.71889365e+00 8.05115163e-01 -4.53699142e-01 1.89380586e+00 -2.73916721e-01 2.32932433e-01 4.09167171e-01 -6.31791413e-01 -3.22189420e-01 3.58797461e-01 2.24540159e-01 -1.57052651e-02 8.09994400e-01 8.70507285e-02
1.35191809e-02 -1.59201268e-02 6.59033582e-02 4.23940308e-02 3.98325413e-01 -4.29111533e-03 1.22798765e-02 1.14928968e-02 4.53783236e-02 -1.24389483e-02 -1.27149969e-02 -6.88741058e-02 1.01290360e-01 -9.21176188e-03 -6.76450646e-03 -5.02465330e-02 5.00601437e-03 -3.37511376e-02 -6.20813332e-02 8.51113498e-02 1.36394382e-01 4.66089286e-02 -1.03075486e-02 -7.31677748e-03 -1.29312545e-01 -1.45668969e-01 1.69485677e-02 3.49996477e-01 -4.22185510e-02 -5.76361232e-02 1.82481483e-02 -2.46303752e-01
-4.54048187e-01 2.93950196e-02 -5.29016629e-02 -1.63808584e-01 -2.99910158e-01 6.00958206e-02 -5.51030748e-02 7.77207971e-01 -1.65364951e-01 1.72778051e-02 -2.71018177e-01 8.06842864e-01 5.90489864e-01 2.77261376e-01 2.70589590e-01 8.45204443e-02 -8.55733901e-02 1.83295235e-02 -2.22327575e-01 5.02896309e-02 -7.16087148e-02 -5.43634117e-01 -1.08656004e-01 -2.98499644e-01 -2.68171251e-01 -8.87963921e-02 -7.01112330e-01 3.48852009e-01 -1.71409637e-01 -3.42885107e-01 -2.83302575e-01 4.39378262e-01
-5.85287847e-02 -2.40373164e-01 7.95336485e-01 1.92931876e-01 -8.96539271e-01 2.89534867e-01 2.95529097e-01 -5.66839039e-01 5.34397006e-01 3.37307990e-01 -1.67018324e-01 4.80970949e-01 -3.20108384e-02 1.48508132e-01 2.40945026e-01 -2.28565645e+00 8.25370178e-02 -1.31527615e+00 8.47759843e-02 1.84844062e-01 -1.22274561e-02 3.22279632e-01 2.99096704e-01 1.37508735e-01 -1.13819212e-01 -4.77266014e-01 -1.45432383e-01 -2.38894969e-01 -3.77609879e-01 -5.44626236e-01 4.18748945e-01 -4.28719759e-01
-1.66420892e-01 -1.24556078e-02 -1.49986655e-01 1.15574069e-01 -2.70770360e-02 -3.12124528e-02 3.84537429e-01 -1.62460670e-01 -8.13457251e-01 1.68702602e+00 -4.13186491e-01 -3.27543207e-02 -2.34751239e-01 1.26874387e+00 -1.79560974e-01 1.52115360e-01 2.89594810e-02 6.77100495e-02 -1.27709523e-01 -2.64809519e-01 1.16753979e-02 2.27799863e-01 -2.06989199e-02 -2.07393333e-01 -1.81303561e-01 1.04704179e-01 3.95645112e-01 4.65043366e-01 1.76269472e-01 -4.95974451e-01 2.93388069e-01 -5.02293520e-02
-1.06881872e-01 -2.14206859e-01 5.84285080e-01 4.80495155e-01 9.98562500e-02 -3.84340078e-01 -1.14264095e+00 1.56745121e-01 2.55724221e-01 4.06562060e-01 7.71833956e-02 -5.09831347e-02 1.16334036e-01 1.80340484e-01 -2.35321984e-01 8.72401237e-01 3.02300602e-03 4.74666268e-01 -2.03901440e-01 -3.22344124e-01 9.18535173e-01 3.71904761e-01 3.46827805e-01 -6.01163864e-01 1.54160380e-01 3.99727300e-02 -2.03645214e-01 1.49769709e-01 -8.71862769e-02 3.33802640e-01 -1.90649793e-01 -4.43795472e-01
1.26911628e+00 -3.98655713e-01 5.13715982e-01 9.77662444e-01 -4.99649853e-01 2.55176395e-01 -6.79040790e-01 -6.30352795e-01 4.88554269e-01 -7.35014379e-01 -2.89106071e-01 7.45281279e-01 -1.23959982e+00 -1.82768524e-01 6.87933028e-01 -5.61539590e-01 -9.48939472e-02 -3.06548059e-01 8.41373384e-01 7.35954285e-01 2.59192944e-01 -4.36835915e-01 -2.04869437e+00 -5.03322244e-01 4.59977537e-01 5.42343557e-01 -8.07166219e-01 -2.51879781e-01 -2.57177472e-01 1.25343180e+00 -5.57780504e-01 -6.20701239e-02
-2.66608912e-02 1.70591101e-01 -4.49809581e-02 -4.68498208e-02 -1.63948581e-01 -3.18962149e-02 4.62416410e-02 -4.31394540e-02 -5.94725832e-02 -2.75899768e-02 4.41858321e-02 9.27541628e-02 8.38508606e-02 -4.67665903e-02 1.66330323e-01 -1.47038803e-01 9.41803828e-02 1.66804105e-01 -2.09867842e-02 -2.80201674e-01 1.39046639e-01 3.37854363e-02 -1.16356323e-02 -3.66867743e-02 -3.03270429e-01 -4.10387702e-02 2.23814230e-02 -8.24653581e-02 -1.77963022e-02 -5.61040873e-03 -3.07540800e-02 -2.16189191e-01
1.63743366e-02 3.20417345e-01 1.74109006e+00 4.47050810e-01 -1.54518580e+00 2.29187071e-01 -2.27315500e-01 -5.60807705e-01 8.56196582e-01 6.18323743e-01 1.57741025e-01 -3.74727190e-01 -8.96641195e-01 7.74711907e-01 7.99464062e-02 -3.95950365e+00 -1.76932454e-01 -5.19434929e+00 3.79977226e-01 1.31112099e-01 -1.15073562e+00 1.08077419e+00 4.15442377e-01 1.43270388e-01 1.77872047e-01 -1.73335686e-01 -5.24588645e-01 6.63040102e-01 -2.31505752e-01 -5.88271581e-03 -1.69841517e-02 6.32402673e-02
-8.41557086e-01 1.86450303e-01 1.87757656e-01 -7.85511196e-01 -1.29742935e-01 -1.34542033e-01 -1.92084178e-01 5.11298537e-01 -3.80797908e-02 2.36431677e-02 7.29605108e-02 -2.56654859e-01 4.74740297e-01 4.77102488e-01 -3.92720699e-01 -3.93136621e-01 2.12322414e-01 -2.73472607e-01 -3.33142668e-01 1.84226885e-01 8.70324448e-02 7.48903990e-01 2.24577084e-01 -2.88452566e-01 -1.11092061e-01 3.29731882e-01 -7.54108965e-01 1.43025994e-01 1.11619055e-01 -6.05450451e-01 -1.58225551e-01 -7.62678981e-01

layers.2.bias:
-1.43728542e+00
-7.75575101e-01
5.70085943e-01
-5.02007186e-01
9.39222053e-02
-3.84778053e-01
2.67972648e-01
2.20577097e+00
6.02410734e-01
7.68711865e-01
-9.11148906e-01
-1.40809798e+00
-4.23136443e-01
9.26804900e-01
-3.33319217e-01
-7.13744938e-01
-6.46606907e-02
-7.85839558e-01
3.38988781e-01
-8.73306766e-02
-2.76572853e-01
8.26047957e-01
8.82689357e-01
-1.49693102e-01
-3.87981147e-01
1.04293704e+00
-1.03369498e+00
-1.06167865e+00
5.11300027e-01
-1.31533480e+00
6.01022057e-02
-3.30298543e-02
7.58717060e-01
1.10391110e-01
-3.94141823e-01
-2.43680812e-02
-1.31885394e-01
1.37634838e+00
1.00883508e+00
-8.44599605e-02
9.87906575e-01
-2.61112541e-01
-5.34740388e-01
1.66209555e+00
2.50944346e-01
-9.69168127e-01
1.03835380e+00
-3.46193165e-01
8.18801761e-01
1.69673908e+00
1.80816486e-01
3.82466882e-01
1.17092192e-01
-6.46422029e-01
3.61771472e-02
-2.28701141e-02
7.60572135e-01
-1.69449091e-01
-3.14424485e-02
-6.35943413e-01
6.63610220e-01
6.37129992e-02
-3.72751117e-01
6.69182599e-01

layers.4.weight:
3.63462001e-01 7.22842589e-02 -7.99075589e-02 3.95129882e-02 -1.12281047e-01 1.36426508e-01 4.65348683e-04 -7.31029093e-01 2.39873111e-01 -4.16506261e-01 6.53111264e-02 9.46723521e-01 -2.14738464e+00 -1.25683099e-01 -2.28872076e-02 -1.40608072e+00 -3.38604092e-04 1.10430598e-01 -9.27526446e-04 -8.21228386e-05 -1.00611802e-03 -1.27550185e-01 -2.99717318e-02 2.07251191e-01 -6.37159273e-02 -7.08839372e-02 3.75455469e-02 9.04743493e-01 -4.26945448e-01 4.20392245e-01 -4.53386307e-02 -1.14373080e-01 -1.17300667e-01 3.22079291e-06 1.18482865e-01 -8.74550897e-05 3.19264728e-07 -2.54625171e-01 -9.82348099e-02 5.21722198e-01 -2.55246460e-02 2.93617308e-01 5.33147678e-02 -1.60097182e-01 -1.00075769e-04 9.65724140e-02 -1.03272609e-01 -5.09402715e-04 -8.49143490e-02 -6.86796129e-01 -9.22751203e-02 -5.24488751e-05 6.34426775e-04 3.03271599e-02 -1.41064501e+00 -2.70807621e-04 -3.95265296e-02 -4.29681927e-01 -5.10350317e-02 5.51870838e-02 -3.41779850e-02 -4.08370979e-04 1.24459732e+00 -5.12632094e-02

layers.4.bias:
-1.11198163e+00

