layers.0.weight:
3.31696361e-01 -5.67613244e-01 7.97264636e-01
5.69172144e-01 -8.09445798e-01 -5.80563486e-01
-8.31293464e-02 -6.13938749e-01 -5.77727258e-01
-1.07055378e+00 1.15616508e-01 4.58123112e+00
2.67282110e-02 4.11940843e-01 1.16166264e-01
-5.79876065e-01 8.58121514e-01 -1.84879377e-01
-1.31842160e+00 4.86020595e-01 -9.88645032e-02
-6.01682402e-02 7.88846374e-01 -9.23566997e-01
6.03414774e-01 -9.26082134e-01 5.12713566e-02
-1.11527514e+00 5.86289167e-02 -1.64189592e-01
7.53551662e-01 -9.85680073e-02 1.41279221e+00
-7.16238439e-01 -1.31785080e-01 -1.29353356e+00
-4.30584475e-02 7.12955832e-01 -1.57757306e+00
-1.16726887e+00 2.10410804e-02 5.00053525e-01
-6.46977663e-01 1.09646142e+00 7.52028525e-01
-1.81771189e-01 9.48456824e-01 1.64468549e-02
5.46070874e-01 -6.33792400e-01 -1.45019031e+00
-1.15504665e-02 1.12846863e+00 1.84981868e-01
8.07071701e-02 -9.54183042e-01 5.35116851e-01
3.41117471e-01 -1.28724232e-01 -8.64976227e-01
2.23475501e-01 1.65966094e-01 -5.10879010e-02
-3.24195027e-01 -2.56797969e-01 -1.00232065e+00
-4.64660525e-01 1.65601885e+00 -4.46076952e-02
-1.56447518e+00 4.06930357e-01 1.75152493e+00
1.05132234e+00 3.79940838e-01 -7.78481364e-01
2.59609371e-01 6.71772659e-01 -1.17486012e+00
-1.16151750e-01 -2.13369340e-01 1.90187418e+00
-3.97779703e-01 -2.44972542e-01 1.92939892e-01
3.22416067e-01 7.57217348e-01 -1.46468067e+00
-1.04933763e-02 4.65525806e-01 1.70563948e+00
-2.89658904e+00 2.84448242e+00 -1.78299040e-01
-1.26738083e+00 -5.19488692e-01 1.02004325e+00

layers.0.bias:
8.77201200e-01
4.81547834e-03
-1.42384720e+00
-6.34384930e-01
7.07518518e-01
-2.04255387e-01
-3.54310095e-01
2.86240637e-01
-7.45998621e-01
-1.59115899e+00
1.64644122e-01
1.80825554e-02
2.46107668e-01
-1.21306002e+00
-2.90836543e-01
1.43946290e+00
9.34610724e-01
1.82654703e+00
-6.68276668e-01
5.78918040e-01
-1.44309163e-01
-1.35729384e+00
1.02535832e+00
-7.05530941e-02
1.36946186e-01
5.60703695e-01
8.80503118e-01
-1.57881156e-01
-4.88352716e-01
7.31267482e-02
8.91685039e-02
-6.70209900e-02

layers.2.weight:
-3.92275155e-01 1.51288390e-01 1.77517846e-01 -4.55212533e-01 -2.86718756e-01 2.18923260e-02 4.19224314e-02 -9.02067274e-02 -1.80043820e-02 3.20197868e+00 9.25775766e-02 1.38639674e-01 -2.67295480e-01 2.47884440e+00 -1.84103742e-01 2.70435423e-01 -1.47842422e-01 4.53144819e-01 1.54179841e-01 -3.46826345e-01 2.68920183e-01 -5.05301915e-02 -6.11973464e-01 6.51089489e-01 -5.34747168e-02 5.73010087e-01 -7.70388186e-01 -1.53100610e-01 -1.29836380e-01 -1.82033867e-01 -3.24872211e-02 2.22582981e-01
1.52938604e-01 9.81550962e-02 -8.74551237e-01 -3.28814089e-02 -3.63163888e-01 -4.88678515e-02 -3.55428010e-01 -5.22776902e-01 1.09411962e-01 5.99062383e-01 1.47710279e-01 1.93275169e-01 3.12218696e-01 1.74964637e-01 -3.05587947e-01 3.75687033e-01 -3.77415121e-01 3.33990276e-01 -3.26487690e-01 -1.68957114e-02 2.92007536e-01 -1.36192575e-01 -5.36149263e-01 -1.12553500e-01 -7.42388964e-02 -2.67763790e-02 -3.95341903e-01 -3.00000936e-01 2.24605221e-02 -3.18769395e-01 1.17128201e-01 2.50106990e-01
1.20377660e-01 2.17763022e-01 2.66666487e-02 -5.95298171e-01 -8.38507891e-01 -1.76519006e-01 -6.35627508e-01 1.67489186e-01 6.33251250e-01 6.19096577e-01 -3.88424605e-01 -2.48110935e-01 4.72429534e-03 -5.06273508e-02 -3.21384758e-01 -9.87525761e-01 -3.09211714e-03 -8.94431949e-01 5.51797748e-02 6.86197937e-01 -4.69132036e-01 -3.44744146e-01 2.51000226e-01 -1.68426895e+00 -1.13935910e-01 2.78727472e-01 -1.01007318e+00 5.09814955e-02 2.52715349e-01 -2.32696548e-01 -5.13882190e-02 1.15453996e-01
2.03716367e-01 -9.94714126e-02 1.26302198e-01 1.32494879e+00 8.43339041e-02 4.30430293e-01 6.81476474e-01 -2.19457671e-01 -1.47379354e-01 -2.12139413e-02 1.39805049e-01 -3.95788848e-02 -5.56101918e-01 1.84100479e-01 6.85040414e-01 -6.16445057e-02 -2.39762425e-01 -2.40680560e-01 3.17644179e-01 -9.53130066e-01 -1.05669212e+00 -1.45109847e-01 4.21788335e-01 1.50030673e+00 -1.90720391e+00 -5.55641294e-01 4.75230277e-01 9.39439297e-01 -6.20968342e-01 -2.07361028e-01 -3.43696738e-04 1.06759965e+00
1.51838958e-01 -2.32100412e-01 3.69069010e-01 -5.22322595e-01 -8.65265541e-03 -4.30345505e-01 -1.18679559e+00 1.98500708e-01 1.15362912e-01 -6.24144912e-01 3.58849674e-01 -6.74055994e-01 8.66860271e-01 -1.05013955e+00 -1.60358757e-01 -8.60556245e-01 -2.30184868e-01 -1.02281296e+00 -1.39260054e-01 -1.10741248e-02 8.18015039e-01 -4.77413476e-01 1.29313573e-01 -4.48520780e-01 -7.49828875e-01 7.08606064e-01 2.32458469e-02 -6.01314783e-01 -1.71500146e-01 5.38208425e-01 -4.94627863e-01 1.31628215e-02
-5.20487070e-01 2.10956767e-01 5.19000769e-01 1.76587999e-01 -1.12879384e+00 -1.87522501e-01 -4.82681483e-01 2.58076310e-01 5.01103103e-01 2.25210249e-01 6.46681666e-01 2.03382313e-01 -9.57321376e-02 -3.72403741e-01 -2.25990832e-01 -1.50342262e+00 -3.62034142e-01 -1.91214228e+00 6.66168809e-01 -2.28717864e-01 -4.14567441e-01 2.83868574e-02 -4.43869203e-01 -2.60146946e-01 1.38397977e-01 5.44348769e-02 1.62992448e-01 9.15201724e-01 -2.11748466e-01 -4.17832136e-01 -9.57132280e-01 2.77479291e-01
2.09637526e-02 -2.49305870e-02 -2.66529232e-01 -1.02288155e-02 -9.95399803e-02 2.10964680e-01 -9.85749513e-02 -4.01007831e-01 -1.42033070e-01 2.19705582e-01 2.86763757e-01 5.85787110e-02 2.99246013e-01 -3.64584327e-02 -2.52242247e-03 -2.96321899e-01 9.21937346e-04 7.79937506e-02 -5.67990467e-02 -3.10315698e-01 -3.55096281e-01 6.33251742e-02 6.56697527e-02 3.77481133e-02 1.50601417e-01 2.84597486e-01 -3.57496053e-01 -4.45017457e-01 -1.60075575e-01 7.10907206e-02 -8.92454758e-02 1.52292952e-01
2.56606728e-01 1.24075785e-01 -3.64117384e-01 3.36088300e-01 1.89023376e-01 -6.37161374e-01 1.47431493e-01 5.08401334e-01 4.08468135e-02 -2.55452245e-01 -1.46080330e-01 9.77846384e-01 3.33460569e-01 -4.78931785e-01 -1.94535837e-01 2.20184758e-01 5.43650746e-01 1.44700378e-01 2.35379338e-01 5.21580815e-01 -1.46882832e+00 -8.76982391e-01 8.78392830e-02 3.86876941e-01 1.72778234e-01 7.58884490e-01 5.84629178e-01 5.44595778e-01 -6.48388326e-01 4.74249065e-01 1.76024586e-01 -2.39486262e-01
2.26828143e-01 2.89122194e-01 -5.83667696e-01 -2.04683214e-01 1.21211720e+00 -5.61630607e-01 -2.95398891e-01 -4.29895461e-01 -8.25176179e-01 6.27949178e-01 3.96965891e-01 4.73792374e-01 6.27955914e-01 -2.15019628e-01 7.00659528e-02 1.81281626e+00 3.64086568e-01 1.16746283e+00 -4.41924512e-01 -1.10415876e-01 3.14055458e-02 -3.26024741e-01 -2.74046529e-02 1.69766769e-01 6.79393113e-02 3.29344839e-01 1.09581776e-01 5.07818162e-02 -1.31220609e-01 1.95741400e-01 2.38448000e+00 -2.55863458e-01
-6.77629411e-01 1.73157066e-01 -2.42521930e-02 -5.76292813e-01 2.77069539e-01 6.10591471e-02 -6.23069406e-02 4.32433099e-01 4.84348565e-01 -1.00608580e-01 -4.12367657e-02 2.89230108e-01 2.39316463e-01 2.27596000e-01 -4.13801014e-01 -7.52604365e-01 3.43218535e-01 -6.54590905e-01 -4.72848743e-01 -3.79046388e-02 -6.20852947e-01 -1.71425968e-01 1.55608162e-01 -3.24631631e-02 -2.12330863e-01 -4.04646695e-02 -2.27997571e-01 2.44117767e-01 3.16362202e-01 1.05005130e-01 -2.14648363e-03 -4.16201055e-02
2.94715494e-01 -2.96612650e-01 1.25838846e-01 -4.01162028e-01 -9.17971551e-01 -6.04243457e-01 -2.76432902e-01 1.25357419e-01 5.53548157e-01 2.51494408e-01 -5.68622828e-01 -8.11247230e-02 8.87570560e-01 -4.64111358e-01 -1.72067970e-01 -4.71750975e-01 -6.57676876e-01 -1.45746160e+00 1.11520357e-01 -2.36296318e-02 1.05845881e+00 -1.98789567e-01 -1.24562275e+00 5.76794101e-03 -9.18448418e-02 -3.67400460e-02 -4.72409159e-01 -5.33670485e-01 2.05092609e-01 -4.31465685e-01 -1.63998827e-02 3.79484981e-01
-1.03039846e-01 -9.08462480e-02 1.64329863e+00 -8.60121429e-01 -8.47201288e-01 7.16715008e-02 3.91564891e-02 -3.82216662e-01 1.58485577e-01 1.94557393e+00 2.68632341e-02 -4.36311476e-02 2.83728451e-01 3.16913891e+00 -8.51939693e-02 -7.97715008e-01 2.77066469e-01 -2.55919003e+00 5.60457408e-01 -3.46240699e-01 2.63694555e-01 5.78103781e-01 -4.25929934e-01 7.91903198e-01 -3.99946496e-02 -5.42224169e-01 3.03547353e-01 -1.23360485e-01 1.63264409e-01 4.30967584e-02 4.49164391e-01 -3.70214373e-01
-5.13979912e-01 -1.93164259e-01 8.92195880e-01 3.77707243e-01 -4.86407012e-01 5.36751986e-01 1.68064535e-02 -9.54483688e-01 3.18756968e-01 6.65168822e-01 1.28960475e-01 3.45373541e-01 -4.81352121e-01 -1.71066508e-01 4.42723215e-01 -3.87802625e+00 -7.99429044e-02 -5.71202374e+00 6.51291013e-01 -9.37124372e-01 -7.21122324e-01 4.12370354e-01 5.22126079e-01 -1.16220996e-01 -2.25202620e-01 -2.22535387e-01 -3.82023364e-01 5.66013634e-01 -6.50235355e-01 -3.61861020e-01 -6.31226182e-01 -2.84242898e-01
-2.04931367e-02 -1.52363196e-01 -5.97282052e-01 -1.12536661e-01 -1.40486598e-01 -2.45745871e-02 2.77672261e-01 3.82209241e-01 2.36381948e-01 -4.51493859e-01 5.23218095e-01 -3.13528687e-01 3.80391568e-01 -8.22899759e-01 -2.66043633e-01 9.94856376e-03 -1.97870642e-01 2.70653784e-01 -1.41371518e-01 1.85000554e-01 4.36393032e-03 -9.29221064e-02 1.39566585e-01 -2.35538557e-01 -1.48045868e-01 7.99947202e-01 -5.20795807e-02 2.73292083e-02 -1.62726715e-01 2.14280441e-01 1.46928743e-01 3.81054342e-01
-1.05274427e+00 9.11116004e-02 -1.82522729e-01 4.43796217e-01 -1.01441164e-02 7.59163082e-01 -4.24658984e-01 -1.79143265e-01 4.03742880e-01 -8.44958983e-03 -6.51547432e-01 1.31818086e-01 5.37280999e-02 -2.13778272e-01 -1.61376417e-01 -6.64395571e-01 1.25844076e-01 -3.78963351e-01 -4.48819548e-01 2.13960022e-01 1.47361255e+00 8.27973664e-01 1.20321900e-01 3.30311298e-01 -2.96784461e-01 1.42447976e-02 -4.88220453e-01 -5.96459359e-02 7.58133829e-01 -1.40280008e-01 -3.72545347e-02 5.42270727e-02
-4.90603328e-01 -4.86430749e-02 2.08525881e-01 1.87117681e-01 -3.16400230e-01 2.01089427e-01 -1.05372524e+00 -7.04652965e-02 2.07860604e-01 4.85084009e+00 6.95743978e-01 2.35867471e-01 1.86662942e-01 2.41412878e+00 1.11376897e-01 -1.40262380e-01 -4.97107148e-01 -2.78590769e-01 3.64813246e-02 -2.70012945e-01 -6.02696180e-01 4.22827333e-01 2.53824383e-01 1.36491448e-01 -3.20558995e-01 -4.25245970e-01 -5.96100330e-01 2.39794239e-01 -1.12761319e-01 -5.95951796e-01 -1.69247523e-01 -3.11821371e-01
-2.92062797e-02 1.65606052e-01 -5.60493488e-03 3.70308049e-02 -4.78177667e-02 -2.61853766e-02 2.70348080e-02 -7.36493245e-02 4.10093218e-02 -1.82312816e-01 8.17983598e-02 3.54698524e-02 3.49857397e-02 1.26412153e-01 1.11942545e-01 4.04311530e-02 4.99065854e-02 4.36821915e-02 3.07907760e-02 9.92066413e-02 2.27365911e-01 1.58682689e-01 -3.88003513e-03 1.34540331e-02 7.51515850e-02 -5.06480050e-04 5.40746599e-02 2.98257947e-01 2.48494074e-02 2.36073625e-03 5.83945587e-02 8.36713612e-03
1.85125202e-01 -2.20472723e-01 -8.09325278e-01 1.25931740e-01 4.64180201e-01 -1.69524834e-01 -1.46890000e-01 -3.58078599e-01 -7.64191523e-03 -6.90837622e-01 8.39131251e-02 -3.52813583e-03 1.27814546e-01 1.19588420e-01 -2.04476155e-03 5.28426349e-01 -3.85666370e-01 7.72213280e-01 -1.99736968e-01 8.50944519e-01 1.80349231e-01 -2.69052684e-02 -3.16904992e-01 -4.43979017e-02 -1.91364378e-01 -5.06817162e-01 9.23324108e-01 -4.10070688e-01 1.53224543e-01 3.87073398e-01 1.85040727e-01 2.57525444e-01
-1.76831767e-01 -1.61068693e-01 -3.94139171e-01 -1.38271064e-01 5.52016377e-01 -4.02896851e-02 1.77159131e-01 5.03661819e-02 3.48939121e-01 -4.59212631e-01 -9.87628847e-02 -9.69493330e-01 4.04715478e-01 -2.07571194e-01 -1.01274624e-01 2.92236120e-01 -2.20200226e-01 4.92363870e-01 2.33881250e-01 -1.49896368e-01 -3.28257121e-02 -2.69946754e-01 3.82476807e-01 -3.03215533e-01 1.79287344e-01 1.35691896e-01 -1.09898821e-01 3.70778203e-01 -3.23925316e-02 4.22982246e-01 8.35177600e-01 1.89073980e-01
5.92871271e-02 1.63808450e-01 -7.62088746e-02 6.98903650e-02 -4.78196377e-03 1.40503690e-01 -1.67358536e-02 -5.80710806e-02 2.17843018e-02 7.33834207e-02 5.43356985e-02 1.26476571e-01 -5.69901913e-02 -1.07522801e-01 1.09335914e-01 4.22890961e-01 6.30860701e-02 -3.49483877e-01 -8.21165089e-03 -9.09118727e-02 -9.71824229e-02 -1.72431007e-01 -6.91802334e-03 -7.52251083e-03 2.67167594e-02 1.46424413e-01 1.09619051e-02 4.20204224e-03 9.16884542e-02 1.26573453e-02 -6.65517449e-02 4.91658077e-02
6.60527229e-01 -1.88285157e-01 4.74235177e-01 5.73654294e-01 8.92564480e-04 -3.46794128e-01 -6.85633183e-01 -1.44599110e-01 -3.76146376e-01 -1.10562801e+00 -5.88710010e-02 9.45568204e-01 4.56393450e-01 -6.31195426e-01 7.69281328e-01 6.87287390e-01 -1.14138037e-01 -1.29965693e-02 4.74659383e-01 4.33881491e-01 -4.95811164e-01 -2.50513759e-02 4.75933284e-01 1.08724564e-01 1.20408736e-01 -3.81269693e-01 1.38579279e-01 3.25612634e-01 -1.44621417e-01 -3.59165072e-02 1.87792778e-01 4.10561472e-01
1.30074412e-01 -2.79482991e-01 1.12984806e-01 1.91994339e-01 -1.53271258e-02 3.12494457e-01 1.03896284e+00 3.74395996e-02 2.66890466e-01 4.29634303e-01 3.64017755e-01 3.44040096e-01 -4.42226321e-01 -2.36174181e-01 2.79942930e-01 -8.54923487e-01 -1.70474455e-01 -7.12906241e-01 -9.22691897e-02 -5.36309540e-01 -4.76683587e-01 -4.35166177e-04 5.51896751e-01 1.06249943e-01 6.85612708e-02 -4.82475370e-01 -6.63849354e-01 4.57996130e-01 -1.11835323e-01 -1.44972786e-01 4.51199085e-01 -8.93354639e-02
3.82095948e-03 -5.56863323e-02 -1.13841437e-01 3.98633540e-01 -2.44029015e-01 3.40097308e-01 4.66242522e-01 -2.55684912e-01 -3.09749067e-01 3.79789799e-01 3.84401381e-02 8.26493949e-02 4.45713311e-01 6.40017569e-01 -9.15132537e-02 -6.65661931e-01 4.87277627e-01 -3.66831273e-01 8.85671601e-02 -2.86010444e-01 -2.86088288e-01 7.82416239e-02 -5.11371791e-01 1.65417448e-01 -3.33313555e-01 -9.55714136e-02 -6.76543266e-02 -5.10203421e-01 9.30745900e-02 -1.22302033e-01 -1.19039230e-01 -3.13508928e-01
7.18016088e-01 6.50598779e-02 -3.05382848e-01 9.97653455e-02 3.28344464e-01 -4.29192185e-01 2.04943679e-02 4.01715845e-01 1.41141430e-01 -2.77521825e+00 4.25751507e-02 2.23492429e-01 4.56716985e-01 -1.67235303e+00 5.01458906e-02 5.09139180e-01 2.45801434e-01 4.11495298e-01 -3.29399943e-01 9.48962420e-02 4.54720527e-01 -1.84748426e-01 -1.98193401e-01 -7.09609091e-02 -4.11551118e-01 -1.13678604e-01 -1.16547361e-01 -1.56371176e-01 2.94628322e-01 3.35182436e-02 1.32809626e-02 -1.26494646e-01
-1.06302798e+00 1.50589064e-01 1.23754323e-01 1.07982963e-01 -3.38067353e-01 -2.84044445e-01 1.13822055e+00 1.47521487e-02 -1.01824510e+00 8.26770067e-01 -6.87033176e-01 -3.07664443e-02 1.91032156e-01 8.20783526e-02 -6.94640994e-01 3.30232143e-01 6.06709659e-01 2.86264598e-01 -1.03278004e-01 1.12296268e-02 -2.82776505e-02 4.66161370e-01 5.16395748e-01 9.43705738e-01 -5.48412979e-01 5.33004999e-01 -6.36787236e-01 -5.07938340e-02 8.85781050e-01 -4.63761538e-01 1.09385915e-01 1.64616168e-01
-5.81237614e-01 5.85901737e-01 -3.13917994e-02 -1.80663690e-01 6.97029650e-01 1.91409156e-01 -2.86975596e-03 5.56978762e-01 -3.19643497e-01 5.13636172e-01 3.38081568e-02 -1.55975178e-01 2.58621544e-01 2.16723561e-01 -5.23346782e-01 2.22890288e-01 -1.52363852e-01 2.30836213e-01 3.45378101e-01 -3.56429100e-01 1.05702758e-01 -2.37604171e-01 4.18817736e-02 -5.23662746e-01 3.08672369e-01 -1.57055482e-01 -6.02363646e-01 -6.84841394e-01 1.96623415e-01 -3.91835809e-01 -2.33553082e-01 -4.93090838e-01
-1.15926065e-01 3.06282580e-01 4.55934167e-01 3.37812424e-01 -4.09539640e-01 -3.38087052e-01 2.78431028e-01 -1.27326569e-03 8.49373266e-02 -3.29276592e-01 -6.42260194e-01 9.53537077e-02 -2.51026690e-01 -5.63478619e-02 -1.38712332e-01 5.78920066e-01 -1.52589371e-02 8.62281248e-02 3.23091090e-01 2.22252369e-01 -1.76213771e-01 -7.15043962e-01 3.87018472e-02 1.54012218e-01 1.41366804e-02 1.57347083e-01 -1.56904175e-03 -2.69024044e-01 -3.09555769e-01 -1.56619206e-01 1.56480327e-01 2.60775047e-03
-7.64383793e-01 4.50085342e-01 -5.89890480e-01 -1.01134443e+00 -3.05312395e-01 -2.67232567e-01 -3.55842322e-01 3.92760426e-01 1.73468485e-01 4.05388594e-01 -6.43735379e-02 2.00233370e-01 1.78089991e-01 2.17609271e-01 4.03976766e-03 8.90475035e-01 6.65454924e-01 1.08344674e+00 -6.67869687e-01 5.79998977e-02 5.59504449e-01 -7.44703293e-01 -6.45104527e-01 4.07764196e-01 -1.59431025e-01 -4.26924378e-01 2.73786038e-01 2.61906445e-01 6.59639418e-01 -8.16193879e-01 1.11797743e-01 -2.30244130e-01
-1.04716450e-01 -5.71528077e-01 7.79889748e-02 -7.64547363e-02 -7.18293190e-01 6.75040901e-01 -3.20294723e-02 -4.71341223e-01 5.87281525e-01 9.69346941e-01 -1.45744815e-01 5.70562435e-03 5.14984369e-01 4.51254070e-01 8.11993480e-02 -1.15659142e+00 -5.00939786e-01 -1.13348198e+00 -3.82471196e-02 1.59388274e-01 4.06966954e-01 3.55157405e-01 2.95811564e-01 2.06674904e-01 3.95483643e-01 6.43359348e-02 -3.76596212e-01 -4.35737848e-01 -2.16831148e-01 -2.95678198e-01 3.77987713e-01 1.73129484e-01
-5.40363835e-03 -1.05946600e+00 3.06160301e-01 1.63445842e+00 2.17512161e-01 6.58177063e-02 -2.75657158e-02 -3.16331714e-01 -2.99255848e-01 2.77381361e-01 1.11771107e+00 -9.88321602e-01 -1.15596449e+00 -2.83574849e-01 2.61114478e-01 -1.83455665e-02 -1.29602528e+00 7.47872174e-01 6.75980151e-01 -6.38044775e-01 8.38417947e-01 1.42981872e-01 -1.26632713e-02 -2.32373372e-01 1.47529766e-01 -5.58665037e-01 2.56716579e-01 -6.33223355e-02 -9.30679977e-01 1.31828725e+00 -4.69366550e-01 -7.62566775e-02
-7.19056726e-01 -1.80202618e-01 7.94249535e-01 1.89740479e-01 -1.07161522e+00 2.42866740e-01 2.68754363e-01 -1.94153219e-01 -2.70920902e-01 -1.63321510e-01 -1.05075073e+00 2.97365844e-01 3.88027370e-01 2.18267888e-01 1.40747860e-01 -7.56624997e-01 3.00653547e-01 -1.08043599e+00 6.24613643e-01 -4.21206117e-01 -1.26919055e+00 6.36896193e-01 -1.33481637e-01 -6.26425207e-01 1.19338766e-01 4.92410392e-01 -5.13377152e-02 2.34437838e-01 -5.66001654e-01 -1.72728017e-01 -3.39762151e-01 5.60786948e-02
-2.22817168e-01 -3.90360683e-01 -1.58299923e-01 -9.03149322e-02 -2.34712422e-01 -1.49651989e-01 2.73808748e-01 1.80244997e-01 -7.07594812e-01 1.37735868e+00 -9.42600220e-02 -1.32895231e-01 -5.69435179e-01 6.55112922e-01 -1.43278524e-01 1.49547249e-01 -3.17283981e-02 2.32873455e-01 8.78554285e-02 -2.36509666e-01 1.37043595e-01 9.75504220e-02 2.44261011e-01 1.61936089e-01 -6.76726028e-02 -1.45733669e-01 -1.24410756e-01 2.94696420e-01 1.67359129e-01 3.71950090e-01 -1.31765708e-01 2.18337491e-01
-2.29929045e-01 -2.51299560e-01 1.58378914e-01 -1.82287589e-01 -6.05093002e-01 5.06650865e-01 -2.36961931e-01 -3.37563664e-01 1.85410470e-01 -3.76872092e-01 1.90544147e-02 3.96033764e-01 2.79644459e-01 4.15101975e-01 2.12839663e-01 -7.21752048e-01 -3.75272632e-01 -1.45784211e+00 -1.13423184e-01 -2.65722871e-01 -6.30326197e-02 1.00372779e+00 4.53793555e-01 5.62651873e-01 -4.66189772e-01 2.05725893e-01 3.90255973e-02 -2.56207317e-01 -2.88785398e-01 -3.39849234e-01 -4.05886650e-01 -8.18368718e-02
5.29600754e-02 -7.59991333e-02 5.73827177e-02 -8.84381607e-02 3.23170990e-01 -6.92432299e-02 4.48238254e-02 -3.15334886e-01 -1.94898024e-01 3.26409191e-01 1.33290246e-01 1.99211657e-01 8.70004818e-02 -3.57401133e-01 -6.42352328e-02 -3.02065372e-01 4.73542884e-02 1.27268910e-01 -2.08704516e-01 -5.38200498e-01 1.67599544e-01 -2.15525910e-01 -1.17754452e-01 -5.46813793e-02 -3.29832605e-04 2.35771716e-01 -5.68193346e-02 -1.76705196e-02 1.07249357e-01 7.21618533e-02 -1.40411220e-02 -5.95108559e-03
1.28637984e-01 -6.10671282e-01 -2.89983690e-01 8.78544271e-01 -3.19390178e-01 -4.01209533e-01 1.38904989e-01 -2.44079635e-01 3.87260765e-02 3.06269217e+00 -4.55263495e-01 8.93444359e-01 5.41604280e-01 1.02423012e+00 8.11831832e-01 -5.24178147e-02 -5.69062680e-02 -7.49941990e-02 6.43531442e-01 2.52895176e-01 2.81869113e-01 4.37649526e-02 -2.01040179e-01 1.17741203e+00 -2.80473959e-02 3.16768028e-02 -1.87453330e-01 2.75980651e-01 -6.65109977e-02 1.42823964e-01 7.17676938e-01 -8.91728699e-03
-1.24953382e-01 1.94542214e-01 1.88414946e-01 7.70564452e-02 -1.04022780e-02 -7.43598640e-02 7.61802215e-03 9.99961793e-02 3.16874422e-02 -5.03435545e-02 1.85079560e-01 6.81872591e-02 7.89923072e-02 2.08316324e-03 1.63593411e-01 2.26274028e-01 3.76657471e-02 -9.46412906e-02 1.37484884e-02 7.87919164e-02 -1.84269518e-01 -1.19202686e-02 -1.32047562e-02 -3.85893439e-03 -4.56839740e-01 -2.44259700e-01 4.52351011e-02 -1.07663177e-01 -4.25752215e-02 -5.16804792e-02 3.73228379e-02 -4.63635385e-01
1.40684396e-02 -9.26189423e-02 -1.09819040e-01 2.77577154e-02 -1.70683444e-01 5.73957898e-02 -3.47450487e-02 1.83068886e-01 2.93177720e-02 -1.47982696e-02 -3.31492014e-02 4.12436202e-03 -5.95459305e-02 1.10480813e-02 -4.67189439e-02 2.10098863e-01 -9.98307243e-02 -1.66663796e-01 -2.51615308e-02 3.47178727e-01 -2.37067118e-01 -1.44055188e-01 6.28500292e-03 -4.41151299e-03 1.40772276e-02 -7.65155777e-02 -5.58470488e-02 -7.20398650e-02 -7.42099434e-02 5.38313873e-02 -2.97446596e-03 -8.62801261e-03
5.49172282e-01 -2.08791658e-01 4.54034507e-01 3.69374573e-01 -8.10025454e-01 -2.67340429e-02 -6.91888154e-01 8.28461838e-04 9.56296027e-01 1.23982914e-01 -9.81230512e-02 -7.52700120e-02 2.53972933e-02 2.38385007e-01 6.21963680e-01 -1.24125648e+00 -4.29034889e-01 -1.11600852e+00 6.74979150e-01 -2.88287491e-01 -5.97538233e-01 2.76413053e-01 -4.01314169e-01 2.51941472e-01 7.55808771e-01 -7.86689073e-02 2.47966558e-01 -2.63116837e-01 -5.01002133e-01 2.53414154e-01 -1.18899822e-01 1.63467407e-01
-2.88309231e-02 -5.22790909e-01 -2.73091197e-01 4.37283605e-01 7.82363713e-02 -4.31074351e-01 1.35191351e-01 2.32183337e-02 2.19071940e-01 -1.62496775e-01 -2.19734907e-01 4.27272111e-01 3.29140365e-01 -1.72143593e-01 3.83179545e-01 -9.54889715e-01 -4.14099127e-01 -1.13686967e+00 3.40478271e-01 -4.87571090e-01 -1.71328381e-01 -7.58933052e-02 4.92228031e-01 7.09392607e-01 -1.36277869e-01 -3.44874144e-01 4.63183671e-01 -7.20723793e-02 -1.57848485e-02 -3.92856002e-01 1.16283871e-01 2.55555391e-01
-1.55026689e-01 1.07148020e-02 8.11575055e-01 7.32045546e-02 -1.16134357e+00 -2.68367022e-01 1.40491873e-01 -7.82250017e-02 7.61070430e-01 5.21380007e-01 -1.61010996e-01 -4.05920625e-01 4.58704829e-02 3.82620335e-01 6.33486407e-03 -2.38678980e+00 -2.70396650e-01 -3.14011717e+00 6.59427047e-02 6.35923743e-02 -7.00993776e-01 7.26711571e-01 2.75637537e-01 -1.49903461e-01 3.94143105e-01 1.78337499e-01 2.97907770e-01 1.83246322e-02 -3.82990241e-02 -7.99387574e-01 -3.34132731e-01 3.72525007e-02
-2.69809932e-01 -1.46187320e-01 -1.00614145e-01 -3.72929394e-01 -5.26949346e-01 6.02953136e-01 1.40941277e-01 -1.73893515e-02 3.22571918e-02 3.79319847e-01 -2.52097428e-01 1.35878235e-01 1.48980483e-01 -2.85997480e-01 -1.71353385e-01 -7.74246633e-01 3.80067289e-01 -9.52270687e-01 -3.58196348e-01 7.18973279e-02 -2.62563497e-01 5.06440759e-01 -1.32874504e-01 3.16989541e-01 3.79818082e-01 -4.32560772e-01 3.89481306e-01 2.11665761e-02 1.52148932e-01 3.85112092e-02 -2.83330649e-01 1.10973734e-02
5.14967680e-01 6.65881693e-01 6.57184720e-01 -3.92246991e-01 1.35189816e-01 1.49467587e-01 1.92507803e-01 -1.58366904e-01 -7.54036427e-01 1.23558736e+00 -3.24438572e-01 -1.67510614e-01 -4.53761369e-01 1.19950676e+00 1.72220543e-01 5.73952496e-02 7.13327760e-03 -1.03508031e+00 3.40591073e-01 -2.99748361e-01 1.57655068e-02 6.71512365e-01 -2.31156334e-01 -3.71687442e-01 6.18066251e-01 -7.97272682e-01 5.04510999e-01 -3.22483592e-02 -3.59515578e-01 -5.93239367e-01 4.91315462e-02 -4.30962533e-01
-3.52614447e-02 -4.35408086e-01 1.11140214e-01 -1.08815499e-01 -1.56276181e-01 1.66641369e-01 3.06062270e-02 -3.39215338e-01 -4.15711254e-01 -3.27067941e-01 -4.05923463e-02 -5.73352948e-02 -1.63049191e-01 4.90378469e-01 5.73373199e-01 1.46321073e-01 1.86041787e-01 -4.26997393e-01 8.42822120e-02 6.44085631e-02 -1.80690944e-01 2.32588127e-01 -3.47480118e-01 2.49969468e-01 6.03601569e-04 -3.20251375e-01 4.70236510e-01 6.80221915e-01 -4.21832711e-01 -3.92078787e-01 2.55138218e-01 2.49814898e-01
-1.28978217e+00 5.50868176e-02 1.04136355e-01 -1.29385769e+00 -2.12537181e-02 1.28233284e-01 2.07839310e-01 7.44926751e-01 4.14377861e-02 3.86818558e-01 -9.74020481e-01 6.18080437e-01 1.10248220e+00 3.76093358e-01 -5.58381259e-01 4.07243371e-01 5.29889226e-01 -3.02186757e-01 -5.11328518e-01 9.99391317e-01 -5.03060579e-01 -3.23285997e-01 -1.30027875e-01 -3.27293053e-02 5.76680779e-01 9.79441524e-01 8.72427166e-01 5.77035427e-01 4.89638746e-01 -1.00602615e+00 1.68861076e-01 2.38336399e-01
-9.69178453e-02 7.49521554e-02 2.47106001e-01 -4.82284650e-02 3.76724005e-01 -6.65741041e-02 -1.08984448e-02 5.57133704e-02 -7.10729882e-02 1.88417718e-01 1.30698457e-02 2.69032624e-02 1.59168951e-04 -1.50258914e-01 7.42687285e-02 -1.66199192e-01 7.72090405e-02 1.99484769e-02 -4.05579843e-02 -4.17905718e-01 1.62487209e-01 -1.40707850e-01 7.15552457e-03 1.91911254e-02 1.28273934e-01 4.85078804e-03 7.70419240e-02 1.31421715e-01 2.72325054e-02 -9.05155092e-02 -7.22038895e-02 6.95261434e-02
-1.58903301e-01 5.12811430e-02 2.12424845e-01 -1.71717125e-04 1.44664273e-01 7.18140453e-02 5.12436628e-01 2.15706259e-01 2.88891613e-01 -1.47095454e+00 -2.25792378e-01 4.13178891e-01 5.41976392e-01 -6.42773569e-01 -2.32482716e-01 -2.52073288e-01 3.49264711e-01 -7.00067759e-01 2.74718609e-02 -6.46963656e-01 1.10437703e+00 -4.62600768e-01 1.50551172e-02 -1.35963023e+00 9.81031954e-02 4.28141177e-01 -8.89783263e-01 -1.12678409e+00 5.29698789e-01 1.28620025e-02 -2.57953495e-01 -3.98531824e-01
5.94412088e-01 -2.98860967e-01 -2.81065524e-01 4.23191130e-01 -3.59072983e-02 -6.96075708e-02 -4.66042198e-03 -9.47955921e-02 4.73720193e-01 -1.53517559e-01 -1.54303998e-01 -2.34910510e-02 7.78175771e-01 -4.39911038e-01 3.49659443e-01 -2.32957467e-01 -1.65007263e-02 -4.94478285e-01 5.64481057e-02 -6.03777878e-02 -3.60131979e-01 1.53535917e-01 1.34086862e-01 9.88638774e-02 -4.41661887e-02 -1.88096195e-01 7.76819766e-01 5.07253885e-01 -3.32390130e-01 3.20597112e-01 1.51160106e-01 3.38741630e-01
-2.56871969e-01 3.41427505e-01 -1.12247236e-01 -5.41541725e-02 -6.31022274e-01 -2.46739149e-01 1.37016460e-01 4.45418298e-01 -9.23724920e-02 -5.38399398e-01 -1.82942495e-01 -1.13483071e-02 -3.45031470e-01 2.10249171e-01 2.68902749e-01 -1.24267481e-01 -9.02802497e-02 2.86184579e-01 6.16850667e-02 3.58300626e-01 -2.68693775e-01 2.11570296e-03 -2.93058082e-02 -4.55759093e-02 -1.34219050e-01 -1.24484055e-01 2.59258121e-01 -2.38926098e-01 1.11557841e-01 1.24924898e-03 6.28988724e-03 1.85263440e-01
3.11521851e-02 -5.94495773e-01 -2.24175043e-02 -9.18178633e-02 -1.79267421e-01 -1.03773646e-01 1.24291377e-02 -1.99375689e-01 -5.02484381e-01 5.22830904e-01 1.85407943e-03 6.04540817e-02 3.37344080e-01 4.40912098e-01 -7.11191222e-02 -5.14684498e-01 -2.38467261e-01 -1.42986923e-01 2.41178777e-02 3.58175747e-02 9.19794887e-02 -1.78226437e-02 6.65271044e-01 1.02249295e-01 -4.05189663e-01 1.99612916e-01 3.56103867e-01 1.03541635e-01 -1.13568336e-01 1.39908969e-01 -1.26610426e-02 -1.80436611e-01
1.03758955e+00 4.96294014e-02 -3.69071454e-01 2.63849944e-01 -1.01252876e-01 5.24434112e-02 5.55770814e-01 -5.19255251e-02 -1.62639245e-02 -7.68890679e-01 -7.91532457e-01 1.30642974e+00 -3.64535698e-03 -7.59587884e-01 2.76130110e-01 2.54399329e-01 -1.55956426e-04 2.25705132e-01 1.98052004e-01 -5.57437427e-02 -1.78710115e+00 -2.85990387e-01 -1.10181141e+00 -1.85557812e-01 -6.21200979e-01 -1.97326586e-01 3.14018130e-01 8.39107931e-01 -1.39952943e-01 1.27321362e-01 -1.05583772e-01 6.93024516e-01
-4.34209667e-02 9.51143280e-02 -1.14244878e+00 1.11154482e-01 4.46930259e-01 3.02205235e-01 6.59597367e-02 -1.23271607e-01 7.76276514e-02 4.80219126e-01 -2.35262379e-01 -1.31236374e+00 1.99073121e-01 4.11639005e-01 -4.37305182e-01 6.37944579e-01 -7.98207670e-02 1.63243115e+00 -3.09425622e-01 -1.31483320e-02 1.34947911e-01 -3.02669644e-01 -5.48942462e-02 1.01718402e+00 -5.88091969e-01 5.98402977e-01 8.68816525e-02 -2.22460032e-02 -7.01158717e-02 2.94644177e-01 5.70419371e-01 1.82936296e-01
-1.74789894e-02 3.09192538e-01 -1.28092453e-01 -6.27357781e-01 -6.42654020e-03 7.69383550e-01 4.03282464e-01 7.99357057e-01 1.02162398e-01 3.09459984e-01 9.86428559e-01 -3.25172454e-01 9.59504694e-02 3.81884485e-01 1.24829881e-01 -4.28193927e-01 2.64399052e-01 1.23809524e-01 -3.29400212e-01 -5.44938862e-01 -1.11980364e-01 -1.73852801e-01 4.02380884e-01 2.03659952e-01 -3.48837078e-01 1.72745839e-01 2.32523717e-02 6.64767772e-02 -5.97670794e-01 2.48520315e-01 -8.02590549e-02 2.34468669e-01
4.26174626e-02 6.50950298e-02 1.45363214e-03 -1.03955790e-02 -1.73658922e-01 -1.48454157e-03 -4.01405655e-02 6.11468814e-02 1.10354144e-02 -6.53109774e-02 -2.83778813e-02 -4.52283293e-01 2.49568567e-01 2.71434724e-01 -2.76753902e-02 1.82532370e-01 7.23327771e-02 -1.95696950e-03 1.68120503e-01 2.49282598e-01 1.13427483e-01 3.75797272e-01 -4.17879084e-03 2.84905553e-01 -1.88632354e-01 -3.03544730e-01 -1.98027074e-01 -1.33854613e-01 -3.05597305e-01 -1.56470224e-01 -1.68810815e-01 -1.98350638e-01
4.59685683e-01 2.80374557e-01 4.77824748e-01 3.36299509e-01 5.85096002e-01 3.89507622e-01 6.74252868e-01 -3.39565247e-01 8.80358219e-01 -2.14045361e-01 -6.52948797e-01 1.63765281e-01 -4.70681906e-01 -5.97292840e-01 -2.78905779e-01 4.33520615e-01 -3.12214464e-01 -1.32428542e-01 2.70387709e-01 1.87849969e-01 -1.28122300e-01 5.83637893e-01 3.10349643e-01 5.30292153e-01 7.06453994e-02 -9.68625546e-02 -2.83286512e-01 1.00331791e-01 1.80215299e-01 3.51888627e-01 1.75009184e-02 -2.76472041e-04
-4.96622086e-01 -4.78551120e-01 1.54746187e+00 1.20188206e-01 -9.52961504e-01 -5.48381619e-02 -1.29335642e+00 -9.23207879e-01 4.35900182e-01 9.03113008e-01 1.05167404e-01 -6.52813852e-01 -3.13373744e-01 8.45292866e-01 5.79990387e-01 -2.09659195e+00 1.77244693e-01 -2.83115697e+00 1.65182364e+00 7.92941511e-01 -4.69090164e-01 1.75735211e+00 -3.17617983e-01 2.60522664e-01 2.62249053e-01 -7.05582798e-01 -2.26768553e-01 3.44363183e-01 2.02347130e-01 7.60261640e-02 3.27135473e-01 2.40253001e-01
5.35182096e-03 2.52948119e-03 1.19127221e-01 4.80017178e-02 3.47073913e-01 -3.66780832e-02 3.18179722e-03 3.99622740e-03 9.17023718e-02 -1.13400128e-02 4.82274778e-03 -8.00518915e-02 8.84846672e-02 2.67171133e-02 -1.96477212e-02 -4.15219925e-02 8.67435150e-03 -8.96979775e-03 -3.36420648e-02 6.94434047e-02 1.15429245e-01 8.61061290e-02 -1.88717041e-02 -1.52387340e-02 -1.13199264e-01 -1.64861262e-01 1.66320633e-02 3.70887548e-01 -2.11587343e-02 -5.16023599e-02 5.31191565e-02 -2.62502640e-01
-4.24919248e-01 1.29420441e-02 -9.78174657e-02 -9.03134346e-02 -2.97511697e-01 1.95280567e-01 -1.48513066e-02 7.69075453e-01 -1.62431002e-01 4.05817807e-01 -2.77991623e-01 9.34974611e-01 5.33090055e-01 3.24300557e-01 1.89307541e-01 3.77841182e-02 -1.48562118e-01 -9.88785774e-02 -2.91126966e-01 -4.02833447e-02 -1.43716231e-01 -5.85200429e-01 -6.37855083e-02 -2.24072054e-01 -3.24223459e-01 -1.30928278e-01 -6.27642691e-01 4.23656285e-01 -2.41616398e-01 -2.73494184e-01 5.31750470e-02 4.93529767e-01
-2.36278281e-01 -1.82453945e-01 7.29677618e-01 2.30499148e-01 -8.22292924e-01 4.02548373e-01 3.14343214e-01 -5.22404492e-01 5.55693924e-01 4.40897226e-01 -8.34643319e-02 3.74640942e-01 -6.02599457e-02 1.69736087e-01 1.69745132e-01 -2.22105861e+00 1.38226300e-01 -1.23999333e+00 -8.45144838e-02 1.87965736e-01 9.91746690e-03 2.54146248e-01 3.58520567e-01 2.16777027e-01 -1.97930932e-01 -5.09101689e-01 -1.08561657e-01 -2.62201309e-01 -3.48004341e-01 -5.11078060e-01 3.08004618e-01 -3.54482085e-01
-2.51990944e-01 -1.99949387e-02 2.48065428e-03 1.98031843e-01 -4.17700559e-01 -4.84916475e-03 1.98542774e-01 -2.69724756e-01 -5.76398551e-01 1.96490574e+00 -3.24499607e-01 -1.23219356e-01 -3.37464273e-01 1.40238917e+00 -1.60226405e-01 -4.69782092e-02 -6.43300042e-02 -5.33001646e-02 -3.86307202e-02 -3.69017392e-01 1.00983091e-01 2.23986328e-01 -5.16553707e-02 -1.36814907e-01 -1.51841134e-01 -1.33629926e-02 4.73906726e-01 4.46129173e-01 1.77580789e-01 -4.13295120e-01 6.00159466e-01 -8.37233439e-02
7.15578347e-02 -4.24344614e-02 8.19868863e-01 3.14871997e-01 -3.15791965e-01 -6.53317630e-01 -1.16468287e+00 2.60746777e-01 3.98113847e-01 1.13239877e-01 -7.39842802e-02 1.04362398e-01 2.75235206e-01 -1.51030988e-01 -3.42082173e-01 3.97441149e-01 1.51550978e-01 -6.89614937e-02 -1.65968120e-01 -1.48352757e-01 8.33640039e-01 5.37245929e-01 1.50843505e-02 -1.09551084e+00 3.52220863e-01 2.05271453e-01 -3.71741503e-01 1.07136644e-01 7.05949143e-02 1.66559786e-01 -5.26828825e-01 -5.18603981e-01
9.00496721e-01 -3.47719267e-02 4.79652822e-01 9.27353561e-01 -4.31178212e-01 -1.17611542e-01 -8.65267932e-01 -5.29484153e-01 1.14054906e+00 -2.71275020e+00 -1.00704715e-01 3.37651491e-01 -1.18722403e+00 -3.06028694e-01 -8.53763148e-03 -8.82304251e-01 1.04862630e-01 -4.32964355e-01 5.00803232e-01 8.63804519e-01 3.69304031e-01 -4.59224701e-01 -2.15314388e+00 -5.34086406e-01 5.69839358e-01 6.01976097e-01 -8.57777834e-01 -4.82653677e-01 -1.56819522e-02 1.18666947e+00 -7.67571688e-01 -1.14004709e-01
-4.12941687e-02 1.96106717e-01 7.18755554e-03 -4.83581647e-02 -2.03806549e-01 -5.83813228e-02 4.79088910e-02 -4.85853925e-02 -1.26086967e-02 -2.64233761e-02 7.03254044e-02 7.12922588e-02 7.72491693e-02 -8.62766616e-03 1.30329549e-01 -1.18466489e-01 9.78326276e-02 2.27070600e-01 6.17433712e-03 -2.94561177e-01 1.31239101e-01 7.14878961e-02 -1.47048580e-02 -2.50752196e-02 -2.98063636e-01 -5.24053052e-02 1.43908244e-02 -7.60375559e-02 1.44238994e-02 -6.14390150e-03 8.26940592e-03 -2.25462824e-01
-1.70853958e-01 3.02740127e-01 1.81090701e+00 3.73887479e-01 -1.34464502e+00 3.54612291e-01 -3.30959648e-01 -4.35625523e-01 8.48693073e-01 5.77806354e-01 1.28096581e-01 -3.89327615e-01 -8.15482616e-01 9.16236818e-01 7.58016407e-02 -3.60166407e+00 -2.12065741e-01 -4.66176748e+00 2.25323498e-01 1.57794356e-01 -1.09421408e+00 1.14869714e+00 5.20812929e-01 1.27015710e-01 2.98140287e-01 -6.71074390e-02 -6.05006874e-01 5.94961882e-01 -9.31783468e-02 -6.87818602e-02 -8.97779968e-03 -5.26058041e-02
-8.01412702e-01 2.14278370e-01 1.40514046e-01 -7.27517605e-01 3.92975658e-02 -1.50905296e-01 -2.46469840e-01 4.53638315e-01 4.88931919e-03 6.75233305e-02 1.34617612e-01 -3.12225074e-01 4.17545527e-01 5.72880208e-01 -4.45687622e-01 -1.31884024e-01 2.09859118e-01 2.81901415e-02 -2.64559448e-01 1.51808515e-01 9.29846615e-02 7.00917542e-01 2.18521342e-01 -1.85219705e-01 -8.50955844e-02 2.66057551e-01 -6.94982231e-01 8.50501209e-02 3.86992060e-02 -5.45060277e-01 -1.27922341e-01 -8.13402832e-01

layers.2.bias:
-1.46625066e+00
-4.90695000e-01
7.24733114e-01
-6.04893506e-01
2.19442829e-01
-5.65557063e-01
2.36696154e-01
2.18403292e+00
7.13745713e-01
7.69720197e-01
-9.68405843e-01
-1.36216664e+00
-2.23854110e-01
8.99654031e-01
-4.16331440e-01
-7.91968644e-01
-6.02706000e-02
-6.81150198e-01
3.49985808e-01
-8.17455053e-02
-1.18136078e-01
7.02707946e-01
7.31187522e-01
-5.23875058e-02
-5.12866139e-01
1.02371299e+00
-8.53288174e-01
-1.09894073e+00
3.51300418e-01
-1.09274018e+00
2.71572191e-02
1.59836169e-02
7.06561923e-01
1.26918375e-01
-4.19494271e-01
-1.63000636e-02
-1.20862842e-01
1.20797133e+00
9.21511352e-01
-1.70936882e-01
8.69239151e-01
-1.82194650e-01
-6.12107694e-01
1.39778519e+00
2.46463746e-01
-1.14895320e+00
1.07818413e+00
-3.62963468e-01
7.81021357e-01
1.58898842e+00
2.89157808e-01
3.42016071e-01
6.75004497e-02
-4.56054270e-01
5.60743287e-02
-1.99039318e-02
8.08139145e-01
-1.78221270e-01
-2.10402146e-01
-5.50595164e-01
7.03457952e-01
6.05872385e-02
-4.13185626e-01
7.04703867e-01

layers.4.weight:
5.08431435e-01 9.11164505e-04 -6.55062124e-02 1.72893461e-02 -5.02258167e-02 -1.90462530e-01 7.30327563e-04 -6.94014251e-01 -1.13705672e-01 -3.87817830e-01 5.82246073e-02 7.14266121e-01 -1.81211507e+00 -1.01028509e-01 -4.76809764e-05 -1.23053372e+00 -1.33664755e-03 6.92934617e-02 5.31728640e-02 2.61259195e-03 3.63838151e-02 -4.90025021e-02 1.08638788e-02 2.42775261e-01 -7.39044622e-02 -3.63048911e-02 -2.68897769e-04 7.37048686e-01 -4.26268280e-01 3.92698020e-01 -3.34212966e-02 -1.31484836e-01 -1.13663137e-01 2.64712551e-04 8.22123215e-02 -4.96305176e-04 2.19770460e-04 -1.32956401e-01 2.08557770e-02 1.11631013e-01 -5.26989475e-02 3.19286019e-01 1.09663922e-02 -1.29801050e-01 1.74428022e-03 2.75166392e-01 -6.07686292e-04 -7.16498107e-05 -7.31771290e-02 -6.49828553e-01 -4.43450995e-02 -2.04968229e-02 -1.57622099e-02 -3.57308309e-05 -1.11077738e+00 8.48899290e-05 5.77342659e-02 -3.31852257e-01 -1.20058440e-01 6.41628504e-02 7.86939263e-02 8.79630388e-05 7.79827833e-01 -2.37970669e-02

layers.4.bias:
-1.07503927e+00

