layers.0.weight:
3.31696361e-01 -5.67613244e-01 7.97264636e-01
5.69172144e-01 -8.09445798e-01 -5.80563486e-01
-8.31293464e-02 -6.13938749e-01 -5.77727258e-01
-1.07055378e+00 1.15616508e-01 4.58123112e+00
2.67282110e-02 4.11940843e-01 1.16166264e-01
-5.79876065e-01 8.58121514e-01 -1.84879377e-01
-1.31842160e+00 4.86020595e-01 -9.88645032e-02
-6.01682402e-02 7.88846374e-01 -9.23566997e-01
6.03414774e-01 -9.26082134e-01 5.12713566e-02
-1.11527514e+00 5.86289167e-02 -1.64189592e-01
7.53551662e-01 -9.85680073e-02 1.41279221e+00
-7.16238439e-01 -1.31785080e-01 -1.29353356e+00
-4.30584475e-02 7.12955832e-01 -1.57757306e+00
-1.16726887e+00 2.10410804e-02 5.00053525e-01
-6.46977663e-01 1.09646142e+00 7.52028525e-01
-1.81771189e-01 9.48456824e-01 1.64468549e-02
5.46070874e-01 -6.33792400e-01 -1.45019031e+00
-1.15504665e-02 1.12846863e+00 1.84981868e-01
8.07071701e-02 -9.54183042e-01 5.35116851e-01
3.41117471e-01 -1.28724232e-01 -8.64976227e-01
2.23475501e-01 1.65966094e-01 -5.10879010e-02
-3.24195027e-01 -2.56797969e-01 -1.00232065e+00
-4.64660525e-01 1.65601885e+00 -4.46076952e-02
-1.56447518e+00 4.06930357e-01 1.75152493e+00
1.05132234e+00 3.79940838e-01 -7.78481364e-01
2.59609371e-01 6.71772659e-01 -1.17486012e+00
-1.16151750e-01 -2.13369340e-01 1.90187418e+00
-3.97779703e-01 -2.44972542e-01 1.92939892e-01
3.22416067e-01 7.57217348e-01 -1.46468067e+00
-1.04933763e-02 4.65525806e-01 1.70563948e+00
-2.89658904e+00 2.84448242e+00 -1.78299040e-01
-1.26738083e+00 -5.19488692e-01 1.02004325e+00

layers.0.bias:
8.77201200e-01
4.81547834e-03
-1.42384720e+00
-6.34384930e-01
7.07518518e-01
-2.04255387e-01
-3.54310095e-01
2.86240637e-01
-7.45998621e-01
-1.59115899e+00
1.64644122e-01
1.80825554e-02
2.46107668e-01
-1.21306002e+00
-2.90836543e-01
1.43946290e+00
9.34610724e-01
1.82654703e+00
-6.68276668e-01
5.78918040e-01
-1.44309163e-01
-1.35729384e+00
1.02535832e+00
-7.05530941e-02
1.36946186e-01
5.60703695e-01
8.80503118e-01
-1.57881156e-01
-4.88352716e-01
7.31267482e-02
8.91685039e-02
-6.70209900e-02

layers.2.weight:
-3.24292809e-01 3.03000093e-01 1.23446457e-01 -5.24507284e-01 -2.14662477e-01 -7.68514797e-02 1.03609115e-01 -2.72846483e-02 1.30469263e-01 2.68486357e+00 4.76424173e-02 1.24229215e-01 -1.83200195e-01 2.35808730e+00 -3.44421715e-01 2.87876487e-01 -2.30641477e-02 5.01689255e-01 1.32883087e-01 -2.37388164e-01 1.96957454e-01 -3.06525715e-02 -5.89961827e-01 5.47116160e-01 -1.30082384e-01 6.56364083e-01 -8.30634117e-01 -9.94543806e-02 -1.53279454e-01 -2.61664748e-01 -5.45523405e-01 3.02213669e-01
-9.81800407e-02 1.35921493e-01 -8.38763356e-01 4.75412942e-02 -4.06942368e-01 1.55793905e-01 -7.38945246e-01 -4.94922549e-01 5.40942669e-01 6.86938226e-01 3.39524299e-01 -2.74370849e-01 2.46883973e-01 -2.90722493e-02 -2.92216986e-01 2.10502386e-01 -3.56183499e-01 3.38173777e-01 -4.14431989e-01 -5.95809929e-02 6.45592511e-01 -1.09091207e-01 -4.11948502e-01 -6.18722476e-02 8.08131695e-03 -7.59726986e-02 -3.30020875e-01 -5.38740456e-01 6.59564659e-02 -2.22366139e-01 -2.80236378e-02 1.84150711e-01
-1.33139476e-01 -1.05556488e-01 8.58771279e-02 -8.51955354e-01 -6.05316579e-01 6.47554025e-02 -3.95522237e-01 4.28410381e-01 3.62372160e-01 8.00836325e-01 -6.45222783e-01 8.97344295e-03 2.61522710e-01 9.34937373e-02 2.97545199e-03 -4.63175267e-01 -1.71512038e-01 -4.26309556e-01 -2.10344851e-01 3.90855759e-01 -3.04238290e-01 -1.65098831e-01 4.88616198e-01 -1.12389493e+00 -1.85625866e-01 5.35300851e-01 -1.27052689e+00 -7.72505328e-02 5.27483106e-01 -4.73348022e-01 1.75293460e-01 4.18165997e-02
2.39909247e-01 -5.80649115e-02 1.05654269e-01 1.33789766e+00 3.06422770e-01 3.89841586e-01 6.66913450e-01 -2.37918958e-01 -1.39264479e-01 -3.51541638e-02 1.52672499e-01 -5.46172261e-02 -5.69379807e-01 1.68379545e-01 6.23286128e-01 3.93895835e-01 -2.63137668e-01 2.63650954e-01 3.28948915e-01 -8.93041432e-01 -8.88611913e-01 -1.42511711e-01 3.72604400e-01 1.38804913e+00 -8.89676511e-01 -5.54228783e-01 4.90203559e-01 5.10855377e-01 -6.59455478e-01 -1.76070645e-01 -1.47280917e-02 6.26859844e-01
1.60727054e-02 -4.14550424e-01 3.31474632e-01 -5.36227882e-01 4.72267233e-02 -2.20899463e-01 -9.06391382e-01 2.54977345e-01 -1.75408006e-01 -3.88301671e-01 3.32520694e-01 -6.43831968e-01 8.95599902e-01 -6.78194702e-01 -3.31594050e-02 -5.94524145e-01 -3.57085526e-01 -8.31802011e-01 -2.29725137e-01 -6.10919595e-02 8.25725317e-01 -4.69707847e-01 3.07871789e-01 -3.52631092e-01 -8.54301095e-01 7.26570070e-01 1.20961666e-02 -5.14504731e-01 -1.80856898e-01 5.28856516e-01 -1.46181852e-01 8.37353244e-02
-4.39236790e-01 2.80166715e-01 2.92965353e-01 1.83774650e-01 -6.59461856e-01 -2.04980940e-01 -7.90729523e-01 3.29750836e-01 6.32290244e-01 -2.82263607e-01 6.90825880e-01 1.18282519e-01 -8.86760727e-02 -4.24385428e-01 -3.35698664e-01 -1.00128853e+00 -3.18103641e-01 -1.09876144e+00 5.64883590e-01 -2.30766624e-01 -4.77733552e-01 -5.68960011e-02 -4.55373585e-01 -2.41999298e-01 1.55658141e-01 9.51333344e-02 1.62833586e-01 9.62699771e-01 -9.83168185e-02 -4.09739643e-01 -9.05365765e-01 2.13615716e-01
5.08815609e-03 2.05694325e-03 -2.01055825e-01 -1.19100315e-02 -1.64761320e-01 1.75310612e-01 -1.06113799e-01 -4.14073706e-01 -1.33599252e-01 2.36722469e-01 2.93970972e-01 3.65133211e-02 2.91563064e-01 -2.98548732e-02 -1.33226598e-02 -2.57314503e-01 1.80272702e-02 1.11295678e-01 -1.88561752e-02 -3.21367472e-01 -3.86786163e-01 1.18977182e-01 8.22771043e-02 3.89011279e-02 1.32151946e-01 2.60893077e-01 -3.63975078e-01 -4.15322781e-01 -1.47143915e-01 7.09871128e-02 -4.45470549e-02 1.66808173e-01
2.89037734e-01 1.17810145e-01 -4.48353648e-01 3.77480060e-01 3.69454801e-01 -6.36165738e-01 1.24555171e-01 4.84932005e-01 6.23733997e-02 -3.06774318e-01 -1.16901346e-01 9.48090911e-01 2.93802649e-01 -5.44672370e-01 -1.80647403e-01 2.35910907e-01 5.24260819e-01 2.24235058e-01 2.12575406e-01 4.90256995e-01 -1.46477759e+00 -9.29492235e-01 1.41235292e-01 3.29003125e-01 1.99116468e-01 7.29640722e-01 6.25021994e-01 5.32549262e-01 -6.01728320e-01 5.14999986e-01 2.19370931e-01 -2.60201961e-01
3.88231799e-02 2.87815869e-01 -5.49177945e-01 -2.49225453e-01 1.22707927e+00 -3.82280141e-01 -5.84782660e-01 -3.37264240e-01 -6.53232396e-01 2.55822092e-01 4.77169901e-01 1.90217331e-01 6.80298090e-01 -2.17119038e-01 1.10171296e-01 1.62787557e+00 3.81807297e-01 1.31084251e+00 -5.64854503e-01 -1.26514778e-01 1.30249605e-01 -2.89338678e-01 9.65424404e-02 3.03964615e-01 3.35542671e-02 3.72105390e-01 5.45109734e-02 5.76986931e-02 2.19397410e-03 1.66512474e-01 2.25697517e+00 -3.05735707e-01
-6.00557208e-01 1.08576313e-01 -1.20964125e-01 -5.06303012e-01 4.45507109e-01 3.83897615e-03 -3.98565456e-02 3.58992487e-01 4.17490184e-01 -1.75332651e-01 2.55148765e-02 2.31993616e-01 1.67619869e-01 2.13702157e-01 -3.63250613e-01 -6.01279736e-01 3.13211888e-01 -3.83861333e-01 -4.01682943e-01 -5.37723154e-02 -6.62890494e-01 -2.49643236e-01 9.03021097e-02 -6.75850287e-02 -2.23846033e-01 -1.08479977e-01 -1.57887995e-01 2.50126600e-01 2.48698428e-01 1.79782048e-01 1.58143848e-01 2.51410110e-03
7.46284202e-02 -3.70238185e-01 -1.42508179e-01 -3.22290421e-01 -3.66187900e-01 -2.45879784e-01 -3.41361523e-01 1.15881331e-01 4.56962854e-01 2.81596601e-01 -4.89195555e-01 -1.54801384e-01 8.16329718e-01 -2.87671924e-01 -1.51855946e-01 -3.26197058e-01 -6.82890356e-01 -7.54048407e-01 -3.80332991e-02 -7.96303377e-02 1.10437334e+00 -3.02022517e-01 -7.29848981e-01 2.13592529e-01 -4.02309038e-02 -9.46819037e-02 -3.94434601e-01 -6.43441141e-01 2.97352850e-01 -3.56927872e-01 -1.13820210e-02 3.07233751e-01
-1.06372111e-01 -2.77191937e-01 1.67141628e+00 -8.93010259e-01 -6.41785264e-01 1.66508630e-01 1.71044897e-02 -3.77471089e-01 -5.13279796e-01 1.91106844e+00 1.21163502e-02 -1.24376036e-01 3.12575936e-01 3.22403884e+00 2.02867225e-01 -3.42409790e-01 2.83944666e-01 -2.21123219e+00 5.61069548e-01 -3.11199933e-01 2.83632785e-01 6.13583088e-01 -2.43603364e-01 8.36058676e-01 -6.56982288e-02 -5.33308864e-01 2.75977671e-01 -1.23459361e-01 1.08063482e-01 2.02596094e-02 1.02186441e-01 -3.51701736e-01
-6.57110751e-01 -2.32123241e-01 9.39342678e-01 3.88386250e-01 -6.05650425e-01 6.24293745e-01 7.07958043e-02 -8.84967983e-01 3.36846203e-01 3.98939401e-01 1.77074045e-01 1.74707279e-01 -4.80591536e-01 -1.07066803e-01 5.08471966e-01 -4.04312611e+00 -1.69946536e-01 -5.94389915e+00 5.28946161e-01 -1.01947737e+00 -6.60290837e-01 4.73293513e-01 6.59624219e-01 -1.07471876e-01 -2.20409617e-01 -2.08469868e-01 -3.80818397e-01 6.10627532e-01 -5.73769748e-01 -3.46210003e-01 -1.32820666e+00 -2.99290657e-01
5.31148612e-02 -1.52930692e-01 -6.53866410e-01 -3.99604179e-02 -1.67246684e-01 -5.24398126e-02 2.75730640e-01 3.12314183e-01 3.97446483e-01 -2.05257475e-01 5.51911712e-01 -1.95378259e-01 3.07244122e-01 -7.75758624e-01 -3.44305694e-01 -1.01226628e-01 -2.56668448e-01 1.81202248e-01 -7.89868608e-02 9.89431813e-02 -5.07763550e-02 -1.75318643e-01 1.66446101e-02 -1.89838305e-01 -1.53304949e-01 7.35674024e-01 1.77937280e-02 7.21678957e-02 -2.00042501e-01 2.82344192e-01 2.05277219e-01 3.82930934e-01
-9.39344287e-01 2.19450265e-01 -7.00541139e-02 3.56703848e-01 -6.21723011e-02 6.32151127e-01 -4.26161081e-01 -1.37823015e-01 4.34928983e-01 -1.74708292e-01 -7.42615581e-01 2.19605893e-01 1.36580288e-01 -2.98656166e-01 -2.85315007e-01 -7.50260592e-01 1.99364454e-01 -7.88068235e-01 -3.38992625e-01 2.95051932e-01 1.40406871e+00 9.29662347e-01 -2.68616956e-02 1.86137274e-01 -3.17233711e-01 8.59368891e-02 -5.74860394e-01 -7.34361559e-02 7.45410204e-01 -2.27981940e-01 -9.83911157e-02 8.43502507e-02
-4.61193830e-01 -3.41028124e-02 1.12911150e-01 6.38123229e-02 -2.07621455e-01 2.01518029e-01 -8.57717872e-01 -3.96019556e-02 5.77637367e-03 5.31188536e+00 4.89381731e-01 4.94116485e-01 2.85420179e-01 2.61395884e+00 3.78994569e-02 4.18101177e-02 -3.70612442e-01 -1.00116253e-01 2.47033313e-02 -1.33666098e-01 -7.64578164e-01 4.75827813e-01 1.01327091e-01 2.12336570e-01 -4.63400573e-01 -3.66664469e-01 -7.03092158e-01 4.03649241e-01 -1.35575324e-01 -7.29608655e-01 3.27283770e-01 -1.74584374e-01
-2.22626384e-02 1.36926726e-01 -7.54361972e-02 3.78854871e-02 2.39002313e-02 1.02283042e-02 3.46579514e-02 -5.70324957e-02 1.42428037e-02 -1.82436451e-01 6.30496442e-02 5.54952398e-02 4.42358591e-02 8.67255107e-02 1.24223813e-01 3.73010635e-02 3.58887278e-02 1.27846133e-02 -1.36190252e-02 1.07798196e-01 2.60449588e-01 1.10398568e-01 -2.02844534e-02 1.30704595e-02 7.86310583e-02 1.91470999e-02 6.01299889e-02 2.65895367e-01 4.91715921e-03 3.05707916e-03 -5.69713954e-03 1.23037826e-02
1.53531194e-01 -1.27279520e-01 -5.39381325e-01 3.91079858e-02 4.59459573e-02 -2.00906813e-01 -2.57710516e-01 -3.07883859e-01 3.05804163e-01 -6.71258509e-01 5.91029190e-02 -2.00236030e-02 2.15036437e-01 5.82857244e-02 -6.98188469e-02 9.36247259e-02 -3.09632897e-01 3.71483535e-01 -1.06269710e-01 9.17680562e-01 2.82387197e-01 1.33618951e-01 -4.63620394e-01 -1.32059798e-01 -1.25723943e-01 -4.28452611e-01 8.29924464e-01 -4.97431457e-01 2.44454712e-01 3.03112894e-01 -5.08599281e-02 1.98253810e-01
-2.53727347e-01 -7.85832033e-02 -3.24354261e-01 -1.96859419e-01 4.22473758e-01 5.58118382e-03 1.89820662e-01 1.07466690e-01 4.08772975e-01 -4.01071727e-01 -1.54294774e-01 -9.17616546e-01 4.63163406e-01 -1.43312678e-01 -1.87047988e-01 1.49840117e-01 -1.35969564e-01 3.09916139e-01 1.64304778e-01 -9.28726867e-02 -3.35527025e-02 -2.08441451e-01 4.46435899e-01 -3.09287220e-01 2.09061682e-01 1.81490913e-01 -1.65679306e-01 3.54922295e-01 2.40652636e-02 3.58566642e-01 5.27665794e-01 1.56763002e-01
5.89676686e-02 1.78578392e-01 -6.32727798e-03 6.96549639e-02 -6.42002225e-02 1.04822494e-01 -1.41426623e-02 -7.97727257e-02 4.68105413e-02 6.86187968e-02 6.75655156e-02 1.16569079e-01 -6.69933558e-02 -7.40211606e-02 1.15764663e-01 4.51458305e-01 4.86462712e-02 -3.10621709e-01 4.06158902e-02 -1.09919965e-01 -1.15610197e-01 -1.30039379e-01 4.13713325e-03 -2.73387991e-02 4.50239554e-02 1.27337962e-01 5.84723847e-03 1.28160762e-02 1.07617728e-01 1.44615881e-02 -2.78698783e-02 3.25331613e-02
4.82470840e-01 -2.02817813e-01 7.39632726e-01 5.10962009e-01 -3.81606132e-01 -2.06753179e-01 -6.71747565e-01 -1.04563445e-01 -2.85254449e-01 -7.95182347e-01 -1.13653980e-01 9.69561756e-01 5.10798693e-01 -4.18678224e-01 7.92121232e-01 3.51938069e-01 -1.22334316e-01 -3.68428141e-01 4.66289788e-01 4.32362974e-01 -3.90464783e-01 1.40724629e-01 5.62107205e-01 1.64944425e-01 1.30976066e-01 -3.52215111e-01 7.31717497e-02 2.80214995e-01 -8.52858499e-02 -9.68026668e-02 6.84875473e-02 3.97617400e-01
2.51520336e-01 -1.06212579e-01 4.35928255e-02 1.47991523e-01 6.94622174e-02 1.46476880e-01 9.30070937e-01 7.55691454e-02 4.80232000e-01 2.52311409e-01 3.26923400e-01 3.77409399e-01 -3.94367933e-01 -5.67143917e-01 1.15016751e-01 -9.65997934e-01 -2.54899841e-02 -7.01376855e-01 -8.20097327e-02 -4.22253728e-01 -4.97747570e-01 -9.18937847e-03 2.43957877e-01 -7.04263449e-02 1.36182472e-01 -4.14984852e-01 -7.07731307e-01 3.92863095e-01 -9.96601805e-02 -1.89978063e-01 2.56838560e-01 -1.27270207e-01
6.59445599e-02 -2.43782718e-02 -2.92396158e-01 3.99672568e-01 4.59053181e-02 3.75392228e-01 3.73810887e-01 -2.49838158e-01 -3.41070235e-01 3.40395033e-01 1.56208389e-02 8.97425711e-02 4.46012914e-01 4.97235537e-01 -1.44614384e-01 -5.26295841e-01 5.51013350e-01 -1.59396708e-01 1.92139056e-02 -2.28103578e-01 -3.39586645e-01 3.42467576e-02 -3.49039823e-01 1.75172463e-01 -3.54427844e-01 -9.78051499e-02 -6.29241988e-02 -5.09187877e-01 6.40091524e-02 -1.23230591e-01 -1.66399572e-02 -2.91336328e-01
7.16966867e-01 -2.00954266e-02 -2.47000620e-01 1.95196107e-01 8.08683485e-02 -4.46760952e-01 -9.06990319e-02 3.08543146e-01 3.60503107e-01 -2.71372390e+00 1.46053895e-01 1.34871379e-01 3.53201658e-01 -1.65889955e+00 3.94074544e-02 2.75978655e-01 1.16637163e-01 1.97562158e-01 -2.34928757e-01 -3.53164300e-02 5.27156353e-01 -2.28157371e-01 -2.21195847e-01 -3.55951786e-02 -3.22123736e-01 -2.14501008e-01 -3.11808679e-02 -2.02844754e-01 2.83842593e-01 1.33819491e-01 -3.88934076e-01 -2.19538808e-01
-8.36518109e-01 1.45473793e-01 2.31563975e-03 1.36723429e-01 -1.16395175e-01 -3.43701869e-01 1.05420566e+00 -1.32127941e-01 -1.00198746e+00 7.38124669e-01 -7.01067984e-01 2.30867267e-02 1.47563353e-01 8.51916969e-02 -6.99679315e-01 2.93726623e-01 5.91197491e-01 3.80239904e-01 4.02753919e-01 4.24852595e-03 -1.71749860e-01 3.37579995e-01 5.40041625e-01 9.70915318e-01 -4.34089780e-01 5.01588643e-01 -6.05054200e-01 4.00671065e-02 8.57766747e-01 -4.39308614e-01 1.09446026e-01 1.52862268e-02
-5.36585987e-01 6.26096189e-01 -4.96835411e-02 -1.32756233e-01 5.33313632e-01 1.57561675e-01 -1.43330276e-03 5.09173453e-01 -2.94137597e-01 4.86168504e-01 7.58248717e-02 -1.64220631e-01 2.10256353e-01 2.13028461e-01 -5.50746739e-01 -4.23984200e-01 -7.11686984e-02 -1.23247579e-01 4.02182013e-01 -3.70698035e-01 -1.89918596e-02 -2.85023004e-01 5.07726101e-03 -5.58404088e-01 9.36298892e-02 -2.10920930e-01 -5.55669606e-01 -4.79510158e-01 1.62291348e-01 -3.58777672e-01 -2.02351078e-01 -2.68617630e-01
-1.40631527e-01 2.32285812e-01 4.70202774e-01 3.61890942e-01 -2.95874953e-01 -2.94929236e-01 -1.29316121e-01 -1.68879610e-02 3.14038336e-01 -4.41841304e-01 -5.83315611e-01 -7.07388893e-02 -2.74631649e-01 -2.71941721e-01 5.88016585e-02 5.64033806e-01 -8.54293033e-02 1.87625781e-01 3.06631982e-01 2.07929984e-01 6.78799823e-02 -7.34384060e-01 1.52240872e-01 1.01670854e-01 2.70062357e-01 1.52174369e-01 1.48602137e-02 -5.45500696e-01 -2.71711379e-01 -1.15815975e-01 8.25877935e-02 -2.42588848e-01
-7.73632348e-01 5.03672242e-01 -5.53254902e-01 -1.03555930e+00 -3.22285891e-01 -2.58088320e-01 -3.35345805e-01 3.81820053e-01 1.13673888e-01 4.71498370e-01 -7.60849714e-02 2.07984015e-01 2.01161608e-01 2.70480722e-01 -4.97415550e-02 9.90525544e-01 7.26685226e-01 1.05400407e+00 -5.18764794e-01 1.07398078e-01 4.66917694e-01 -7.04820454e-01 -6.87766075e-01 3.73670280e-01 -2.55422145e-01 -4.32512134e-01 2.57121712e-01 3.96569729e-01 4.65921074e-01 -8.40084076e-01 1.79180890e-01 -1.49105892e-01
1.45972282e-01 -5.65168619e-01 -1.10985436e-01 -9.52041820e-02 -4.88646656e-01 5.34943521e-01 1.15089878e-01 -4.76384282e-01 4.91037935e-01 9.19561028e-01 -2.15625644e-01 1.07029818e-01 5.31902313e-01 4.36374813e-01 4.34099287e-02 -9.58704233e-01 -4.67691183e-01 -9.47352409e-01 1.04617709e-02 1.96223781e-01 2.45823324e-01 3.13054770e-01 1.81415722e-01 1.83088616e-01 2.91841537e-01 8.78343135e-02 -3.91357124e-01 -2.74997175e-01 -2.64450580e-01 -3.18676829e-01 4.46828961e-01 2.83036262e-01
-1.42408744e-01 -1.05328095e+00 4.33466166e-01 1.50011802e+00 1.45525649e-01 1.79821730e-01 -6.81601763e-02 -1.76584750e-01 -3.01497042e-01 3.06674331e-01 1.00744259e+00 -9.21674848e-01 -1.01913905e+00 -3.45260799e-01 2.80372113e-01 6.98433071e-02 -1.27139914e+00 6.96731031e-01 5.35545528e-01 -4.99340028e-01 1.03203595e+00 2.74318635e-01 1.07208781e-01 -2.20772877e-01 2.06531689e-01 -4.18255836e-01 1.21252120e-01 -2.13827476e-01 -7.95534611e-01 1.18420720e+00 -5.43935537e-01 -1.89602777e-01
-6.76115096e-01 -9.32491794e-02 3.39844823e-01 5.94392456e-02 -9.15296078e-02 1.46268651e-01 1.82543993e-01 1.04146287e-01 -3.40450674e-01 -2.94326633e-01 -1.01851046e+00 3.21751207e-01 5.21808505e-01 1.37168565e-03 8.91830027e-02 -1.31381527e-01 4.40074205e-01 -7.62944520e-02 -1.46806195e-01 -2.69395560e-01 -6.89249396e-01 2.35698104e-01 -7.50598088e-02 -7.52837300e-01 2.84222931e-01 6.40092075e-01 -1.90619022e-01 -1.56560317e-02 -3.26340258e-01 -2.95227140e-01 -2.41062403e-01 -1.18384086e-01
-2.57347465e-01 -3.28014642e-01 -1.42408654e-01 -1.65700555e-01 -2.26170018e-01 -9.26806778e-02 2.77184695e-01 2.67072916e-01 -7.17147648e-01 1.39514804e+00 -1.72777131e-01 -6.09703586e-02 -4.88902032e-01 4.99807596e-01 -1.27006844e-01 6.93260729e-02 4.03601006e-02 1.53809726e-01 -9.09854937e-03 -1.63603425e-01 1.77776784e-01 1.56770527e-01 2.90205002e-01 2.30311863e-02 6.71767816e-03 -5.04794754e-02 -2.01534852e-01 2.29670018e-01 2.42410436e-01 2.95632839e-01 2.80733198e-01 1.49260357e-01
-5.86955883e-02 -3.60982507e-01 -4.08829264e-02 -8.28188956e-02 -2.89370418e-01 4.61236984e-01 -1.75905943e-01 -4.34663922e-01 6.64065108e-02 -3.96252245e-01 4.39401455e-02 4.20667320e-01 1.85601667e-01 4.36180085e-01 3.10391158e-01 -5.02715766e-01 -4.62635279e-01 -1.18590558e+00 -5.83476685e-02 -3.39492947e-01 -1.30588025e-01 8.40872288e-01 4.33499366e-01 6.33020818e-01 -4.86384243e-01 1.24512352e-01 1.47393137e-01 -2.23744184e-01 -3.89399618e-01 -2.43648410e-01 -4.51270565e-02 -5.92561364e-02
2.98225731e-02 -3.90042476e-02 1.46750718e-01 -9.96763408e-02 2.20070317e-01 -1.02105536e-01 2.18300312e-03 -3.32987577e-01 -1.80636108e-01 3.35595518e-01 1.45692542e-01 1.65783420e-01 8.64150599e-02 -2.93630481e-01 -8.08307901e-02 -3.02317113e-01 5.47001474e-02 1.46358982e-01 -1.59924358e-01 -5.42244434e-01 1.35303840e-01 -1.49484023e-01 -9.53455940e-02 -2.55007669e-02 -3.84837054e-02 2.16520071e-01 -7.01505616e-02 3.83289717e-02 1.11971706e-01 6.07347228e-02 -3.43457586e-03 1.83152370e-02
2.29669139e-01 -8.50808203e-01 -3.36659998e-01 7.70618379e-01 -2.86735091e-02 -5.80124497e-01 3.19490105e-01 -1.93644077e-01 -7.21837580e-01 2.67655563e+00 -5.55590510e-01 9.59186792e-01 6.39854193e-01 7.78459787e-01 1.01489592e+00 4.52747077e-01 -1.09592602e-02 4.23853159e-01 6.72281802e-01 3.77351969e-01 1.50846124e-01 1.22401498e-01 -2.14263842e-01 1.06554139e+00 -1.17833279e-01 1.22000299e-01 -2.95008928e-01 3.61998796e-01 -4.14226530e-03 4.44553718e-02 5.51891088e-01 9.38093141e-02
-1.14625305e-01 1.67317748e-01 1.21291131e-01 7.66013935e-02 4.84865904e-02 -4.26778831e-02 1.95862222e-02 1.11140646e-01 1.32353334e-02 -2.20218822e-02 1.64476991e-01 9.25159007e-02 8.81842300e-02 -1.37976091e-02 1.70141190e-01 2.03152508e-01 1.37578277e-02 -1.36402830e-01 -1.88075900e-02 8.14547241e-02 -1.53138325e-01 -5.82116023e-02 -4.51356210e-02 -1.62521750e-02 -4.45872217e-01 -2.26491451e-01 5.00352085e-02 -1.40472472e-01 -7.12172687e-02 -5.19254319e-02 -1.19996369e-02 -4.66173500e-01
-5.21257566e-03 -8.44054967e-02 -5.76395839e-02 2.66455840e-02 -2.14000523e-01 2.80469209e-02 -2.43891273e-02 1.69806287e-01 5.41173033e-02 -5.54824695e-02 -1.27110258e-02 -2.10951269e-02 -6.60970286e-02 2.19425466e-02 -4.93005887e-02 2.14942619e-01 -1.04970858e-01 -1.34090558e-01 5.26984967e-03 3.31938922e-01 -2.49302641e-01 -1.04932994e-01 4.09429707e-03 -2.24780384e-03 1.39455646e-02 -9.31291282e-02 -6.19957894e-02 -6.31640330e-02 -5.54404967e-02 5.48390970e-02 1.35639068e-02 -6.90704864e-03
8.21861625e-01 -2.54513741e-01 3.18546355e-01 3.12939107e-01 -3.36211711e-01 1.30689051e-02 -4.49163705e-01 7.64687061e-02 6.24205112e-01 8.54576901e-02 -2.01156810e-01 6.67279810e-02 8.80210847e-02 2.22896978e-01 7.25140333e-01 -5.21282017e-01 -4.32531804e-01 -6.43340528e-01 2.81648755e-01 -2.44660228e-01 -7.57785797e-01 2.35628739e-01 -1.34910464e-01 1.84890062e-01 7.09808469e-01 3.51973157e-03 1.95535377e-01 -1.19651966e-01 -4.82186466e-01 1.99353382e-01 9.82092470e-02 2.09283084e-01
1.11195199e-01 -4.16599095e-01 -2.99554557e-01 4.03979152e-01 2.55047917e-01 -5.73632836e-01 1.43505946e-01 2.10836604e-02 2.22627804e-01 -2.33541444e-01 -2.49414414e-01 4.60383922e-01 3.59038204e-01 -2.67145962e-01 2.60250479e-01 -5.73080301e-01 -3.25646996e-01 -6.83328867e-01 3.70093107e-01 -4.01222944e-01 -2.53882498e-01 -5.50373606e-02 3.71986777e-01 6.49273455e-01 -1.41294867e-01 -3.16401273e-01 4.36305195e-01 -3.89793329e-02 -8.55030864e-02 -4.24668282e-01 1.33475706e-01 2.45248601e-01
-9.03713182e-02 -2.15001658e-01 7.79613614e-01 1.05933689e-01 -1.06740379e+00 -1.67139649e-01 1.98540702e-01 -8.14909190e-02 5.90522289e-01 7.49676585e-01 -1.28308520e-01 -4.07500625e-01 1.74490698e-02 8.11781049e-01 1.93675131e-01 -2.17911315e+00 -4.46996689e-01 -2.56741929e+00 3.89694199e-02 -5.60971089e-02 -5.82455456e-01 6.83367848e-01 3.61400545e-01 1.46546870e-01 4.35334414e-01 1.42515227e-01 3.28208685e-01 -3.84402089e-02 -5.64786904e-02 -7.60844886e-01 -3.30308318e-01 -5.82420751e-02
-1.69437200e-01 -2.43056476e-01 -2.72513002e-01 -2.73932904e-01 -2.46190280e-01 5.46291173e-01 1.77211031e-01 -1.06397301e-01 -1.20577753e-01 3.65405351e-01 -1.90717906e-01 1.66041493e-01 5.18478528e-02 -2.61170715e-01 -1.32149369e-01 -4.71105754e-01 3.07325333e-01 -6.06401086e-01 -2.91692853e-01 2.19285823e-02 -3.44278365e-01 3.69413346e-01 -1.47409678e-01 3.55719596e-01 3.60243350e-01 -5.19936442e-01 4.89910245e-01 7.01360255e-02 6.35020509e-02 1.39301434e-01 -6.48939312e-02 4.05899063e-02
3.90585959e-01 6.56043708e-01 6.87414467e-01 -3.92699808e-01 1.53335124e-01 2.01804772e-01 1.31993800e-01 -9.87926200e-02 -8.05470943e-01 9.94514585e-01 -2.70624876e-01 -2.63708889e-01 -4.44660455e-01 1.11461091e+00 1.91616386e-01 6.78307787e-02 7.40526617e-03 -9.59117651e-01 2.45687947e-01 -2.97307760e-01 1.05506480e-01 7.04991162e-01 -7.91835561e-02 -3.99150103e-01 6.84700906e-01 -7.69875109e-01 4.96548176e-01 -1.16064399e-01 -2.64088541e-01 -5.89887142e-01 -8.24345425e-02 -4.98073965e-01
-3.22420150e-03 -3.66023898e-01 1.89866811e-01 -1.80921733e-01 -1.74332321e-01 9.91789848e-02 9.18726251e-02 -2.86553770e-01 -4.98075604e-01 -3.61438513e-01 -1.11042902e-01 5.11083659e-03 -9.38015878e-02 4.07134593e-01 4.86120373e-01 3.97064894e-01 2.58222073e-01 -3.53239954e-01 5.08610234e-02 1.62959531e-01 -2.73389965e-01 3.14109206e-01 -3.82768184e-01 1.58601508e-01 -8.06858093e-02 -2.58791387e-01 4.00784731e-01 7.50317931e-01 -4.08887476e-01 -4.62779433e-01 2.29612708e-01 3.58554244e-01
-1.23416626e+00 1.54240325e-01 1.40245795e-01 -1.30320346e+00 -1.71860725e-01 -1.14497542e-01 1.64992288e-01 5.04607618e-01 1.54809922e-01 3.53253156e-01 -9.69911039e-01 7.07479715e-01 1.06768179e+00 3.62345427e-01 -6.99881434e-01 2.15709195e-01 6.00591421e-01 -4.49971110e-01 -2.58644372e-01 1.02329803e+00 -5.81774652e-01 -3.09225380e-01 -3.83113950e-01 -1.85109898e-02 5.71619272e-01 9.68168080e-01 8.64624679e-01 6.67024374e-01 4.94773686e-01 -1.02597141e+00 1.59241587e-01 2.34619111e-01
-9.90764648e-02 9.96116027e-02 3.14483494e-01 -5.21679111e-02 3.23855937e-01 -1.05079718e-01 -2.06606574e-02 3.15855965e-02 -4.28175069e-02 1.99071020e-01 2.49875914e-02 1.35897184e-02 -7.21915672e-03 -1.10016666e-01 6.68543279e-02 -1.41235381e-01 7.02211261e-02 6.38041124e-02 1.23844296e-02 -4.27177578e-01 1.42727375e-01 -9.55697149e-02 1.82116125e-02 3.31606693e-03 1.36872932e-01 -1.41357929e-02 6.94444403e-02 1.45393178e-01 3.63246873e-02 -9.32799280e-02 -1.36654032e-02 6.26647547e-02
-6.07118309e-02 3.17644507e-01 3.10611486e-01 -9.72962603e-02 3.86598408e-02 5.04394285e-02 6.36907458e-01 2.58472323e-01 1.66393355e-01 -1.22306395e+00 -3.23265612e-01 5.11098742e-01 6.32595420e-01 -3.25249076e-01 -5.29769659e-01 -3.60400915e-01 5.82498252e-01 -6.09814167e-01 3.73749658e-02 -3.76673460e-01 8.20612311e-01 -3.05112213e-01 -3.52809764e-02 -1.41018975e+00 -3.93871933e-01 4.80289429e-01 -9.69895124e-01 -6.81400657e-01 2.41663352e-01 -1.03445448e-01 -7.57414550e-02 6.87997276e-03
5.46187758e-01 -3.49135667e-01 -3.47835481e-01 4.72630650e-01 4.66864370e-02 -6.62801554e-04 3.78299877e-03 -1.44333959e-01 4.20493811e-01 -4.16823402e-02 -8.81441608e-02 -7.97074810e-02 7.29404807e-01 -2.95943648e-01 3.93532068e-01 -2.05779970e-01 -6.31619692e-02 -3.60567808e-01 4.10179608e-02 -1.09446719e-01 -2.89856881e-01 7.74611086e-02 2.10859776e-01 1.92846939e-01 -5.15739508e-02 -2.38259539e-01 8.26295435e-01 4.42142814e-01 -3.57398570e-01 3.69523644e-01 2.54118115e-01 3.22232664e-01
-2.07896486e-01 2.85185605e-01 -1.77382424e-01 -5.52260242e-02 -5.40419579e-01 -2.22489268e-01 9.90988314e-02 4.54219341e-01 -3.56420316e-02 -5.49505711e-01 -1.94016203e-01 3.16729657e-02 -3.35206538e-01 2.04198256e-01 2.83191144e-01 -1.23318844e-01 -1.65005848e-01 2.62194335e-01 3.29198465e-02 3.60212207e-01 -2.22980186e-01 -6.98078722e-02 -5.91183156e-02 -3.07314079e-02 -6.50067627e-02 -9.11511406e-02 2.63028949e-01 -3.15525234e-01 1.12526886e-01 -4.04530758e-04 -7.67949503e-04 1.23266704e-01
5.76476939e-02 -5.06571591e-01 -1.06003039e-01 -1.10917069e-01 -7.20572323e-02 -1.62914112e-01 -2.39658151e-02 -1.58348992e-01 -3.95042866e-01 4.52774286e-01 -1.86569132e-02 8.99450630e-02 3.60886872e-01 3.14162940e-01 -1.75260380e-01 -6.16688371e-01 -1.78301945e-01 -1.39634073e-01 -1.74178313e-02 6.32737949e-02 6.16931356e-02 -4.28531021e-02 5.57856500e-01 4.84228805e-02 -3.83093446e-01 2.38117382e-01 3.34255546e-01 1.07744098e-01 -6.14164099e-02 1.18564017e-01 -3.58492248e-02 -2.05305874e-01
9.44239140e-01 -8.09122697e-02 -5.95754087e-01 2.46255681e-01 2.47665763e-01 1.77817464e-01 5.57994902e-01 1.31455615e-01 -3.98485273e-01 -8.60012531e-01 -8.66623461e-01 1.34801233e+00 4.05976549e-02 -8.46535027e-01 3.78567010e-01 9.01666105e-01 -5.55483513e-02 6.20868802e-01 -1.61305532e-01 -2.73138657e-02 -1.73534465e+00 -3.30540657e-01 -7.20537663e-01 -6.31970689e-02 -5.17265439e-01 -4.55523394e-02 2.97301352e-01 7.81055748e-01 -1.16726018e-01 1.17594481e-01 2.86299735e-03 5.26732087e-01
-1.58686787e-01 2.03224439e-02 -8.86399627e-01 -1.02646589e-01 1.54868513e-01 3.70403945e-01 1.67811707e-01 4.05000597e-02 -1.57440715e-02 5.84242940e-01 -4.46878910e-01 -1.13248587e+00 4.06856537e-01 3.99998546e-01 -3.08856994e-01 5.16510308e-01 -8.72137025e-02 1.22961831e+00 -4.21148866e-01 1.23582147e-01 2.78486788e-01 -8.58359858e-02 -4.60827351e-02 6.72858655e-01 -3.00726473e-01 7.93646514e-01 -1.26465961e-01 -2.25879654e-01 1.01526260e-01 8.61903802e-02 7.92224169e-01 -4.24578339e-02
-7.83611927e-03 3.32579613e-01 -1.90446302e-01 -6.16541028e-01 -1.35586690e-02 7.37471223e-01 3.06707472e-01 7.97029495e-01 2.88167715e-01 3.07591558e-01 9.50114012e-01 -2.59342641e-01 8.61441344e-02 2.46660694e-01 6.50700331e-02 -6.25811517e-01 2.74305582e-01 -1.94278357e-04 -3.29051048e-01 -5.26693285e-01 -4.73245233e-02 -2.42490470e-01 2.63134599e-01 1.37166366e-01 -2.17658818e-01 1.77577496e-01 3.44329700e-02 -3.00184842e-02 -5.57374835e-01 2.54179835e-01 -1.53776407e-01 1.06024556e-01
7.63787404e-02 4.00609635e-02 -1.26806408e-01 1.53037794e-02 -4.90798354e-02 4.59025651e-02 7.25060403e-02 7.16539174e-02 -3.04979458e-02 -3.10621969e-02 -5.02244756e-02 -3.87857765e-01 2.37707108e-01 2.33507633e-01 1.01769832e-03 8.44304785e-02 1.20433681e-01 -5.42452186e-02 1.13383599e-01 2.61498213e-01 1.24094509e-01 2.84573823e-01 -6.87967241e-03 1.84039146e-01 -1.05900511e-01 -2.95330137e-01 -1.70845330e-01 -1.81016728e-01 -3.14819664e-01 -1.35107189e-01 2.37621535e-02 -2.61287719e-01
4.29901928e-01 3.61482166e-02 5.38061321e-01 4.17429566e-01 3.48549634e-01 4.06125903e-01 9.31843519e-01 -3.80805641e-01 7.65501320e-01 -7.87491202e-02 -5.85949421e-01 1.32143199e-01 -5.43738067e-01 -3.77453327e-01 -3.76044214e-02 2.48901740e-01 -5.80075920e-01 -4.54750806e-01 3.01125586e-01 -2.93061137e-02 -9.53128263e-02 5.61068773e-01 2.00595319e-01 6.64431095e-01 3.20052020e-02 -1.55965403e-01 -2.11536169e-01 1.66951030e-01 1.67884961e-01 4.39748168e-01 -1.52679503e-01 3.72982584e-03
-2.81917751e-01 -4.41968888e-01 1.45249248e+00 9.81320962e-02 -8.16399157e-01 -1.72598451e-01 -1.22137582e+00 -9.65748668e-01 3.07235658e-01 1.05115950e+00 1.58001985e-02 -5.03314495e-01 -2.97574729e-01 9.75431383e-01 5.60838401e-01 -2.07803869e+00 2.66128272e-01 -2.70707273e+00 1.75730991e+00 8.49112868e-01 -5.80327570e-01 1.68160284e+00 -4.20168608e-01 2.77126133e-01 3.19140702e-01 -6.93818510e-01 -2.41290793e-01 3.72752845e-01 1.83083117e-01 4.32637893e-02 8.85833979e-01 1.81577787e-01
1.46846399e-02 -2.22162455e-02 5.72629757e-02 4.47782390e-02 4.08753633e-01 -8.42771027e-03 1.43679343e-02 1.83508489e-02 5.13569824e-02 2.59769586e-04 -1.84184406e-02 -6.14055805e-02 1.00373574e-01 -6.78528845e-03 2.52117566e-03 -4.13032323e-02 5.98835247e-03 -3.83311957e-02 -7.06939176e-02 8.79851058e-02 1.40745252e-01 4.61502410e-02 -3.65108848e-02 -2.10824236e-02 -1.20046303e-01 -1.46618649e-01 1.88825876e-02 3.46379012e-01 -4.77795489e-02 -5.46472184e-02 1.08807171e-02 -2.50032127e-01
-3.83886188e-01 2.50082314e-01 -1.46410704e-01 -7.37832338e-02 -1.61069915e-01 -1.99515615e-02 -3.43685806e-01 7.04513073e-01 4.95955721e-02 -1.28664926e-01 -1.64834797e-01 6.45386219e-01 5.03256559e-01 -3.59961912e-02 1.25613153e-01 1.64700404e-01 3.42119932e-02 1.44675612e-01 -1.65989086e-01 6.22914098e-02 -7.15994313e-02 -6.26111984e-01 -1.83147505e-01 -2.79359400e-01 -2.88214982e-01 -1.66134655e-01 -6.11818314e-01 3.14303666e-01 -2.54802674e-01 -2.50578940e-01 -2.01074198e-01 4.82766211e-01
5.03638126e-02 -1.16609491e-01 5.52470922e-01 2.65828729e-01 -5.95664263e-01 1.99236065e-01 3.06926638e-01 -6.07666194e-01 5.31538010e-01 2.94850975e-01 -9.58883390e-02 4.12974298e-01 -9.93824229e-02 1.06625915e-01 1.01458251e-01 -2.10160112e+00 1.86082467e-01 -1.00341070e+00 7.52203017e-02 1.96831793e-01 -1.36036739e-01 1.63125530e-01 2.04985455e-01 2.01818779e-01 -2.86274731e-01 -5.42987287e-01 -6.77518845e-02 -1.29458100e-01 -4.48731810e-01 -4.86051321e-01 4.91607845e-01 -2.50276953e-01
-1.54181108e-01 2.05183849e-01 -1.97417215e-01 1.53070569e-01 -7.87949860e-02 -9.54123288e-02 2.87251800e-01 -1.93417221e-01 -4.65130061e-01 1.55443752e+00 -3.71420354e-01 -5.32417446e-02 -2.75814831e-01 1.27696347e+00 -4.46220368e-01 1.83078963e-02 8.29243734e-02 -6.48645964e-03 -1.12419136e-01 -2.75673538e-01 -2.99116224e-02 1.79573685e-01 -1.08044706e-01 -1.61311954e-01 -1.76340327e-01 6.81916848e-02 4.32605177e-01 4.92042482e-01 1.81660727e-01 -4.66970354e-01 3.09915900e-01 -5.69655225e-02
-1.59645364e-01 -2.36666724e-01 6.66622341e-01 4.81349707e-01 -1.77023441e-01 -3.35787505e-01 -1.05063200e+00 1.37930542e-01 2.04268694e-01 4.68933403e-01 8.83135051e-02 -5.51609658e-02 1.12883873e-01 2.26585835e-01 -2.09240392e-01 5.97506821e-01 -1.59575026e-02 1.46902472e-01 -1.52368724e-01 -3.45996857e-01 8.85046482e-01 4.26637620e-01 3.88143122e-01 -5.78909993e-01 2.51498222e-02 2.68771537e-02 -2.02106088e-01 2.89901435e-01 -1.26960710e-01 3.33388627e-01 -1.37103185e-01 -3.00052434e-01
8.58139992e-01 -2.95050919e-01 4.59006727e-01 9.44429398e-01 -2.85491526e-01 2.80175537e-01 -1.02175879e+00 -5.03287613e-01 6.03949964e-01 -1.12262952e+00 -2.61858881e-01 6.37863159e-01 -1.19716847e+00 -4.03902769e-01 5.25263429e-01 -4.12971765e-01 -2.07810737e-02 4.79404330e-02 4.55272049e-01 8.00627887e-01 4.18235689e-01 -4.45560426e-01 -1.95607018e+00 -5.36131263e-01 6.95331991e-01 6.11385047e-01 -8.48244071e-01 -5.27579188e-01 7.79257491e-02 1.22166479e+00 -1.00453198e+00 -2.46019199e-01
-2.65020989e-02 1.67816818e-01 -4.84329164e-02 -4.72963043e-02 -1.56339005e-01 -3.00703309e-02 3.74486521e-02 -4.26975228e-02 -3.86728197e-02 -5.72049478e-03 4.32859547e-02 9.84181091e-02 8.39879364e-02 -3.46966796e-02 1.53472155e-01 -1.26547769e-01 7.18957111e-02 1.82689011e-01 -2.01724172e-02 -2.82896101e-01 1.53506786e-01 3.46443281e-02 -2.89279502e-02 -3.36275622e-02 -2.92166650e-01 -3.86981592e-02 2.19308864e-02 -9.12027210e-02 -1.99962500e-02 -5.34897111e-03 -4.01789770e-02 -2.26224005e-01
1.53137431e-01 2.46520266e-01 1.61411357e+00 4.40413237e-01 -1.16531241e+00 1.23812176e-01 -1.75985932e-01 -5.66533506e-01 8.04468036e-01 5.32753050e-01 1.49384752e-01 -2.76194423e-01 -8.90558302e-01 9.90726233e-01 6.54522479e-02 -3.21788621e+00 -3.07126462e-01 -4.41670036e+00 3.89474243e-01 1.11033663e-01 -1.25611055e+00 9.73641813e-01 3.22630614e-01 1.38215527e-01 3.00415218e-01 -1.54382899e-01 -5.28957963e-01 6.70516372e-01 -1.84250534e-01 -1.45454127e-02 -5.78773096e-02 -8.99682790e-02
-8.05442393e-01 1.95330650e-01 1.14577577e-01 -7.37487674e-01 1.59694385e-02 -1.67971402e-01 -2.01327875e-01 4.98532772e-01 -6.91467300e-02 -7.91421533e-03 1.18718490e-01 -2.98458040e-01 4.32466388e-01 4.32985872e-01 -4.09170181e-01 -2.48405486e-01 2.24797651e-01 -1.15557045e-01 -3.51082921e-01 1.57749727e-01 5.74182980e-02 6.94504797e-01 2.04124346e-01 -2.13910565e-01 -1.49026126e-01 3.09997797e-01 -7.06028759e-01 1.44640937e-01 7.95286149e-02 -5.57545662e-01 -1.11599110e-01 -7.37893105e-01

layers.2.bias:
-1.36227608e+00
-8.29564333e-01
6.26213074e-01
-5.82459390e-01
1.41366780e-01
-4.33226168e-01
2.40892932e-01
2.18020988e+00
5.28865635e-01
8.51527810e-01
-9.84427810e-01
-1.37417710e+00
-3.91986907e-01
9.39498365e-01
-3.54264051e-01
-6.48836315e-01
-6.68938532e-02
-7.91554928e-01
3.50155920e-01
-8.29364881e-02
-2.74829477e-01
7.96547711e-01
8.26671422e-01
-1.74494758e-01
-3.98381650e-01
1.05367756e+00
-9.97161865e-01
-1.03651297e+00
5.12344539e-01
-1.22911048e+00
1.47011518e-01
-4.26431885e-03
8.18527222e-01
1.14021078e-01
-2.35218078e-01
-2.25352980e-02
-1.34802282e-01
1.42385066e+00
1.04640007e+00
-2.65419245e-01
9.96728241e-01
-2.55716145e-01
-5.05895197e-01
1.39031136e+00
2.50582218e-01
-9.62816477e-01
1.03300416e+00
-3.49335760e-01
8.31811845e-01
1.71820712e+00
1.63475767e-01
3.20035785e-01
1.07831344e-01
-6.26971900e-01
2.29104057e-01
-2.30085030e-02
8.27491462e-01
-2.96586994e-02
9.40650888e-03
-6.69437587e-01
6.05488718e-01
5.62251844e-02
-2.30196595e-01
7.31337667e-01

layers.4.weight:
3.19012314e-01 3.70680131e-02 -4.54469435e-02 3.21443612e-03 8.02689465e-05 4.88069095e-02 -6.78086246e-04 -7.33789384e-01 -9.39396471e-02 -3.96210521e-01 5.40018380e-02 9.34400380e-01 -1.83071887e+00 -1.31034955e-01 1.28192194e-02 -1.48171854e+00 3.40333063e-04 6.94942102e-02 -8.44555534e-03 6.03765402e-05 -6.07769005e-04 -1.09434709e-01 -1.43707050e-02 2.72911400e-01 -1.65525842e-02 -3.29106413e-02 2.26943474e-02 7.59104013e-01 -3.83035004e-01 3.85903150e-01 -1.16520422e-02 -1.34259120e-01 -2.12337784e-02 3.31925694e-04 3.38121392e-02 1.64691926e-04 6.94857445e-05 -1.49927855e-01 -2.25246064e-02 1.90207869e-01 -2.84584984e-02 2.90504634e-01 5.84576628e-04 -1.22834474e-01 5.46312585e-05 1.31559655e-01 -1.54483253e-02 -3.49431968e-04 -9.32085216e-02 -6.89202130e-01 -5.85248545e-02 -2.79833097e-04 -4.11229033e-04 -6.67250366e-04 -1.08393431e+00 7.87706987e-04 -1.20382188e-04 -2.78881848e-01 -7.44126365e-02 3.77345905e-02 -9.77509841e-03 7.63133212e-05 7.85153568e-01 -1.68188401e-02

layers.4.bias:
-1.11476827e+00

