layers.0.weight:
3.31696361e-01 -5.67613244e-01 7.97264636e-01
5.69172144e-01 -8.09445798e-01 -5.80563486e-01
-8.31293464e-02 -6.13938749e-01 -5.77727258e-01
-1.07055378e+00 1.15616508e-01 4.58123112e+00
2.67282110e-02 4.11940843e-01 1.16166264e-01
-5.79876065e-01 8.58121514e-01 -1.84879377e-01
-1.31842160e+00 4.86020595e-01 -9.88645032e-02
-6.01682402e-02 7.88846374e-01 -9.23566997e-01
6.03414774e-01 -9.26082134e-01 5.12713566e-02
-1.11527514e+00 5.86289167e-02 -1.64189592e-01
7.53551662e-01 -9.85680073e-02 1.41279221e+00
-7.16238439e-01 -1.31785080e-01 -1.29353356e+00
-4.30584475e-02 7.12955832e-01 -1.57757306e+00
-1.16726887e+00 2.10410804e-02 5.00053525e-01
-6.46977663e-01 1.09646142e+00 7.52028525e-01
-1.81771189e-01 9.48456824e-01 1.64468549e-02
5.46070874e-01 -6.33792400e-01 -1.45019031e+00
-1.15504665e-02 1.12846863e+00 1.84981868e-01
8.07071701e-02 -9.54183042e-01 5.35116851e-01
3.41117471e-01 -1.28724232e-01 -8.64976227e-01
2.23475501e-01 1.65966094e-01 -5.10879010e-02
-3.24195027e-01 -2.56797969e-01 -1.00232065e+00
-4.64660525e-01 1.65601885e+00 -4.46076952e-02
-1.56447518e+00 4.06930357e-01 1.75152493e+00
1.05132234e+00 3.79940838e-01 -7.78481364e-01
2.59609371e-01 6.71772659e-01 -1.17486012e+00
-1.16151750e-01 -2.13369340e-01 1.90187418e+00
-3.97779703e-01 -2.44972542e-01 1.92939892e-01
3.22416067e-01 7.57217348e-01 -1.46468067e+00
-1.04933763e-02 4.65525806e-01 1.70563948e+00
-2.89658904e+00 2.84448242e+00 -1.78299040e-01
-1.26738083e+00 -5.19488692e-01 1.02004325e+00

layers.0.bias:
8.77201200e-01
4.81547834e-03
-1.42384720e+00
-6.34384930e-01
7.07518518e-01
-2.04255387e-01
-3.54310095e-01
2.86240637e-01
-7.45998621e-01
-1.59115899e+00
1.64644122e-01
1.80825554e-02
2.46107668e-01
-1.21306002e+00
-2.90836543e-01
1.43946290e+00
9.34610724e-01
1.82654703e+00
-6.68276668e-01
5.78918040e-01
-1.44309163e-01
-1.35729384e+00
1.02535832e+00
-7.05530941e-02
1.36946186e-01
5.60703695e-01
8.80503118e-01
-1.57881156e-01
-4.88352716e-01
7.31267482e-02
8.91685039e-02
-6.70209900e-02

layers.2.weight:
-4.37865317e-01 1.31453380e-01 1.31752744e-01 -4.76234734e-01 -2.14680701e-01 7.75555000e-02 1.76661965e-02 -1.00328788e-01 -2.05383971e-01 3.39445329e+00 1.04162037e-01 6.48596138e-02 -2.62553990e-01 2.46546006e+00 -1.13829076e-01 4.54430073e-01 -1.23373821e-01 7.22573519e-01 1.26383245e-01 -3.08855563e-01 2.96496063e-01 -3.35121937e-02 -3.96440864e-01 6.42309368e-01 -6.15936816e-02 5.69220543e-01 -7.87596941e-01 -1.55479386e-01 -9.36408639e-02 -2.03871995e-01 4.49648678e-01 2.25711390e-01
-3.27517316e-02 2.46695399e-01 -9.23367083e-01 6.57460988e-02 -2.63245612e-01 2.15888303e-02 -1.07141495e+00 -4.88359541e-01 7.66102016e-01 5.61266005e-01 3.62716436e-01 -2.95338035e-01 2.35067189e-01 -1.58345371e-01 -4.37183052e-01 2.63467014e-01 -3.03530425e-01 4.72929627e-01 -4.40840989e-01 -4.13494930e-02 7.20052600e-01 -1.98780924e-01 -5.46130240e-01 -5.91909550e-02 1.53234750e-01 -7.28952885e-02 -3.15546572e-01 -6.89977348e-01 1.38875365e-01 -2.07159013e-01 -1.42049054e-02 2.44815964e-02
-9.03858542e-02 -1.60199981e-02 2.95795053e-01 -7.38943160e-01 -1.09606516e+00 7.46238530e-02 -7.91104734e-01 3.03206980e-01 6.53081000e-01 1.13369167e+00 -5.03680885e-01 -1.66822299e-01 1.47434056e-01 3.84400815e-01 -1.31386548e-01 -1.13540328e+00 -2.34571263e-01 -1.06132293e+00 -5.03645577e-02 1.49485990e-01 -2.47419104e-01 -1.20794654e-01 1.77235171e-01 -8.90975654e-01 -7.71168530e-01 3.93764734e-01 -1.15948761e+00 1.71640649e-01 3.65794897e-01 -3.57490718e-01 -1.08322464e-01 7.30004668e-01
4.15035754e-01 2.42039934e-02 -8.37369338e-02 1.52521932e+00 5.47975659e-01 2.09782451e-01 4.78282541e-01 -3.84055167e-01 -2.31213346e-02 -2.16248304e-01 3.41373295e-01 -2.43536696e-01 -7.63271332e-01 -4.92486916e-03 5.34837902e-01 4.81309712e-01 -2.13108152e-01 6.04903698e-01 4.38887864e-01 -9.48358715e-01 -8.69838536e-01 -3.27612400e-01 2.65355378e-01 1.32384920e+00 -5.38509071e-01 -6.82281077e-01 6.76986158e-01 2.01347262e-01 -8.38072658e-01 2.11617071e-02 -2.13676244e-01 5.93651414e-01
2.18359642e-02 -4.39639568e-01 1.92583084e-01 -5.06693184e-01 3.08572650e-01 -1.78444266e-01 -6.53998256e-01 3.12067419e-01 -4.83296335e-01 -4.15724456e-01 3.53957742e-01 -6.50263429e-01 8.76979887e-01 -5.37813842e-01 -5.38870357e-02 -4.17784631e-01 -3.65370870e-01 -6.15073442e-01 -3.99289906e-01 -1.19719096e-01 6.69557631e-01 -5.11558175e-01 4.20540720e-01 -2.21556172e-01 -1.13574123e+00 7.23597407e-01 3.76272909e-02 -2.50595659e-01 -2.03897581e-01 5.56595981e-01 6.30128160e-02 3.31947535e-01
-4.47860777e-01 2.89362013e-01 3.61749589e-01 2.11052716e-01 -1.08486652e+00 -3.08996320e-01 -2.29403853e-01 2.61327058e-01 5.15601099e-01 8.19794461e-02 6.62901580e-01 2.65328348e-01 -1.21927798e-01 -1.54934987e-01 -4.29389060e-01 -1.33239377e+00 -3.60352755e-01 -1.62990177e+00 6.83195233e-01 -2.90714532e-01 -5.49213886e-01 -3.56721133e-02 -6.56360149e-01 -2.59600967e-01 8.80782232e-02 4.76635657e-02 1.94185242e-01 1.07606876e+00 -1.81051865e-01 -3.98974717e-01 -9.38970089e-01 3.06269377e-01
-2.20121760e-02 -1.03218295e-02 -2.26178065e-01 -3.42278439e-03 -1.03765532e-01 2.05863744e-01 -7.15878755e-02 -3.88265282e-01 -1.48951009e-01 1.81682572e-01 2.98967600e-01 3.78317051e-02 2.93333411e-01 -2.98806317e-02 7.39041530e-03 -2.75606751e-01 1.92984957e-02 7.27815479e-02 -7.88320228e-02 -3.08891803e-01 -3.64006668e-01 9.93913040e-02 4.99704294e-02 5.15776239e-02 1.44730508e-01 2.70722926e-01 -3.51720870e-01 -4.30200338e-01 -1.80063859e-01 7.76030049e-02 -1.12416439e-01 1.56886965e-01
1.46360725e-01 -1.22740557e-02 -4.60130036e-01 4.16911900e-01 2.44501963e-01 -4.82153922e-01 3.97884808e-02 4.25344855e-01 1.01803169e-01 -1.82043463e-01 -6.49553537e-02 8.93138230e-01 2.50461519e-01 -2.33409464e-01 -7.11100772e-02 1.09551638e-01 4.47064251e-01 1.02498755e-01 2.74657547e-01 4.26136583e-01 -1.36516273e+00 -9.58625853e-01 2.75837839e-01 5.96227646e-01 3.23594987e-01 6.66479409e-01 6.65341854e-01 4.49836016e-01 -7.26627469e-01 5.56922376e-01 5.45255002e-03 -4.08915818e-01
3.15873861e-01 3.40761632e-01 -7.27375627e-01 -2.82615095e-01 1.48561335e+00 -6.07805431e-01 6.92698658e-02 -3.26667875e-01 -1.04351914e+00 4.31881398e-01 3.63049209e-01 4.98336107e-01 7.15710998e-01 7.64989704e-02 -1.02837309e-02 2.40532279e+00 4.48205829e-01 1.75255167e+00 -4.98140991e-01 -5.15291877e-02 -1.21736921e-01 -3.81457955e-01 -1.50790572e-01 5.81656918e-02 9.86012071e-02 4.05903101e-01 3.01591381e-02 1.56898797e-01 -9.94322896e-02 1.14938393e-01 2.60282588e+00 -3.47489208e-01
-6.74861073e-01 1.69319496e-01 -6.14892915e-02 -5.79851866e-01 4.34983462e-01 7.86642730e-02 -1.08865738e-01 4.37241524e-01 4.49034303e-01 -1.54475376e-01 -3.94224450e-02 2.54980445e-01 2.45311588e-01 7.87778571e-02 -3.36148977e-01 -6.00926518e-01 4.22823608e-01 -3.76484483e-01 -4.78266925e-01 5.89780696e-02 -5.72076023e-01 -1.79868490e-01 1.75289094e-01 -9.45803225e-02 -2.03993633e-01 -3.52633186e-02 -2.31205270e-01 1.55730844e-01 3.15902084e-01 1.08238980e-01 8.91684443e-02 -8.38470738e-03
2.38885134e-01 -2.99738407e-01 -1.45996690e-01 -3.45496237e-01 -4.56524909e-01 -3.70636225e-01 -5.12048006e-01 8.79928097e-02 6.98047578e-01 1.30477548e-01 -5.09595156e-01 -1.33585051e-01 8.32293808e-01 -3.63322079e-01 -2.09959686e-01 -4.66577262e-01 -6.23971820e-01 -9.12491918e-01 1.05769552e-01 -3.31069417e-02 1.06648588e+00 -3.01460356e-01 -8.08046997e-01 1.81662083e-01 2.16001347e-02 -9.53716859e-02 -4.14836913e-01 -6.12622380e-01 2.21844777e-01 -3.82387012e-01 -5.10011733e-01 2.43614808e-01
-7.12466612e-02 -6.79736957e-02 1.75719225e+00 -8.66870403e-01 -1.23354042e+00 -2.70625437e-03 -1.46515882e-02 -4.10923362e-01 4.05653447e-01 2.24191499e+00 -3.53309661e-02 2.64386609e-02 2.85150737e-01 3.02988696e+00 3.53065580e-02 -1.37172234e+00 2.66824126e-01 -3.28195643e+00 6.32232130e-01 -3.57954592e-01 3.09147060e-01 5.99857390e-01 -4.62653875e-01 6.64042294e-01 5.04505523e-02 -5.45235395e-01 2.94914126e-01 -1.75121695e-01 1.80177346e-01 3.12313214e-02 3.61122400e-01 -4.53321368e-01
-7.08904445e-01 -1.49581015e-01 1.12051797e+00 3.76525253e-01 -1.05117083e+00 6.94862127e-01 -1.14711188e-01 -1.01586473e+00 4.65210706e-01 5.35644352e-01 2.69358367e-01 -2.48316769e-02 -4.93065625e-01 9.40252319e-02 4.62881625e-01 -4.95021963e+00 -6.57972619e-02 -6.58111954e+00 7.35010087e-01 -9.60790992e-01 -6.29552066e-01 5.66314101e-01 6.87442362e-01 -5.35764955e-02 -3.47207546e-01 -2.83191234e-01 -3.82233351e-01 6.64446294e-01 -8.07664990e-01 -3.49768817e-01 -8.93571913e-01 -2.01564983e-01
7.80813694e-02 -1.42214105e-01 -6.27461195e-01 -1.04091689e-01 -1.14544213e-01 -7.70768672e-02 2.53965557e-01 3.23601097e-01 2.76490957e-01 -3.16937864e-01 4.71138209e-01 -1.43467382e-01 3.62832725e-01 -8.11879337e-01 -2.96889216e-01 5.19941784e-02 -2.01923802e-01 3.11700255e-01 -5.26888669e-02 1.76930532e-01 -9.47871879e-02 -1.20470889e-01 3.61379683e-02 -2.29706138e-01 -1.81529343e-01 7.74361908e-01 -3.99813578e-02 1.02724627e-01 -2.15608388e-01 2.22285241e-01 1.01457730e-01 4.13103938e-01
-7.28576541e-01 4.13791448e-01 2.13934153e-01 3.28351080e-01 -6.96818769e-01 5.02567649e-01 -4.51311499e-01 -1.39740869e-01 5.58293223e-01 9.67806391e-03 -7.70781994e-01 2.53043175e-01 1.61027938e-01 -2.36679867e-01 -5.24824619e-01 -7.67751575e-01 2.59956867e-01 -7.91217983e-01 -2.88206100e-01 3.41293365e-01 1.21261919e+00 1.07625592e+00 -1.10710390e-01 1.88370243e-01 -6.81219757e-01 1.00366578e-01 -5.95412493e-01 3.12863529e-01 6.88609600e-01 -2.64960647e-01 -1.16356656e-01 4.88264292e-01
-5.52251577e-01 -1.08115681e-01 2.35500380e-01 3.67822535e-02 -2.52814204e-01 2.72125334e-01 -1.05549634e+00 1.18720075e-02 7.79969618e-02 4.79897738e+00 5.10912836e-01 3.63522708e-01 3.18062901e-01 2.39970589e+00 2.52180606e-01 3.30910198e-02 -4.23669815e-01 -2.38329154e-02 -2.19095172e-03 -1.43461853e-01 -5.89526236e-01 5.39865732e-01 1.28772378e-01 6.96933195e-02 -2.86118746e-01 -3.15059274e-01 -7.43910432e-01 2.30167389e-01 -2.86934841e-02 -7.30676234e-01 2.97915787e-01 -3.46081257e-01
-1.99801307e-02 1.56052992e-01 -5.82849830e-02 3.84263583e-02 -3.16736102e-02 -1.06940903e-02 1.63187683e-02 -7.62950704e-02 3.92219499e-02 -1.12760931e-01 5.97623549e-02 6.86095431e-02 3.54442075e-02 9.76934358e-02 9.05351639e-02 3.81636173e-02 3.58413197e-02 6.72028959e-02 2.83452328e-02 9.41662788e-02 2.41751134e-01 1.23252481e-01 -2.11066008e-02 9.30668786e-03 7.83241913e-02 2.70193536e-03 5.68379760e-02 2.81593770e-01 3.62711586e-02 4.09040134e-03 3.29924077e-02 9.40190908e-03
2.85004228e-01 8.23307931e-02 -6.37622297e-01 -1.25983646e-02 1.93880230e-01 -4.87054139e-01 -1.97997004e-01 -2.31801525e-01 4.61145043e-01 -1.28116095e+00 1.52926799e-02 9.47396606e-02 2.78083175e-01 -5.94287142e-02 -4.43724215e-01 1.19385801e-01 -1.68512210e-01 3.20923209e-01 -2.00085327e-01 1.01976395e+00 1.23887859e-01 8.50647390e-02 -7.80962467e-01 -1.82281137e-01 -1.38671800e-01 -3.56841505e-01 7.86578536e-01 -4.66756731e-01 2.83778459e-01 2.32724652e-01 -4.37564760e-01 2.10641593e-01
-3.43756557e-01 -5.52928299e-02 -3.17351043e-01 -2.24131301e-01 6.11900985e-01 6.89566284e-02 2.38405541e-01 2.13753045e-01 2.79362768e-01 -4.77213413e-01 -1.42045110e-01 -9.82372880e-01 5.02073228e-01 -2.28101358e-01 -2.26073220e-01 5.72637677e-01 -1.15823582e-01 5.57266474e-01 -1.86447501e-02 -4.85229790e-02 1.37175564e-02 -1.62197933e-01 5.42741477e-01 -3.39214057e-01 2.20266208e-01 2.39294618e-01 -1.96474701e-01 2.86186874e-01 9.61998776e-02 3.38395417e-01 5.04326403e-01 1.60320997e-01
5.93022965e-02 1.86747089e-01 -1.44152977e-02 5.93796298e-02 -6.48437068e-02 1.25717223e-01 -7.65053481e-02 -8.54987130e-02 2.81574056e-02 1.09725699e-01 5.60680218e-02 1.06563337e-01 -5.67857921e-02 -3.63574028e-02 1.13094255e-01 4.38747257e-01 9.46513340e-02 -2.62619525e-01 6.49332553e-02 -7.18806759e-02 -1.09058179e-01 -1.22913644e-01 3.40460688e-02 6.18025614e-03 3.10224313e-02 1.30825669e-01 -2.83637433e-04 1.99881122e-02 8.03599432e-02 3.67097161e-03 -4.81315367e-02 3.80349346e-02
5.89808404e-01 1.81737188e-02 6.48157418e-01 4.72874701e-01 -2.20023513e-01 -2.85052985e-01 -7.99598396e-01 -7.49317110e-02 -2.41244346e-01 -8.59163165e-01 -1.40318647e-01 9.70962107e-01 5.48135042e-01 -4.92510796e-01 5.45621753e-01 6.49823785e-01 5.87945245e-02 -9.16264728e-02 4.51872259e-01 5.42143703e-01 -5.80378115e-01 1.32260174e-01 4.87813503e-01 2.11761922e-01 -3.53414901e-02 -3.25292259e-01 4.18761149e-02 4.39075410e-01 -1.60714626e-01 -1.39131352e-01 -3.05605866e-02 5.58315277e-01
2.68766046e-01 -2.01877475e-01 7.16064721e-02 2.06037268e-01 -7.17469826e-02 1.31653771e-01 8.65918219e-01 -4.32054736e-02 4.59587365e-01 2.44443610e-01 3.69786918e-01 3.34963232e-01 -4.63788927e-01 -5.08071601e-01 1.93179443e-01 -1.02613616e+00 -1.33384883e-01 -7.90146828e-01 6.69974983e-02 -5.14915645e-01 -5.70714891e-01 -2.61470824e-02 3.01039845e-01 4.62568179e-02 1.51743712e-02 -4.99087870e-01 -6.47669971e-01 5.92247248e-01 -1.67291760e-01 -1.31084993e-01 1.96996897e-01 -4.04998176e-02
1.09164529e-01 1.30117223e-01 -2.11366579e-01 3.76915038e-01 -1.98546782e-01 1.70473605e-01 2.00350821e-01 -2.76817352e-01 -2.23103359e-01 2.72253722e-01 -9.78998840e-03 1.21336758e-01 4.62197661e-01 4.05282617e-01 -3.17234427e-01 -6.47645891e-01 6.40391290e-01 -2.65308768e-01 1.49727389e-01 -1.76799983e-01 -4.39380288e-01 7.43766055e-02 -6.05104923e-01 8.89471024e-02 -3.80056232e-01 -9.70087871e-02 -8.36715773e-02 -4.22532827e-01 6.90418780e-02 -1.52937755e-01 -1.09138764e-01 -2.70283729e-01
8.17413211e-01 1.82060868e-01 -3.59821618e-01 1.03614219e-01 4.16685194e-01 -6.12796307e-01 7.62719754e-03 3.31816018e-01 1.67263180e-01 -3.39878130e+00 7.92379230e-02 1.40722871e-01 4.23729718e-01 -1.72497904e+00 -1.43683270e-01 6.77691102e-01 2.89972961e-01 6.71937823e-01 -2.51047939e-01 1.24298722e-01 3.25405031e-01 -1.91105321e-01 -3.37908298e-01 -1.34817511e-01 -5.36728501e-01 -1.55024424e-01 -1.13378562e-01 -1.93236414e-02 2.69945979e-01 3.81127112e-02 2.13724803e-02 5.25912642e-03
-8.34110737e-01 -1.22224733e-01 -2.17657983e-02 1.99345529e-01 -7.11975843e-02 -1.83039531e-01 9.71058130e-01 -2.30859503e-01 -1.41636419e+00 1.87942839e+00 -7.52521753e-01 1.35834217e-01 7.15222284e-02 3.07549685e-01 -2.27120385e-01 6.20580375e-01 4.12340462e-01 7.06169665e-01 5.10449290e-01 -1.14949346e-01 -1.33249983e-01 3.04840475e-01 5.74414611e-01 1.05070436e+00 -3.74430895e-01 4.00584936e-01 -5.43160856e-01 2.71582026e-02 7.93312073e-01 -3.59646261e-01 6.28976583e-01 -7.32145831e-02
-6.47098660e-01 5.79361677e-01 8.17237198e-02 -2.89586663e-01 4.97466028e-01 2.70366490e-01 7.08148256e-02 6.20462596e-01 -3.45470130e-01 5.76070368e-01 -8.91446546e-02 -1.55345369e-02 3.80688280e-01 2.99602479e-01 -5.04763663e-01 -1.25669852e-01 -1.30335763e-01 -1.48822248e-01 3.23327005e-01 -3.16000909e-01 -5.09868786e-02 -1.42307997e-01 5.57872951e-02 -4.43759739e-01 3.16433161e-02 -1.05309002e-01 -7.08744466e-01 -4.39560175e-01 2.82916903e-01 -5.11925459e-01 -1.86290592e-01 -2.34817773e-01
-3.89061756e-02 4.82303113e-01 3.72186989e-01 2.92115778e-01 -1.03968598e-01 -4.94578630e-01 -3.89688730e-01 5.45259230e-02 5.11250138e-01 -8.43382001e-01 -6.41896307e-01 7.21688790e-04 -1.93592906e-01 -7.04193175e-01 -2.00807467e-01 6.64767444e-01 1.37611955e-01 3.13601524e-01 2.82412261e-01 3.68024319e-01 -1.21754212e-02 -7.79110789e-01 -8.45571905e-02 1.73208788e-02 3.72014582e-01 2.46702328e-01 -5.16666993e-02 -5.97497582e-01 -1.95561856e-01 -1.94781065e-01 -2.24768534e-01 -3.56672645e-01
-7.83007920e-01 4.78624582e-01 -7.51081824e-01 -9.96454179e-01 7.10449666e-02 -2.60929942e-01 -4.12509471e-01 5.08279979e-01 1.06779784e-01 3.46737176e-01 -2.26875730e-02 1.56762764e-01 1.75097764e-01 2.10187972e-01 -3.03810984e-02 1.54243886e+00 6.99127078e-01 1.54402554e+00 -1.41928351e+00 9.08998996e-02 6.43845916e-01 -8.32574069e-01 -6.25931323e-01 3.90291452e-01 -6.52687028e-02 -3.96020830e-01 2.86092907e-01 8.90054926e-02 8.03967595e-01 -8.01068902e-01 1.99507847e-01 -3.15640807e-01
8.01790506e-02 -6.19047046e-01 8.62095803e-02 -8.47932026e-02 -7.76058197e-01 5.92300057e-01 -1.50301114e-01 -5.60264349e-01 6.87305510e-01 7.48017550e-01 -1.88539565e-01 2.30192039e-02 5.11035442e-01 3.13026309e-01 1.65571243e-01 -1.34006333e+00 -5.15047908e-01 -1.28982651e+00 2.03052178e-01 1.68243274e-01 3.89356405e-01 3.90123099e-01 2.87321866e-01 1.72504917e-01 4.26512957e-01 5.29875346e-02 -3.81821990e-01 -3.86807054e-01 -3.59603882e-01 -2.96911746e-01 1.64060891e-01 1.52448043e-01
1.11813359e-02 -9.63926256e-01 3.25057447e-01 1.63691461e+00 1.01496249e-01 -9.84719489e-03 -3.31100263e-02 -3.64680260e-01 -1.78725243e-01 2.40095094e-01 1.13026714e+00 -9.83082891e-01 -1.17344964e+00 -2.77268618e-01 1.19642712e-01 -1.53314099e-01 -1.24831593e+00 5.29117942e-01 7.45060503e-01 -7.23312199e-01 7.84751534e-01 1.42220885e-01 -1.15751140e-01 -4.68915813e-02 -4.93794074e-03 -5.96730232e-01 2.59712160e-01 9.28080603e-02 -9.37225699e-01 1.31304657e+00 -6.28483355e-01 -5.74608520e-03
-8.92230213e-01 -3.21303308e-01 3.75422120e-01 1.72045037e-01 -2.21538410e-01 3.94618869e-01 5.93259990e-01 -1.68829530e-01 -8.36134911e-01 1.80040792e-01 -1.01546681e+00 3.78166825e-01 4.00706202e-01 2.34071240e-01 3.86181444e-01 4.63497154e-02 2.79829532e-01 -1.20835155e-01 2.44088992e-01 -4.07313764e-01 -1.11281681e+00 3.44369084e-01 1.46929532e-01 -6.42523468e-01 -7.14565292e-02 4.65832770e-01 -6.42393902e-02 4.49911624e-01 -6.27283394e-01 -1.80688083e-01 1.10737626e-02 2.41743237e-01
-3.99630606e-01 -4.23956215e-01 -9.54051316e-02 -1.66286528e-01 -3.42850536e-01 1.02789655e-01 7.47212023e-02 2.50050247e-01 -6.44649744e-01 1.76374102e+00 -1.69059217e-01 -9.45430249e-02 -5.02671599e-01 5.55551827e-01 -1.70828886e-02 1.44506944e-03 1.41785042e-02 1.65062740e-01 -3.51229799e-03 -1.89424351e-01 3.22588414e-01 1.83887079e-01 6.09923422e-01 1.23298109e-01 1.43352941e-01 -8.09825733e-02 -2.07002655e-01 1.14969671e-01 3.24156404e-01 3.00234973e-01 -3.07935826e-03 5.31248574e-04
-4.46074642e-02 -4.22516733e-01 1.05359979e-01 -1.32375926e-01 -5.78758895e-01 4.30631936e-01 -2.30207607e-01 -4.87783462e-01 1.65937081e-01 -2.80897379e-01 -3.53398025e-02 5.44842124e-01 2.13081717e-01 5.06798327e-01 4.03993160e-01 -7.50753820e-01 -4.89944100e-01 -1.43611002e+00 1.04380108e-01 -3.32873195e-01 -1.32337987e-01 9.10510778e-01 3.84418994e-01 5.95978677e-01 -3.83111835e-01 1.29296467e-01 9.64692160e-02 -2.18279034e-01 -3.77458602e-01 -2.89416492e-01 -2.04181924e-01 -1.75511703e-01
1.49879074e-02 -5.29685058e-02 1.51588395e-01 -1.00562282e-01 2.63040811e-01 -6.74259886e-02 -4.14775015e-04 -3.14510465e-01 -1.98352426e-01 2.78708935e-01 1.54499024e-01 1.35045648e-01 9.42815468e-02 -3.06765616e-01 -6.39432073e-02 -2.79123425e-01 6.83749914e-02 1.23826496e-01 -1.96126729e-01 -5.24873316e-01 1.53868422e-01 -1.47176236e-01 -8.00776929e-02 1.16151655e-02 -4.64380607e-02 2.29894623e-01 -6.84507340e-02 2.04621907e-02 9.00606066e-02 6.14919811e-02 -5.60961068e-02 2.49827988e-02
2.68197656e-01 -6.77624166e-01 -3.87610614e-01 8.98662746e-01 8.23423639e-02 -4.82413620e-01 2.60618955e-01 -2.69692540e-01 -3.49680871e-01 2.90369272e+00 -4.33675438e-01 8.44893456e-01 5.32622814e-01 1.25741553e+00 8.17067027e-01 4.57635641e-01 -1.13481522e-01 4.70006973e-01 6.72274888e-01 2.53203064e-01 1.66541800e-01 2.22951733e-02 -2.89597571e-01 1.26353467e+00 -2.84041643e-01 5.70274377e-03 -1.54628590e-01 4.15288985e-01 -3.19817334e-01 1.70544833e-01 6.37999594e-01 2.43521735e-01
-1.12922333e-01 1.80849478e-01 1.28435671e-01 8.06505159e-02 1.70067213e-02 -5.37575744e-02 2.47699767e-02 1.06725469e-01 2.58410685e-02 -3.33521627e-02 1.72693372e-01 8.83791000e-02 7.99706057e-02 -2.07031518e-02 1.40921861e-01 1.99187383e-01 1.95533149e-02 -1.08432852e-01 -1.12890983e-02 7.01040179e-02 -1.72601447e-01 -5.05172946e-02 -1.87415164e-02 -2.31039133e-02 -4.54973340e-01 -2.32862890e-01 4.96414974e-02 -1.17387712e-01 -2.02419013e-02 -4.87902835e-02 2.85178218e-02 -4.58103210e-01
8.49242955e-02 3.30457725e-02 -3.98197696e-02 -1.90767925e-02 -3.39011669e-01 -9.34260339e-02 -1.03633389e-01 1.02781370e-01 1.39038309e-01 -1.52070145e-03 -9.72232372e-02 9.02513340e-02 -4.39587496e-02 3.47028710e-02 -1.63357750e-01 2.04178229e-01 -3.86422011e-03 -7.63486177e-02 1.83549836e-01 3.99084508e-01 -4.00861770e-01 -6.50282130e-02 -1.06360696e-01 -7.43700936e-02 -3.33529226e-02 -1.15423203e-01 -1.01808511e-01 7.86648616e-02 -8.73741657e-02 3.90666071e-03 -4.57061939e-02 3.97874899e-02
7.91338623e-01 -2.74373949e-01 4.06623513e-01 3.20898443e-01 -5.74377418e-01 4.44998145e-02 -5.18788457e-01 -5.92730590e-04 7.15160429e-01 1.63283467e-01 -2.22028479e-01 7.23503828e-02 7.39299506e-02 3.26848775e-01 7.44125366e-01 -9.83228028e-01 -4.54797834e-01 -9.12070096e-01 8.42121661e-01 -2.80184895e-01 -8.13133657e-01 2.82763034e-01 -1.53370917e-01 2.43189141e-01 6.91234529e-01 -6.90662935e-02 2.07871988e-01 -5.22549823e-02 -6.62411511e-01 2.07541108e-01 1.29405066e-01 1.95834607e-01
2.00799242e-01 -4.52724665e-01 -2.20013812e-01 4.59682584e-01 -1.19076101e-02 -5.94804466e-01 3.88286114e-02 -1.67603374e-01 3.22006583e-01 -2.56036103e-01 -1.99011087e-01 4.09268111e-01 2.89428413e-01 -2.46796072e-01 2.97822952e-01 -9.66338575e-01 -3.77773672e-01 -1.10548675e+00 1.19879305e+00 -4.44269568e-01 -2.97099501e-01 -5.82150593e-02 3.60178858e-01 7.28317857e-01 -2.17917413e-01 -3.83656740e-01 4.99818951e-01 9.82343704e-02 -4.17069525e-01 -3.68590236e-01 1.19220074e-02 3.04829717e-01
1.16514042e-01 -5.87944277e-02 7.88532197e-01 1.40611172e-01 -1.64869702e+00 -3.72671545e-01 1.44630373e-01 -2.07094863e-01 8.32263589e-01 8.05678546e-01 -1.69429317e-01 -3.01126540e-01 -2.88090520e-02 6.04722917e-01 5.09286560e-02 -3.04783130e+00 -3.58392328e-01 -3.81372786e+00 2.94809282e-01 -5.22452034e-02 -8.32862437e-01 6.53742731e-01 1.44089326e-01 1.28980696e-01 2.81239808e-01 1.00642301e-01 3.67163002e-01 2.12569147e-01 -1.55992523e-01 -7.43243217e-01 -2.05466181e-01 1.03511833e-01
-1.32150531e-01 -2.05362871e-01 -2.45890096e-01 -3.07388544e-01 -3.57653052e-01 4.90846545e-01 1.14823282e-01 -1.20397925e-01 -4.24332507e-02 4.23376322e-01 -2.62810588e-01 2.63200343e-01 7.65017495e-02 -2.72408724e-01 -1.51884630e-01 -5.79866171e-01 3.32120776e-01 -6.58436060e-01 -2.19936341e-01 3.63028757e-02 -4.03230339e-01 3.98093164e-01 -2.21220657e-01 3.14289153e-01 3.49467307e-01 -5.10360837e-01 4.57899183e-01 1.12532198e-01 6.60851449e-02 1.01727344e-01 -1.42690912e-01 5.12524471e-02
2.57430792e-01 7.29239821e-01 7.84964502e-01 -3.89191180e-01 -2.09197357e-01 2.11704522e-01 2.38306656e-01 -7.62950778e-02 -6.75145805e-01 1.42018437e+00 -2.43171632e-01 -2.99636990e-01 -4.44275588e-01 1.31918812e+00 6.98382705e-02 -1.85091034e-01 3.62066142e-02 -1.43777847e+00 2.41037861e-01 -3.04902047e-01 1.19487219e-01 7.37127483e-01 -2.97724068e-01 -3.17615181e-01 5.58888495e-01 -7.91553438e-01 5.02620041e-01 -7.68193826e-02 -3.49830717e-01 -5.93447149e-01 -3.70954871e-02 -3.83455127e-01
3.12707499e-02 -3.94691646e-01 1.42144412e-01 -1.24251157e-01 -2.55052671e-02 4.45387401e-02 1.36544958e-01 -3.95417094e-01 -5.49439311e-01 -2.06325188e-01 -5.94314076e-02 -3.55558321e-02 -1.53482482e-01 5.83996475e-01 4.92259175e-01 5.11313736e-01 2.13726208e-01 -2.52453357e-01 1.52551085e-01 1.12962671e-01 -3.07732373e-01 2.64641613e-01 -4.87232327e-01 2.77256250e-01 -2.76243836e-01 -3.66989255e-01 4.63450223e-01 8.30613613e-01 -6.14721060e-01 -4.05714601e-01 3.32845330e-01 5.39479494e-01
-1.23451662e+00 -2.72858977e-01 -6.08589165e-02 -1.17266655e+00 6.14437051e-02 -1.55243561e-01 4.32009995e-01 4.86665398e-01 -4.03055042e-01 1.60253549e+00 -1.21418810e+00 1.45887613e+00 9.39868629e-01 7.57127225e-01 9.32167023e-02 8.32599044e-01 3.31153631e-01 1.74883857e-01 -1.70413166e-01 8.11273873e-01 -8.73909533e-01 -4.50143665e-01 -6.07714236e-01 8.59795287e-02 3.35187465e-01 7.18702018e-01 9.95187938e-01 9.90320265e-01 3.02744269e-01 -8.76797855e-01 1.31707144e+00 4.39272612e-01
-1.07015632e-01 8.44220072e-02 3.06622863e-01 -5.29773049e-02 3.67591351e-01 -8.69401991e-02 -6.77575357e-03 5.20354956e-02 -6.13717362e-02 1.35059088e-01 3.81448232e-02 -1.34357084e-02 1.50948088e-03 -9.98236313e-02 8.06264803e-02 -1.52295828e-01 9.42831933e-02 2.13399101e-02 -2.94609647e-02 -4.02014434e-01 1.62167445e-01 -1.06947429e-01 1.94894597e-02 3.29505242e-02 1.27279952e-01 4.88454802e-03 7.14333132e-02 1.26998767e-01 2.16825698e-02 -9.42994580e-02 -3.33879851e-02 6.89475164e-02
-2.65019000e-01 2.03207761e-01 7.16404021e-02 -1.89114269e-02 5.90377510e-01 7.24484324e-02 5.07021785e-01 3.58955979e-01 1.39755815e-01 -1.79787159e+00 -2.43365258e-01 4.30117667e-01 5.74894249e-01 -1.39012158e+00 -3.82139087e-01 2.51214296e-01 3.92407030e-01 2.94255853e-01 -6.52619302e-01 -6.76170647e-01 1.23656249e+00 -4.40326631e-01 1.66333601e-01 -1.79713571e+00 3.00977707e-01 5.07634163e-01 -9.22592342e-01 -1.33187771e+00 1.42285514e+00 -4.85042064e-03 3.07796627e-01 -5.26117384e-01
7.33394682e-01 -3.54116857e-01 -1.86006427e-01 4.92636144e-01 -4.11056489e-01 -6.93581104e-02 -1.55127570e-01 -3.73566568e-01 6.06310427e-01 -1.23941898e-01 -7.69978762e-02 -9.23031271e-02 6.90735996e-01 -3.26396883e-01 4.07694817e-01 -9.57142174e-01 -8.30572844e-02 -1.04683959e+00 1.37215066e+00 -1.25831902e-01 -4.06220883e-01 1.29692793e-01 1.44632116e-01 2.28610724e-01 -1.18662708e-01 -2.96005040e-01 8.55027497e-01 6.59993172e-01 -7.11764872e-01 3.88847262e-01 1.25428498e-01 3.69673312e-01
-1.59645721e-01 3.10422182e-01 -1.42334417e-01 -5.95417283e-02 -6.12613440e-01 -2.64685571e-01 8.00248459e-02 4.17915404e-01 -3.51781435e-02 -4.65202838e-01 -2.13503331e-01 5.20153195e-02 -3.41520041e-01 1.98470876e-01 2.83606350e-01 -1.45498827e-01 -1.28827572e-01 2.79520929e-01 1.11479007e-01 3.51876706e-01 -2.68934786e-01 -4.48809229e-02 -5.72741851e-02 -6.93038926e-02 -7.73808733e-02 -1.12159453e-01 2.55264938e-01 -2.68573195e-01 1.18361048e-01 -2.57129990e-03 1.19745053e-01 1.30954295e-01
1.29085138e-01 -4.96526927e-01 -6.25899583e-02 -1.18820876e-01 -2.14778855e-01 -2.26550817e-01 -2.07662344e-01 -2.11468235e-01 -2.29761556e-01 3.37258309e-01 -2.31639519e-02 8.74064118e-02 3.59311581e-01 1.83909640e-01 -1.62895516e-01 -7.92526245e-01 -1.75482616e-01 -2.73196667e-01 9.23644900e-02 8.01590011e-02 7.57376105e-02 -3.96315828e-02 5.32773376e-01 1.66998673e-02 -3.13386649e-01 2.31587455e-01 3.27305198e-01 6.70786276e-02 -6.34101927e-02 1.11059047e-01 -1.74535662e-01 -2.69946814e-01
9.63920534e-01 5.86952083e-02 -5.65066755e-01 1.35806382e-01 1.82743207e-01 1.38669923e-01 5.34532309e-01 1.42281950e-01 -2.57683933e-01 -8.77487719e-01 -8.98443341e-01 1.41850710e+00 1.42537192e-01 -8.70424628e-01 2.45914191e-01 6.14120066e-01 1.03743538e-01 4.72754270e-01 -1.08271211e-01 1.19646393e-01 -1.59107685e+00 -3.62579316e-01 -8.51751924e-01 -1.70795828e-01 -5.10372102e-01 -2.36156899e-02 1.87976584e-01 6.65975690e-01 8.05503130e-03 -3.47564043e-03 -2.42174417e-02 5.66500962e-01
-1.57172427e-01 -1.92327753e-01 -8.89406323e-01 -1.11558229e-01 3.39639336e-01 4.65707868e-01 3.85961980e-02 8.77593309e-02 -2.78406948e-01 6.24504209e-01 -4.97921288e-01 -1.05096865e+00 4.21367675e-01 2.34440908e-01 1.21574819e-01 6.89129889e-01 -2.16043815e-01 1.41447830e+00 -5.32827079e-01 6.31628633e-02 3.73140275e-01 -1.07388072e-01 2.42609352e-01 5.86602807e-01 -8.15038607e-02 8.30989778e-01 -1.45937398e-01 -3.65100056e-01 2.03000009e-01 9.54479948e-02 8.60667706e-01 -2.79198200e-01
1.79656260e-02 3.23688984e-01 -2.06427902e-01 -5.27096927e-01 -2.96202227e-02 7.04049051e-01 2.26439074e-01 7.32079685e-01 4.83399153e-01 1.72072992e-01 1.06686425e+00 -3.96681130e-01 -4.74386870e-05 2.29065150e-01 3.62276733e-02 -7.67100394e-01 1.95403218e-01 -7.12716207e-02 -2.88370579e-01 -6.37575269e-01 2.18612212e-03 -3.08984697e-01 2.39917606e-01 1.69960231e-01 -1.82002991e-01 1.04114369e-01 1.14017047e-01 -6.69041723e-02 -5.73779106e-01 3.48939717e-01 -4.15482312e-01 7.71385059e-02
6.90211877e-02 2.91079655e-03 -1.81041300e-01 1.22236488e-02 1.33146435e-01 7.83723593e-02 3.41089629e-02 1.34306759e-01 -9.12203118e-02 -1.15488552e-01 -2.02636700e-02 -4.29257065e-01 2.57376075e-01 2.05938563e-01 -7.13026524e-03 2.28643015e-01 5.01419529e-02 -1.14535913e-02 -1.62873417e-02 2.54868388e-01 1.93575084e-01 2.39734128e-01 2.12144703e-02 2.92671055e-01 -9.33852866e-02 -2.37514108e-01 -1.70614690e-01 -2.66987294e-01 -2.95950860e-01 -1.39040321e-01 4.22939584e-02 -2.88969070e-01
4.82379407e-01 1.40710145e-01 6.38729393e-01 3.35953087e-01 4.89991754e-02 2.85423398e-01 8.02166641e-01 -4.22920078e-01 9.95432198e-01 -1.40363639e-02 -7.03013480e-01 3.09528351e-01 -4.87468481e-01 -3.69144052e-01 -1.13642007e-01 -1.35104835e-01 -4.62344021e-01 -7.47462332e-01 4.76694405e-01 8.39306340e-02 -1.69525534e-01 6.27741396e-01 3.61940116e-02 5.91730177e-01 6.38466477e-02 -1.32700562e-01 -2.87228614e-01 2.27503777e-01 1.60394430e-01 3.49542946e-01 -2.87056923e-01 -3.95076796e-02
-3.82164448e-01 -6.12699866e-01 1.54049063e+00 9.81295481e-02 -8.44172359e-01 -5.29470779e-02 -1.20601380e+00 -9.75824773e-01 2.56194711e-01 9.50953543e-01 2.09307298e-02 -5.15684664e-01 -3.03228289e-01 1.01203060e+00 7.17446327e-01 -1.88720763e+00 1.09642677e-01 -2.61660337e+00 1.73491573e+00 8.04323077e-01 -5.42893350e-01 1.76836634e+00 -2.61112660e-01 1.98164478e-01 4.14767444e-01 -6.89069748e-01 -2.44069621e-01 3.71791869e-01 1.76284239e-01 5.73847219e-02 5.98776519e-01 1.05665870e-01
1.22698164e-02 -9.97577421e-03 6.63017258e-02 4.69095781e-02 3.72677475e-01 -1.74594820e-02 9.30245034e-03 7.66982930e-03 7.39869028e-02 2.66631115e-02 -1.01812966e-02 -5.94913363e-02 9.24993977e-02 2.50507100e-03 -2.91759986e-02 -4.32801694e-02 -2.24471698e-03 -1.09708693e-03 -4.88138050e-02 6.92453012e-02 1.31980032e-01 5.13019711e-02 -2.09108274e-02 -2.59865876e-02 -1.21977471e-01 -1.55362025e-01 1.71970874e-02 3.56111974e-01 -7.43651018e-03 -5.26064001e-02 2.56531350e-02 -2.48023540e-01
-5.01893103e-01 1.67673275e-01 -1.96605306e-02 -2.08871767e-01 -3.55030686e-01 5.22736944e-02 -2.33866319e-01 8.10857117e-01 -2.94132009e-02 2.12814845e-02 -3.18984598e-01 8.22238803e-01 6.32987201e-01 2.03998655e-01 2.20656484e-01 5.26422188e-02 9.77963395e-03 3.81019227e-02 -2.25761652e-01 1.11554988e-01 -3.71297635e-02 -4.99733329e-01 -1.93917394e-01 -3.45800757e-01 -2.32177839e-01 -5.95141463e-02 -7.45790541e-01 3.19062680e-01 -1.31064072e-01 -3.87015432e-01 -3.06589037e-01 4.01089191e-01
-2.42575705e-01 -2.21815303e-01 8.23803544e-01 2.36511558e-01 -9.38569903e-01 4.00551766e-01 1.45206422e-01 -6.14436448e-01 6.22756898e-01 2.52968729e-01 -1.14773832e-01 3.52098733e-01 -7.70117566e-02 1.88660007e-02 2.57113129e-01 -2.47019625e+00 1.13644890e-01 -1.39022112e+00 1.85488179e-01 1.84178650e-01 4.70821708e-02 3.60088468e-01 4.11045015e-01 1.28888145e-01 -1.21219471e-01 -5.31699896e-01 -1.00899048e-01 -2.39243820e-01 -4.66769248e-01 -4.97348189e-01 2.69873381e-01 -4.03799206e-01
-2.98488081e-01 -1.11627519e-01 5.95483417e-03 1.10128336e-01 -4.18924183e-01 1.04679950e-01 5.42084575e-01 -1.15991689e-01 -7.84279346e-01 2.91948938e+00 -4.79892194e-01 1.06113374e-01 -2.15490013e-01 1.41657174e+00 -2.26767138e-02 -1.19588807e-01 -4.38765511e-02 -3.24604243e-01 -1.44924179e-01 -3.24858636e-01 4.16994952e-02 2.90531933e-01 -1.20126031e-01 -1.95942655e-01 -2.07705677e-01 1.20174736e-01 3.86661738e-01 4.87068921e-01 2.14121014e-01 -5.00121355e-01 4.95550543e-01 -1.28884986e-02
6.99023157e-02 -1.47051573e-01 5.34401000e-01 4.53732461e-01 1.03961475e-01 -5.42745233e-01 -1.29220653e+00 2.32853398e-01 2.79356599e-01 3.80894430e-02 6.43327460e-02 -2.88088620e-02 1.45314083e-01 -9.55111235e-02 -2.91669965e-01 7.58278847e-01 5.69732487e-02 4.37067896e-01 -2.37276360e-01 -2.61741936e-01 8.44027579e-01 3.52107406e-01 2.69713491e-01 -6.02566481e-01 2.34856829e-01 1.49384424e-01 -2.28749469e-01 1.26506880e-01 -5.21134213e-02 3.04829568e-01 -5.31175733e-01 -4.96116638e-01
9.14597631e-01 -9.11112577e-02 4.02853251e-01 7.99944758e-01 -2.96174526e-01 1.09205022e-01 -5.97333848e-01 -3.80967349e-01 5.00078082e-01 -1.55415177e+00 -4.32952583e-01 9.41800654e-01 -1.05901456e+00 -3.24304491e-01 1.89330533e-01 -2.98888594e-01 1.70281202e-01 1.68132216e-01 3.93628955e-01 9.24981534e-01 1.55992523e-01 -3.73332679e-01 -2.07892776e+00 -6.56593382e-01 6.25590086e-01 7.19920874e-01 -9.90146279e-01 -3.08379948e-01 2.24421278e-01 1.05803525e+00 -6.85604632e-01 -2.03639239e-01
-3.51731628e-02 1.77143633e-01 -2.69749388e-02 -5.14058992e-02 -2.12084964e-01 -4.10268642e-02 1.72158778e-02 -5.58931492e-02 -2.37823874e-02 -4.41334303e-03 4.33712713e-02 9.49230790e-02 8.03068280e-02 -3.14398110e-02 1.45751372e-01 -1.36308804e-01 9.43694115e-02 2.31280193e-01 1.23857949e-02 -2.90945411e-01 1.27957731e-01 5.29008061e-02 -4.00218833e-03 -3.17959934e-02 -3.10221285e-01 -5.16530275e-02 1.37919551e-02 -6.40387908e-02 1.45762991e-02 -8.52617994e-03 -8.38419609e-03 -2.13081136e-01
-2.14612973e-03 2.92460889e-01 1.77645040e+00 4.90992010e-01 -1.72943938e+00 2.29460716e-01 -3.84185344e-01 -6.46388352e-01 9.68256116e-01 6.03347301e-01 1.58951715e-01 -4.12141591e-01 -9.46985185e-01 7.59968340e-01 1.13009669e-01 -4.24205351e+00 -2.56848872e-01 -5.37322807e+00 4.73214954e-01 7.10361525e-02 -1.18819368e+00 1.11521149e+00 3.99332464e-01 1.34001985e-01 1.48211315e-01 -2.48484835e-01 -4.75575268e-01 7.73375452e-01 -3.68332207e-01 4.12875339e-02 -8.44692215e-02 1.00137450e-01
-8.59678864e-01 2.23435327e-01 2.61423022e-01 -8.22588503e-01 -1.46694809e-01 -1.55463278e-01 -1.81034878e-01 4.61664796e-01 2.92188860e-02 6.80637360e-02 3.05382162e-02 -2.11559340e-01 5.10972500e-01 5.59476852e-01 -4.41541910e-01 -3.67931098e-01 2.29505017e-01 -3.32943857e-01 -2.76943207e-01 1.80948645e-01 1.28563065e-02 8.01194251e-01 1.77497774e-01 -1.73313081e-01 -1.75825894e-01 3.01823765e-01 -7.91385651e-01 1.84476256e-01 1.31935269e-01 -6.42882407e-01 -2.58083463e-01 -7.07785606e-01

layers.2.bias:
-1.52464247e+00
-7.82992959e-01
4.86477464e-01
-4.30629939e-01
2.68943697e-01
-4.60114300e-01
2.32539564e-01
2.07952952e+00
8.64603102e-01
7.84187138e-01
-9.31666553e-01
-1.43441164e+00
-4.55858767e-01
1.00514913e+00
-2.95337677e-01
-8.13033879e-01
-6.89223856e-02
-5.24836898e-01
3.45241874e-01
-8.26227292e-02
-9.96058434e-02
7.78451562e-01
8.97082746e-01
6.56437948e-02
-5.33011913e-01
9.79286969e-01
-7.93765724e-01
-1.07727849e+00
3.58220309e-01
-1.08943510e+00
7.27475360e-02
-1.95011839e-01
7.68843710e-01
1.10529214e-01
-2.79603422e-01
-2.31982600e-02
-4.44965772e-02
1.39145648e+00
1.05062425e+00
-1.36705562e-01
1.03322899e+00
-3.27771634e-01
-5.20177662e-01
1.55475485e+00
2.56718725e-01
-1.15145934e+00
1.06065357e+00
-3.33404630e-01
8.27966869e-01
1.73478520e+00
1.03435241e-01
2.78013527e-01
1.22909352e-01
-5.88849962e-01
1.37158990e-01
-2.65291724e-02
7.17475533e-01
-2.56815553e-01
-1.53695941e-01
-4.52757061e-01
8.28890204e-01
5.62735535e-02
-4.45827156e-01
6.62185550e-01

layers.4.weight:
4.88228887e-01 7.90278912e-02 -9.23778862e-02 4.41077426e-02 -7.49450934e-04 1.70940444e-01 4.99315560e-04 -7.46744633e-01 -1.60907760e-01 -4.22983736e-01 -8.43017325e-02 9.31690335e-01 -2.29469562e+00 -1.20664194e-01 -3.17302905e-02 -1.23637748e+00 -5.86369657e-04 8.29269812e-02 1.51334271e-01 7.94998894e-04 -5.08356281e-02 -1.51223317e-01 -8.41390043e-02 3.20153445e-01 -9.61062536e-02 -6.83715492e-02 1.45602878e-02 9.66133773e-01 -4.09350127e-01 4.25229043e-01 -6.31152093e-02 -1.10101089e-01 -1.88174844e-01 -2.76714563e-04 1.29946634e-01 -1.37458948e-04 -6.69098049e-02 -2.79850423e-01 -1.38816267e-01 3.42208207e-01 -6.64091706e-02 4.25813645e-01 9.68775973e-02 -2.50411719e-01 3.88014858e-04 2.62972772e-01 -1.64359599e-01 -1.00269658e-03 -3.71205658e-02 -7.04357386e-01 -1.06882513e-01 3.05349492e-02 1.69759919e-03 -5.90439513e-02 -1.17967618e+00 3.98895208e-05 -4.73097414e-02 -4.45941120e-01 -1.24394983e-01 8.37559439e-03 6.81376085e-02 -1.43827156e-05 1.19575500e+00 -5.64848632e-02

layers.4.bias:
-1.12908101e+00

