layers.0.weight:
3.31696361e-01 -5.67613244e-01 7.97264636e-01
5.69172144e-01 -8.09445798e-01 -5.80563486e-01
-8.31293464e-02 -6.13938749e-01 -5.77727258e-01
-1.07055378e+00 1.15616508e-01 4.58123112e+00
2.67282110e-02 4.11940843e-01 1.16166264e-01
-5.79876065e-01 8.58121514e-01 -1.84879377e-01
-1.31842160e+00 4.86020595e-01 -9.88645032e-02
-6.01682402e-02 7.88846374e-01 -9.23566997e-01
6.03414774e-01 -9.26082134e-01 5.12713566e-02
-1.11527514e+00 5.86289167e-02 -1.64189592e-01
7.53551662e-01 -9.85680073e-02 1.41279221e+00
-7.16238439e-01 -1.31785080e-01 -1.29353356e+00
-4.30584475e-02 7.12955832e-01 -1.57757306e+00
-1.16726887e+00 2.10410804e-02 5.00053525e-01
-6.46977663e-01 1.09646142e+00 7.52028525e-01
-1.81771189e-01 9.48456824e-01 1.64468549e-02
5.46070874e-01 -6.33792400e-01 -1.45019031e+00
-1.15504665e-02 1.12846863e+00 1.84981868e-01
8.07071701e-02 -9.54183042e-01 5.35116851e-01
3.41117471e-01 -1.28724232e-01 -8.64976227e-01
2.23475501e-01 1.65966094e-01 -5.10879010e-02
-3.24195027e-01 -2.56797969e-01 -1.00232065e+00
-4.64660525e-01 1.65601885e+00 -4.46076952e-02
-1.56447518e+00 4.06930357e-01 1.75152493e+00
1.05132234e+00 3.79940838e-01 -7.78481364e-01
2.59609371e-01 6.71772659e-01 -1.17486012e+00
-1.16151750e-01 -2.13369340e-01 1.90187418e+00
-3.97779703e-01 -2.44972542e-01 1.92939892e-01
3.22416067e-01 7.57217348e-01 -1.46468067e+00
-1.04933763e-02 4.65525806e-01 1.70563948e+00
-2.89658904e+00 2.84448242e+00 -1.78299040e-01
-1.26738083e+00 -5.19488692e-01 1.02004325e+00

layers.0.bias:
8.77201200e-01
4.81547834e-03
-1.42384720e+00
-6.34384930e-01
7.07518518e-01
-2.04255387e-01
-3.54310095e-01
2.86240637e-01
-7.45998621e-01
-1.59115899e+00
1.64644122e-01
1.80825554e-02
2.46107668e-01
-1.21306002e+00
-2.90836543e-01
1.43946290e+00
9.34610724e-01
1.82654703e+00
-6.68276668e-01
5.78918040e-01
-1.44309163e-01
-1.35729384e+00
1.02535832e+00
-7.05530941e-02
1.36946186e-01
5.60703695e-01
8.80503118e-01
-1.57881156e-01
-4.88352716e-01
7.31267482e-02
8.91685039e-02
-6.70209900e-02

layers.2.weight:
-3.33540708e-01 3.18693936e-01 1.39752015e-01 -5.45703590e-01 -2.09882796e-01 -6.68817535e-02 8.73427317e-02 -1.42459022e-02 8.64407569e-02 2.68315768e+00 2.57949587e-02 1.42313480e-01 -1.62602097e-01 2.33313084e+00 -3.14212054e-01 3.16917688e-01 8.07072502e-04 5.11993229e-01 1.22249044e-01 -2.10874066e-01 2.08046168e-01 -1.37353372e-02 -5.78550458e-01 5.26654363e-01 -1.23459384e-01 6.75309479e-01 -8.50810528e-01 -1.11065291e-01 -1.44951001e-01 -2.82545865e-01 -5.08512914e-01 2.97190547e-01
-8.60869661e-02 1.41019404e-01 -8.44775081e-01 4.80559804e-02 -3.97947878e-01 1.45546019e-01 -7.47605503e-01 -4.97163057e-01 5.50058484e-01 6.76658869e-01 3.43798429e-01 -2.73160607e-01 2.46633381e-01 -2.42183562e-02 -3.00014704e-01 2.12846413e-01 -3.61808389e-01 3.37314695e-01 -4.14031327e-01 -6.05224781e-02 6.44062817e-01 -1.18994631e-01 -4.17656898e-01 -5.94705567e-02 9.73625854e-03 -7.37476274e-02 -3.29378605e-01 -5.48853576e-01 6.59561306e-02 -2.22433507e-01 -3.52720022e-02 1.85102910e-01
-1.40260309e-01 -1.07279584e-01 8.90666246e-02 -8.54567468e-01 -6.01920426e-01 6.94688261e-02 -3.88814092e-01 4.33227509e-01 3.55525583e-01 8.04808915e-01 -6.49956048e-01 1.22060366e-02 2.64337748e-01 9.43085849e-02 4.99465736e-03 -4.73777890e-01 -1.70238644e-01 -4.25956607e-01 -2.16244683e-01 4.03125584e-01 -3.03220898e-01 -1.58453494e-01 4.93499726e-01 -1.13344300e+00 -1.43647984e-01 5.37052870e-01 -1.27357841e+00 -1.06116652e-01 5.31836927e-01 -4.74827766e-01 1.76997513e-01 4.71167043e-02
3.27230930e-01 2.42588315e-02 1.32131996e-02 1.42522657e+00 4.33787972e-01 3.02744418e-01 5.79531431e-01 -3.24505091e-01 -5.47706112e-02 -1.22512713e-01 2.39993989e-01 -1.42115235e-01 -6.56566679e-01 8.09619799e-02 5.36979973e-01 4.41327751e-01 -1.88139871e-01 4.47987258e-01 4.13029671e-01 -8.33602011e-01 -9.32965338e-01 -2.29923308e-01 2.84768581e-01 1.31160951e+00 -6.48293614e-01 -6.38880134e-01 5.77544689e-01 3.60657752e-01 -7.46690333e-01 -8.59429464e-02 -1.02122411e-01 6.34374917e-01
-4.42397920e-03 -4.04789776e-01 3.31923932e-01 -4.88397360e-01 5.68596413e-03 -1.96448877e-01 -9.93142307e-01 2.28985772e-01 -4.94436882e-02 -3.60757202e-01 3.88792574e-01 -7.16226339e-01 8.50895822e-01 -6.96041644e-01 -2.04410423e-02 -8.58809114e-01 -3.59659791e-01 -9.20872629e-01 -2.13505402e-01 -1.05778374e-01 9.27579463e-01 -4.96905237e-01 3.16953331e-01 -3.58627468e-01 -7.88766444e-01 6.87832534e-01 5.55181541e-02 -6.29204094e-01 -1.93187982e-01 5.78928351e-01 -1.18976146e-01 3.42267789e-02
-4.08197165e-01 2.79504448e-01 2.63051122e-01 1.81129813e-01 -5.90138197e-01 -2.37664238e-01 -9.22011912e-01 3.25106949e-01 5.89051843e-01 -3.37491125e-01 6.88730955e-01 1.24172598e-01 -8.71011317e-02 -3.92764270e-01 -3.20359498e-01 -9.20867145e-01 -3.18641156e-01 -1.01518452e+00 5.71308553e-01 -2.19166249e-01 -4.78056043e-01 -7.87651837e-02 -4.77924734e-01 -2.43258223e-01 1.71356648e-01 9.69411135e-02 1.61127284e-01 9.43179846e-01 -1.04518823e-01 -4.10453200e-01 -8.88643146e-01 2.00041249e-01
-9.78394970e-03 1.67932920e-02 -2.07439318e-01 -6.78889547e-03 -1.60854980e-01 1.83720976e-01 -1.05548985e-01 -4.12668794e-01 -1.34353116e-01 2.44536191e-01 2.94041276e-01 4.97576371e-02 2.86937833e-01 -1.98272672e-02 -2.82758567e-02 -2.44443163e-01 2.53748372e-02 1.19826943e-01 -2.81397104e-02 -3.21783364e-01 -3.82348657e-01 1.16397031e-01 8.09094682e-02 3.74544412e-02 1.39429569e-01 2.56735802e-01 -3.58671248e-01 -4.09777313e-01 -1.49864092e-01 7.46561438e-02 -5.79359271e-02 1.59320042e-01
2.73577064e-01 9.85505432e-02 -4.37992692e-01 3.75421286e-01 3.59063327e-01 -6.21330261e-01 1.35105714e-01 4.86949742e-01 4.46953215e-02 -2.92006552e-01 -1.19754054e-01 9.48321164e-01 2.96019137e-01 -5.37379384e-01 -1.61759958e-01 2.31310323e-01 5.10865748e-01 2.20847636e-01 2.10175365e-01 4.85526025e-01 -1.45830417e+00 -9.20411587e-01 1.53744489e-01 3.25010508e-01 2.07319871e-01 7.31266797e-01 6.22405827e-01 5.32979131e-01 -5.97021222e-01 5.13877749e-01 2.30889738e-01 -2.69518435e-01
2.85540856e-02 2.70082772e-01 -5.38922310e-01 -2.59307534e-01 1.20576322e+00 -3.80771816e-01 -5.81221879e-01 -3.19605172e-01 -6.52766049e-01 2.66033262e-01 4.53620315e-01 2.30392233e-01 6.91245854e-01 -1.57894120e-01 1.05693497e-01 1.64969790e+00 3.27459067e-01 1.29314780e+00 -5.84481776e-01 -1.62740946e-01 1.12389952e-01 -2.76187330e-01 8.75531435e-02 3.35961759e-01 7.16381595e-02 3.85552824e-01 4.38516140e-02 7.33872801e-02 2.56158896e-02 1.54700160e-01 2.24969840e+00 -3.52211535e-01
-6.07231140e-01 1.13082573e-01 -1.16124973e-01 -5.12607872e-01 4.48042244e-01 9.66274180e-03 -4.80567552e-02 3.65065634e-01 4.18376774e-01 -1.71088532e-01 1.98460650e-02 2.34066427e-01 1.73905417e-01 1.80965170e-01 -3.58646184e-01 -5.88149071e-01 3.27869028e-01 -3.76903743e-01 -4.07701075e-01 -4.04856354e-02 -6.51773572e-01 -2.43301108e-01 9.63290706e-02 -7.22624138e-02 -2.17577472e-01 -1.02210127e-01 -1.64244100e-01 2.37438425e-01 2.54987091e-01 1.73926443e-01 1.60216436e-01 -3.43189458e-03
1.08502187e-01 -3.40544313e-01 -1.22234739e-01 -3.48102003e-01 -4.07974005e-01 -2.84517437e-01 -3.92817557e-01 1.42342061e-01 5.01535296e-01 2.53799349e-01 -5.14637947e-01 -1.29012883e-01 8.42273891e-01 -3.13203931e-01 -1.78442180e-01 -3.14722270e-01 -6.55296683e-01 -7.83929288e-01 -4.74549383e-02 -5.28118834e-02 1.07907152e+00 -2.76422471e-01 -7.73334622e-01 1.86239272e-01 -1.64476689e-02 -7.00170100e-02 -4.20121342e-01 -6.24894083e-01 3.17317486e-01 -3.82825375e-01 -6.86733201e-02 2.84972697e-01
-7.93299451e-02 -2.47171581e-01 1.64976656e+00 -8.66699040e-01 -6.64568663e-01 1.35697275e-01 5.70055135e-02 -4.04501110e-01 -3.56309801e-01 1.90406930e+00 3.62021327e-02 -1.31513253e-01 2.86174506e-01 3.25871372e+00 1.46378905e-01 -4.19445932e-01 2.63932884e-01 -2.27648830e+00 5.90234637e-01 -3.38383615e-01 2.51992851e-01 5.87952793e-01 -2.78751791e-01 8.62911105e-01 -9.37391669e-02 -5.60041785e-01 3.02263886e-01 -9.21728835e-02 8.11633766e-02 4.48771268e-02 5.91021366e-02 -3.23689133e-01
-6.43412173e-01 -2.25083664e-01 9.26826775e-01 3.95404577e-01 -5.55826128e-01 6.11448169e-01 7.64117017e-02 -8.94910336e-01 3.36353153e-01 3.94418806e-01 1.84572235e-01 1.69439271e-01 -4.87964898e-01 -1.42125085e-01 5.00946164e-01 -3.95983648e+00 -1.65689647e-01 -5.82866335e+00 5.40584266e-01 -1.01915121e+00 -6.68440044e-01 4.65627819e-01 6.46010876e-01 -1.17784321e-01 -2.17218071e-01 -2.15779543e-01 -3.73463571e-01 6.13510251e-01 -5.87569714e-01 -3.37321520e-01 -1.32652414e+00 -3.00172955e-01
4.37569954e-02 -1.72379106e-01 -6.44898057e-01 -4.68996987e-02 -1.68027356e-01 -4.37671877e-02 2.85828173e-01 3.21710080e-01 3.72427702e-01 -1.92550525e-01 5.41650414e-01 -1.84956744e-01 3.14231306e-01 -7.81027675e-01 -3.26679587e-01 -8.87345523e-02 -2.61345059e-01 1.83187306e-01 -8.91512260e-02 1.02679327e-01 -4.42612953e-02 -1.63692996e-01 2.79010013e-02 -1.97581008e-01 -1.44044310e-01 7.43767083e-01 8.85142945e-03 6.55073673e-02 -1.93150908e-01 2.76091546e-01 2.07607746e-01 3.73408228e-01
-8.77712250e-01 2.58525431e-01 -1.51250111e-02 3.41002107e-01 -2.07097352e-01 5.85994422e-01 -4.24589217e-01 -1.23520881e-01 4.79691505e-01 -1.96874484e-01 -7.54018962e-01 2.35796556e-01 1.52057499e-01 -3.28990996e-01 -3.24653655e-01 -7.30184138e-01 2.28912190e-01 -7.26889372e-01 -3.50709081e-01 3.18844467e-01 1.36208761e+00 9.62299049e-01 -7.49664903e-02 1.67161286e-01 -3.39761496e-01 1.02072492e-01 -5.88952243e-01 4.26921947e-03 7.61754334e-01 -2.46128306e-01 -1.16090335e-01 1.05472028e-01
-4.61780250e-01 -2.60349177e-02 1.12689577e-01 6.08793162e-02 -2.04799429e-01 2.03972414e-01 -8.52919161e-01 -3.66952941e-02 7.03517289e-04 5.31019449e+00 4.85405803e-01 5.01576364e-01 2.88304955e-01 2.61164379e+00 1.34723606e-02 4.62589450e-02 -3.65705937e-01 -9.81661454e-02 2.05576085e-02 -1.29553288e-01 -7.66805828e-01 4.77565497e-01 1.22444332e-01 2.09824115e-01 -4.64390457e-01 -3.63756657e-01 -7.05769300e-01 4.04605299e-01 -1.33408308e-01 -7.32737303e-01 3.10015142e-01 -1.73226476e-01
-1.49014741e-02 1.34251833e-01 -7.14713633e-02 3.64715569e-02 2.23264489e-02 6.62772404e-03 3.89864407e-02 -6.06832169e-02 1.69462226e-02 -1.81686610e-01 6.40992075e-02 4.95792776e-02 4.50689644e-02 8.51408541e-02 1.28751352e-01 2.64587756e-02 3.79203223e-02 1.43251540e-02 -1.01717543e-02 1.13913335e-01 2.62050360e-01 1.13679886e-01 -1.68586001e-02 1.83477476e-02 7.51363114e-02 1.90006867e-02 5.87914772e-02 2.63651937e-01 3.93984187e-03 2.16435757e-03 -2.51852861e-03 1.61145907e-02
1.66361839e-01 -1.17883071e-01 -5.40661633e-01 3.52607742e-02 4.72250246e-02 -2.09907323e-01 -2.63230234e-01 -3.07424605e-01 3.20890248e-01 -6.81063116e-01 5.82516119e-02 -1.73459761e-02 2.14652583e-01 5.06531335e-02 -7.86649808e-02 8.86972696e-02 -3.02331954e-01 3.79703015e-01 -1.08063832e-01 9.24040318e-01 2.84998268e-01 1.30328998e-01 -4.74745423e-01 -1.36089429e-01 -1.22336373e-01 -4.27568078e-01 8.29950571e-01 -5.09747088e-01 2.48148322e-01 2.98681766e-01 -5.13237789e-02 1.94848895e-01
-2.85133868e-01 -6.07639439e-02 -2.87932724e-01 -2.29009897e-01 3.71860683e-01 2.52271947e-02 1.88850120e-01 1.38692543e-01 4.12316173e-01 -3.78717750e-01 -1.86684981e-01 -8.87778103e-01 4.95161176e-01 -1.63319886e-01 -1.92913607e-01 8.15993547e-02 -1.07271157e-01 2.58472204e-01 1.38429865e-01 -6.33292422e-02 -1.59432590e-02 -1.71889797e-01 4.52400059e-01 -3.31256360e-01 2.28998944e-01 2.12079167e-01 -1.97745278e-01 3.38528365e-01 5.46646528e-02 3.25721711e-01 5.15408456e-01 1.34239376e-01
5.98071627e-02 1.81266636e-01 -5.87094668e-03 7.16978237e-02 -6.40118569e-02 1.03406437e-01 -1.63337085e-02 -8.24003443e-02 3.77809927e-02 6.54528365e-02 6.91318288e-02 1.12660371e-01 -6.91683516e-02 -7.00223073e-02 1.13610767e-01 4.58288789e-01 5.28931804e-02 -3.04127902e-01 3.99652496e-02 -1.00755602e-01 -1.17810853e-01 -1.27384871e-01 9.19927843e-03 -3.34667303e-02 4.40256596e-02 1.24023609e-01 8.01387616e-03 1.56018902e-02 1.05246633e-01 1.66125987e-02 -2.34519243e-02 3.36699560e-02
5.03175080e-01 -1.83629721e-01 7.29125023e-01 4.88399953e-01 -3.51753145e-01 -2.29915589e-01 -6.71392500e-01 -9.29331332e-02 -2.99926966e-01 -8.27955246e-01 -1.35862455e-01 1.00214958e+00 5.31814456e-01 -4.33575988e-01 7.70650387e-01 4.69244063e-01 -9.02344137e-02 -3.19991499e-01 4.61940676e-01 4.81556863e-01 -4.32542980e-01 1.39707550e-01 5.50480425e-01 1.51044443e-01 1.24920532e-01 -3.32160801e-01 5.25166616e-02 3.02686155e-01 -7.24110231e-02 -1.21827930e-01 5.58176562e-02 3.99084568e-01
2.49454796e-01 -1.17789567e-01 3.81919108e-02 1.57572880e-01 8.43190998e-02 1.48467138e-01 9.16609228e-01 6.82038888e-02 4.73516554e-01 2.49267638e-01 3.37046176e-01 3.60063046e-01 -4.03652340e-01 -5.85791409e-01 1.22744367e-01 -9.34591949e-01 -4.49914597e-02 -6.78856313e-01 -7.76819512e-02 -4.39250439e-01 -4.98482406e-01 -1.36408862e-02 2.45652154e-01 -4.30414565e-02 1.17737025e-01 -4.25609827e-01 -6.98552012e-01 4.02357757e-01 -1.06667966e-01 -1.78998530e-01 2.55700499e-01 -1.13618828e-01
6.32547662e-02 -2.57617943e-02 -2.89258063e-01 4.07218486e-01 2.65984796e-02 3.76411200e-01 3.85023057e-01 -2.61252970e-01 -3.37758273e-01 3.44949245e-01 1.90138668e-02 8.63504186e-02 4.37709600e-01 5.21746695e-01 -1.46220177e-01 -5.56388378e-01 5.42876840e-01 -1.79071322e-01 3.50880139e-02 -2.47759700e-01 -3.60966742e-01 3.47692817e-02 -3.61552596e-01 1.88181475e-01 -3.72808784e-01 -1.09479070e-01 -5.53519204e-02 -4.51084405e-01 5.30745611e-02 -1.15904070e-01 -1.70328245e-02 -2.78984368e-01
7.09445417e-01 -5.20824008e-02 -2.43387252e-01 1.92420274e-01 9.01560783e-02 -4.31791157e-01 -9.88674983e-02 3.13038737e-01 3.35612059e-01 -2.70299244e+00 1.43937275e-01 1.28274113e-01 3.56384456e-01 -1.66379666e+00 1.26761645e-01 2.86960244e-01 1.08174235e-01 2.10817382e-01 -2.42369473e-01 -3.59445177e-02 5.40604651e-01 -2.24302784e-01 -1.98756352e-01 -3.93650085e-02 -3.11624080e-01 -2.10682109e-01 -3.43213715e-02 -2.14638412e-01 2.89007306e-01 1.32431701e-01 -3.03397119e-01 -2.30719522e-01
-8.46585810e-01 1.38256237e-01 1.66861881e-02 1.43650502e-01 -1.59067243e-01 -3.36533368e-01 1.05855727e+00 -1.40090585e-01 -1.00396550e+00 7.47167587e-01 -6.99895144e-01 1.87388938e-02 1.40720755e-01 9.27231610e-02 -6.92126036e-01 2.80934721e-01 5.83863854e-01 3.42573225e-01 4.04451430e-01 -3.33327451e-03 -1.91640064e-01 3.56488734e-01 5.38546920e-01 9.77711141e-01 -4.44835037e-01 4.93192136e-01 -5.97661614e-01 7.76472166e-02 8.42361867e-01 -4.32289213e-01 1.17375866e-01 2.45794896e-02
-5.41220665e-01 6.19417250e-01 -4.76741716e-02 -1.37700364e-01 5.48176885e-01 1.61750525e-01 -2.04341812e-03 5.14234781e-01 -2.99588352e-01 4.90007371e-01 7.11179674e-02 -1.61190391e-01 2.15167359e-01 2.04259425e-01 -5.45952082e-01 -3.49288285e-01 -8.32182691e-02 -9.85449925e-02 3.95122796e-01 -3.53987575e-01 -2.68969941e-03 -2.80239373e-01 9.74299014e-03 -5.78416407e-01 1.14740491e-01 -2.04286411e-01 -5.60575545e-01 -5.05634129e-01 1.67098388e-01 -3.62415403e-01 -1.98808476e-01 -2.85016358e-01
-1.36145890e-01 2.29206592e-01 4.63887781e-01 3.62992525e-01 -2.76523918e-01 -2.96796829e-01 -1.32570833e-01 -1.28696552e-02 3.06998909e-01 -4.46061164e-01 -5.80241740e-01 -7.28130341e-02 -2.74849772e-01 -2.85366714e-01 6.19795844e-02 5.97338617e-01 -8.65005851e-02 2.03934848e-01 2.96079755e-01 2.12719157e-01 7.82824829e-02 -7.38586068e-01 1.62224501e-01 9.85385776e-02 2.77436882e-01 1.55650079e-01 1.59883648e-02 -5.73276758e-01 -2.70942926e-01 -1.14358112e-01 8.08750987e-02 -2.44921938e-01
-7.83256888e-01 4.91013527e-01 -5.71785271e-01 -1.02939534e+00 -2.77300298e-01 -2.47560084e-01 -3.26035559e-01 3.93977642e-01 9.12066773e-02 4.77860332e-01 -7.22482875e-02 2.03749418e-01 1.96929246e-01 2.78884023e-01 -3.91042605e-02 1.07728386e+00 7.14601815e-01 1.10777915e+00 -5.72845817e-01 9.85605568e-02 4.85149175e-01 -7.16944814e-01 -6.72828496e-01 3.86276722e-01 -2.43641734e-01 -4.33023363e-01 2.62355357e-01 3.60338688e-01 4.83855724e-01 -8.33738923e-01 1.89724654e-01 -1.62615746e-01
1.41105384e-01 -5.67395747e-01 -9.95524898e-02 -9.62355211e-02 -5.11673093e-01 5.38705647e-01 1.11875825e-01 -4.80757236e-01 4.90524858e-01 9.22326326e-01 -2.15555668e-01 1.07094638e-01 5.32457054e-01 4.36628103e-01 4.62365933e-02 -9.97608304e-01 -4.68748510e-01 -9.76287842e-01 3.37022468e-02 1.95929572e-01 2.42110342e-01 3.21280032e-01 1.84504613e-01 1.82443187e-01 2.82687098e-01 8.70800540e-02 -3.92153561e-01 -2.57202655e-01 -2.73350030e-01 -3.19395721e-01 4.58970547e-01 2.93291688e-01
-9.50023383e-02 -9.93961811e-01 3.91447634e-01 1.54769742e+00 1.48200691e-01 1.32083371e-01 -1.10468961e-01 -2.24038258e-01 -2.46083423e-01 2.60047942e-01 1.05479419e+00 -9.68058228e-01 -1.06643438e+00 -3.85522902e-01 2.28464961e-01 -6.38777167e-02 -1.20074964e+00 6.31545782e-01 5.85346639e-01 -5.27312696e-01 9.71807778e-01 2.26851806e-01 5.76286316e-02 -1.79431528e-01 1.30930617e-01 -4.66816336e-01 1.68965578e-01 -1.46524414e-01 -8.43127906e-01 1.22939742e+00 -5.90297461e-01 -1.16285004e-01
-7.76087105e-01 -1.83865204e-01 3.16305816e-01 1.22784764e-01 -1.52501583e-01 2.41018027e-01 2.79492319e-01 4.80761379e-02 -4.52823490e-01 -2.11671293e-01 -9.90323424e-01 2.71328419e-01 4.67723340e-01 8.35342407e-02 1.81240916e-01 -4.68102694e-02 3.57873440e-01 -6.94704503e-02 -1.60580933e-01 -3.41575146e-01 -7.93883562e-01 3.31837445e-01 2.52108555e-02 -6.97188258e-01 2.17633843e-01 5.89412034e-01 -1.26164317e-01 7.55521283e-02 -4.08293605e-01 -2.31785640e-01 -1.60269886e-01 -5.12511507e-02
-2.65322924e-01 -3.17768902e-01 -1.39662504e-01 -1.68787256e-01 -2.40494952e-01 -8.98250341e-02 2.71068931e-01 2.68727720e-01 -6.70707583e-01 1.40463531e+00 -1.75498262e-01 -5.76945879e-02 -4.86342251e-01 5.05624592e-01 -1.65327728e-01 3.90327983e-02 4.57637161e-02 1.27824843e-01 -5.75098209e-03 -1.64154947e-01 1.82347134e-01 1.59988701e-01 2.76776314e-01 1.97567493e-02 1.35591272e-02 -4.95556109e-02 -2.05089450e-01 2.26223171e-01 2.47672021e-01 2.91870356e-01 2.06050619e-01 1.41483948e-01
-5.47321737e-02 -3.52813303e-01 -4.40579765e-02 -7.94535354e-02 -2.81835020e-01 4.53235477e-01 -2.13620588e-01 -4.40349638e-01 8.46590623e-02 -4.06187922e-01 4.83296439e-02 4.09666091e-01 1.83462307e-01 3.90538603e-01 3.03095907e-01 -4.92965937e-01 -4.58082348e-01 -1.16882980e+00 -4.62774225e-02 -3.40220898e-01 -1.36675030e-01 8.39523792e-01 4.22739148e-01 6.41309559e-01 -4.95661616e-01 1.19893633e-01 1.48863882e-01 -2.15128452e-01 -3.93066138e-01 -2.39758119e-01 -5.54255545e-02 -5.27602471e-02
2.49872487e-02 -4.09289300e-02 1.51215360e-01 -9.66896787e-02 2.14893326e-01 -1.00384787e-01 -1.59805373e-03 -3.32759947e-01 -1.86512813e-01 3.31878334e-01 1.46167457e-01 1.64777547e-01 8.38332549e-02 -2.86766708e-01 -8.13724697e-02 -2.92108834e-01 5.81029877e-02 1.46801829e-01 -1.62926540e-01 -5.43694198e-01 1.28695026e-01 -1.44086123e-01 -9.34695229e-02 -2.40512155e-02 -3.58626619e-02 2.13375524e-01 -6.75185844e-02 4.60411049e-02 1.13116607e-01 6.35721087e-02 -1.05497297e-02 1.27481632e-02
2.40722984e-01 -7.59104788e-01 -3.33932579e-01 7.82644272e-01 -1.12086862e-01 -6.01732731e-01 5.23711860e-01 -2.08438292e-01 -3.29531938e-01 2.67643690e+00 -5.46056330e-01 9.68675077e-01 6.27147675e-01 8.40274334e-01 8.57284009e-01 3.00644845e-01 -6.49106223e-03 3.02854717e-01 6.95840359e-01 3.59022439e-01 1.31806612e-01 1.12036183e-01 -2.59192020e-01 1.07578540e+00 -1.21095613e-01 1.08105004e-01 -2.83184707e-01 3.83157164e-01 -1.47402948e-02 5.29549681e-02 4.88205999e-01 9.44051743e-02
-1.05700627e-01 1.63769469e-01 1.24141306e-01 7.61422366e-02 5.15324548e-02 -4.81067374e-02 2.74426062e-02 1.06163464e-01 1.17858825e-02 -2.41636466e-02 1.66515216e-01 8.45986977e-02 8.79208967e-02 -1.17729539e-02 1.76213413e-01 2.01355010e-01 2.24027485e-02 -1.29942432e-01 -1.40014729e-02 9.76701826e-02 -1.51470199e-01 -5.52885234e-02 -4.13007662e-02 -2.06183232e-02 -4.50293958e-01 -2.27880836e-01 4.98112366e-02 -1.45290285e-01 -7.36398101e-02 -5.20277955e-02 -5.71288727e-03 -4.60147470e-01
-2.29638722e-03 -8.50892812e-02 -6.36081174e-02 2.61729024e-02 -2.13361025e-01 2.74912678e-02 -2.21617129e-02 1.67888135e-01 5.78026175e-02 -5.55289797e-02 -1.24028968e-02 -1.87047068e-02 -6.59316406e-02 1.97844040e-02 -5.35184108e-02 2.10111022e-01 -1.10184908e-01 -1.37134016e-01 1.02578215e-02 3.31233948e-01 -2.45752603e-01 -1.11079827e-01 4.69636871e-03 -6.17967593e-03 1.38337808e-02 -9.19519663e-02 -6.21862710e-02 -6.91942796e-02 -5.67449816e-02 5.38485013e-02 2.08541863e-02 -4.48224694e-03
8.04565310e-01 -2.62474865e-01 3.10015887e-01 3.19092989e-01 -3.27248633e-01 2.24813949e-02 -4.70521092e-01 8.23135078e-02 6.23697221e-01 8.64192471e-02 -2.02303305e-01 6.45061284e-02 8.30375850e-02 2.33296052e-01 7.34341860e-01 -5.03892660e-01 -4.40801769e-01 -6.08621418e-01 2.55462617e-01 -2.53381103e-01 -7.44449258e-01 2.34576270e-01 -1.26077950e-01 1.88704088e-01 7.54507482e-01 1.36534418e-05 2.00949520e-01 -1.42925873e-01 -4.66662794e-01 2.05691993e-01 1.07339084e-01 1.54049411e-01
1.00894243e-01 -4.29848641e-01 -2.99196243e-01 4.11695302e-01 2.54403442e-01 -5.63521445e-01 1.44177824e-01 1.42653557e-02 2.10728616e-01 -2.26734310e-01 -2.43133813e-01 4.53535020e-01 3.51129293e-01 -2.58394510e-01 2.72372365e-01 -5.48667133e-01 -3.39352459e-01 -6.94940031e-01 3.68699998e-01 -4.12113041e-01 -2.47757614e-01 -5.62761426e-02 3.83456439e-01 6.63970113e-01 -1.47661507e-01 -3.23357522e-01 4.43969369e-01 -2.21810378e-02 -9.40616876e-02 -4.16428238e-01 1.42618060e-01 2.48549029e-01
-7.17643276e-02 -1.51157454e-01 7.27761269e-01 9.40121561e-02 -9.41432476e-01 -2.05761090e-01 1.96464583e-01 -5.27514406e-02 5.81388593e-01 6.96400821e-01 -1.39516965e-01 -3.78990203e-01 3.08712553e-02 7.58810997e-01 1.28665105e-01 -1.92530119e+00 -3.86412084e-01 -2.37562418e+00 -5.40047027e-02 -1.80020891e-02 -6.17899716e-01 6.61485970e-01 3.23216081e-01 1.30976319e-01 4.15092707e-01 1.55939817e-01 3.18090320e-01 -3.06834485e-02 -3.99839282e-02 -7.77436912e-01 -3.81996453e-01 -3.58011164e-02
-1.73239589e-01 -2.48354405e-01 -2.69133329e-01 -2.72449315e-01 -2.49786779e-01 5.49065173e-01 1.78096697e-01 -1.09618314e-01 -1.22464798e-01 3.68949056e-01 -1.91009730e-01 1.62749052e-01 5.00825383e-02 -2.63464123e-01 -1.27431124e-01 -4.75247592e-01 3.01659793e-01 -6.08050168e-01 -2.87256598e-01 1.65752191e-02 -3.46401691e-01 3.73967379e-01 -1.49328411e-01 3.61003965e-01 3.53507400e-01 -5.23658574e-01 4.91236269e-01 7.98107237e-02 6.11348525e-02 1.41208738e-01 -6.39754459e-02 4.33733724e-02
3.85052830e-01 6.64325178e-01 6.85341239e-01 -3.97502601e-01 1.70267403e-01 2.00690120e-01 1.43650740e-01 -9.70237404e-02 -8.14179122e-01 9.88989055e-01 -2.73072034e-01 -2.61816233e-01 -4.41405773e-01 1.11045671e+00 1.84274688e-01 8.68501589e-02 1.46320928e-02 -9.40465927e-01 2.41039589e-01 -2.91395873e-01 1.10100597e-01 7.02783227e-01 -8.24708417e-02 -4.00822014e-01 6.77880347e-01 -7.66441584e-01 4.93742228e-01 -1.19644165e-01 -2.63950676e-01 -5.94700813e-01 -6.79411814e-02 -4.88944262e-01
4.96075721e-03 -3.30930740e-01 1.87023804e-01 -1.82782218e-01 -1.81893349e-01 8.95024762e-02 9.32542011e-02 -2.85813659e-01 -4.86092478e-01 -3.69875312e-01 -1.13663048e-01 1.33856442e-02 -9.22394246e-02 4.17642027e-01 4.61077094e-01 3.72315019e-01 2.97932535e-01 -3.76606822e-01 4.84564267e-02 1.77532330e-01 -2.85343587e-01 3.12707037e-01 -3.88662845e-01 1.50031477e-01 -8.08588490e-02 -2.55984902e-01 3.99538547e-01 7.56716609e-01 -4.11666781e-01 -4.66495514e-01 2.19908997e-01 3.61332655e-01
-1.24492192e+00 1.47115469e-01 1.52760252e-01 -1.31695795e+00 -1.71454400e-01 -1.08377494e-01 1.73920870e-01 5.11356235e-01 1.47152930e-01 3.68592024e-01 -9.83185589e-01 7.22396314e-01 1.07789648e+00 3.54630798e-01 -6.93161964e-01 2.42000476e-01 6.02420509e-01 -4.44885105e-01 -2.64724225e-01 1.04264843e+00 -5.68676770e-01 -2.95262277e-01 -3.79264265e-01 -4.37765643e-02 5.93467414e-01 9.77443397e-01 8.50707054e-01 6.52501225e-01 5.07831931e-01 -1.03926980e+00 1.60661802e-01 2.15380758e-01
-1.00418203e-01 9.81319621e-02 3.17815423e-01 -4.96120639e-02 3.23355824e-01 -1.05210274e-01 -2.13549454e-02 3.16932686e-02 -5.21768443e-02 1.96487576e-01 2.52885260e-02 1.31502952e-02 -9.36932117e-03 -1.10260189e-01 6.95370585e-02 -1.32361859e-01 7.64133260e-02 6.70061558e-02 7.71342730e-03 -4.24178213e-01 1.37818545e-01 -9.22680646e-02 1.92735754e-02 7.34349014e-03 1.37156889e-01 -1.64989009e-02 7.18600675e-02 1.51821315e-01 3.61714028e-02 -9.07889828e-02 -1.85759254e-02 5.90386577e-02
-7.45650157e-02 3.02955896e-01 3.24952722e-01 -1.11227617e-01 3.91959883e-02 6.43544570e-02 6.51048183e-01 2.72502601e-01 1.51979610e-01 -1.20817292e+00 -3.37226570e-01 5.25117517e-01 6.46530449e-01 -3.09510738e-01 -5.16328216e-01 -3.23191613e-01 5.63539028e-01 -5.68770409e-01 2.32254881e-02 -4.01405901e-01 8.38334501e-01 -2.90067464e-01 -2.27504894e-02 -1.38784230e+00 -3.35123420e-01 4.94671166e-01 -9.83749509e-01 -6.83949351e-01 2.55485296e-01 -1.16579555e-01 -6.17558025e-02 -1.78224947e-02
5.60842991e-01 -3.40892643e-01 -3.27742487e-01 4.66005057e-01 1.97841693e-03 -1.25374692e-02 -1.87531821e-02 -1.52382761e-01 4.41774219e-01 -5.35383858e-02 -9.75093395e-02 -7.15818107e-02 7.34426677e-01 -3.06094348e-01 3.85505825e-01 -2.83455193e-01 -5.55205569e-02 -4.22729492e-01 1.44387409e-01 -1.01926155e-01 -3.09247196e-01 9.31194127e-02 1.98068127e-01 1.85167387e-01 -5.06114736e-02 -2.34741002e-01 8.20181787e-01 4.82984751e-01 -3.68915915e-01 3.62894535e-01 2.43483275e-01 3.22081447e-01
-1.92626595e-01 2.69919544e-01 -1.64762393e-01 -6.17945269e-02 -5.37084103e-01 -2.28619695e-01 1.01920135e-01 4.47471321e-01 -2.55922079e-02 -5.45045257e-01 -2.01021656e-01 3.00312471e-02 -3.30033094e-01 1.88612565e-01 3.01379889e-01 -1.50256068e-01 -1.72406688e-01 2.61704981e-01 5.15916012e-02 3.62581342e-01 -2.21905187e-01 -5.96699938e-02 -6.32068217e-02 -3.98513898e-02 -7.22998902e-02 -8.72023106e-02 2.56729484e-01 -3.07574213e-01 1.04541145e-01 -3.95961152e-03 1.09735783e-02 1.33398533e-01
4.38859537e-02 -5.17829776e-01 -9.33142006e-02 -1.18570350e-01 -8.26713443e-02 -1.48361102e-01 -1.18813282e-02 -1.53352141e-01 -4.04736698e-01 4.66929018e-01 -2.69337296e-02 9.43303183e-02 3.67971867e-01 3.10511500e-01 -1.58670545e-01 -6.29742444e-01 -1.78832814e-01 -1.46048740e-01 -2.08126511e-02 6.83995336e-02 7.53794909e-02 -3.13573703e-02 5.68078995e-01 3.84984054e-02 -3.73963237e-01 2.43443802e-01 3.26544493e-01 9.93106663e-02 -5.60478233e-02 1.11563958e-01 -2.10278593e-02 -2.16107920e-01
9.55430865e-01 -7.56304786e-02 -6.02959871e-01 2.40577921e-01 2.55891651e-01 1.71652332e-01 5.52414775e-01 1.23999394e-01 -3.87781620e-01 -8.63429248e-01 -8.44489396e-01 1.34186029e+00 4.46504727e-02 -8.53772104e-01 3.73472631e-01 8.40083182e-01 -4.93013524e-02 5.86856604e-01 -1.43945694e-01 -2.47746008e-03 -1.65742624e+00 -3.64078671e-01 -7.24128604e-01 -8.91143456e-02 -4.83911335e-01 -3.87815423e-02 2.91478127e-01 7.16446400e-01 -1.02920607e-01 1.10936843e-01 -2.48222891e-03 5.07755399e-01
-1.54382840e-01 1.06080331e-01 -8.92971218e-01 -9.93778408e-02 1.57485694e-01 3.57937753e-01 1.49855182e-01 3.84808145e-02 7.16087315e-03 5.58872879e-01 -4.41218764e-01 -1.14257729e+00 4.03438836e-01 3.64307731e-01 -3.60669702e-01 5.05693793e-01 -4.10341658e-02 1.23763907e+00 -4.14723456e-01 1.30197734e-01 2.58682638e-01 -8.67475793e-02 -6.57286867e-02 6.70306027e-01 -3.15390170e-01 7.89179265e-01 -1.22851469e-01 -2.06015691e-01 9.88581777e-02 8.85294676e-02 7.39734888e-01 -3.10928654e-02
-1.03935031e-02 3.42703372e-01 -1.86025321e-01 -6.15223408e-01 -3.74701433e-02 7.37910092e-01 3.06255639e-01 7.94309556e-01 3.07020903e-01 3.12181205e-01 9.50943887e-01 -2.59908378e-01 8.44614580e-02 2.64669985e-01 5.84726259e-02 -6.80995047e-01 2.88255244e-01 -2.71328930e-02 -3.21629226e-01 -5.37857890e-01 -5.45995496e-02 -2.41328239e-01 2.52738118e-01 1.45131603e-01 -2.27443397e-01 1.73478365e-01 3.55075337e-02 -1.05984826e-02 -5.57560265e-01 2.54574269e-01 -1.56231552e-01 1.10300846e-01
7.37446472e-02 5.00365235e-02 -1.33725554e-01 1.53274247e-02 -4.75437120e-02 4.99907248e-02 7.88699612e-02 7.56137073e-02 -2.70094965e-02 -2.90485360e-02 -4.79405336e-02 -3.87794971e-01 2.38154978e-01 2.32938439e-01 -6.41442137e-03 8.83214176e-02 1.24153152e-01 -5.59749193e-02 1.08857356e-01 2.58618861e-01 1.25754640e-01 2.76992589e-01 -4.90642060e-03 1.93042263e-01 -1.09769352e-01 -2.93915808e-01 -1.70937061e-01 -1.84514731e-01 -3.10470849e-01 -1.36366069e-01 2.75973063e-02 -2.57530272e-01
4.33655679e-01 5.74330203e-02 5.37443578e-01 4.17179883e-01 3.49329948e-01 4.01536733e-01 9.26624596e-01 -3.80013943e-01 7.72605717e-01 -8.39231014e-02 -5.85786462e-01 1.33212417e-01 -5.43312550e-01 -3.90526712e-01 -4.91239615e-02 2.33424559e-01 -5.40010691e-01 -4.64648902e-01 2.98297107e-01 -1.52858905e-02 -9.40793678e-02 5.59867263e-01 1.99669436e-01 6.52867496e-01 3.88069637e-02 -1.53709412e-01 -2.11491987e-01 1.56885713e-01 1.66552812e-01 4.38853651e-01 -1.57515526e-01 1.92646752e-03
-2.68961459e-01 -4.52472925e-01 1.45107293e+00 8.36440250e-02 -7.85242021e-01 -1.83387816e-01 -1.19512427e+00 -9.62701857e-01 3.01192820e-01 1.05322635e+00 5.67567721e-03 -4.74134356e-01 -2.84807116e-01 9.78788614e-01 5.59918821e-01 -1.96544981e+00 2.37782598e-01 -2.61185455e+00 1.76016474e+00 8.50522757e-01 -5.84139049e-01 1.67721868e+00 -4.32117969e-01 2.81627268e-01 3.19471151e-01 -6.80358648e-01 -2.54712135e-01 3.70152056e-01 1.90580085e-01 2.85770558e-02 8.83898258e-01 1.79547876e-01
1.89924929e-02 -2.40105484e-02 5.56653924e-02 4.49731089e-02 4.14585859e-01 -9.82764829e-03 2.34603751e-02 1.45982150e-02 5.01351096e-02 -1.18812127e-03 -1.49872405e-02 -6.52406514e-02 9.96431336e-02 -1.07755093e-02 4.98005794e-03 -4.72136997e-02 1.02845114e-02 -3.61429974e-02 -7.06206933e-02 9.13259387e-02 1.45073950e-01 4.48915772e-02 -3.07770018e-02 -1.39995134e-02 -1.25313655e-01 -1.47331953e-01 1.93625800e-02 3.40220243e-01 -4.92325388e-02 -5.48043102e-02 1.40474327e-02 -2.44608670e-01
-3.82194549e-01 1.80700511e-01 -1.44355237e-01 -6.49386644e-02 -2.05514580e-01 -1.64361335e-02 -2.44040608e-01 6.94877505e-01 1.25332258e-03 -9.92893130e-02 -1.64676130e-01 6.62541151e-01 4.94103670e-01 1.03725195e-01 1.46923617e-01 1.16978280e-01 -3.80859077e-02 9.62414071e-02 -1.50417179e-01 1.11438269e-02 -1.10885061e-01 -6.29374266e-01 -1.92482501e-01 -2.43821010e-01 -3.25713664e-01 -1.80186048e-01 -6.03115916e-01 3.76041114e-01 -2.63006359e-01 -2.43847623e-01 -1.86208919e-01 5.09855092e-01
5.55724055e-02 -1.33759230e-01 5.70532739e-01 2.48315647e-01 -6.05244160e-01 1.95789516e-01 3.36302608e-01 -5.95771134e-01 5.22788346e-01 3.06395769e-01 -1.16614565e-01 4.43368971e-01 -8.25100094e-02 1.23122267e-01 1.07001282e-01 -2.05536962e+00 1.62295997e-01 -9.92574334e-01 8.22777450e-02 1.98335692e-01 -1.46407649e-01 1.80369362e-01 1.99233547e-01 1.91661060e-01 -2.65879184e-01 -5.26092350e-01 -8.52326825e-02 -1.17333934e-01 -4.34480399e-01 -5.01811326e-01 4.84144717e-01 -2.69465774e-01
-1.78282902e-01 1.25455394e-01 -1.70999020e-01 1.36989057e-01 -9.67497900e-02 -6.86042011e-02 2.63797849e-01 -1.74828902e-01 -5.08076549e-01 1.59748852e+00 -3.85176986e-01 -4.14897129e-02 -2.59161830e-01 1.26985514e+00 -3.62493306e-01 6.76976750e-03 6.82308450e-02 -2.26352736e-02 -1.30592361e-01 -2.72011966e-01 1.82775641e-03 2.02505529e-01 -8.94212276e-02 -1.79324433e-01 -1.50298595e-01 8.55772272e-02 4.14991677e-01 4.64160889e-01 2.02179804e-01 -4.78889883e-01 3.57787460e-01 -8.21919143e-02
-1.30485341e-01 -2.23192275e-01 6.39760196e-01 4.87590492e-01 -1.37467444e-01 -3.58653396e-01 -1.06860852e+00 1.32223353e-01 2.18382686e-01 4.44370329e-01 1.00680113e-01 -6.42642379e-02 1.06812298e-01 2.03249246e-01 -2.25053787e-01 6.19494557e-01 -4.77933045e-03 1.91713065e-01 -1.43894210e-01 -3.35839778e-01 8.70828807e-01 4.01194602e-01 3.71015906e-01 -5.79464555e-01 1.73832532e-02 2.18301192e-02 -1.95748702e-01 2.67519534e-01 -1.28192678e-01 3.39335382e-01 -1.55042291e-01 -2.85318285e-01
7.92612255e-01 -4.50498819e-01 5.04855692e-01 9.99053717e-01 -4.01395589e-01 4.43925202e-01 -9.66607928e-01 -5.47220945e-01 6.51839435e-01 -7.33884692e-01 -2.24884987e-01 6.27166867e-01 -1.25113535e+00 -2.14004695e-01 7.69243419e-01 -5.57306409e-01 -1.37652740e-01 -7.65234157e-02 5.12206733e-01 6.87590420e-01 5.08732736e-01 -4.60603833e-01 -1.88189828e+00 -4.84511942e-01 7.16484666e-01 5.54050446e-01 -7.98453748e-01 -5.57214022e-01 5.71480542e-02 1.28122509e+00 -4.94843781e-01 -2.65740633e-01
-2.06416361e-02 1.65420070e-01 -4.14307676e-02 -4.93887104e-02 -1.57484174e-01 -3.40377316e-02 3.81205790e-02 -4.52536121e-02 -3.65228765e-02 -5.10049518e-03 4.07379605e-02 9.64337587e-02 8.56840760e-02 -3.71092260e-02 1.63839221e-01 -1.35943174e-01 7.71110356e-02 1.82808965e-01 -1.62655488e-02 -2.80389696e-01 1.51707754e-01 4.07520980e-02 -2.95057017e-02 -3.67136523e-02 -2.95582712e-01 -3.88600379e-02 1.98803749e-02 -8.55657607e-02 -2.21753046e-02 -6.49664178e-03 -3.58021408e-02 -2.23081157e-01
1.38637394e-01 2.68353075e-01 1.62073123e+00 4.48564470e-01 -1.20973444e+00 1.28472254e-01 -2.16145143e-01 -5.69792986e-01 8.13154578e-01 5.05475163e-01 1.53892457e-01 -3.07458609e-01 -8.97937775e-01 9.92438376e-01 5.04875109e-02 -3.29987121e+00 -2.79171556e-01 -4.52420855e+00 3.89811516e-01 1.11303188e-01 -1.27227223e+00 9.87919331e-01 3.27861756e-01 1.38167098e-01 2.77142316e-01 -1.65466532e-01 -5.20550251e-01 7.07710803e-01 -2.00069398e-01 -7.02439761e-03 -9.16455910e-02 -6.79375753e-02
-8.12285960e-01 1.87482834e-01 1.17269441e-01 -7.37223744e-01 2.30599977e-02 -1.63544953e-01 -2.01472655e-01 5.00463486e-01 -7.54361078e-02 -3.13723064e-03 1.18167035e-01 -3.00820470e-01 4.32449996e-01 4.27153409e-01 -4.00933743e-01 -2.35601604e-01 2.17570409e-01 -1.13573745e-01 -3.58268857e-01 1.65154070e-01 7.63486698e-02 6.99460208e-01 2.16859192e-01 -2.30472744e-01 -1.18143834e-01 3.11022043e-01 -7.05998838e-01 1.14066184e-01 8.22425634e-02 -5.56261837e-01 -1.07384756e-01 -7.58256078e-01

layers.2.bias:
-1.37002242e+00
-8.18071544e-01
6.23979390e-01
-4.94969130e-01
7.77758062e-02
-4.05039847e-01
2.32735917e-01
2.16498780e+00
5.23319304e-01
8.44674826e-01
-9.59441304e-01
-1.34603107e+00
-3.75293940e-01
9.31847990e-01
-3.22757781e-01
-6.45177007e-01
-6.48991764e-02
-7.84279287e-01
3.24847013e-01
-8.18284005e-02
-2.34891906e-01
7.94129670e-01
8.23992550e-01
-1.87356651e-01
-4.07215774e-01
1.04886687e+00
-9.92357254e-01
-1.04281318e+00
5.09325922e-01
-1.18130207e+00
7.54193664e-02
-1.09922523e-02
8.22610199e-01
1.12864017e-01
-2.30728254e-01
-1.77391358e-02
-1.33332103e-01
1.41084921e+00
1.03641176e+00
-2.07634747e-01
9.92425144e-01
-2.52615809e-01
-4.93497729e-01
1.37613297e+00
2.51598448e-01
-9.78134096e-01
1.04144681e+00
-3.47708493e-01
8.16337585e-01
1.72083807e+00
1.79486081e-01
3.14526737e-01
1.09466881e-01
-6.20915473e-01
2.42823303e-01
-1.96812209e-02
8.27973783e-01
-2.62604449e-02
-2.53439285e-02
-6.43816113e-01
4.59587038e-01
5.56287169e-02
-2.39860207e-01
7.24550486e-01

layers.4.weight:
3.07590961e-01 2.66542025e-02 -4.62515838e-02 6.82765199e-03 2.02841591e-03 4.45583574e-02 3.90647678e-04 -7.24520087e-01 -7.58747533e-02 -3.89867961e-01 4.81999256e-02 9.25717294e-01 -1.78005075e+00 -1.20512679e-01 1.17956707e-02 -1.49111319e+00 -2.58139393e-04 7.56428540e-02 -2.86049297e-04 -6.55119307e-04 -7.54511275e-05 -8.30943957e-02 -2.06746571e-02 2.83902079e-01 -2.30814368e-02 -3.62397283e-02 2.25589126e-02 7.60469675e-01 -3.92743230e-01 3.86634946e-01 -1.26155028e-02 -1.42671496e-01 -1.85786895e-02 -3.29953764e-04 1.17762843e-02 -9.62656748e-04 -6.40735496e-04 -1.43395647e-01 -2.09256988e-02 1.66418463e-01 -2.83301324e-02 2.80471772e-01 -1.08451175e-03 -1.23613797e-01 -5.57639520e-04 1.30605027e-01 -1.50632234e-02 1.11059251e-03 -9.17818174e-02 -6.79917395e-01 -4.43723798e-02 -3.79636767e-04 -7.18969095e-04 -1.99379705e-04 -1.07315373e+00 -9.43586638e-04 -1.19097684e-04 -2.84470826e-01 -8.25068504e-02 2.59429105e-02 -3.90465418e-03 5.88698895e-04 8.32538188e-01 -1.76163763e-02

layers.4.bias:
-1.10544288e+00

