layers.0.weight:
3.31696361e-01 -5.67613244e-01 7.97264636e-01
5.69172144e-01 -8.09445798e-01 -5.80563486e-01
-8.31293464e-02 -6.13938749e-01 -5.77727258e-01
-1.07055378e+00 1.15616508e-01 4.58123112e+00
2.67282110e-02 4.11940843e-01 1.16166264e-01
-5.79876065e-01 8.58121514e-01 -1.84879377e-01
-1.31842160e+00 4.86020595e-01 -9.88645032e-02
-6.01682402e-02 7.88846374e-01 -9.23566997e-01
6.03414774e-01 -9.26082134e-01 5.12713566e-02
-1.11527514e+00 5.86289167e-02 -1.64189592e-01
7.53551662e-01 -9.85680073e-02 1.41279221e+00
-7.16238439e-01 -1.31785080e-01 -1.29353356e+00
-4.30584475e-02 7.12955832e-01 -1.57757306e+00
-1.16726887e+00 2.10410804e-02 5.00053525e-01
-6.46977663e-01 1.09646142e+00 7.52028525e-01
-1.81771189e-01 9.48456824e-01 1.64468549e-02
5.46070874e-01 -6.33792400e-01 -1.45019031e+00
-1.15504665e-02 1.12846863e+00 1.84981868e-01
8.07071701e-02 -9.54183042e-01 5.35116851e-01
3.41117471e-01 -1.28724232e-01 -8.64976227e-01
2.23475501e-01 1.65966094e-01 -5.10879010e-02
-3.24195027e-01 -2.56797969e-01 -1.00232065e+00
-4.64660525e-01 1.65601885e+00 -4.46076952e-02
-1.56447518e+00 4.06930357e-01 1.75152493e+00
1.05132234e+00 3.79940838e-01 -7.78481364e-01
2.59609371e-01 6.71772659e-01 -1.17486012e+00
-1.16151750e-01 -2.13369340e-01 1.90187418e+00
-3.97779703e-01 -2.44972542e-01 1.92939892e-01
3.22416067e-01 7.57217348e-01 -1.46468067e+00
-1.04933763e-02 4.65525806e-01 1.70563948e+00
-2.89658904e+00 2.84448242e+00 -1.78299040e-01
-1.26738083e+00 -5.19488692e-01 1.02004325e+00

layers.0.bias:
8.77201200e-01
4.81547834e-03
-1.42384720e+00
-6.34384930e-01
7.07518518e-01
-2.04255387e-01
-3.54310095e-01
2.86240637e-01
-7.45998621e-01
-1.59115899e+00
1.64644122e-01
1.80825554e-02
2.46107668e-01
-1.21306002e+00
-2.90836543e-01
1.43946290e+00
9.34610724e-01
1.82654703e+00
-6.68276668e-01
5.78918040e-01
-1.44309163e-01
-1.35729384e+00
1.02535832e+00
-7.05530941e-02
1.36946186e-01
5.60703695e-01
8.80503118e-01
-1.57881156e-01
-4.88352716e-01
7.31267482e-02
8.91685039e-02
-6.70209900e-02

layers.2.weight:
-4.04103369e-01 1.34071559e-01 1.93201661e-01 -4.77338165e-01 -2.98948348e-01 6.50768951e-02 2.26910189e-02 -9.94746536e-02 1.71307754e-03 3.32069468e+00 1.45652462e-02 1.01567835e-01 -2.74595469e-01 2.49397707e+00 -1.39642522e-01 2.27351755e-01 -1.66787997e-01 3.82611990e-01 1.78887337e-01 -3.73198003e-01 2.91445255e-01 -2.98361816e-02 -6.39403999e-01 6.09135687e-01 -1.51774334e-02 5.59090137e-01 -7.90910482e-01 -1.66743681e-01 -1.23313390e-01 -1.85749799e-01 -7.26825893e-02 1.78564698e-01
5.87187596e-02 1.38692394e-01 -8.25540245e-01 4.99633327e-02 -5.03907502e-01 6.16522580e-02 -7.12705612e-01 -5.29693186e-01 7.70945609e-01 6.80789590e-01 3.59062344e-01 -2.61911958e-01 2.44542196e-01 2.00062827e-03 -2.96169251e-01 -1.22667097e-01 -3.85191321e-01 2.44408146e-01 -3.40488523e-01 -6.45152330e-02 7.43338823e-01 -1.93475336e-01 -5.01760900e-01 -9.04059857e-02 5.14655076e-02 -6.03115149e-02 -3.27087343e-01 -6.69402838e-01 8.90166163e-02 -2.06775010e-01 -1.57584250e-02 1.67612985e-01
6.17657565e-02 1.30526796e-01 6.41015247e-02 -6.53597891e-01 -8.39144707e-01 -1.28057390e-01 -5.89716554e-01 2.17818499e-01 5.82193315e-01 6.37052476e-01 -4.43643093e-01 -1.91529155e-01 5.75622953e-02 -2.18452904e-02 -2.26214930e-01 -1.18034875e+00 -6.37312457e-02 -7.16794014e-01 1.42644318e-02 4.23262566e-01 -4.58956778e-01 -2.86142826e-01 2.87188977e-01 -1.32189560e+00 -2.90010959e-01 3.12688410e-01 -1.06869388e+00 9.80260894e-02 3.17738593e-01 -2.64332324e-01 -8.25523026e-03 3.46534908e-01
2.74954587e-01 -4.47830334e-02 4.87950034e-02 1.38708103e+00 4.82246280e-01 3.53434891e-01 6.32485867e-01 -2.76089281e-01 -1.21107996e-01 -7.02394843e-02 1.86145753e-01 -8.33938718e-02 -6.07881308e-01 1.36526912e-01 5.88952363e-01 7.36326754e-01 -2.72546232e-01 6.45152926e-01 3.57269555e-01 -9.72526610e-01 -9.69084799e-01 -1.77771419e-01 3.47912788e-01 1.44219375e+00 -6.76158845e-01 -5.98358393e-01 5.25601745e-01 4.24320400e-01 -6.98534250e-01 -1.22960418e-01 -5.15117832e-02 7.53623843e-01
3.25288296e-01 -1.54870123e-01 2.99283117e-01 -4.93470371e-01 3.84652279e-02 -5.78113854e-01 -1.13628817e+00 1.12902842e-01 1.19301252e-01 -8.06483448e-01 3.68524522e-01 -6.41454279e-01 8.04136157e-01 -1.10654175e+00 -2.43165419e-01 -7.95982003e-01 -1.71270669e-01 -8.64349425e-01 -8.04719478e-02 2.92822178e-02 6.57554805e-01 -5.44556141e-01 9.65780467e-02 -4.20965791e-01 -8.02468121e-01 6.44929230e-01 5.83011769e-02 -4.98719513e-01 -2.83461779e-01 5.22242129e-01 -8.37485611e-01 5.63020222e-02
-3.51912469e-01 3.39049965e-01 3.32372010e-01 1.80112600e-01 -8.59366715e-01 -3.78719151e-01 -3.36455286e-01 2.45712742e-01 6.48661911e-01 -2.31886774e-01 7.46918142e-01 1.91552758e-01 -9.87015814e-02 -1.93343014e-01 -3.95895809e-01 -1.26775777e+00 -2.99066752e-01 -1.47869074e+00 7.08673298e-01 -2.25532100e-01 -4.89530146e-01 -1.05818868e-01 -5.81115484e-01 -2.87928641e-01 1.53061569e-01 5.99324591e-02 1.66796044e-01 9.50327277e-01 -1.81247607e-01 -4.23498571e-01 -7.50105023e-01 2.42368519e-01
5.82062043e-02 -1.23109687e-02 -2.85033494e-01 1.35533679e-02 -1.16634235e-01 1.76580414e-01 -8.41562822e-02 -4.19477671e-01 -1.43904477e-01 2.72560239e-01 2.75555372e-01 6.67614713e-02 2.87719160e-01 -2.11038738e-02 1.13181015e-02 -3.24230134e-01 2.30929954e-03 6.21686764e-02 -1.48821184e-02 -3.09986085e-01 -3.98560911e-01 4.17148694e-02 5.18508926e-02 -1.22515215e-02 1.80131510e-01 2.71745175e-01 -3.33058447e-01 -4.09792334e-01 -1.58248559e-01 7.57405907e-02 -2.06672773e-02 1.25149637e-01
4.84302431e-01 1.05188176e-01 -1.38533741e-01 4.09254670e-01 -1.81948498e-01 -7.42159009e-01 2.72573620e-01 4.00642484e-01 2.10598305e-01 -8.47359598e-02 -9.10566002e-02 9.32511985e-01 2.55932331e-01 -3.18353862e-01 -1.44982979e-01 1.09479493e-02 4.55649853e-01 -1.43614054e-01 3.91995311e-01 4.34647501e-01 -1.54482913e+00 -7.74628639e-01 -2.06262618e-02 4.57920492e-01 6.53707162e-02 6.69875324e-01 6.62422001e-01 7.11925983e-01 -8.38376284e-01 5.44139266e-01 4.09530587e-02 -1.48616448e-01
2.06142560e-01 2.89600343e-01 -5.32962561e-01 -2.83689767e-01 1.12944186e+00 -5.25192082e-01 -5.17533481e-01 -3.28669548e-01 -4.97688532e-01 3.63998234e-01 2.89809763e-01 4.56718326e-01 7.17698872e-01 -4.14981656e-02 7.51774982e-02 1.55959713e+00 3.29187125e-01 1.14564216e+00 -5.43227017e-01 -1.42437294e-01 2.08750427e-01 -3.49436671e-01 -3.47238034e-02 2.92744577e-01 2.01494157e-01 4.34919864e-01 1.58045366e-02 -1.53134093e-01 9.98413935e-02 7.04893470e-02 2.31069899e+00 -4.40770030e-01
-6.46375120e-01 2.65152007e-01 -5.67196123e-02 -5.57237208e-01 3.69409174e-01 -1.20320311e-02 -2.20847607e-01 3.97954822e-01 5.87938428e-01 -2.80319989e-01 5.70237860e-02 1.53664157e-01 2.05396727e-01 8.35037753e-02 -4.58412856e-01 -7.20474005e-01 4.49875206e-01 -4.87361372e-01 -4.42434698e-01 6.23395965e-02 -6.01908386e-01 -1.98420867e-01 1.11866213e-01 -3.04075312e-02 -2.04067871e-01 -7.05520064e-02 -2.10223466e-01 1.91104770e-01 2.87042141e-01 1.17894001e-01 -8.63030925e-02 -2.20406540e-02
3.90217036e-01 -3.04814994e-01 9.54845164e-04 -3.18047613e-01 -8.76095057e-01 -5.19678831e-01 -2.19286487e-01 2.36962885e-02 5.10257959e-01 4.76477653e-01 -5.18683732e-01 -1.15295805e-01 8.03922653e-01 -2.65818655e-01 -2.02544987e-01 -5.19018590e-01 -6.53965712e-01 -1.50621259e+00 2.38779441e-01 -7.79804662e-02 9.60302889e-01 -2.75117576e-01 -1.10190821e+00 2.42067471e-01 -4.40315157e-01 -1.39166117e-01 -3.85199845e-01 -3.14321160e-01 -8.08677264e-03 -3.68502200e-01 3.18122506e-01 6.96706951e-01
-1.60214141e-01 -1.46637706e-03 1.62277007e+00 -8.52723897e-01 -7.28788614e-01 1.43849209e-01 4.47074845e-02 -3.43770236e-01 2.96333935e-02 1.88323140e+00 8.52435920e-03 -8.94330665e-02 2.80432761e-01 3.17081594e+00 -1.14203192e-01 -6.41440034e-01 3.81958544e-01 -2.45189953e+00 4.75590825e-01 -3.36592168e-01 2.77762413e-01 5.70038736e-01 -2.73704737e-01 8.07309747e-01 -1.81189626e-02 -5.26772559e-01 3.07725102e-01 -1.47039115e-01 2.46939167e-01 1.22652939e-02 3.32041234e-01 -3.87973160e-01
-5.04332185e-01 -7.60045201e-02 8.09595346e-01 3.76003087e-01 -2.58151412e-01 5.15130162e-01 -3.52292508e-02 -9.14870024e-01 2.86906570e-01 4.39635634e-01 1.19771086e-01 2.37765372e-01 -4.76808041e-01 -1.08724020e-01 3.14641505e-01 -3.52820444e+00 2.22368576e-02 -5.33968639e+00 5.95591128e-01 -8.60334933e-01 -7.90833652e-01 4.00823951e-01 5.03831148e-01 -1.17164902e-01 -2.35635012e-01 -2.18027532e-01 -3.72466832e-01 6.27138674e-01 -6.80189312e-01 -3.84365678e-01 -4.45249707e-01 -2.83219308e-01
1.15161566e-02 -4.01386209e-02 -5.99904716e-01 -9.59118828e-02 -1.96131989e-01 -1.02704279e-01 2.94102520e-01 3.54083478e-01 3.17058921e-01 -4.84504163e-01 7.00673401e-01 -2.65946418e-01 3.62132490e-01 -8.08657885e-01 -4.54504699e-01 -6.10485375e-02 -4.05810475e-02 1.99917227e-01 -1.04377203e-01 2.33906612e-01 -2.54201367e-02 -1.11347876e-01 6.94128051e-02 -2.13269189e-01 -1.82052821e-01 7.83484697e-01 -3.49031612e-02 5.49015217e-02 -1.88888729e-01 2.20281586e-01 1.43287688e-01 4.17442679e-01
-9.36197221e-01 2.87859052e-01 1.90950409e-02 2.35975444e-01 -1.99834168e-01 5.98367751e-01 -2.54139423e-01 -1.05557414e-02 4.24443007e-01 -1.21992439e-01 -8.68819892e-01 3.52014393e-01 2.56870866e-01 -3.61370832e-01 -3.53041947e-01 -6.11825407e-01 3.38746369e-01 -6.13405704e-01 -4.72098917e-01 4.24420416e-01 1.25968134e+00 1.03872824e+00 -1.46372080e-01 9.34229940e-02 -4.03461635e-01 1.98517501e-01 -6.91708386e-01 9.42542553e-02 8.29865456e-01 -3.50388259e-01 -3.73188145e-02 1.78937912e-01
-5.05332947e-01 -1.73819549e-02 1.81073159e-01 1.55122846e-01 -2.96349883e-01 1.08058631e-01 -1.09271562e+00 -8.48088935e-02 2.69678086e-01 4.56756258e+00 8.59668374e-01 1.56627253e-01 2.08569869e-01 2.39599776e+00 2.48856265e-02 -1.53476700e-01 -4.56996024e-01 -2.47416049e-01 7.71323591e-02 -2.32478961e-01 -5.76684237e-01 4.12957251e-01 1.71305731e-01 1.90062225e-01 -3.23298365e-01 -4.13264751e-01 -6.24616861e-01 2.12535545e-01 -1.19524404e-01 -5.73740482e-01 -2.12911889e-01 -3.12030166e-01
-7.92451873e-02 1.74020484e-01 2.81543583e-02 1.77296754e-02 -8.79144296e-02 3.47664603e-03 3.44918817e-02 -6.36820495e-02 4.50197086e-02 -2.19567895e-01 1.04683839e-01 1.33908466e-02 3.89394760e-02 1.34860650e-01 7.38552660e-02 1.62916724e-02 6.44803122e-02 -4.22642799e-03 1.55442522e-05 1.02597110e-01 2.43702605e-01 1.85748756e-01 1.67947484e-03 7.55583644e-02 4.79582278e-03 -3.03116930e-03 3.52816097e-02 3.07047069e-01 8.36736523e-03 5.53644844e-04 -5.14339395e-02 7.61521235e-02
1.81433722e-01 -1.86645508e-01 -7.20385194e-01 1.36915848e-01 2.91931093e-01 -2.00934887e-01 -1.70189738e-01 -4.01735306e-01 -4.51764725e-02 -6.67443097e-01 -1.01296874e-02 9.47952792e-02 1.26329511e-01 1.38860703e-01 -8.80579203e-02 3.83300006e-01 -3.51519823e-01 5.53117037e-01 -8.11003000e-02 8.73795450e-01 1.04978226e-01 2.73381900e-02 -3.53399813e-01 -3.40985805e-02 -2.52196878e-01 -5.15819490e-01 9.36031878e-01 -2.75447518e-01 1.07184991e-01 3.76919508e-01 8.16034898e-02 3.13890874e-01
-1.75739765e-01 -3.95822674e-01 -4.91175443e-01 -1.87181309e-01 8.54795575e-01 1.36394471e-01 2.71918714e-01 1.57617137e-01 2.93449648e-02 -2.97185600e-01 -3.53476316e-01 -6.64027750e-01 4.68667954e-01 -8.40847269e-02 8.27049762e-02 7.09978580e-01 -3.65371376e-01 8.45248342e-01 8.24660994e-03 -1.90520152e-01 -5.91838472e-02 -2.95740515e-01 8.37451696e-01 -2.22760022e-01 3.64869863e-01 2.30982095e-01 -1.69935986e-01 2.86128819e-01 1.19926177e-01 3.90957624e-01 5.31253397e-01 -2.44801175e-02
9.52872261e-02 1.55251414e-01 -1.11432001e-01 9.06807333e-02 4.48423773e-02 1.27517760e-01 -2.79535521e-02 -6.29721582e-02 -6.48944406e-03 1.00244887e-01 1.79317500e-02 1.54022142e-01 -6.20833114e-02 -1.50408432e-01 1.62729517e-01 4.52500314e-01 5.41737266e-02 -3.03715885e-01 4.64069098e-03 -9.27641019e-02 -1.10032596e-01 -1.97629735e-01 1.24673415e-02 -7.73453116e-02 9.95829552e-02 1.46740660e-01 3.12177557e-02 -3.57810687e-03 1.14046767e-01 1.47349387e-02 6.16492704e-02 -2.17678938e-02
6.47421777e-01 -1.58369541e-01 6.30979598e-01 5.82346082e-01 -2.27066875e-01 -3.87384713e-01 -6.58488214e-01 -1.84699371e-01 -3.17823529e-01 -9.57464516e-01 -4.15998623e-02 9.20567453e-01 4.53709781e-01 -5.65947354e-01 7.50067711e-01 5.82599938e-01 -1.27531961e-01 -2.60914475e-01 5.73491216e-01 4.10729438e-01 -5.20073175e-01 3.78851667e-02 3.23345184e-01 1.45508856e-01 1.26210961e-03 -4.10315633e-01 1.46625295e-01 4.13745463e-01 -1.95627511e-01 -3.21759209e-02 7.82669559e-02 5.32533944e-01
1.12587683e-01 -2.70401716e-01 1.21666066e-01 1.99621707e-01 3.16995033e-03 3.75045121e-01 9.82582271e-01 4.28013466e-02 3.32063586e-01 4.82792526e-01 3.71454805e-01 3.16295266e-01 -4.49242741e-01 -1.89769834e-01 2.55666107e-01 -9.20489311e-01 -1.87185466e-01 -6.96292460e-01 -1.15471981e-01 -5.46940088e-01 -4.44173336e-01 -2.34484882e-03 5.84099591e-01 1.09098673e-01 8.07755664e-02 -4.88254249e-01 -6.55270219e-01 4.18835610e-01 -1.69700935e-01 -1.16407260e-01 4.33598876e-01 -8.52521956e-02
-1.26501828e-01 -9.33625773e-02 -2.05828160e-01 3.98988307e-01 1.01666704e-01 4.84945029e-01 1.23022594e-01 -2.10585564e-01 -3.17659736e-01 1.67201817e-01 1.02824725e-01 -1.32032916e-01 4.52284366e-01 2.26040289e-01 5.83050633e-03 -4.46126610e-01 4.52693671e-01 -9.02718455e-02 -8.80240873e-02 -2.70361036e-01 -1.45963371e-01 1.02011397e-01 -1.68085530e-01 1.26651555e-01 -2.49767467e-01 -8.27601105e-02 -7.53963664e-02 -6.79800749e-01 1.49177879e-01 -5.68592586e-02 -2.14460954e-01 -3.58787924e-01
7.33199239e-01 -3.11337281e-02 -3.17307383e-01 1.25145987e-01 2.87288547e-01 -5.07197082e-01 4.40864787e-02 3.75093490e-01 1.31342426e-01 -2.81950593e+00 9.44149792e-02 1.68904111e-01 4.47504729e-01 -1.66093087e+00 5.81946038e-02 5.13041317e-01 2.33963013e-01 4.08923656e-01 -2.57068336e-01 9.88186300e-02 4.48489875e-01 -1.94406763e-01 -4.15468931e-01 -2.64604371e-02 -4.31537926e-01 -1.27104998e-01 -9.32171941e-02 -1.49845973e-01 2.41429031e-01 6.06437027e-02 1.31841034e-01 -1.11228876e-01
-1.12242162e+00 1.79557487e-01 4.32129912e-02 5.33972904e-02 -9.53404680e-02 -2.36947745e-01 1.16662419e+00 1.54927194e-01 -9.49324608e-01 8.69296193e-01 -6.06336594e-01 -1.37080595e-01 2.44539127e-01 7.22602606e-02 -6.99013293e-01 3.05020213e-01 6.17924631e-01 4.90793198e-01 -1.49379551e-01 2.56172959e-02 2.61486679e-01 3.79378974e-01 5.68484306e-01 8.92562449e-01 -5.05625367e-01 5.88971794e-01 -6.97936416e-01 -3.81368607e-01 1.02651834e+00 -4.90182221e-01 4.74470779e-02 1.49564162e-01
-6.28383994e-01 5.62163651e-01 6.47884160e-02 -2.50683397e-01 4.19715136e-01 2.32571542e-01 4.01594266e-02 5.86051166e-01 -3.37628543e-01 5.64606786e-01 7.24659767e-03 -9.80277359e-02 2.94701785e-01 2.74070829e-01 -4.86490816e-01 -4.11095291e-01 -1.80886611e-01 -2.37252489e-01 3.23273331e-01 -4.01815444e-01 6.26429692e-02 -1.72395483e-01 8.85628685e-02 -4.69636738e-01 9.87497568e-02 -1.36205927e-01 -6.65577710e-01 -4.63013172e-01 2.48016670e-01 -4.77821350e-01 -2.04903215e-01 -2.96945989e-01
-1.72483549e-01 3.02523792e-01 4.78377670e-01 3.31635267e-01 -3.55728835e-01 -2.47306690e-01 1.51789412e-01 1.26048503e-02 1.37047842e-01 -2.63881922e-01 -6.96349561e-01 5.06233722e-02 -2.38528341e-01 -1.53962567e-01 -8.34503472e-02 5.43357730e-01 3.80656756e-02 1.06491759e-01 2.92394966e-01 2.73151129e-01 -1.12949573e-01 -6.79681420e-01 1.59533620e-01 1.31430432e-01 -9.95749887e-03 1.54178530e-01 -4.40549059e-03 -3.27166975e-01 -3.43213379e-01 -1.93579271e-01 1.42964780e-01 5.07238656e-02
-7.15437412e-01 4.32056010e-01 -6.35355890e-01 -9.74175811e-01 -2.74913043e-01 -2.81681359e-01 -3.42634559e-01 3.19918692e-01 1.19315065e-01 4.48261768e-01 -1.23104870e-01 3.17633808e-01 1.33974031e-01 3.38394165e-01 -1.16864638e-02 1.00082135e+00 6.46962166e-01 1.11102569e+00 -4.96501356e-01 2.43076123e-02 4.97793794e-01 -8.05208743e-01 -7.17426300e-01 4.29379880e-01 -1.42977372e-01 -4.78457808e-01 3.09997350e-01 3.25282186e-01 5.67825496e-01 -8.00657928e-01 2.65903443e-01 -2.73314476e-01
-1.15058504e-01 -5.88502944e-01 9.35308039e-02 -9.42123607e-02 -7.48279333e-01 6.78765178e-01 -3.28977220e-02 -4.68670309e-01 6.12813592e-01 9.65940833e-01 -1.48808971e-01 -8.16973974e-04 5.27766585e-01 4.67935085e-01 9.63311419e-02 -1.14574206e+00 -5.26309669e-01 -1.14423823e+00 1.08883185e-02 1.51069760e-01 3.65174472e-01 3.84356529e-01 3.02059531e-01 2.07400396e-01 3.87121320e-01 6.87143803e-02 -3.93204540e-01 -3.77652377e-01 -2.38480374e-01 -2.87315637e-01 3.19352090e-01 1.83645219e-01
-9.99420043e-03 -1.12462699e+00 2.96431839e-01 1.65088320e+00 2.67484546e-01 6.91498667e-02 1.81457959e-02 -3.01649541e-01 -3.80780846e-01 4.17001277e-01 1.05066514e+00 -8.34355474e-01 -1.14626396e+00 -2.45064929e-01 2.23058641e-01 2.24389851e-01 -1.35065305e+00 8.38320255e-01 6.56827748e-01 -8.30399096e-01 8.27220023e-01 1.36605039e-01 -2.11377125e-02 1.45608380e-01 -1.59300342e-01 -5.38633466e-01 2.64440507e-01 1.01409152e-01 -9.31237936e-01 1.34592927e+00 -3.75351131e-01 1.28667325e-01
-9.09821689e-01 -1.83096424e-01 7.79985666e-01 1.33379400e-01 -4.44260716e-01 2.68068969e-01 3.52070600e-01 1.76079005e-01 -1.90764293e-01 9.75175500e-02 -1.39636838e+00 5.23480594e-01 3.79688680e-01 2.50645101e-01 2.63077796e-01 -2.70669818e-01 1.72085494e-01 -2.66027570e-01 -3.27745259e-01 -5.35464823e-01 -1.16115391e+00 1.00124097e+00 -1.98468879e-01 -6.22791588e-01 1.12751178e-01 3.66899788e-01 -1.11559175e-01 4.23626989e-01 -5.37426412e-01 -1.91249609e-01 -1.63647220e-01 3.92631739e-02
-2.18976766e-01 -3.06300551e-01 -9.21978951e-02 -8.13541338e-02 -4.48290944e-01 -1.46371216e-01 2.18508363e-01 1.68997943e-01 -5.66256285e-01 1.43411136e+00 -9.31251794e-02 -1.13282271e-01 -5.84258318e-01 7.01783657e-01 -1.86578989e-01 -7.79128149e-02 2.34589484e-02 -5.01463041e-02 9.03836712e-02 -2.32602790e-01 1.57537863e-01 1.02997601e-01 2.54687697e-01 1.61398128e-01 -5.59962764e-02 -1.58203274e-01 -1.17133014e-01 2.94119477e-01 1.40220538e-01 3.63005698e-01 3.77148157e-04 2.03481063e-01
-2.53376454e-01 -2.83889294e-01 1.59507096e-01 -1.74405053e-01 -5.84672570e-01 5.27140737e-01 -2.15077087e-01 -3.57523352e-01 1.40296221e-01 -3.55448991e-01 1.17549747e-01 3.34549993e-01 2.52736926e-01 4.85638738e-01 2.51913697e-01 -6.78499997e-01 -4.04893011e-01 -1.39398599e+00 -9.76475924e-02 -3.10095787e-01 -2.34086122e-02 9.91533160e-01 4.81090575e-01 6.08359277e-01 -4.63769078e-01 1.80255845e-01 4.96090353e-02 -2.81490862e-01 -3.13382119e-01 -3.03699285e-01 -2.41722941e-01 -8.52484182e-02
9.00051296e-02 -7.49221966e-02 2.15355642e-02 -6.12407774e-02 3.70413363e-01 -9.05830711e-02 4.18273956e-02 -3.27052355e-01 -2.25560933e-01 3.75031799e-01 9.86547321e-02 2.19450355e-01 7.51334727e-02 -3.74195337e-01 -2.76743975e-02 -2.50709087e-01 4.29570340e-02 1.94106624e-01 -1.83826834e-01 -5.37610650e-01 1.47362471e-01 -2.41329402e-01 -1.21011667e-01 -1.29867390e-01 6.00815937e-02 2.24936366e-01 -2.92121153e-02 -1.38664488e-02 1.16155870e-01 8.25497881e-02 8.67233202e-02 -6.34104386e-02
1.82921125e-03 -5.74053764e-01 -1.56377062e-01 7.92588472e-01 -4.08935636e-01 -4.15718406e-01 5.14494926e-02 -1.81574062e-01 1.40308559e-01 3.00053382e+00 -5.02745867e-01 8.89346957e-01 6.26871109e-01 8.92022312e-01 8.04876924e-01 -1.02557160e-01 -3.08413915e-02 -1.48753673e-01 6.68580472e-01 3.00429523e-01 3.26954067e-01 1.38878390e-01 -3.06911647e-01 1.08020735e+00 7.63465166e-02 1.10150672e-01 -2.77197242e-01 1.89273283e-01 6.18573688e-02 8.09559152e-02 3.86883616e-01 -1.04497373e-01
-1.81669503e-01 2.10566804e-01 2.26094961e-01 5.83901741e-02 -6.15208037e-02 -3.93599607e-02 9.71522555e-03 1.10193782e-01 3.67407613e-02 -6.00849874e-02 2.04098165e-01 4.50384803e-02 8.39211121e-02 -3.28868092e-03 1.25591934e-01 1.91171169e-01 5.67485802e-02 -1.50879636e-01 -1.58921722e-02 8.37226585e-02 -1.63583279e-01 2.03349087e-02 -8.62870459e-03 5.54405265e-02 -5.31631708e-01 -2.47568309e-01 2.72414051e-02 -9.83749256e-02 -6.58021271e-02 -5.18448502e-02 -4.49375734e-02 -3.89459848e-01
7.94540253e-03 -9.42566767e-02 -1.24787189e-01 3.31932716e-02 -1.87791750e-01 4.99753766e-02 -3.96218523e-02 1.91383272e-01 1.60641596e-02 -8.85531772e-03 -3.46779861e-02 -1.15948496e-02 -4.91102673e-02 1.59257408e-02 -4.62077558e-02 1.76722586e-01 -1.08995818e-01 -1.85871571e-01 -2.02520080e-02 3.33246201e-01 -2.43646547e-01 -1.41119480e-01 4.53992328e-03 4.96871490e-03 1.05768507e-02 -6.43977746e-02 -5.27222790e-02 -5.11801317e-02 -5.58126867e-02 4.23400886e-02 -8.57797265e-03 -6.90208236e-03
8.88121784e-01 -2.07381025e-01 3.96533638e-01 3.30812931e-01 -5.72676659e-01 -1.01020567e-01 -5.88645935e-01 -7.85682127e-02 9.00661886e-01 9.24151987e-02 -1.37072369e-01 1.83149111e-02 1.94212180e-02 2.71698862e-01 6.62151933e-01 -9.45206404e-01 -4.00293291e-01 -8.99874210e-01 6.44121468e-01 -2.48281047e-01 -7.09668100e-01 2.16441810e-01 -2.75250465e-01 2.23841757e-01 7.68823326e-01 -9.11070481e-02 2.17525601e-01 -2.55014598e-01 -5.70611954e-01 2.11974561e-01 4.64739539e-02 1.42459974e-01
-8.62448588e-02 -6.27054513e-01 -2.11182177e-01 4.03546840e-01 1.69593602e-01 -3.73756647e-01 1.75188661e-01 7.59425610e-02 1.41813681e-01 -1.07005134e-01 -2.46652797e-01 4.54784453e-01 3.64697427e-01 -6.83505610e-02 4.65677142e-01 -6.27037644e-01 -5.67884445e-01 -8.33027720e-01 2.79214591e-01 -6.09782279e-01 -7.40948319e-02 -5.04476391e-03 5.36249816e-01 7.53975570e-01 5.07600158e-02 -3.03228498e-01 4.19345438e-01 -1.52928561e-01 7.99255669e-02 -3.89090478e-01 2.00234786e-01 2.21277103e-02
1.48493320e-01 5.51201478e-02 6.72443211e-01 2.28265479e-01 -1.44891202e+00 -4.36921924e-01 1.32007942e-01 -3.05802345e-01 8.11317325e-01 8.40227187e-01 -8.11550766e-02 -4.68159080e-01 -1.30106181e-01 6.36367917e-01 -9.05611217e-02 -2.79146051e+00 -2.64686465e-01 -3.42942286e+00 3.95664364e-01 -3.49726574e-03 -9.05707121e-01 5.71228445e-01 -3.50621901e-02 4.00488786e-02 2.60154903e-01 -2.81181969e-02 4.73182946e-01 2.85054445e-01 -3.64164859e-01 -6.93482339e-01 5.70434667e-02 1.30951524e-01
-2.39535734e-01 -2.62111604e-01 -2.12949127e-01 -2.94132799e-01 -3.18639129e-01 5.81719339e-01 1.18021302e-01 -8.48788247e-02 -2.33077817e-02 2.97163725e-01 -7.87838176e-02 3.11779678e-02 6.07405603e-02 -2.86232591e-01 -9.19837430e-02 -5.80006957e-01 2.77033180e-01 -6.74996197e-01 -3.02054793e-01 -2.38794740e-02 -2.47368202e-01 4.15260434e-01 -1.31082669e-01 3.59295756e-01 3.99534106e-01 -5.13822198e-01 4.61641014e-01 -6.26596995e-03 1.04313590e-01 1.51522517e-01 -1.26752153e-01 2.45707273e-03
4.61202681e-01 6.01860523e-01 6.35224938e-01 -4.07655150e-01 2.47797027e-01 2.19891548e-01 1.98757857e-01 -1.08069248e-01 -8.49296510e-01 1.20699871e+00 -4.20916438e-01 -1.35131046e-01 -4.29178447e-01 1.17386222e+00 2.42374331e-01 1.56702846e-01 -3.98642793e-02 -9.29092109e-01 2.68493623e-01 -3.08916271e-01 4.24614511e-02 6.82807207e-01 -1.94468573e-01 -3.93229246e-01 6.91043973e-01 -7.68669367e-01 4.88492996e-01 -7.60723799e-02 -2.92354614e-01 -6.08812571e-01 1.69639900e-01 -5.09818852e-01
-5.70793971e-02 -4.21683162e-01 1.61141336e-01 -1.56691656e-01 -7.33948424e-02 1.96586102e-01 1.12966329e-01 -2.80073732e-01 -5.37886858e-01 -2.69020349e-01 -8.75661373e-02 -1.97571050e-02 -1.05573930e-01 5.27856290e-01 5.58946013e-01 3.47877622e-01 2.35729396e-01 -3.61690849e-01 1.09832296e-02 1.37348339e-01 -2.23593652e-01 2.86354333e-01 -2.84712732e-01 1.97946623e-01 -4.53720987e-02 -2.68250555e-01 4.24420774e-01 6.95163012e-01 -4.08224225e-01 -4.33821827e-01 3.29134375e-01 3.13475698e-01
-1.24727380e+00 1.57025874e-01 1.74003765e-01 -1.36035597e+00 -1.32964343e-01 -2.68311780e-02 1.16337262e-01 5.95281541e-01 1.69643447e-01 2.34817237e-01 -9.44913685e-01 5.74928164e-01 1.10632420e+00 2.98389882e-01 -6.55237377e-01 2.78750569e-01 5.99471450e-01 -4.26458895e-01 -3.61217350e-01 1.07642901e+00 -4.64605004e-01 -2.61107177e-01 -2.92505622e-01 -1.08076818e-01 6.47191823e-01 1.02093124e+00 8.05970132e-01 5.36954165e-01 5.39623499e-01 -1.06617737e+00 6.91430047e-02 1.68336242e-01
-4.44211699e-02 7.48477355e-02 2.00953990e-01 -1.94450729e-02 4.50249851e-01 -8.68874416e-02 -1.74417775e-02 4.18559052e-02 -8.99621770e-02 2.31474251e-01 -2.02185754e-02 5.62802665e-02 -1.38546014e-02 -1.91048056e-01 1.16976656e-01 -1.20709501e-01 7.89562464e-02 9.40213650e-02 -1.52762150e-02 -4.11060661e-01 1.45344898e-01 -1.77116528e-01 1.99861303e-02 -7.01512396e-02 2.09129721e-01 -2.65223184e-03 1.05804250e-01 1.15427703e-01 3.59588079e-02 -7.93765113e-02 9.13671330e-02 -2.98606162e-03
-1.14244208e-01 7.24610016e-02 2.76350617e-01 -4.43298230e-03 2.30269119e-01 8.09463710e-02 5.45689762e-01 2.30451882e-01 2.26816162e-01 -1.36425436e+00 -2.46606469e-01 4.32638168e-01 5.63599646e-01 -4.58982855e-01 -2.74501801e-01 -1.56752035e-01 3.12924117e-01 -3.68611246e-01 4.17779982e-02 -7.20436215e-01 1.12127900e+00 -3.93457651e-01 -3.19019295e-02 -1.26651227e+00 2.29325406e-02 4.00433421e-01 -9.07179236e-01 -1.05797541e+00 3.86567324e-01 1.94440652e-02 -2.10814923e-01 -3.49278033e-01
5.66003501e-01 -4.13090885e-01 -4.24785435e-01 5.47537804e-01 1.54638276e-01 2.18521729e-02 -1.61266252e-01 -2.03991815e-01 4.14819717e-01 -1.95998803e-01 -1.18280472e-02 -1.56978041e-01 6.55750751e-01 -3.88067186e-01 4.65248138e-01 -1.78772926e-01 -1.37967959e-01 -3.02224457e-01 3.95270810e-02 -1.80246085e-01 -2.43496388e-01 3.64570282e-02 2.63130397e-01 2.02107266e-01 6.47572652e-02 -2.90894270e-01 8.98928463e-01 4.66166556e-01 -3.46904933e-01 4.44501251e-01 3.22058350e-01 1.90906808e-01
-2.91880190e-01 3.36521447e-01 -1.08375147e-01 -6.10593222e-02 -6.23994589e-01 -2.09009394e-01 8.00516754e-02 4.45793062e-01 -2.60459967e-02 -6.03390992e-01 -1.37996867e-01 -4.91140783e-02 -3.54077995e-01 1.85612231e-01 2.46165946e-01 -1.98155284e-01 -7.34532103e-02 2.56743610e-01 3.24050151e-02 3.56417984e-01 -2.15893596e-01 3.13461665e-03 1.45366974e-03 1.08521013e-02 -1.45626962e-01 -1.30888879e-01 2.50225455e-01 -2.87097216e-01 1.06724069e-01 1.06574493e-02 -3.06242444e-02 1.99860841e-01
2.74485108e-02 -5.70930362e-01 -7.49514624e-02 -8.68784860e-02 -1.63551867e-01 -9.18407664e-02 8.53986479e-03 -1.97731823e-01 -4.25400734e-01 5.28806925e-01 -1.85667863e-03 7.14640692e-02 3.32480937e-01 4.76261497e-01 -1.22729056e-01 -6.09421194e-01 -2.12547183e-01 -1.56636700e-01 1.33301150e-02 3.86044346e-02 7.41297826e-02 -3.21325548e-02 6.41006351e-01 1.45506009e-01 -4.18490648e-01 1.98109120e-01 3.62463295e-01 1.20860845e-01 -1.39767751e-01 1.47363096e-01 -1.96192251e-03 -1.74310446e-01
9.45906579e-01 -6.57154992e-02 -6.13555551e-01 1.68186978e-01 4.46364433e-01 1.74424782e-01 5.76523542e-01 2.04940349e-01 -3.57991576e-01 -8.34485114e-01 -8.58772516e-01 1.30510569e+00 1.06991284e-01 -9.10609305e-01 3.89997125e-01 7.89762437e-01 -1.55125717e-02 8.82165730e-01 -2.44224638e-01 2.60237068e-01 -1.12583625e+00 -3.58046919e-01 -6.95102990e-01 -6.44731402e-01 1.96834356e-01 6.77793995e-02 2.30223715e-01 -1.09632500e-01 -2.25169566e-02 1.15922362e-01 1.56821478e-02 -2.13613108e-01
-1.56557634e-01 1.25840962e-01 -9.16106880e-01 -1.41126856e-01 4.08720970e-01 3.94214451e-01 -5.20564429e-02 9.19766352e-02 4.06789174e-03 4.87089097e-01 -3.80798042e-01 -1.32717836e+00 4.53675836e-01 7.12767467e-02 -3.00267756e-01 7.08746016e-01 1.04137678e-02 1.46301985e+00 -5.31695783e-01 2.44591758e-01 3.56531888e-01 -7.12959319e-02 1.21159010e-01 5.67663789e-01 -2.65165508e-01 8.68967295e-01 -1.64511949e-01 -3.46108466e-01 8.88400599e-02 1.05365641e-01 6.19817913e-01 -5.86204678e-02
-5.62458038e-02 4.75130200e-01 -2.42021848e-02 -6.63088143e-01 -2.46032849e-01 6.92327797e-01 2.46944174e-01 8.10011983e-01 3.98728192e-01 2.31707752e-01 1.03515255e+00 -3.49376947e-01 1.20096281e-01 3.15782577e-01 -6.94259852e-02 -7.88307548e-01 3.71847063e-01 -1.59482136e-01 -3.19854617e-01 -4.89643067e-01 -6.25511333e-02 -1.24885820e-01 2.55982459e-01 2.16278315e-01 -3.04364145e-01 1.98675677e-01 -1.02777909e-02 2.46620011e-02 -5.78781545e-01 2.27667853e-01 -3.15979540e-01 1.84568077e-01
2.54842713e-02 3.83904837e-02 2.54162680e-02 -1.82831958e-02 -2.12759614e-01 3.00402325e-02 7.64272816e-04 5.34879416e-02 2.92774942e-02 -6.91995174e-02 1.25665544e-02 -4.53865498e-01 2.39967450e-01 3.07077050e-01 -3.21125723e-02 1.06974132e-01 5.86386099e-02 -7.93860331e-02 1.49187937e-01 2.35389069e-01 1.25597149e-01 3.83752853e-01 2.90979668e-02 3.37154448e-01 -2.16176674e-01 -3.07527840e-01 -2.06266642e-01 -1.40977725e-01 -3.29110563e-01 -1.44087121e-01 -1.19332656e-01 -1.67145774e-01
4.00056750e-01 4.93783839e-02 6.41088903e-01 3.57736558e-01 1.81406409e-01 5.18626451e-01 1.06552362e+00 -3.66378427e-01 6.01381242e-01 2.64007688e-01 -7.01300502e-01 2.60238558e-01 -5.06174743e-01 8.26139525e-02 -8.69661048e-02 2.55807608e-01 -5.52345037e-01 -5.29036462e-01 2.71375865e-01 2.33875588e-02 -2.33157337e-01 6.58321679e-01 4.71604556e-01 7.81792879e-01 -1.70683786e-01 -1.58148497e-01 -2.61016071e-01 3.76826823e-01 7.09427148e-02 3.52744788e-01 3.95362601e-02 1.89463645e-01
-3.85908455e-01 -5.33719420e-01 1.53981233e+00 7.72140995e-02 -8.86228025e-01 -1.49028838e-01 -1.12307835e+00 -9.32094395e-01 4.06185150e-01 7.47740448e-01 1.68005556e-01 -5.88336766e-01 -2.78046250e-01 1.06212962e+00 6.34325624e-01 -2.01447654e+00 1.21695392e-01 -2.74429655e+00 1.71150112e+00 7.65710533e-01 -4.57071751e-01 1.70641923e+00 -3.70390564e-01 2.76065558e-01 3.42718393e-01 -6.69002712e-01 -2.69916862e-01 2.94191629e-01 2.41870537e-01 7.18462840e-02 1.55586451e-01 1.64646596e-01
-5.50803542e-03 -5.76777477e-03 1.32282272e-01 2.98137702e-02 3.68536323e-01 -2.48798300e-02 -2.50072894e-03 6.97438093e-03 8.70337412e-02 -4.80333939e-02 3.44028673e-03 -6.38609231e-02 9.21855867e-02 3.48789692e-02 -3.26656848e-02 6.08778978e-03 4.25374322e-03 1.81687009e-02 -5.58724292e-02 7.02293888e-02 1.33129910e-01 9.09836441e-02 -1.46772377e-02 3.67783718e-02 -1.37633070e-01 -1.64301336e-01 -2.20092828e-04 3.50595087e-01 -3.25640962e-02 -5.12596071e-02 1.29739773e-02 -2.44742900e-01
-4.77203101e-01 4.56399806e-02 2.07268153e-04 -1.83356643e-01 -3.99683952e-01 3.27782869e-01 -5.14375567e-02 8.39991510e-01 -9.64028165e-02 7.03478456e-01 -7.99579263e-01 1.11322677e+00 6.30241752e-01 3.31284165e-01 4.00432765e-01 -5.47831506e-02 -1.77982956e-01 -1.99542269e-01 -3.34555447e-01 -2.39481647e-02 -9.34176371e-02 -5.16073406e-01 5.27177379e-02 -3.19835991e-01 -2.41810277e-01 -5.05952984e-02 -7.19823122e-01 3.66483867e-01 -1.47384658e-01 -3.88955653e-01 -1.89651906e-01 4.10103291e-01
-2.11563215e-01 -2.12672964e-01 7.68195271e-01 1.70006514e-01 -7.74628997e-01 4.36684281e-01 2.86569029e-01 -4.52330023e-01 5.99246085e-01 3.95538330e-01 -5.68362474e-02 3.28901201e-01 -1.55183894e-03 1.54938519e-01 2.38818482e-01 -2.21204138e+00 1.02947831e-01 -1.14017177e+00 -6.38007447e-02 1.92574486e-01 6.65769428e-02 3.04135501e-01 4.04366463e-01 1.40898079e-01 -1.15711108e-01 -4.41584945e-01 -1.76265717e-01 -3.61911327e-01 -2.94371784e-01 -5.18453181e-01 2.77687430e-01 -4.11464691e-01
-2.32006624e-01 1.04920648e-01 2.75385343e-02 1.85092956e-01 -5.81786156e-01 -4.89943177e-02 9.91280004e-02 -2.75997847e-01 -2.80852795e-01 1.86885262e+00 -3.14696908e-01 -1.19818702e-01 -3.52120429e-01 1.38983798e+00 -2.48207390e-01 -2.92996466e-01 4.15598741e-03 -3.83975118e-01 -2.12268140e-02 -3.63292128e-01 9.97479334e-02 2.21260279e-01 -4.39486429e-02 -1.55242309e-01 -8.88116285e-02 -1.98775958e-02 4.59929585e-01 4.31732327e-01 2.08917513e-01 -4.46058631e-01 1.07210562e-01 -1.41117811e-01
1.43518314e-01 1.24616176e-01 8.50227296e-01 3.20900381e-01 -5.66423833e-01 -8.32158923e-01 -1.27683556e+00 1.90287575e-01 6.00670397e-01 4.21437807e-03 -4.08800840e-02 7.22019225e-02 2.60536581e-01 -4.32572812e-01 -4.50971454e-01 1.88364685e-01 2.62106657e-01 -5.73876321e-01 8.11360776e-03 -8.70225206e-02 7.18113899e-01 4.78830248e-01 -3.29292089e-01 -9.62995708e-01 1.12788320e-01 1.74146414e-01 -3.54441464e-01 2.74985552e-01 -7.72222653e-02 1.28470585e-01 -5.17669916e-01 -3.32679331e-01
9.67103660e-01 1.36741459e-01 4.52009737e-01 9.31401432e-01 -3.32116246e-01 -3.12292546e-01 -9.44865525e-01 -5.68794966e-01 1.06613147e+00 -3.10082912e+00 3.84897113e-01 1.85181364e-01 -1.19135439e+00 -4.48671371e-01 1.44435198e-03 -6.60547078e-01 4.34731275e-01 -1.94134131e-01 6.15104258e-01 1.02577209e+00 3.74242157e-01 -5.07497907e-01 -2.38352776e+00 -5.13567090e-01 4.93168384e-01 5.99697292e-01 -8.49261224e-01 -4.72342491e-01 -8.83600190e-02 1.18261290e+00 -1.05452704e+00 -3.39108631e-02
-4.86079417e-02 1.99436247e-01 2.01529618e-02 -5.94051220e-02 -2.00068146e-01 -4.56085689e-02 3.70219201e-02 -5.11039943e-02 -5.07624308e-03 -5.83320297e-02 7.57746100e-02 7.69807994e-02 7.32856020e-02 -3.37604992e-02 1.30696669e-01 -1.14242844e-01 1.13767676e-01 2.24341705e-01 -6.73403591e-03 -2.87364185e-01 1.42370373e-01 7.69448057e-02 -9.81237646e-03 1.62147474e-03 -3.24597687e-01 -6.15801588e-02 4.93057584e-03 -8.74150991e-02 -6.42237999e-03 2.01501790e-03 1.24745758e-03 -1.97817162e-01
1.05305165e-01 3.08172315e-01 1.58146536e+00 4.73837048e-01 -1.16451514e+00 1.69969827e-01 -2.16732368e-01 -5.36752820e-01 8.81697536e-01 5.89479089e-01 1.72867939e-01 -3.54635984e-01 -9.11953926e-01 9.01147544e-01 2.82134991e-02 -3.34012532e+00 -2.43404776e-01 -4.48674297e+00 3.28062713e-01 1.09668031e-01 -1.23192346e+00 9.51991796e-01 3.63017470e-01 1.22061856e-01 2.86823630e-01 -1.67626485e-01 -5.02563357e-01 6.40117884e-01 -1.55445874e-01 2.64674868e-03 -2.27321863e-01 -5.58277592e-02
-8.60011876e-01 1.93718195e-01 1.98768035e-01 -8.03209543e-01 -1.22280985e-01 -1.61755294e-01 -1.67258859e-01 4.79525626e-01 -4.60941158e-02 5.22063188e-02 6.16012961e-02 -2.37878442e-01 4.42006737e-01 4.93458033e-01 -4.00177270e-01 -4.85646755e-01 2.36462563e-01 -3.59714091e-01 -3.31463486e-01 1.75118700e-01 4.31215167e-02 7.56809115e-01 2.18908638e-01 -2.50723809e-01 -1.61178857e-01 2.86195099e-01 -7.69008756e-01 1.68857485e-01 1.12241536e-01 -6.48713171e-01 -1.01560973e-01 -6.69920027e-01

layers.2.bias:
-1.50006533e+00
-8.04115891e-01
6.78709269e-01
-5.45646012e-01
2.95292735e-01
-3.97966176e-01
2.88307607e-01
2.08207321e+00
5.87796926e-01
7.92007565e-01
-9.21033263e-01
-1.36211836e+00
-1.42918929e-01
9.24700916e-01
-2.13528454e-01
-8.01829159e-01
-1.09393589e-01
-6.56677485e-01
4.54017431e-01
-4.41519246e-02
-1.62978828e-01
6.85380161e-01
6.50050163e-01
-4.79026102e-02
-5.86429179e-01
9.51492906e-01
-8.85856211e-01
-1.03616035e+00
3.66049021e-01
-1.08422720e+00
-2.05476046e-01
-2.78407242e-02
6.61028385e-01
1.68375626e-01
-4.42063600e-01
-7.20093101e-02
-1.16962880e-01
1.38062727e+00
8.20287526e-01
-4.93239500e-02
8.89136672e-01
-1.91972226e-01
-5.46579361e-01
1.33225644e+00
3.02975386e-01
-1.15965784e+00
9.61361349e-01
-4.14092153e-01
7.93091834e-01
1.68286741e+00
1.86555058e-01
2.71846533e-01
3.95987220e-02
-5.79304397e-01
9.80366543e-02
-4.29527760e-02
7.64814317e-01
-2.17565536e-01
-2.02003777e-01
-4.52706873e-01
7.31121719e-01
3.78604047e-02
-2.57070482e-01
6.63824439e-01

layers.4.weight:
4.97983843e-01 -1.36734033e-02 -7.27630407e-02 2.98675615e-02 -8.32028091e-02 -1.24480926e-01 -3.92755057e-04 -6.70169055e-01 -6.67397007e-02 -4.06951964e-01 6.03845790e-02 6.52681112e-01 -1.57980692e+00 -1.41749531e-01 -2.25696005e-02 -1.23414516e+00 -2.62856745e-04 6.30977899e-02 -1.08193167e-01 7.00625067e-04 5.23430482e-02 -7.65330046e-02 -3.08830204e-04 3.15318376e-01 -9.37611386e-02 -4.97130565e-02 -1.63925681e-04 7.34591484e-01 -4.80006814e-01 4.14246529e-01 -5.06866500e-02 -1.29879951e-01 -1.61710948e-01 1.89645477e-02 1.66922845e-02 -2.92410754e-04 3.65658692e-04 -1.65913805e-01 2.97116116e-02 1.68182671e-01 -1.80261722e-03 3.69201541e-01 -8.70072003e-03 -1.46922529e-01 2.69575231e-03 2.40919530e-01 3.68799157e-02 -2.68807821e-03 -1.17524207e-01 -6.24823034e-01 -6.98393956e-02 -1.63943589e-01 -9.50472280e-02 -5.56636229e-02 -9.98896122e-01 -1.03360682e-04 1.20009571e-01 -3.58553797e-01 -1.42186850e-01 8.48209709e-02 4.91415448e-02 1.18595024e-04 7.61057019e-01 -4.52410765e-02

layers.4.bias:
-1.05102408e+00

