layers.0.weight:
3.31696361e-01 -5.67613244e-01 7.97264636e-01
5.69172144e-01 -8.09445798e-01 -5.80563486e-01
-8.31293464e-02 -6.13938749e-01 -5.77727258e-01
-1.07055378e+00 1.15616508e-01 4.58123112e+00
2.67282110e-02 4.11940843e-01 1.16166264e-01
-5.79876065e-01 8.58121514e-01 -1.84879377e-01
-1.31842160e+00 4.86020595e-01 -9.88645032e-02
-6.01682402e-02 7.88846374e-01 -9.23566997e-01
6.03414774e-01 -9.26082134e-01 5.12713566e-02
-1.11527514e+00 5.86289167e-02 -1.64189592e-01
7.53551662e-01 -9.85680073e-02 1.41279221e+00
-7.16238439e-01 -1.31785080e-01 -1.29353356e+00
-4.30584475e-02 7.12955832e-01 -1.57757306e+00
-1.16726887e+00 2.10410804e-02 5.00053525e-01
-6.46977663e-01 1.09646142e+00 7.52028525e-01
-1.81771189e-01 9.48456824e-01 1.64468549e-02
5.46070874e-01 -6.33792400e-01 -1.45019031e+00
-1.15504665e-02 1.12846863e+00 1.84981868e-01
8.07071701e-02 -9.54183042e-01 5.35116851e-01
3.41117471e-01 -1.28724232e-01 -8.64976227e-01
2.23475501e-01 1.65966094e-01 -5.10879010e-02
-3.24195027e-01 -2.56797969e-01 -1.00232065e+00
-4.64660525e-01 1.65601885e+00 -4.46076952e-02
-1.56447518e+00 4.06930357e-01 1.75152493e+00
1.05132234e+00 3.79940838e-01 -7.78481364e-01
2.59609371e-01 6.71772659e-01 -1.17486012e+00
-1.16151750e-01 -2.13369340e-01 1.90187418e+00
-3.97779703e-01 -2.44972542e-01 1.92939892e-01
3.22416067e-01 7.57217348e-01 -1.46468067e+00
-1.04933763e-02 4.65525806e-01 1.70563948e+00
-2.89658904e+00 2.84448242e+00 -1.78299040e-01
-1.26738083e+00 -5.19488692e-01 1.02004325e+00

layers.0.bias:
8.77201200e-01
4.81547834e-03
-1.42384720e+00
-6.34384930e-01
7.07518518e-01
-2.04255387e-01
-3.54310095e-01
2.86240637e-01
-7.45998621e-01
-1.59115899e+00
1.64644122e-01
1.80825554e-02
2.46107668e-01
-1.21306002e+00
-2.90836543e-01
1.43946290e+00
9.34610724e-01
1.82654703e+00
-6.68276668e-01
5.78918040e-01
-1.44309163e-01
-1.35729384e+00
1.02535832e+00
-7.05530941e-02
1.36946186e-01
5.60703695e-01
8.80503118e-01
-1.57881156e-01
-4.88352716e-01
7.31267482e-02
8.91685039e-02
-6.70209900e-02

layers.2.weight:
-3.87926638e-01 1.19777650e-01 1.70207232e-01 -4.68113422e-01 -1.97684377e-01 4.68656421e-02 2.11609285e-02 -1.09425083e-01 -1.38096914e-01 3.11963201e+00 1.18662335e-01 2.65432671e-02 -2.64815480e-01 2.46355557e+00 -5.82037978e-02 3.83012086e-01 -1.39916837e-01 5.83956361e-01 1.49033949e-01 -3.15923542e-01 3.02463055e-01 -3.47468182e-02 -5.02318859e-01 6.34619355e-01 -8.04619491e-02 5.64058125e-01 -7.79410839e-01 -1.59738049e-01 -1.59956351e-01 -1.93855941e-01 2.89532095e-01 2.47360170e-01
-4.20772806e-02 2.36767828e-01 -8.72888267e-01 6.50073513e-02 -3.69899899e-01 6.32534102e-02 -9.57021773e-01 -4.49206144e-01 7.64292121e-01 5.95373273e-01 3.81660044e-01 -3.18178207e-01 2.44346142e-01 -1.29490301e-01 -4.24257606e-01 1.44842222e-01 -3.23045492e-01 3.85477781e-01 -4.66343462e-01 -5.62003553e-02 7.12015152e-01 -1.62241235e-01 -5.63849151e-01 -5.16433679e-02 1.10387795e-01 -5.03080003e-02 -3.15354168e-01 -6.48650587e-01 1.14295699e-01 -2.07118511e-01 -7.44358972e-02 7.00021833e-02
5.02352901e-02 9.51395258e-02 8.15973878e-02 -6.34079158e-01 -9.25787985e-01 -1.17006287e-01 -5.96546769e-01 2.02613309e-01 6.42267525e-01 7.73914933e-01 -4.20282513e-01 -2.35730350e-01 4.27955389e-02 5.24741560e-02 -1.51212886e-01 -1.23279023e+00 -4.40127552e-02 -1.13703156e+00 3.51931341e-02 5.90769708e-01 -4.28010911e-01 -2.49049082e-01 2.45047331e-01 -1.45632005e+00 -2.17963755e-01 3.01933229e-01 -1.05286837e+00 -1.77137479e-01 3.04838568e-01 -2.63436586e-01 -8.59641179e-04 3.36225718e-01
1.23622753e-01 -1.60135239e-01 2.20534667e-01 1.23326945e+00 2.02158675e-01 5.04704952e-01 7.69436657e-01 -1.30521357e-01 -2.22316012e-01 7.72080123e-02 4.88988571e-02 5.01624569e-02 -4.64659363e-01 2.94022381e-01 7.43064165e-01 3.69307995e-01 -3.60646576e-01 2.48955160e-01 2.23771960e-01 -9.53873694e-01 -6.74485683e-01 -3.35934386e-02 4.80078161e-01 1.08947384e+00 -4.97870237e-01 -4.46232468e-01 3.84264916e-01 2.60441035e-01 -5.41029513e-01 -2.75862813e-01 8.91980305e-02 3.63225162e-01
2.75596026e-02 -2.90450662e-01 2.84236848e-01 -4.38685447e-01 -1.86053172e-01 -2.70585120e-01 -1.40560889e+00 1.74558654e-01 3.48553568e-01 -4.62564051e-01 4.42633957e-01 -7.50645339e-01 7.94054210e-01 -7.08917737e-01 -1.22307479e-01 -1.34480524e+00 -2.84773618e-01 -1.25017011e+00 -1.54637709e-01 -1.27108470e-01 9.11134422e-01 -5.80887735e-01 2.76792496e-01 -3.28011245e-01 -6.65714741e-01 6.28790021e-01 9.83832404e-02 -6.51419818e-01 -1.80775374e-01 6.15988553e-01 -1.26940608e-01 -1.23055510e-01
-3.29364985e-01 3.16622913e-01 3.41024458e-01 2.19970912e-01 -1.15961659e+00 -3.93180639e-01 -1.94132149e-01 2.17398137e-01 9.17053580e-01 1.69104666e-01 6.22226715e-01 3.80450189e-01 -1.34607792e-01 -2.52119511e-01 -4.06780273e-01 -1.43977571e+00 -3.56088787e-01 -1.67015445e+00 7.97185957e-01 -3.00173908e-01 -5.93402445e-01 -7.76742995e-02 -8.82720828e-01 -3.00737113e-01 1.70001000e-01 4.16148044e-02 2.01622054e-01 1.08572352e+00 -1.66810587e-01 -3.91202152e-01 -4.57124501e-01 2.34722793e-01
-4.08739643e-03 -3.97004234e-03 -2.31737152e-01 -6.75568404e-03 -9.31595638e-02 2.00736612e-01 -8.76913369e-02 -3.91194671e-01 -1.38891801e-01 2.23881751e-01 3.05783629e-01 3.81944403e-02 2.95515060e-01 1.78229194e-02 -7.39669288e-03 -2.71384925e-01 2.55887471e-02 9.87078398e-02 -7.46370330e-02 -2.97573924e-01 -3.52734149e-01 8.65285397e-02 7.56228268e-02 4.43132408e-02 1.45972997e-01 2.78981566e-01 -3.54159802e-01 -4.44472998e-01 -1.70976967e-01 7.34859481e-02 -1.22416757e-01 1.56474099e-01
2.65274227e-01 8.07164833e-02 -3.56477410e-01 3.50803316e-01 1.56931311e-01 -6.23908758e-01 9.79908630e-02 4.78050858e-01 7.94569179e-02 -2.09054530e-01 -1.28171951e-01 9.59517777e-01 3.15859616e-01 -3.27168167e-01 -1.41967043e-01 1.31640539e-01 5.14003813e-01 4.68122922e-02 2.65122056e-01 4.94890451e-01 -1.42970109e+00 -8.96675587e-01 1.31480753e-01 4.82139856e-01 2.72684425e-01 7.30568349e-01 5.99524796e-01 5.04989207e-01 -7.00124264e-01 4.90624547e-01 1.62438035e-01 -3.55988622e-01
2.37449378e-01 3.99869859e-01 -6.35459125e-01 -2.92179108e-01 1.38202107e+00 -5.53441226e-01 -1.10319316e-01 -3.20000052e-01 -9.59731162e-01 4.25624341e-01 3.84929478e-01 4.10498083e-01 7.23183274e-01 -1.57044858e-01 -3.89690101e-02 2.38042951e+00 4.85671550e-01 1.60582185e+00 -4.94667888e-01 -4.18150388e-02 -7.84259215e-02 -3.03271562e-01 -9.23013836e-02 2.38678277e-01 -8.59021917e-02 4.04489994e-01 2.14815810e-02 1.92990705e-01 -1.47099704e-01 1.10946335e-01 2.56853795e+00 -1.74032211e-01
-6.63598657e-01 1.16382770e-01 -7.77044967e-02 -5.63132107e-01 4.62981671e-01 7.49061331e-02 -8.15025046e-02 4.35894310e-01 4.23941672e-01 -1.36742234e-01 -3.70906591e-02 2.71867841e-01 2.36413881e-01 2.40213677e-01 -3.28187525e-01 -5.03453434e-01 2.93696702e-01 -3.42985988e-01 -4.78000671e-01 -3.45834009e-02 -6.25528395e-01 -1.97688445e-01 1.69655889e-01 -7.66990781e-02 -2.01989844e-01 -4.56267633e-02 -2.13934317e-01 2.24214047e-01 2.96782732e-01 1.25952348e-01 5.12416810e-02 -2.28903424e-02
-1.92934483e-01 -3.54630142e-01 -2.52204359e-01 -3.34781110e-01 -9.78949219e-02 -1.36177287e-01 -2.38647580e-01 1.86577171e-01 2.03576207e-01 3.47815543e-01 -5.20857632e-01 -1.27056390e-01 8.34588110e-01 -2.46442765e-01 -1.92430198e-01 -3.53774652e-02 -6.48057401e-01 -2.91972518e-01 -2.44471803e-01 -5.80643937e-02 1.00205147e+00 -2.68693775e-01 -6.08419478e-01 2.28579625e-01 -1.77622110e-01 -8.19902793e-02 -4.04552042e-01 -4.55396175e-01 2.87425488e-01 -3.71334076e-01 8.16782489e-02 4.30929422e-01
-7.20780790e-02 -3.16394791e-02 1.74346054e+00 -8.60669613e-01 -1.16243637e+00 -1.11759827e-02 -1.54140666e-02 -4.08001512e-01 4.31629509e-01 2.07283902e+00 -1.08835492e-02 -1.97433364e-02 2.80302405e-01 3.03649259e+00 -1.22026186e-02 -1.37452877e+00 2.87444204e-01 -3.16812158e+00 6.29698098e-01 -3.50387245e-01 3.03289920e-01 5.90886474e-01 -4.61959898e-01 6.79623365e-01 2.55035199e-02 -5.48046112e-01 3.02140266e-01 -1.66341364e-01 1.74606264e-01 3.68275307e-02 6.52979016e-02 -4.29165781e-01
-6.82005048e-01 -1.68193609e-01 1.14681447e+00 3.92048806e-01 -1.16135943e+00 6.80983722e-01 -8.40985700e-02 -1.07438147e+00 4.78574634e-01 5.86107969e-01 2.30735630e-01 2.54897196e-02 -5.11416912e-01 6.19501881e-02 4.75312024e-01 -5.04696369e+00 -9.23866555e-02 -6.73683023e+00 8.17133963e-01 -9.82264161e-01 -6.54659808e-01 5.76774716e-01 6.70952737e-01 -8.02054182e-02 -3.41122597e-01 -3.01331222e-01 -3.68553042e-01 6.85988605e-01 -8.52745295e-01 -3.35159957e-01 -9.05087411e-01 -1.94353014e-01
1.54135972e-01 -1.36994362e-01 -6.60484374e-01 -8.84490460e-02 -6.46523684e-02 -1.04977876e-01 3.41955304e-01 2.78069764e-01 2.44288430e-01 -2.88786083e-01 4.73261297e-01 -9.31077749e-02 3.42892945e-01 -7.73820579e-01 -3.17932695e-01 7.74347186e-02 -2.00492188e-01 3.03639501e-01 -5.01332572e-03 1.72871739e-01 -1.76959693e-01 -1.58819124e-01 6.91597909e-02 -2.03349009e-01 -2.41145760e-01 7.51065135e-01 -2.05145720e-02 1.65880680e-01 -2.67400801e-01 2.34190717e-01 5.20813577e-02 4.75641221e-01
-8.89635623e-01 3.47008049e-01 6.20244220e-02 1.82881668e-01 -2.57308066e-01 5.63101232e-01 -3.19038898e-01 3.25714387e-02 4.19857979e-01 -1.34489626e-01 -8.98241460e-01 3.87334496e-01 3.09335589e-01 -4.04814839e-01 -4.25283551e-01 -6.18412137e-01 3.79607141e-01 -6.47459328e-01 -4.85830903e-01 4.71571684e-01 1.23892331e+00 1.08050072e+00 -9.10524726e-02 7.79001042e-02 -3.92169148e-01 2.59531319e-01 -7.47846067e-01 9.36755091e-02 9.24109221e-01 -4.02375847e-01 -8.11008911e-04 1.65931910e-01
-5.43305457e-01 4.89134761e-03 8.71693343e-02 1.15653969e-01 -2.30039731e-01 3.05593222e-01 -9.21310425e-01 2.82067135e-02 1.54040128e-01 5.11732721e+00 5.55339992e-01 4.50706333e-01 2.62544334e-01 2.52508426e+00 -9.41578448e-02 -5.85627295e-02 -3.93632680e-01 -1.36760399e-01 -7.94791207e-02 -2.03300223e-01 -7.20538974e-01 4.36034530e-01 2.42317498e-01 1.91885948e-01 -3.78659606e-01 -3.45548302e-01 -6.65911734e-01 3.36759180e-01 -2.10476033e-02 -6.77126825e-01 -2.38340512e-01 -2.57012784e-01
-2.06446275e-02 1.53476238e-01 -5.19265309e-02 3.69459987e-02 -3.03840861e-02 -4.23283316e-03 3.12753618e-02 -7.76935741e-02 4.25703116e-02 -1.43413305e-01 5.67177869e-02 6.81972429e-02 3.59700508e-02 7.22974017e-02 1.07484110e-01 3.29272151e-02 3.40352729e-02 4.95967939e-02 2.84640603e-02 8.71684402e-02 2.36537486e-01 1.30700618e-01 -1.38346981e-02 1.78816076e-02 7.47591704e-02 -1.07594626e-03 5.47750816e-02 2.86818862e-01 3.29009965e-02 3.63163650e-03 3.20808850e-02 1.31649161e-02
3.01714838e-01 1.62786935e-02 -6.41887903e-01 9.28291678e-03 2.44930118e-01 -4.35960025e-01 -1.36234835e-01 -2.07646683e-01 2.61086434e-01 -1.14572465e+00 3.72975916e-02 6.08664267e-02 2.65352011e-01 -7.90010020e-02 -3.10118049e-01 2.97604978e-01 -2.18185797e-01 4.53263968e-01 -2.52242446e-01 1.00038409e+00 1.41867921e-01 8.26447904e-02 -7.48399317e-01 -1.72708213e-01 -1.64129183e-01 -3.42897505e-01 8.09864402e-01 -4.73035246e-01 2.54333913e-01 2.60253370e-01 -2.11323664e-01 2.44586691e-01
-2.56632954e-01 -1.55504420e-01 -1.66587695e-01 -2.22977474e-01 5.59980683e-02 -4.93946038e-02 2.56452441e-01 1.34314597e-01 5.02357662e-01 -3.58737171e-01 -1.93917155e-01 -8.37612152e-01 4.88750577e-01 -6.80379197e-03 -1.38308153e-01 -1.33949369e-01 -2.65734076e-01 -1.14900298e-01 2.01775983e-01 -1.71151027e-01 -7.30644539e-02 -1.39240161e-01 2.68721759e-01 -2.11430117e-01 2.04981178e-01 2.05612347e-01 -1.96401238e-01 4.64581549e-01 6.64236099e-02 3.32549602e-01 2.58304358e-01 1.10740773e-01
6.48275316e-02 1.88220188e-01 -1.03546632e-02 5.96534498e-02 -3.33573744e-02 1.17750123e-01 -4.12663259e-02 -8.28816891e-02 4.19381633e-02 1.03086457e-01 7.18338266e-02 8.80316943e-02 -5.53320795e-02 -2.56577320e-02 1.04108766e-01 4.51035023e-01 9.23960358e-02 -2.87132621e-01 4.97894622e-02 -5.86454645e-02 -9.13573951e-02 -1.34135440e-01 1.22808134e-02 -1.26799406e-03 3.97691168e-02 1.41163602e-01 1.53555674e-03 -1.08581865e-02 7.19960704e-02 4.15228261e-03 -2.95055378e-02 3.43830772e-02
6.59567773e-01 7.71980509e-02 5.89165211e-01 4.71533895e-01 -1.53394595e-01 -3.87203783e-01 -7.27919519e-01 -9.99601260e-02 -2.60327995e-01 -9.08854783e-01 -1.55713052e-01 1.03113925e+00 5.43711901e-01 -5.14904141e-01 4.66104954e-01 6.95611298e-01 1.13923728e-01 -6.54794425e-02 4.90658760e-01 5.95036209e-01 -6.55962825e-01 9.29800272e-02 4.23050791e-01 1.49826959e-01 -4.02585082e-02 -3.31594288e-01 4.42847311e-02 4.84587818e-01 -1.81246921e-01 -1.46956593e-01 -5.52065894e-02 5.62603176e-01
2.28296012e-01 -1.05722144e-01 9.19010639e-02 1.63468629e-01 -9.22372118e-02 1.51397750e-01 9.12174284e-01 2.89021269e-03 4.97726202e-01 2.86503077e-01 3.21315080e-01 3.82666260e-01 -4.20095176e-01 -5.79661727e-01 1.07684329e-01 -1.10353196e+00 -3.67567725e-02 -8.26921642e-01 2.24150624e-02 -4.53243226e-01 -5.82695782e-01 7.19452323e-03 3.00692677e-01 2.47583501e-02 1.44627532e-02 -4.61077780e-01 -6.90571666e-01 5.48782587e-01 -1.24597616e-01 -1.77195907e-01 3.09744686e-01 -1.99842416e-02
1.62317947e-01 1.29231900e-01 -2.81556427e-01 3.85298669e-01 -2.78889108e-02 2.18525976e-01 3.55996400e-01 -2.89264292e-01 -2.75613487e-01 3.05029988e-01 -3.62769924e-02 1.85472578e-01 4.57998842e-01 4.42635566e-01 -3.01510304e-01 -4.71007407e-01 6.79072678e-01 -1.31986499e-01 1.45701885e-01 -1.57044977e-01 -5.65673411e-01 2.55397819e-02 -5.15142858e-01 9.83001739e-02 -4.08362716e-01 -1.03057981e-01 -7.15426952e-02 -3.46866369e-01 3.76483314e-02 -1.46101207e-01 -8.12341347e-02 -2.36676097e-01
7.78231084e-01 1.97379693e-01 -3.18844795e-01 1.04784869e-01 1.88158408e-01 -5.68611979e-01 3.87301296e-02 3.28209579e-01 2.74043202e-01 -2.80368328e+00 4.47899140e-02 2.83548206e-01 4.21688855e-01 -1.70106149e+00 -1.90867513e-01 4.47372913e-01 2.85965741e-01 4.13202077e-01 -2.35061973e-01 9.90676135e-02 3.48309308e-01 -1.80381894e-01 -3.85925025e-01 -1.41057089e-01 -4.71670508e-01 -1.53094783e-01 -1.14491157e-01 -4.46378291e-02 3.20454836e-01 3.00151929e-02 -9.20758247e-02 -5.78587055e-02
-8.42677474e-01 -5.13972938e-02 -1.73736855e-01 2.14946717e-01 8.88907909e-02 -2.05737978e-01 1.06683886e+00 -1.95064738e-01 -1.55595195e+00 1.49018872e+00 -7.41998792e-01 1.71390206e-01 6.48919716e-02 3.03206533e-01 -4.33455616e-01 7.25383043e-01 4.47057039e-01 8.77645612e-01 3.96720350e-01 -1.13337159e-01 -1.72539979e-01 2.35504061e-01 6.83652520e-01 1.06438160e+00 -2.81597525e-01 4.11974370e-01 -5.29433131e-01 3.05341668e-02 8.67958128e-01 -3.57369632e-01 7.21030533e-01 -2.06627980e-01
-5.83390474e-01 5.47657311e-01 1.44070880e-02 -2.17450336e-01 5.14353931e-01 2.33507887e-01 6.44615740e-02 6.06882215e-01 -3.81094664e-01 5.51239729e-01 -3.12538967e-02 -6.05588704e-02 3.10933620e-01 3.06513399e-01 -4.78801697e-01 -2.03626677e-01 -1.67546138e-01 -1.90337479e-01 3.14038008e-01 -3.52029264e-01 -6.39158040e-02 -2.15900436e-01 9.36084390e-02 -4.96935070e-01 5.48502281e-02 -1.16124697e-01 -6.36140347e-01 -4.19650733e-01 2.06065789e-01 -4.43233609e-01 -2.05368534e-01 -2.61482775e-01
2.60076881e-03 4.08033252e-01 3.88723224e-01 3.13572347e-01 -3.20814438e-02 -5.00642300e-01 -3.49252999e-01 4.99502867e-02 3.68801504e-01 -8.56439710e-01 -6.20078385e-01 -1.44696105e-02 -2.10254744e-01 -6.71934724e-01 -1.32193670e-01 8.64025950e-01 4.92687486e-02 4.33987111e-01 2.60416001e-01 3.41346830e-01 9.74903721e-03 -7.80133724e-01 -9.57336128e-02 1.85060520e-02 3.65420550e-01 2.47544780e-01 -2.90764309e-02 -6.16175950e-01 -2.32739612e-01 -1.67859569e-01 -2.00581700e-01 -3.39184463e-01
-8.15576613e-01 4.69023883e-01 -7.50302672e-01 -1.01386833e+00 8.78653005e-02 -2.27586016e-01 -3.88060063e-01 5.83484888e-01 6.20154925e-02 3.21653455e-01 -2.20076088e-02 1.66461110e-01 1.97173834e-01 2.06183374e-01 -2.19460353e-02 1.58328533e+00 6.93395197e-01 1.58943748e+00 -1.65623057e+00 8.26890022e-02 6.39384091e-01 -8.21653843e-01 -6.23189628e-01 3.97196293e-01 -6.74406812e-02 -3.84690732e-01 2.67187119e-01 9.58302692e-02 8.61938417e-01 -8.18105876e-01 2.28866383e-01 -3.21432531e-01
1.17327936e-01 -6.05932713e-01 1.05483547e-01 -8.74657333e-02 -8.23305726e-01 5.72865009e-01 -9.90700051e-02 -6.00096285e-01 6.95671856e-01 7.92187810e-01 -1.76581487e-01 2.48595867e-02 5.10051250e-01 3.42623055e-01 1.45668864e-01 -1.45649981e+00 -5.06829798e-01 -1.36617875e+00 3.62343460e-01 1.72805414e-01 3.82258058e-01 3.77513736e-01 2.49038354e-01 1.77502960e-01 3.87588322e-01 4.81523350e-02 -3.83618742e-01 -3.84265333e-01 -3.90267462e-01 -3.01206440e-01 2.07471997e-01 1.93987817e-01
1.00425398e-02 -9.96351480e-01 3.04374367e-01 1.64619243e+00 1.84198484e-01 2.65624840e-02 -6.89742565e-02 -3.33656549e-01 -2.09725365e-01 2.14808986e-01 1.14066327e+00 -1.01257157e+00 -1.17001617e+00 -3.17207754e-01 1.59936056e-01 1.39805842e-02 -1.30338323e+00 7.06476212e-01 6.97020292e-01 -8.35385442e-01 7.67103791e-01 1.32328048e-01 -6.26046956e-02 1.90754488e-01 -1.83132261e-01 -5.72838306e-01 2.68028855e-01 1.71114922e-01 -9.42138016e-01 1.32804990e+00 -5.97463310e-01 9.15761888e-02
-6.37603521e-01 -1.31182447e-01 3.62946928e-01 7.46827573e-02 -3.95439491e-02 1.73166156e-01 2.04786226e-01 6.46883696e-02 -3.30156237e-01 -2.93958306e-01 -1.07788670e+00 3.71325940e-01 5.35822749e-01 6.71714544e-02 1.33820102e-01 -1.62628889e-01 4.10085857e-01 -1.42951041e-01 9.01971105e-03 -2.89219439e-01 -1.08087254e+00 2.69673258e-01 -5.08644506e-02 -7.47455657e-01 2.77506292e-01 6.42962098e-01 -1.67924866e-01 6.76130280e-02 -4.11069185e-01 -2.82098979e-01 -3.15229893e-01 -1.20345056e-01
-2.56088734e-01 -3.47044557e-01 -1.73647314e-01 -1.17497735e-01 -3.17724615e-01 -1.36825770e-01 2.87209064e-01 1.61912575e-01 -6.68336749e-01 1.41430759e+00 -1.25581443e-01 -8.45293552e-02 -5.59477210e-01 7.17746198e-01 -1.97347462e-01 4.16507386e-02 3.02117392e-02 1.30754083e-01 1.08449295e-01 -2.03628108e-01 1.30312502e-01 1.08247839e-01 2.94490129e-01 1.74408495e-01 -1.64197609e-02 -1.52654648e-01 -1.51072174e-01 2.97563970e-01 2.02107117e-01 3.37547958e-01 -1.51161224e-01 1.58133745e-01
-4.37902994e-02 -4.00421679e-01 1.32827461e-01 -1.31628036e-01 -6.31876588e-01 4.71674949e-01 -2.19892055e-01 -5.08095086e-01 2.07786828e-01 -2.71543920e-01 -3.47784348e-02 5.31333089e-01 2.10101292e-01 5.51463425e-01 3.97188395e-01 -8.79112363e-01 -4.82608557e-01 -1.54788935e+00 1.27781674e-01 -3.45870614e-01 -1.50943905e-01 9.20290649e-01 4.53615725e-01 6.10797584e-01 -4.06762600e-01 1.20084837e-01 9.57586020e-02 -1.83665395e-01 -3.96727324e-01 -2.88312435e-01 -2.03660518e-01 -1.57556579e-01
2.46243514e-02 -5.49586751e-02 1.47224963e-01 -9.77931991e-02 2.66711652e-01 -8.80685672e-02 4.35268041e-04 -3.07508558e-01 -2.01095790e-01 2.90759742e-01 1.66351601e-01 1.19875364e-01 9.34080034e-02 -2.82449126e-01 -6.66090921e-02 -2.81128109e-01 6.84764832e-02 1.11228429e-01 -2.05972329e-01 -5.14771581e-01 1.66895434e-01 -1.54868320e-01 -9.75510255e-02 -2.03901548e-02 -4.92512621e-02 2.36339912e-01 -6.52097538e-02 1.24202175e-02 9.00525823e-02 6.37367591e-02 -3.92698422e-02 2.92333085e-02
2.75082141e-01 -5.33336937e-01 -2.19038054e-01 8.65893304e-01 -3.13272268e-01 -4.87236530e-01 1.58848315e-01 -1.70664012e-01 9.68489572e-02 2.98561001e+00 -4.63059872e-01 8.58493090e-01 6.01845920e-01 1.00742781e+00 7.09891379e-01 -3.73264328e-02 -3.55759077e-02 -1.69664606e-01 6.79543078e-01 2.88635582e-01 2.12428361e-01 8.30490813e-02 -5.21122098e-01 1.20032763e+00 -2.61006981e-01 1.07672676e-01 -1.87422499e-01 3.47741544e-01 -3.47961962e-01 1.35023713e-01 4.14052963e-01 2.26958349e-01
-1.17365770e-01 1.77731097e-01 1.27911657e-01 8.04003552e-02 -8.05452873e-04 -4.84644957e-02 3.53977978e-02 9.85579044e-02 1.25697404e-02 -5.55434413e-02 1.65235981e-01 9.97229964e-02 7.73038641e-02 -4.84766439e-02 1.54635966e-01 1.84679568e-01 2.15319209e-02 -1.13678835e-01 2.44423072e-03 6.44762740e-02 -1.84707344e-01 -4.32780571e-02 -6.05486659e-03 -1.31596802e-02 -4.53694046e-01 -2.40478471e-01 4.87133935e-02 -1.07971735e-01 -1.80848651e-02 -4.91715856e-02 2.05489360e-02 -4.61389989e-01
7.71578252e-02 3.51772308e-02 -4.52614762e-02 -2.57496182e-02 -2.94642985e-01 -7.72785991e-02 -1.07895108e-02 1.21585615e-01 8.56197923e-02 -8.09110031e-02 -1.08453557e-01 1.07031904e-01 -3.31883281e-02 1.69784650e-02 -1.64800510e-01 2.64563352e-01 -1.07430676e-02 -7.53510371e-02 1.37779430e-01 3.98566782e-01 -4.25980479e-01 -5.92758283e-02 -5.08442707e-02 -7.53994957e-02 -4.31178994e-02 -9.57445204e-02 -1.08554572e-01 9.63896513e-02 -8.45932364e-02 -2.93155760e-03 -4.79892083e-02 4.64241691e-02
8.14937532e-01 -2.64287680e-01 3.71429265e-01 3.26050997e-01 -4.99164224e-01 1.54877221e-02 -5.50165653e-01 2.38332222e-03 7.49393284e-01 2.04382136e-01 -1.91586733e-01 5.63535430e-02 7.01335669e-02 3.50355953e-01 7.36783922e-01 -9.62694466e-01 -4.45694685e-01 -8.38542402e-01 7.62519002e-01 -2.66516209e-01 -7.56055295e-01 2.40122110e-01 -1.55138493e-01 2.23196864e-01 7.68514454e-01 -5.36661893e-02 2.11417869e-01 -1.47606283e-01 -6.02500916e-01 2.12722555e-01 8.26907828e-02 1.02025844e-01
1.86882243e-01 -4.39018995e-01 -1.80677608e-01 4.48097914e-01 -9.92399976e-02 -6.06194317e-01 6.97510019e-02 -2.56871372e-01 3.84039432e-01 -1.98539793e-01 -2.09829584e-01 4.21362877e-01 2.90714055e-01 -1.98114097e-01 2.84342736e-01 -1.17248321e+00 -3.63679498e-01 -1.20547950e+00 1.58053946e+00 -4.41046000e-01 -2.90340096e-01 -5.11448495e-02 3.42035115e-01 7.13001490e-01 -2.31892750e-01 -4.20215905e-01 4.87648934e-01 9.55679119e-02 -4.20367420e-01 -3.80409926e-01 -2.59654820e-02 3.23466152e-01
1.26867607e-01 -2.70198956e-02 7.98282385e-01 1.48358017e-01 -1.70528340e+00 -3.95962894e-01 1.49057373e-01 -2.08411083e-01 9.05458987e-01 8.26200724e-01 -1.89804345e-01 -3.02141279e-01 -3.60387154e-02 5.49150765e-01 4.32866439e-02 -3.07471561e+00 -3.25456709e-01 -3.98336458e+00 3.04969430e-01 -4.01991531e-02 -8.21032465e-01 6.59100533e-01 1.07074328e-01 1.12483941e-01 2.52706438e-01 8.84626433e-02 3.75137538e-01 1.90842927e-01 -1.85843304e-01 -7.35630751e-01 -2.14530617e-01 1.51614487e-01
-1.16420418e-01 -2.01169461e-01 -2.80357271e-01 -3.10754597e-01 -2.70324260e-01 5.15385568e-01 1.77626446e-01 -1.28333315e-01 -1.00760527e-01 4.15273428e-01 -2.71362692e-01 2.64639199e-01 8.08351785e-02 -2.71825671e-01 -1.52975664e-01 -4.86230731e-01 3.52773309e-01 -5.86984575e-01 -2.22397342e-01 5.10329194e-02 -4.53561753e-01 3.79308730e-01 -1.41264245e-01 3.18345159e-01 3.23554367e-01 -5.12894630e-01 4.55463201e-01 1.49372414e-01 5.15616946e-02 9.70804542e-02 -1.17921524e-01 7.61934742e-02
2.68539637e-01 6.85159862e-01 7.36962557e-01 -3.83106291e-01 -8.01400170e-02 2.02914894e-01 2.40990758e-01 -7.66127706e-02 -7.80259252e-01 1.34774888e+00 -2.42094561e-01 -2.93237329e-01 -4.49961454e-01 1.30356300e+00 1.20170958e-01 -4.70156409e-02 1.66003704e-02 -1.21031678e+00 2.42256239e-01 -3.13464612e-01 1.13957159e-01 7.25886166e-01 -2.90406942e-01 -3.12813967e-01 5.71264446e-01 -7.92092621e-01 5.08460760e-01 -7.45417476e-02 -3.35667998e-01 -5.85330904e-01 8.88303891e-02 -3.93472046e-01
-4.45895605e-02 -4.47571188e-01 1.92155108e-01 -1.64594874e-01 -3.26175839e-02 1.60478905e-01 1.58421248e-01 -2.82742292e-01 -7.02453256e-01 -1.69107184e-01 -9.65569392e-02 -1.31028565e-02 -1.03177913e-01 4.83243942e-01 5.68009734e-01 5.66953301e-01 2.11431235e-01 -1.96585283e-01 1.54554546e-02 1.44547656e-01 -2.37817466e-01 3.13472331e-01 -3.96952689e-01 1.98981881e-01 -1.54986411e-01 -2.64225334e-01 4.19592679e-01 7.46163726e-01 -5.09910226e-01 -4.42137659e-01 3.65222275e-01 4.21048045e-01
-1.18248284e+00 -2.54093975e-01 -6.36675432e-02 -1.17898738e+00 5.98759986e-02 -1.08375996e-01 4.45155680e-01 4.19456035e-01 -3.83180887e-01 1.71806657e+00 -1.26964104e+00 1.57074368e+00 9.27416325e-01 8.19282472e-01 4.12695743e-02 8.35099220e-01 3.41718435e-01 1.58420682e-01 -1.26061335e-01 8.05157542e-01 -9.44117785e-01 -4.53519344e-01 -3.28673422e-01 7.39316046e-02 3.24107379e-01 7.03775227e-01 9.90749717e-01 1.05691350e+00 2.96376914e-01 -8.87338579e-01 1.20274556e+00 4.39624012e-01
-1.01780690e-01 8.70316029e-02 3.05270761e-01 -5.15549518e-02 3.68068188e-01 -9.15842503e-02 -1.84269547e-02 4.92381863e-02 -7.31291771e-02 1.67702913e-01 3.73766758e-02 -1.44390818e-02 2.48246477e-04 -8.27992111e-02 7.51587898e-02 -1.46336675e-01 9.85246673e-02 3.24208178e-02 -2.22703554e-02 -3.92684102e-01 1.62961543e-01 -1.09129086e-01 1.75598357e-02 1.73665062e-02 1.33881912e-01 4.48616548e-03 7.38881677e-02 1.25267059e-01 1.37970904e-02 -9.33621377e-02 -3.96192297e-02 6.20839559e-02
-3.66771847e-01 1.65304601e-01 8.52909684e-02 -1.59199797e-02 5.99690795e-01 1.47931859e-01 5.23203254e-01 4.05535132e-01 5.32199033e-02 -1.70190716e+00 -2.40998596e-01 4.27716106e-01 5.77701569e-01 -1.22965014e+00 -3.55418444e-01 3.63130063e-01 3.61435443e-01 3.19099814e-01 -8.97912025e-01 -6.95898235e-01 1.22878850e+00 -4.29263383e-01 2.03013659e-01 -1.66204011e+00 2.94828326e-01 5.50424874e-01 -9.14519250e-01 -1.32471859e+00 1.62975526e+00 -5.99897176e-04 3.18764746e-01 -5.04878700e-01
7.21223295e-01 -3.43746990e-01 -1.52347222e-01 4.85304862e-01 -4.91025627e-01 -8.66071284e-02 -1.20789155e-01 -4.46141273e-01 6.59859478e-01 -7.55621120e-02 -8.79477262e-02 -8.30331445e-02 6.88228369e-01 -2.78379560e-01 3.98709655e-01 -1.11635673e+00 -7.30491728e-02 -1.12829375e+00 1.63741040e+00 -1.20473392e-01 -3.73874784e-01 1.34375185e-01 1.32218108e-01 2.12199941e-01 -1.15583859e-01 -3.17750484e-01 8.46674323e-01 6.34105802e-01 -6.97967887e-01 3.81620973e-01 7.58378059e-02 3.74731094e-01
-1.78692475e-01 2.97819525e-01 -1.33753166e-01 -6.14175685e-02 -6.14367247e-01 -2.61721164e-01 9.82575342e-02 4.27715600e-01 -3.89631949e-02 -5.15739143e-01 -2.11832687e-01 4.44844961e-02 -3.37717086e-01 1.61978513e-01 2.93800294e-01 -1.46021664e-01 -1.42845601e-01 2.50567228e-01 9.89870653e-02 3.40201348e-01 -2.70898461e-01 -3.43067236e-02 -7.57752433e-02 -4.70806994e-02 -9.10678282e-02 -1.09360725e-01 2.52623618e-01 -2.65794784e-01 1.18004844e-01 -3.60354641e-03 1.21821150e-01 1.42841145e-01
9.92241204e-02 -4.57133591e-01 -4.72058095e-02 -1.43882260e-01 -2.33162045e-01 -2.09390372e-01 -1.41160339e-01 -2.05991983e-01 -2.39360169e-01 3.78058195e-01 -4.84431535e-02 1.21340387e-01 3.79135489e-01 2.07005024e-01 -2.00934052e-01 -8.01177680e-01 -1.33083776e-01 -2.89709598e-01 8.39252174e-02 1.11483805e-01 6.61687627e-02 -2.12378968e-02 5.63646674e-01 -2.33846381e-02 -3.00313413e-01 2.43075058e-01 3.02875042e-01 7.03318715e-02 -4.08553518e-02 8.45298544e-02 -1.38162658e-01 -2.81692415e-01
1.15932727e+00 -2.07899185e-03 -4.78435010e-01 2.33214498e-01 -1.80609208e-02 1.45887807e-02 5.43800592e-01 6.62412029e-03 -7.34476447e-02 -8.85571241e-01 -8.15934658e-01 1.36181915e+00 3.32222730e-02 -9.03758347e-01 3.15416485e-01 3.43218505e-01 7.50599205e-02 2.33241573e-01 9.16267335e-02 8.20517242e-02 -1.95567775e+00 -2.94042885e-01 -1.06683886e+00 -2.04273105e-01 -4.78238255e-01 -5.54845370e-02 2.90928900e-01 7.60574281e-01 -1.38579220e-01 9.18054655e-02 6.49900213e-02 5.31022668e-01
-1.82234883e-01 -6.23225570e-02 -8.85412157e-01 -1.04564987e-01 3.82186979e-01 4.95311737e-01 -9.36233252e-03 9.09895524e-02 -4.90153693e-02 4.42101717e-01 -4.12755609e-01 -1.22697651e+00 4.16127920e-01 2.18386889e-01 -2.28060242e-02 6.01853669e-01 -1.08256333e-01 1.39931989e+00 -5.49170434e-01 1.21483088e-01 4.43348467e-01 -1.05929680e-01 3.68615270e-01 5.90667725e-01 -9.06011388e-02 8.32169890e-01 -1.39537469e-01 -4.39931929e-01 1.83383122e-01 1.03896104e-01 6.24880672e-01 -2.52154708e-01
3.55660357e-02 2.69504070e-01 -2.31972173e-01 -5.02786398e-01 -1.32316966e-02 6.72213495e-01 2.16928735e-01 7.09758222e-01 4.13332641e-01 1.81721091e-01 1.09026504e+00 -4.11311924e-01 -2.42305528e-02 2.31209964e-01 7.53112808e-02 -7.04847813e-01 1.43104881e-01 -3.78434057e-03 -2.50149816e-01 -6.88406706e-01 -3.51549834e-02 -3.27186316e-01 1.63419083e-01 2.28291973e-01 -2.32044429e-01 7.54417330e-02 1.38191402e-01 -2.31791232e-02 -6.01509273e-01 3.75437826e-01 -2.80557603e-01 1.22860670e-01
1.05647735e-01 2.02836283e-02 -1.81766674e-01 2.19331644e-02 3.82713485e-03 5.24476990e-02 7.30116814e-02 9.67762545e-02 -4.12890352e-02 -4.06725630e-02 -5.02181314e-02 -3.62258613e-01 2.42338151e-01 2.30564803e-01 5.32771787e-03 5.16399108e-02 8.24078545e-02 -1.17619395e-01 5.99813685e-02 2.55566508e-01 1.33310452e-01 2.33006909e-01 -1.82390604e-02 2.22066104e-01 -7.44844154e-02 -2.68785954e-01 -1.60534903e-01 -2.02558130e-01 -3.13046992e-01 -1.34958565e-01 2.03275848e-02 -2.94231176e-01
5.40272355e-01 1.43314436e-01 6.31951392e-01 3.56064260e-01 4.71740700e-02 2.86964566e-01 8.54633927e-01 -4.92599696e-01 1.00259006e+00 4.83256154e-04 -6.80614173e-01 2.92667031e-01 -5.16141474e-01 -3.31263304e-01 -1.03523247e-01 -2.11246133e-01 -4.79853988e-01 -7.83216715e-01 5.60898364e-01 5.39532490e-02 -2.02304676e-01 6.02799416e-01 8.92672911e-02 6.26430750e-01 2.37235706e-02 -1.71023905e-01 -2.64890909e-01 2.65244514e-01 9.69853699e-02 3.70017022e-01 -2.43746132e-01 7.37746852e-03
-6.25553548e-01 -6.17953122e-01 1.73430657e+00 8.35716277e-02 -1.05976939e+00 8.85235146e-02 -1.30513990e+00 -9.18302000e-01 3.06365937e-01 9.57623184e-01 1.77844390e-02 -6.35567188e-01 -2.86682695e-01 8.93044949e-01 7.83271015e-01 -2.19857574e+00 1.14947826e-01 -2.84976363e+00 1.60742044e+00 8.01753879e-01 -3.68782729e-01 1.94940460e+00 -1.23714872e-01 1.58129126e-01 4.12715465e-01 -6.79416120e-01 -2.64364541e-01 2.96586007e-01 1.76890492e-01 5.52349724e-02 4.89868641e-01 1.24708585e-01
4.07760730e-03 -1.28412368e-02 7.00252950e-02 4.62058298e-02 3.68967980e-01 -1.21858669e-02 1.03652142e-02 4.01625643e-03 6.97325021e-02 4.74449480e-03 -2.10716631e-02 -5.22456951e-02 9.19593051e-02 -2.29807328e-02 -1.50599955e-02 -4.96325083e-02 -2.57978146e-03 -7.21023185e-03 -4.37482335e-02 6.10989071e-02 1.18739888e-01 6.10297918e-02 -1.27040818e-02 -1.10711921e-02 -1.22761585e-01 -1.64040431e-01 1.58436149e-02 3.67752582e-01 -9.71661694e-03 -5.26353642e-02 2.13580225e-02 -2.51591206e-01
-4.49273616e-01 1.38245583e-01 -4.90996875e-02 -1.76326528e-01 -3.38203698e-01 3.68155800e-02 -1.67570814e-01 7.55762935e-01 -6.20997883e-02 4.47183810e-02 -3.02586585e-01 8.58217776e-01 5.89265823e-01 2.65450418e-01 2.52153277e-01 6.15483187e-02 -2.27617454e-02 2.39772480e-02 -1.88367143e-01 7.62410089e-02 -8.97823125e-02 -5.35962105e-01 -1.08753152e-01 -3.13234597e-01 -2.56111175e-01 -1.04074746e-01 -7.12840557e-01 3.70922178e-01 -1.66162893e-01 -3.57004851e-01 -4.09101963e-01 4.22513366e-01
-2.03006446e-01 -2.24834040e-01 8.42342734e-01 2.35045776e-01 -9.79462922e-01 3.84057909e-01 2.09444776e-01 -6.37941182e-01 6.18395209e-01 2.94720083e-01 -1.16957910e-01 3.58807981e-01 -7.80984014e-02 5.86538799e-02 2.54961789e-01 -2.51990747e+00 1.10798500e-01 -1.41830015e+00 2.31087431e-01 1.84224799e-01 4.82176170e-02 3.60175937e-01 3.93760890e-01 1.24675371e-01 -1.43920630e-01 -5.37884712e-01 -1.01558514e-01 -2.45447710e-01 -4.84318167e-01 -4.99261200e-01 2.89502949e-01 -3.76152992e-01
-2.85519570e-01 6.47672564e-02 -2.12745871e-02 6.57749623e-02 -3.49765033e-01 -1.39118154e-02 4.12542194e-01 -1.46767274e-01 -7.24816561e-01 2.16504502e+00 -4.83943135e-01 6.02121614e-02 -1.98144853e-01 1.29941738e+00 -2.48410702e-01 3.50009128e-02 7.49036968e-02 -6.02538697e-02 -1.11870244e-01 -2.31339023e-01 -1.84656377e-03 3.16502512e-01 -1.35483369e-01 -2.43843958e-01 -2.33724609e-01 1.17422864e-01 3.45273703e-01 5.18569291e-01 2.41397724e-01 -5.47442615e-01 3.50211650e-01 7.39048421e-03
3.59293446e-02 -1.00313775e-01 5.78027546e-01 3.97484899e-01 8.27752948e-02 -5.49540102e-01 -1.21915448e+00 2.32473329e-01 2.53006995e-01 1.15455553e-01 1.03955222e-02 3.04944590e-02 2.04119414e-01 -3.11435163e-02 -3.37283969e-01 8.03622603e-01 1.11340903e-01 4.45058256e-01 -2.02119321e-01 -2.06866980e-01 7.78230488e-01 4.02085751e-01 2.27287516e-01 -6.71520233e-01 1.59150243e-01 1.56132355e-01 -2.83424944e-01 2.29176521e-01 -1.94232371e-02 2.46062130e-01 -4.19036806e-01 -4.28142041e-01
9.77897525e-01 -1.90679371e-01 4.91591603e-01 8.08798194e-01 -4.24779832e-01 1.30163327e-01 -5.81415236e-01 -3.61938924e-01 4.93662298e-01 -1.26907468e+00 -4.58518147e-01 9.86055136e-01 -1.06081831e+00 -3.66214097e-01 4.25048560e-01 -3.92112136e-01 8.32850114e-02 2.62037199e-02 3.49134088e-01 8.85151505e-01 2.15544373e-01 -3.50020111e-01 -2.08443689e+00 -7.18953013e-01 7.31675148e-01 7.53891349e-01 -9.84595358e-01 -3.61930549e-01 2.51152366e-01 1.07351446e+00 -4.49167162e-01 -2.97263682e-01
-3.72872539e-02 1.83233932e-01 -2.55935229e-02 -4.89253365e-02 -2.10789517e-01 -4.03486416e-02 3.68275456e-02 -5.89106455e-02 -3.35059538e-02 -1.78039297e-02 4.36855033e-02 9.63010266e-02 7.67176524e-02 -5.63542619e-02 1.47302523e-01 -1.33130059e-01 9.05307084e-02 2.13875219e-01 1.34553835e-02 -2.97629088e-01 1.24619916e-01 5.99309243e-02 -1.31894760e-02 -3.12866829e-02 -3.03748280e-01 -5.77610880e-02 1.58785321e-02 -6.32249713e-02 9.22110491e-03 -5.87763963e-03 1.49720151e-03 -2.20038995e-01
5.76987769e-03 2.90032178e-01 1.82530260e+00 5.02851248e-01 -1.94629252e+00 2.18139187e-01 -2.92798579e-01 -7.00944126e-01 1.00284529e+00 5.80832541e-01 1.62712514e-01 -4.12010998e-01 -9.64708745e-01 8.28962326e-01 1.17166340e-01 -4.56509399e+00 -2.56861925e-01 -5.74129677e+00 5.48740447e-01 6.49528429e-02 -1.21465600e+00 1.14223242e+00 3.86264175e-01 1.10826463e-01 1.48473665e-01 -2.66864836e-01 -4.63657379e-01 8.24861467e-01 -4.17756081e-01 5.18388152e-02 -2.03169391e-01 9.99937207e-02
-8.35003614e-01 2.13352978e-01 2.04057276e-01 -8.30486476e-01 -1.03965625e-01 -1.76892459e-01 -1.64549872e-01 5.20467281e-01 -4.24430855e-02 3.83902267e-02 2.25194469e-02 -1.97403893e-01 5.21873653e-01 5.12200773e-01 -4.32338923e-01 -3.36211950e-01 2.61260360e-01 -3.74069571e-01 -3.34950626e-01 2.60095030e-01 -8.48567393e-03 7.70953476e-01 2.08774865e-01 -2.90511280e-01 -1.24899894e-01 3.61351222e-01 -7.95585811e-01 1.83278859e-01 1.16936632e-01 -6.56873047e-01 -2.07651049e-01 -7.58334875e-01

layers.2.bias:
-1.51250958e+00
-8.03953052e-01
6.42744482e-01
-7.23017871e-01
1.13184609e-01
-4.19266313e-01
2.42429078e-01
2.14775729e+00
7.86183000e-01
8.10499549e-01
-9.23612595e-01
-1.42099273e+00
-4.53813046e-01
1.09967744e+00
-1.70484737e-01
-6.73436403e-01
-6.69670403e-02
-5.45794070e-01
2.80036211e-01
-7.83960149e-02
3.41043179e-03
8.01592708e-01
1.00897515e+00
1.84690836e-03
-4.33186531e-01
1.05268300e+00
-8.08493197e-01
-1.08043575e+00
3.77366066e-01
-1.08143604e+00
2.49638438e-01
2.16912990e-03
7.68363833e-01
1.10508524e-01
-3.03099573e-01
-2.13663094e-02
-1.75194442e-02
1.39117360e+00
1.01544106e+00
-1.44895226e-01
1.08287096e+00
-3.16353470e-01
-5.46143532e-01
1.58808768e+00
2.56206930e-01
-1.12593877e+00
1.02461314e+00
-3.39044273e-01
8.37431908e-01
1.80482161e+00
9.28046480e-02
2.97999561e-01
1.33837879e-01
-5.60429871e-01
-6.40810803e-02
-2.50076745e-02
7.62597263e-01
-2.49657094e-01
-9.21931267e-02
-4.69805300e-01
7.58666933e-01
5.24009578e-02
-4.56996590e-01
7.49714673e-01

layers.4.weight:
4.86757964e-01 1.20240502e-01 -1.09667718e-01 4.93825674e-02 -1.33285180e-01 1.65222451e-01 -1.72605214e-04 -7.94818759e-01 -1.19597264e-01 -4.43559796e-01 2.09979902e-04 8.97807896e-01 -2.64702058e+00 -1.64973766e-01 -5.08487560e-02 -1.25461185e+00 2.01583694e-04 1.00812040e-01 -4.90362465e-04 -2.41818561e-04 -7.60317370e-02 -2.05640391e-01 -1.22469313e-01 2.37359911e-01 -5.48689254e-02 -8.92806277e-02 1.61316656e-02 1.03974867e+00 -4.44305331e-01 4.46113706e-01 -6.32790178e-02 -5.44328354e-02 -3.14244092e-01 -5.48812852e-04 1.38544962e-01 1.70924450e-05 -6.80057406e-02 -2.66433895e-01 -1.67908102e-01 3.33231986e-01 -1.11626022e-01 3.89424831e-01 1.07435793e-01 -2.59183466e-01 -2.43696122e-04 2.37188786e-01 -1.89995378e-01 2.43539078e-04 -8.75010043e-02 -7.51344979e-01 -1.01700015e-01 2.91817691e-02 7.76982168e-04 -8.02623555e-02 -1.41802740e+00 1.56673108e-04 -7.25956485e-02 -4.85265166e-01 -6.88380599e-02 6.63623039e-04 7.21591935e-02 -5.30478312e-04 1.32917535e+00 -7.72389993e-02

layers.4.bias:
-1.17664802e+00

