layers.0.weight:
3.31696361e-01 -5.67613244e-01 7.97264636e-01
5.69172144e-01 -8.09445798e-01 -5.80563486e-01
-8.31293464e-02 -6.13938749e-01 -5.77727258e-01
-1.07055378e+00 1.15616508e-01 4.58123112e+00
2.67282110e-02 4.11940843e-01 1.16166264e-01
-5.79876065e-01 8.58121514e-01 -1.84879377e-01
-1.31842160e+00 4.86020595e-01 -9.88645032e-02
-6.01682402e-02 7.88846374e-01 -9.23566997e-01
6.03414774e-01 -9.26082134e-01 5.12713566e-02
-1.11527514e+00 5.86289167e-02 -1.64189592e-01
7.53551662e-01 -9.85680073e-02 1.41279221e+00
-7.16238439e-01 -1.31785080e-01 -1.29353356e+00
-4.30584475e-02 7.12955832e-01 -1.57757306e+00
-1.16726887e+00 2.10410804e-02 5.00053525e-01
-6.46977663e-01 1.09646142e+00 7.52028525e-01
-1.81771189e-01 9.48456824e-01 1.64468549e-02
5.46070874e-01 -6.33792400e-01 -1.45019031e+00
-1.15504665e-02 1.12846863e+00 1.84981868e-01
8.07071701e-02 -9.54183042e-01 5.35116851e-01
3.41117471e-01 -1.28724232e-01 -8.64976227e-01
2.23475501e-01 1.65966094e-01 -5.10879010e-02
-3.24195027e-01 -2.56797969e-01 -1.00232065e+00
-4.64660525e-01 1.65601885e+00 -4.46076952e-02
-1.56447518e+00 4.06930357e-01 1.75152493e+00
1.05132234e+00 3.79940838e-01 -7.78481364e-01
2.59609371e-01 6.71772659e-01 -1.17486012e+00
-1.16151750e-01 -2.13369340e-01 1.90187418e+00
-3.97779703e-01 -2.44972542e-01 1.92939892e-01
3.22416067e-01 7.57217348e-01 -1.46468067e+00
-1.04933763e-02 4.65525806e-01 1.70563948e+00
-2.89658904e+00 2.84448242e+00 -1.78299040e-01
-1.26738083e+00 -5.19488692e-01 1.02004325e+00

layers.0.bias:
8.77201200e-01
4.81547834e-03
-1.42384720e+00
-6.34384930e-01
7.07518518e-01
-2.04255387e-01
-3.54310095e-01
2.86240637e-01
-7.45998621e-01
-1.59115899e+00
1.64644122e-01
1.80825554e-02
2.46107668e-01
-1.21306002e+00
-2.90836543e-01
1.43946290e+00
9.34610724e-01
1.82654703e+00
-6.68276668e-01
5.78918040e-01
-1.44309163e-01
-1.35729384e+00
1.02535832e+00
-7.05530941e-02
1.36946186e-01
5.60703695e-01
8.80503118e-01
-1.57881156e-01
-4.88352716e-01
7.31267482e-02
8.91685039e-02
-6.70209900e-02

layers.2.weight:
-3.95676106e-01 1.65013731e-01 1.35054260e-01 -4.60120380e-01 -2.37644911e-01 4.56838533e-02 4.77995276e-02 -5.58371171e-02 -5.40174358e-02 3.15957713e+00 4.61411700e-02 9.05920491e-02 -2.65280366e-01 2.47315288e+00 -1.65688664e-01 2.71441311e-01 -1.48878396e-01 4.48472232e-01 1.01317078e-01 -3.58549446e-01 2.71622390e-01 -6.21175468e-02 -5.82993090e-01 6.25241995e-01 -4.41583246e-02 5.85667491e-01 -7.74310291e-01 -1.62242025e-01 -1.03701077e-01 -1.77734032e-01 2.42145304e-02 2.14053705e-01
6.47487119e-02 1.55405089e-01 -8.35151494e-01 -7.50856416e-04 -4.27634776e-01 2.47587245e-02 -4.30818796e-01 -4.75984693e-01 3.30718875e-01 6.81174159e-01 1.20169543e-01 1.36784449e-01 3.08419526e-01 1.15572304e-01 -3.79992664e-01 5.32615602e-01 -3.19567978e-01 3.57208967e-01 -3.91425341e-01 -1.15076723e-02 2.85584420e-01 -1.02334611e-01 -5.12835920e-01 2.54867692e-02 -1.79709569e-01 -2.75411494e-02 -3.72521728e-01 -2.31308073e-01 3.69165055e-02 -3.18071008e-01 1.06258020e-02 3.48729491e-01
3.51717584e-02 7.82963261e-02 1.98416039e-01 -6.41985655e-01 -1.01468801e+00 -8.66222978e-02 -5.23274362e-01 2.20701948e-01 5.71073294e-01 5.20730138e-01 -4.71388996e-01 -1.64752558e-01 6.24427684e-02 -4.96732891e-02 -1.52945727e-01 -1.04819441e+00 -1.12541176e-01 -9.78605986e-01 1.35280397e-02 3.40177536e-01 -3.39948326e-01 -2.13784009e-01 2.97643155e-01 -1.66952920e+00 -1.96351185e-01 2.95144796e-01 -1.07705057e+00 4.78972755e-02 3.22465837e-01 -2.60345489e-01 3.02365236e-02 3.75811011e-01
2.92810947e-01 -3.33891362e-02 1.99282281e-02 1.39798009e+00 5.63180029e-01 3.36145788e-01 6.14755988e-01 -2.88802862e-01 -1.14199713e-01 -8.81654397e-02 2.04829365e-01 -1.07245088e-01 -6.24185264e-01 1.16242096e-01 5.73404193e-01 8.07605505e-01 -2.58122087e-01 7.56874323e-01 3.53592157e-01 -9.37367439e-01 -8.55533123e-01 -1.96809664e-01 3.47383291e-01 1.40448976e+00 -4.77990627e-01 -5.92589021e-01 5.43081760e-01 2.63150901e-01 -7.16081858e-01 -9.00655389e-02 -6.89106435e-02 4.29353744e-01
1.10462904e-01 -1.77654043e-01 1.65217727e-01 -4.27504480e-01 8.34051669e-02 -3.55091214e-01 -1.42242610e+00 6.64835349e-02 1.15324445e-01 -6.98392689e-01 4.60546196e-01 -7.03080714e-01 7.10539699e-01 -9.28909481e-01 -2.41445959e-01 -8.95317197e-01 -1.44373223e-01 -8.51639092e-01 -1.21469460e-01 -3.85288186e-02 8.20730984e-01 -6.58412993e-01 2.93297768e-01 -3.36995840e-01 -6.24569535e-01 5.58194101e-01 1.15484104e-01 -5.87789416e-01 -1.62234902e-01 5.54877937e-01 6.23373408e-03 -1.85616359e-01
-4.06392485e-01 2.67612964e-01 3.76907825e-01 1.82630554e-01 -9.24107194e-01 -3.02265942e-01 -3.92384171e-01 2.66983122e-01 6.06985331e-01 -2.51815915e-01 7.24787235e-01 1.98582575e-01 -9.72584784e-02 -2.06595093e-01 -3.11860442e-01 -1.28541827e+00 -3.72715265e-01 -1.53236079e+00 6.81417108e-01 -2.80691326e-01 -4.86128449e-01 -6.80914372e-02 -5.19747972e-01 -2.58923471e-01 1.94056854e-01 6.09358996e-02 1.61123067e-01 9.60422039e-01 -1.31194428e-01 -4.10989136e-01 -1.08907843e+00 1.91004470e-01
6.52141646e-02 -2.75519118e-02 -2.81528771e-01 1.20311361e-02 -9.83293504e-02 1.65875420e-01 -6.73586503e-02 -4.17070836e-01 -1.37901261e-01 2.63176322e-01 2.79988557e-01 6.61816671e-02 2.92055041e-01 -2.28040032e-02 3.18320207e-02 -2.92690247e-01 2.56194547e-03 9.48986486e-02 -2.42462680e-02 -3.02645624e-01 -3.94072294e-01 4.32078205e-02 5.66423275e-02 -1.05530601e-02 1.82334602e-01 2.79219717e-01 -3.33911210e-01 -4.31428701e-01 -1.58509284e-01 7.76946172e-02 -4.27115671e-02 1.19743221e-01
2.63358891e-01 1.20904043e-01 -3.44209343e-01 3.26793849e-01 2.02022389e-01 -5.88764787e-01 1.47927284e-01 5.23903966e-01 4.86755185e-02 -2.43845910e-01 -1.57038733e-01 9.85601544e-01 3.43537837e-01 -4.54358608e-01 -1.82254478e-01 1.86638966e-01 5.43840468e-01 1.04936615e-01 2.07271144e-01 5.25059342e-01 -1.45555389e+00 -8.63559723e-01 1.65624708e-01 3.59644234e-01 1.96484253e-01 7.74029493e-01 5.73976636e-01 5.29645741e-01 -6.26773536e-01 4.65135157e-01 1.81994930e-01 -2.59306878e-01
1.50603667e-01 2.71755308e-01 -5.73148966e-01 -2.19761163e-01 1.07461679e+00 -4.58521456e-01 -4.28216726e-01 -4.28225785e-01 -5.70500314e-01 5.23184478e-01 3.51145983e-01 3.70337665e-01 6.36563897e-01 -6.45452063e-04 9.76952389e-02 1.46960270e+00 3.06518167e-01 1.05266249e+00 -4.55692947e-01 -1.74816549e-01 1.83539540e-01 -3.47521067e-01 1.76004879e-02 2.34918222e-01 2.41377980e-01 3.52829278e-01 9.77504998e-02 -5.11784181e-02 -4.12096605e-02 1.52909681e-01 2.38788533e+00 -4.93388206e-01
-6.47727787e-01 2.41613135e-01 -5.93390279e-02 -5.51199913e-01 3.54213297e-01 1.30436597e-02 -1.59245402e-01 3.99213582e-01 5.62883019e-01 -2.08661065e-01 2.23141853e-02 1.94446921e-01 2.06952348e-01 1.64694339e-01 -4.04904395e-01 -8.29877019e-01 4.23032373e-01 -5.40170252e-01 -4.42024797e-01 1.47138499e-02 -6.18795931e-01 -2.05102116e-01 1.33477002e-01 -6.32798299e-02 -1.91636220e-01 -7.32613280e-02 -2.02035815e-01 2.15063706e-01 2.82618046e-01 1.20406650e-01 -4.56278548e-02 -3.16921920e-02
2.11487040e-01 -2.94719666e-01 -8.37219134e-02 -3.75422090e-01 -4.90914613e-01 -4.02236313e-01 -3.52521747e-01 1.48145288e-01 4.74377215e-01 3.90592039e-01 -5.38234830e-01 -1.08497925e-01 8.67610216e-01 -3.29822272e-01 -2.09396407e-01 -3.27918023e-01 -6.19916618e-01 -1.05716956e+00 1.28048165e-02 -1.96559038e-02 1.04483557e+00 -2.66057730e-01 -9.29003537e-01 1.16785452e-01 -1.40617952e-01 -5.29790074e-02 -4.46252912e-01 -5.46051681e-01 2.11615354e-01 -4.11261141e-01 1.93098962e-01 4.09113318e-01
-1.39880896e-01 4.87576239e-03 1.65416062e+00 -8.79449308e-01 -7.65003979e-01 1.21075876e-01 2.93882620e-02 -3.52386445e-01 6.20767437e-02 1.83216333e+00 -5.29747503e-03 -9.42335427e-02 3.02261382e-01 3.14586353e+00 -7.97894374e-02 -6.64123535e-01 3.79923373e-01 -2.49554920e+00 5.08807838e-01 -2.95912325e-01 2.66460121e-01 5.95974445e-01 -2.84206450e-01 7.87388921e-01 -3.78439128e-02 -5.18406928e-01 2.84534454e-01 -1.34880289e-01 2.14892969e-01 -9.09047108e-03 1.59642324e-01 -3.68086636e-01
-5.44053137e-01 -1.52299598e-01 9.40077901e-01 3.92981172e-01 -7.12393343e-01 5.50044060e-01 -1.24056995e-01 -9.90192294e-01 3.55419815e-01 5.69209337e-01 7.90360123e-02 2.23513201e-01 -5.10881722e-01 -2.40261748e-01 4.16528076e-01 -4.14115286e+00 -8.01697820e-02 -6.07659531e+00 6.97512269e-01 -9.30720687e-01 -7.71336019e-01 4.64555770e-01 5.25250852e-01 -9.36912075e-02 -2.54330426e-01 -2.57822126e-01 -3.52369487e-01 6.83804214e-01 -7.25779831e-01 -3.65317464e-01 -3.92547160e-01 -2.60720015e-01
-1.01114158e-03 1.60187786e-03 -6.05228364e-01 -9.49775875e-02 -1.99046910e-01 -8.24114606e-02 2.66645968e-01 3.55956107e-01 3.38504583e-01 -4.59329426e-01 7.17825055e-01 -2.97044754e-01 3.61061096e-01 -8.33487272e-01 -4.59977269e-01 -6.57041594e-02 -9.43028089e-03 2.19005600e-01 -1.01871930e-01 2.34702662e-01 -1.36508588e-02 -1.12661377e-01 4.29968797e-02 -2.12394401e-01 -1.76356465e-01 7.82406449e-01 -3.45501453e-02 4.61050794e-02 -1.82510510e-01 2.24581107e-01 1.29003882e-01 4.12259698e-01
-9.14855301e-01 2.85153478e-01 5.03674634e-02 2.69601613e-01 -3.05455774e-01 5.81171989e-01 -2.94502139e-01 -6.36601374e-02 4.47508007e-01 -7.59005025e-02 -8.30985010e-01 3.09390545e-01 2.21741557e-01 -3.38743508e-01 -3.46930414e-01 -6.99929237e-01 2.98929900e-01 -7.69285381e-01 -3.73617172e-01 3.87113601e-01 1.27910924e+00 1.02585351e+00 -1.45210579e-01 1.43521681e-01 -4.35205370e-01 1.63721293e-01 -6.58139765e-01 1.18049093e-01 7.81730115e-01 -3.16675872e-01 -4.71954755e-02 2.07920358e-01
-4.89811003e-01 -6.50260895e-02 2.00140342e-01 1.69122472e-01 -3.06360900e-01 1.67567953e-01 -1.05964613e+00 -8.53347257e-02 2.39860788e-01 4.72867250e+00 7.84507751e-01 2.16840088e-01 2.07488284e-01 2.42096162e+00 8.19090605e-02 -1.41097739e-01 -5.21020293e-01 -2.47138351e-01 6.82989061e-02 -2.65965849e-01 -6.04405105e-01 4.08365130e-01 2.44162589e-01 1.74526095e-01 -3.42669100e-01 -4.18791234e-01 -6.10354781e-01 2.44280994e-01 -1.33840084e-01 -5.51989615e-01 -2.02363789e-01 -2.90625989e-01
-7.83014223e-02 1.95542574e-01 3.26122344e-02 1.84097774e-02 -1.23854011e-01 7.96872750e-03 1.46814790e-02 -6.62809536e-02 6.35798872e-02 -2.07951859e-01 1.08361542e-01 7.93865509e-03 3.54437307e-02 1.35841385e-01 5.40870652e-02 -5.16904891e-02 6.86699226e-02 -6.34638295e-02 1.51679572e-02 1.00865893e-01 2.47173205e-01 1.85799420e-01 -7.10264314e-03 7.17455372e-02 2.38420209e-03 -6.92967372e-03 3.50466780e-02 3.15148383e-01 7.63703790e-03 -2.04491219e-03 -3.16710770e-02 8.67980421e-02
2.65475005e-01 -1.42556578e-01 -7.68300354e-01 1.13551617e-01 4.00119454e-01 -2.80828685e-01 -2.57776141e-01 -3.65251631e-01 1.00138500e-01 -7.68961012e-01 -2.82608792e-02 1.13712400e-01 1.45380169e-01 9.12923962e-02 -1.34725824e-01 5.10193825e-01 -3.09033781e-01 7.67915726e-01 -2.25702032e-01 9.07116532e-01 1.13989696e-01 8.82981997e-03 -4.34521079e-01 -5.75495809e-02 -1.38347343e-01 -4.88068104e-01 9.11935627e-01 -3.71306449e-01 1.59657165e-01 3.48626554e-01 -5.58909476e-02 1.84604704e-01
-2.31343001e-01 -3.69848967e-01 -4.64984268e-01 -1.77334353e-01 9.44512308e-01 1.82238489e-01 2.68787175e-01 1.46776766e-01 1.41613102e-02 -3.57374758e-01 -2.74389148e-01 -7.86493659e-01 4.55210298e-01 -1.29877046e-01 7.95667320e-02 7.81381130e-01 -3.21770966e-01 9.48651016e-01 1.67852808e-02 -1.29149944e-01 -3.93769741e-02 -2.62907147e-01 8.22079301e-01 -2.04328775e-01 2.97689229e-01 2.04335153e-01 -1.46981657e-01 2.94812381e-01 5.86108044e-02 4.13812965e-01 7.69316971e-01 6.64822608e-02
8.45598429e-02 1.28994584e-01 -1.10487826e-01 9.19397026e-02 6.88097626e-02 1.32384494e-01 -1.26154721e-02 -5.59003539e-02 -2.12632716e-02 9.85635892e-02 1.79264545e-02 1.50086060e-01 -6.05040714e-02 -1.49130642e-01 1.88336685e-01 5.08351207e-01 4.39074934e-02 -2.57504940e-01 -1.21065490e-02 -9.75122601e-02 -1.05604157e-01 -1.92188576e-01 2.56343279e-02 -6.36008009e-02 9.99301150e-02 1.49307102e-01 3.17110568e-02 -1.28952647e-02 1.16044492e-01 2.00267248e-02 3.70944999e-02 -3.05967741e-02
6.46562338e-01 -1.52660981e-01 5.52572787e-01 5.80136240e-01 -1.04131222e-01 -3.69582951e-01 -6.82080030e-01 -1.54950798e-01 -3.16873223e-01 -1.02495801e+00 -4.67785485e-02 9.29769099e-01 4.61402804e-01 -6.21803284e-01 7.37796366e-01 6.34832442e-01 -1.12342834e-01 -7.43383393e-02 4.99496520e-01 4.27122653e-01 -4.88239765e-01 -1.93523348e-03 4.42193568e-01 1.23105273e-01 6.70913979e-02 -3.85688305e-01 1.43431485e-01 3.35600972e-01 -1.18890077e-01 -3.93102244e-02 7.64684752e-02 4.66219544e-01
1.25300929e-01 -1.93763271e-01 1.68753833e-01 1.90128222e-01 -1.96364105e-01 2.93271631e-01 9.48289216e-01 3.01783811e-02 4.85915810e-01 4.92867947e-01 3.51550251e-01 3.66584688e-01 -4.46567714e-01 -1.62166208e-01 1.89805344e-01 -1.13961709e+00 -1.45286873e-01 -9.65183794e-01 -6.77502230e-02 -5.39974928e-01 -4.54961032e-01 9.68055986e-03 4.32940871e-01 9.22272950e-02 1.39650077e-01 -4.90461826e-01 -6.65041327e-01 4.24403965e-01 -1.19213335e-01 -1.50307328e-01 3.41892391e-01 -1.44210368e-01
1.09237671e-01 1.50528885e-02 -2.23677412e-01 4.15123761e-01 -7.95702785e-02 2.67614037e-01 3.24466407e-01 -3.21145535e-01 -2.09324270e-01 2.98426449e-01 7.45597631e-02 3.85009646e-02 4.14244235e-01 4.76007670e-01 -1.86890796e-01 -6.31620646e-01 5.53124309e-01 -2.97614872e-01 1.63611025e-01 -2.42403299e-01 -3.12115610e-01 4.31474997e-03 -5.09508133e-01 1.80787250e-01 -3.81781280e-01 -1.29096821e-01 -4.74549718e-02 -5.52907467e-01 4.40589450e-02 -9.75856334e-02 -1.79863244e-01 -2.30401158e-01
7.37467408e-01 -5.19616678e-02 -2.91351557e-01 1.36618003e-01 2.90272176e-01 -4.52612400e-01 -3.28880437e-02 3.64331573e-01 2.21321642e-01 -2.84550452e+00 1.23087786e-01 1.23673998e-01 4.35722858e-01 -1.71625447e+00 1.54190823e-01 4.40642029e-01 1.84039846e-01 3.34962666e-01 -2.69656122e-01 6.65430427e-02 4.91840512e-01 -2.03031898e-01 -2.56766766e-01 -4.36308980e-02 -3.81542653e-01 -1.38488248e-01 -8.10425058e-02 -1.89814121e-01 2.47207031e-01 7.89758042e-02 1.60655025e-02 -1.60481155e-01
-1.12364960e+00 1.68971002e-01 7.08349198e-02 6.54617921e-02 -4.72317114e-02 -2.44935542e-01 1.14358985e+00 1.61447436e-01 -1.00885153e+00 8.60099435e-01 -6.52693748e-01 -8.00045282e-02 2.59431005e-01 7.40908608e-02 -6.83552146e-01 5.25864899e-01 6.09581769e-01 5.53434670e-01 -2.94462323e-01 2.37138197e-02 1.17519245e-01 4.37818110e-01 5.57693124e-01 9.03157353e-01 -5.01989126e-01 6.01221621e-01 -6.82761133e-01 -3.02471548e-01 9.94443417e-01 -4.82166886e-01 7.33668730e-02 1.33704931e-01
-5.96191347e-01 5.94135284e-01 2.10882872e-02 -2.06524178e-01 4.69877154e-01 2.06821382e-01 1.32586258e-02 5.59809446e-01 -2.91910172e-01 5.48577666e-01 1.43518141e-02 -1.29643381e-01 2.68082231e-01 2.51862556e-01 -5.19755721e-01 -3.95635098e-01 -1.47139639e-01 -1.99147388e-01 3.62260193e-01 -3.88589680e-01 1.57366227e-02 -2.19020501e-01 4.64694798e-02 -5.14854610e-01 9.83496010e-02 -1.70461208e-01 -6.20032668e-01 -4.83181924e-01 2.07768947e-01 -4.36685860e-01 -2.24014595e-01 -2.79497147e-01
-1.31822778e-02 3.29656780e-01 4.36709970e-01 3.48640293e-01 -2.36553550e-01 -4.50310886e-01 -1.53006881e-01 -2.57599633e-02 3.15320790e-01 -6.39575303e-01 -6.88461781e-01 8.33083615e-02 -2.56515563e-01 -3.20957243e-01 -4.26948853e-02 6.51913404e-01 1.65665820e-02 2.10420817e-01 3.30418497e-01 2.80274451e-01 -4.93751466e-02 -7.67696500e-01 4.79106791e-02 9.88216251e-02 2.40217447e-01 1.72882333e-01 7.61640444e-03 -4.75560993e-01 -3.05671722e-01 -1.60338059e-01 -5.69421649e-02 -2.17957407e-01
-7.57580936e-01 4.48440492e-01 -6.04481936e-01 -1.00207293e+00 -3.10738742e-01 -2.69887716e-01 -4.13780004e-01 3.55638951e-01 1.73893541e-01 3.79480362e-01 -1.11978047e-01 2.63738990e-01 1.55842245e-01 2.59301960e-01 -1.19867618e-03 9.74140942e-01 6.58151269e-01 1.08084035e+00 -5.72135448e-01 4.55858074e-02 5.31400740e-01 -7.60762691e-01 -6.90757155e-01 3.97976220e-01 -8.43359008e-02 -4.53758180e-01 2.82618314e-01 2.95853734e-01 6.40437424e-01 -8.23333442e-01 9.69863310e-02 -3.29650760e-01
-2.10565291e-02 -5.79502046e-01 4.70871553e-02 -9.05860066e-02 -6.98301911e-01 6.42203689e-01 -2.98644304e-02 -4.76401061e-01 6.30874395e-01 9.30919111e-01 -1.15425356e-01 -1.53674409e-02 5.26908934e-01 4.52307999e-01 8.66184607e-02 -1.18849385e+00 -5.31138897e-01 -1.14051795e+00 1.23301568e-02 1.50176734e-01 3.96432996e-01 3.42956930e-01 2.85563499e-01 1.98214889e-01 3.80941898e-01 7.64358938e-02 -3.90531540e-01 -4.37851191e-01 -2.02539355e-01 -2.83323795e-01 3.31371635e-01 2.01799378e-01
-2.79413592e-02 -1.11858535e+00 3.24696094e-01 1.61782515e+00 2.13476434e-01 7.60193467e-02 -1.37194116e-02 -2.92976469e-01 -3.67185235e-01 4.38147902e-01 1.04189599e+00 -8.54004025e-01 -1.13287330e+00 -3.02551359e-01 2.10265726e-01 9.63451043e-02 -1.34035051e+00 7.66605318e-01 6.54599190e-01 -7.56880283e-01 8.80208373e-01 1.64389163e-01 -1.25217205e-02 4.71689925e-02 -3.59229464e-03 -5.30395687e-01 2.35678613e-01 -4.79970500e-02 -9.07782614e-01 1.30957854e+00 -3.57238710e-01 -1.46122575e-02
-9.96389151e-01 -2.31599227e-01 7.51774192e-01 7.04451576e-02 -3.28644663e-01 4.49314177e-01 3.05454552e-01 1.52632222e-01 -3.51008832e-01 1.50534540e-01 -1.45746899e+00 6.34126186e-01 5.36643445e-01 3.07930797e-01 2.97900796e-01 -3.94261628e-01 2.07459703e-01 -4.86609995e-01 -3.05964321e-01 -5.37172437e-01 -1.08689785e+00 8.49757969e-01 -3.77906952e-03 -6.90214753e-01 1.06892981e-01 4.66702849e-01 -1.72916844e-01 3.74143779e-01 -5.31360447e-01 -2.42863178e-01 -1.55458808e-01 2.79772002e-02
-2.70431697e-01 -4.11317378e-01 -1.55314341e-01 -8.18280950e-02 -2.64664263e-01 -3.21949422e-02 2.11921155e-01 1.86376691e-01 -6.67141020e-01 1.48122180e+00 -8.83775055e-02 -1.35230765e-01 -5.87293148e-01 7.23297894e-01 -1.31488264e-01 4.34408337e-02 3.27599677e-03 1.72293603e-01 2.93450262e-02 -2.32526377e-01 1.81417912e-01 9.69230980e-02 4.58248496e-01 2.11761713e-01 -4.78842631e-02 -1.56443059e-01 -1.17633305e-01 2.65478730e-01 1.77054375e-01 3.73633087e-01 -1.23503497e-02 1.98056966e-01
-1.74771100e-01 -2.19677001e-01 1.37404919e-01 -1.73422247e-01 -5.51197290e-01 4.57427531e-01 -3.12298268e-01 -3.65441144e-01 2.24321514e-01 -4.76295024e-01 1.03931956e-01 3.61149758e-01 2.53744662e-01 3.88830006e-01 1.92598179e-01 -6.82593465e-01 -3.50564808e-01 -1.38031495e+00 -7.84194022e-02 -2.70581305e-01 -6.42027184e-02 9.60109711e-01 4.41957027e-01 5.91508925e-01 -4.54126984e-01 1.87603980e-01 4.98876981e-02 -2.80165255e-01 -3.00480574e-01 -3.20520937e-01 -2.75738567e-01 -9.52414796e-02
6.36170581e-02 -1.14268698e-01 2.77540218e-02 -5.65310307e-02 3.85300785e-01 -7.35184401e-02 6.30758703e-02 -3.17973047e-01 -2.45155811e-01 3.83183181e-01 1.10658430e-01 2.00518981e-01 7.44201764e-02 -3.64334136e-01 1.15397880e-02 -2.11553901e-01 2.22871546e-02 2.18609855e-01 -2.03075066e-01 -5.53516626e-01 1.63515881e-01 -2.29988351e-01 -9.63845849e-02 -1.00795515e-01 5.41693568e-02 2.27776706e-01 -2.62043700e-02 -2.37469245e-02 1.17844924e-01 9.28988680e-02 5.10605052e-02 -6.82272315e-02
1.37332484e-01 -6.30234182e-01 -3.83450568e-01 8.50655854e-01 -8.87813345e-02 -4.15962845e-01 1.56190515e-01 -2.10346401e-01 -6.72044381e-02 2.89676237e+00 -4.85501349e-01 9.05368268e-01 5.79472661e-01 9.59564924e-01 8.05704355e-01 1.32362366e-01 -4.77246642e-02 2.80408293e-01 6.29636884e-01 2.81573653e-01 2.63770521e-01 4.92418483e-02 -2.17925161e-01 1.15259850e+00 -4.81846835e-03 7.57267922e-02 -2.16378093e-01 2.55384415e-01 -1.81121025e-02 1.26440972e-01 6.77775383e-01 -2.90705133e-02
-1.80831701e-01 2.27172136e-01 2.27688536e-01 6.01642914e-02 -8.86231586e-02 -3.38539109e-02 -7.67705217e-03 1.08518124e-01 5.15283495e-02 -4.90631908e-02 2.05252975e-01 4.21075262e-02 8.02822635e-02 -4.55709407e-03 1.10837303e-01 1.32231787e-01 5.69523312e-02 -2.05742329e-01 -3.26059060e-03 8.00936818e-02 -1.60443515e-01 1.99021120e-02 -1.86927859e-02 4.90132943e-02 -5.29922664e-01 -2.51138479e-01 2.77977604e-02 -9.13249627e-02 -6.52163103e-02 -5.31556010e-02 -2.18782257e-02 -3.84187818e-01
2.20464580e-02 -1.09324291e-01 -1.32687092e-01 3.82274091e-02 -1.59498170e-01 4.15603667e-02 -2.06528343e-02 1.86284885e-01 9.21868533e-03 -1.94849242e-02 -4.78828177e-02 -4.15931834e-04 -5.24108224e-02 1.33562749e-02 -1.81678329e-02 2.09816232e-01 -1.13661662e-01 -1.46086305e-01 -2.75967531e-02 3.40756357e-01 -2.50497937e-01 -1.49352208e-01 9.61877126e-03 -2.69278474e-02 3.14108059e-02 -6.78490028e-02 -4.55298387e-02 -6.01131469e-02 -6.50953501e-02 4.82358113e-02 -3.68078705e-03 -3.23143452e-02
9.14935589e-01 -2.23416910e-01 4.20325428e-01 3.46552402e-01 -6.03716314e-01 -9.15950909e-02 -6.65383339e-01 -1.18280329e-01 8.80357087e-01 7.81315789e-02 -1.51853994e-01 2.69486196e-02 7.81485159e-03 2.87659168e-01 6.76601171e-01 -1.11785138e+00 -4.13760573e-01 -1.07894647e+00 8.09305906e-01 -2.62981206e-01 -7.52219379e-01 2.19800934e-01 -2.56922811e-01 2.45085269e-01 7.53715754e-01 -1.03722699e-01 2.33575210e-01 -1.43375367e-01 -6.46418750e-01 2.26227030e-01 1.57519177e-01 1.49009734e-01
1.84367446e-03 -5.34496367e-01 -4.24259037e-01 5.10031283e-01 3.96557748e-01 -4.72275645e-01 8.71380344e-02 -4.96249832e-02 2.31369928e-01 -2.30138898e-01 -1.59640342e-01 3.60455990e-01 2.58195907e-01 -2.43678302e-01 3.80283237e-01 -5.74248612e-01 -4.21439886e-01 -6.01943433e-01 3.87675434e-01 -5.06746531e-01 -1.72313794e-01 -1.34437934e-01 4.73352075e-01 7.17792451e-01 -4.36325967e-02 -4.14083123e-01 5.34898520e-01 -7.53671601e-02 -1.06826507e-01 -3.11149150e-01 6.83787912e-02 1.26455113e-01
-4.74308282e-02 -7.16630220e-02 8.11242223e-01 3.36793959e-02 -1.11782575e+00 -2.61320889e-01 1.80969268e-01 -3.76503319e-02 8.05207849e-01 6.76684618e-01 -1.53849974e-01 -4.00109798e-01 8.70149508e-02 4.69819635e-01 8.79694447e-02 -2.39875937e+00 -3.65452230e-01 -2.83393335e+00 4.41695377e-02 2.53900792e-02 -6.33925676e-01 6.73964977e-01 2.50764400e-01 -6.61843568e-02 3.65607858e-01 2.18940005e-01 2.52800047e-01 -1.03580207e-01 4.61335033e-02 -8.08082879e-01 -3.74125332e-01 8.12511966e-02
-2.32605785e-01 -2.19549894e-01 -1.76892966e-01 -3.40824515e-01 -3.94701928e-01 5.61403394e-01 1.12810127e-01 -6.01538233e-02 3.25831585e-03 3.17695647e-01 -1.41750142e-01 1.09228022e-01 1.06095962e-01 -3.05774271e-01 -1.26517206e-01 -6.55310869e-01 3.22573543e-01 -7.80298710e-01 -3.05975109e-01 1.99190825e-02 -2.70203888e-01 4.38854337e-01 -1.54367134e-01 3.23382825e-01 4.03008014e-01 -4.77223009e-01 4.19193506e-01 3.44132143e-03 1.28374085e-01 1.01825193e-01 -1.32447183e-01 4.96673537e-03
5.08133411e-01 6.33936584e-01 6.58172786e-01 -4.05562758e-01 1.87315628e-01 1.62577167e-01 1.80256158e-01 -1.35195613e-01 -7.99830258e-01 1.18053699e+00 -4.03532863e-01 -1.47878706e-01 -4.34595793e-01 1.16824031e+00 2.28029385e-01 1.05825819e-01 -2.93374788e-02 -1.02326441e+00 3.14149469e-01 -3.00938189e-01 2.93496717e-02 6.86328650e-01 -2.06983104e-01 -4.12754983e-01 6.73705518e-01 -7.75627077e-01 4.91085023e-01 -6.05868101e-02 -3.27523261e-01 -6.06026649e-01 1.18151762e-01 -4.93481636e-01
-1.11596316e-01 -4.30870682e-01 1.09961987e-01 -1.99962109e-01 1.12847649e-01 2.28966534e-01 2.60059297e-01 -2.06313416e-01 -7.47158051e-01 -2.42585108e-01 -1.44663855e-01 3.59867588e-02 -5.82244806e-02 4.50465173e-01 5.36070585e-01 5.62937617e-01 2.50558496e-01 -1.28486762e-02 -9.88542363e-02 1.66882887e-01 -2.35744745e-01 3.20986658e-01 -2.72634953e-01 1.35239512e-01 -3.67754288e-02 -2.09242672e-01 3.79032224e-01 6.87524557e-01 -3.07309568e-01 -4.68629330e-01 4.39101547e-01 3.17641884e-01
-1.26402175e+00 1.73039645e-01 1.63586259e-01 -1.34628153e+00 -1.18147999e-01 -3.34302895e-02 9.94414538e-02 5.95890284e-01 1.84276924e-01 1.54964224e-01 -8.77249241e-01 4.55061406e-01 1.11614048e+00 2.87019223e-01 -6.57420695e-01 2.93979883e-01 6.16137862e-01 -4.13798928e-01 -3.63264024e-01 1.07994533e+00 -4.75221217e-01 -2.75303632e-01 -2.90840805e-01 -9.37778577e-02 6.37795866e-01 1.03670287e+00 8.20011079e-01 5.38370311e-01 5.28587520e-01 -1.05735087e+00 2.22951081e-02 1.77892223e-01
-5.98640293e-02 4.41426337e-02 2.02418372e-01 -1.71939321e-02 4.74593788e-01 -7.88629726e-02 -2.64067948e-03 4.80180196e-02 -1.03668414e-01 2.29886502e-01 -1.48988953e-02 4.50040884e-02 -1.19125955e-02 -1.87181756e-01 1.48441255e-01 -7.37206489e-02 6.50356859e-02 1.35049224e-01 -3.33372764e-02 -4.19195771e-01 1.57451227e-01 -1.70218617e-01 3.75053622e-02 -5.19719236e-02 2.10065350e-01 1.79367140e-03 1.07006021e-01 1.01387493e-01 3.68102267e-02 -7.19092414e-02 6.26888424e-02 -1.22648999e-02
-8.70251730e-02 6.13860674e-02 3.52097213e-01 -1.20304581e-02 7.72785097e-02 3.98393720e-03 5.46097457e-01 2.31364042e-01 2.51390189e-01 -1.37448955e+00 -2.52612352e-01 4.36509281e-01 5.72041929e-01 -4.59800988e-01 -2.34880716e-01 -2.21566617e-01 2.75789678e-01 -5.85996807e-01 7.43540153e-02 -7.43535876e-01 1.14996529e+00 -3.82469416e-01 -1.89904347e-01 -1.26509607e+00 4.23015468e-02 4.08542842e-01 -9.15330350e-01 -1.07224536e+00 3.87509942e-01 2.14411002e-02 -6.80455789e-02 -3.68318588e-01
5.00920534e-01 -4.17420447e-01 -4.22990441e-01 5.31410396e-01 1.68440863e-01 4.81427833e-02 -1.70811251e-01 -1.95529953e-01 4.65730786e-01 -1.66622043e-01 -4.92292121e-02 -1.31132543e-01 6.71479464e-01 -3.55142891e-01 4.67816591e-01 -2.74761915e-01 -1.25309810e-01 -2.71440774e-01 1.26119569e-01 -1.67249352e-01 -2.62543887e-01 5.38464859e-02 2.74231970e-01 2.11300135e-01 1.07969530e-01 -2.85101056e-01 8.83590519e-01 4.51607108e-01 -3.41536701e-01 4.29328471e-01 2.51538217e-01 1.36360317e-01
-2.75567949e-01 3.71347755e-01 -1.14431478e-01 -5.87296858e-02 -6.46060944e-01 -2.19105631e-01 6.95330501e-02 4.34906840e-01 -1.06012216e-02 -6.00916386e-01 -1.39436975e-01 -4.41300720e-02 -3.61265838e-01 1.85412750e-01 2.09993958e-01 -2.38357872e-01 -5.66773079e-02 2.24757075e-01 5.68304621e-02 3.62099916e-01 -2.29837283e-01 -9.59861465e-03 -2.51726322e-02 -5.43040270e-03 -1.54205278e-01 -1.39694110e-01 2.52480358e-01 -2.69905329e-01 1.00251868e-01 8.05914495e-03 -5.76510327e-03 2.17648670e-01
4.71873693e-02 -5.46873927e-01 -7.80163333e-02 -7.78652877e-02 -2.14574382e-01 -1.25914618e-01 -3.86860743e-02 -2.13611305e-01 -3.66567999e-01 4.92415547e-01 1.46002378e-02 6.46597892e-02 3.21435034e-01 4.72065181e-01 -1.38028145e-01 -6.92149401e-01 -2.04627439e-01 -2.65837699e-01 2.43346989e-02 3.58404219e-02 7.80385137e-02 -4.91683036e-02 6.06332481e-01 1.62741214e-01 -4.05762255e-01 1.89104035e-01 3.71658325e-01 1.17791705e-01 -1.27984390e-01 1.48199707e-01 -7.62267262e-02 -1.81692779e-01
1.04872739e+00 2.49330811e-02 -6.42707229e-01 2.40985915e-01 2.86597133e-01 7.22003356e-02 4.77290869e-01 1.18901849e-01 -2.76475012e-01 -9.38354075e-01 -8.17767739e-01 1.33657074e+00 4.55496609e-02 -9.31810200e-01 2.78355092e-01 6.62780762e-01 6.52762800e-02 5.53068459e-01 -1.26866192e-01 1.41606465e-01 -1.59794235e+00 -4.30387378e-01 -8.24685752e-01 -2.66812652e-01 -3.32800359e-01 -2.26372387e-02 2.87061632e-01 5.47839642e-01 -9.51975510e-02 1.07931226e-01 -7.51225427e-02 4.02237207e-01
-1.56660482e-01 9.64292809e-02 -9.68169808e-01 -9.30296779e-02 4.72603470e-01 3.67570579e-01 -1.88930295e-02 8.65200013e-02 -2.67242901e-02 4.49441791e-01 -4.25416201e-01 -1.24066365e+00 4.09114003e-01 1.06587317e-02 -3.27141672e-01 7.96790004e-01 -1.42019587e-02 1.58732724e+00 -5.49205661e-01 1.97520167e-01 3.38126630e-01 -1.05295479e-01 5.01277111e-02 5.40836453e-01 -2.01588020e-01 8.50006223e-01 -1.21692918e-01 -3.58373523e-01 1.32860646e-01 1.42078266e-01 5.88358819e-01 -1.12358280e-01
-4.81785126e-02 4.73151028e-01 -6.08266145e-02 -6.58727825e-01 -2.04934761e-01 7.15011716e-01 2.55340755e-01 8.02613020e-01 3.65665764e-01 2.61741251e-01 1.02966630e+00 -3.35841358e-01 1.12123899e-01 3.30924511e-01 -7.52311870e-02 -7.55631268e-01 3.72887701e-01 -9.43461955e-02 -3.11820120e-01 -4.86280352e-01 -6.42482042e-02 -1.41438439e-01 2.79527664e-01 1.88991442e-01 -2.78225988e-01 1.90275595e-01 -4.85695992e-03 1.45327086e-02 -5.78160226e-01 2.32903928e-01 -2.67587036e-01 1.71012014e-01
6.30584583e-02 7.98107311e-02 8.55300575e-03 -2.05052067e-02 -2.05510706e-01 2.33063684e-03 -1.67051330e-02 4.48381975e-02 5.20996638e-02 -8.79831463e-02 -1.41530111e-03 -4.26352799e-01 2.40986824e-01 2.93320388e-01 -7.47521296e-02 7.88617656e-02 8.28764513e-02 -9.05289501e-02 1.71010166e-01 2.53363341e-01 1.05867453e-01 3.66084456e-01 -9.57702473e-03 3.06924880e-01 -2.07283646e-01 -3.06391537e-01 -2.07390904e-01 -1.34751171e-01 -3.31258118e-01 -1.54206797e-01 -7.41157606e-02 -1.64543390e-01
4.37932223e-01 4.88196313e-02 5.99968851e-01 3.82809252e-01 1.75001949e-01 4.65319872e-01 1.10470593e+00 -4.22282040e-01 5.41794002e-01 2.56009698e-01 -6.94535434e-01 2.70338953e-01 -5.47600091e-01 2.22342953e-01 -1.20906562e-01 3.39349926e-01 -5.58310688e-01 -4.15522546e-01 3.30299467e-01 2.50881561e-03 -2.69861639e-01 6.33545220e-01 4.03975874e-01 8.25500906e-01 -2.02111065e-01 -2.10557401e-01 -2.34937370e-01 4.27508175e-01 2.54026894e-02 3.67920935e-01 1.23397782e-01 2.14680180e-01
-5.55377245e-01 -5.28345108e-01 1.57189572e+00 5.85861206e-02 -8.66845369e-01 -2.82450747e-02 -1.18716609e+00 -8.47923815e-01 3.37527990e-01 8.27417791e-01 1.40892968e-01 -6.38934314e-01 -2.60008723e-01 8.92591596e-01 6.72621131e-01 -1.93269336e+00 1.36849210e-01 -2.66241693e+00 1.54700255e+00 8.05440605e-01 -4.35065359e-01 1.79156160e+00 -2.73182034e-01 1.77001566e-01 3.53816718e-01 -6.48751438e-01 -2.82613069e-01 2.92365342e-01 2.54421264e-01 6.35663271e-02 3.99398178e-01 1.82074845e-01
-2.75716055e-02 1.44687630e-02 1.49402499e-01 2.89155506e-02 3.15440238e-01 -9.92179848e-03 -1.91821549e-02 9.68322251e-03 9.26409438e-02 -3.40978988e-02 1.05218217e-02 -8.30580443e-02 9.16669145e-02 3.09308190e-02 -5.27547449e-02 -5.75417019e-02 8.32845271e-03 -5.70181645e-02 -4.66036908e-02 6.43372089e-02 1.29654288e-01 1.09662615e-01 -2.16329247e-02 4.73109297e-02 -1.68088838e-01 -1.68906346e-01 -2.61781923e-03 3.85550767e-01 -3.87976691e-02 -5.45036420e-02 -3.68380779e-03 -2.09122300e-01
-5.22270799e-01 2.26820260e-02 -1.84138212e-03 -1.53634697e-01 -4.44154143e-01 2.83576071e-01 -2.78144795e-02 8.30278516e-01 -1.27864257e-01 6.59964621e-01 -5.47945082e-01 9.41002250e-01 5.98043144e-01 3.43759805e-01 3.78980100e-01 -6.58049434e-02 -2.05100983e-01 -2.33833894e-01 -3.27170193e-01 -5.98637685e-02 -7.92517513e-02 -5.03304362e-01 -2.09555700e-02 -2.90233314e-01 -2.74563611e-01 -8.28120783e-02 -6.91953003e-01 3.86391759e-01 -1.71062261e-01 -3.49459678e-01 -1.13483489e-01 4.42680687e-01
-2.11304262e-01 -1.99938074e-01 7.30265260e-01 2.00384304e-01 -7.41211772e-01 3.99473071e-01 3.04587573e-01 -4.71898407e-01 5.72174251e-01 3.41685206e-01 -1.58125181e-02 3.09416771e-01 -3.18020135e-02 1.01849489e-01 2.25361541e-01 -2.16892409e+00 1.06792875e-01 -1.11824620e+00 -1.16541795e-01 1.85015738e-01 6.29660562e-02 2.65644640e-01 3.75148386e-01 1.31345540e-01 -1.74906209e-01 -4.67886269e-01 -1.43371493e-01 -3.36791575e-01 -3.15984070e-01 -5.00543237e-01 3.28278691e-01 -3.43807697e-01
-1.62932426e-01 9.44363922e-02 -9.11875721e-03 1.63994029e-01 -4.96705025e-01 -1.35180354e-01 6.66992664e-02 -3.05929750e-01 -2.61530489e-01 1.65639436e+00 -3.12793493e-01 -1.35261297e-01 -3.51425976e-01 1.25302064e+00 -2.47965172e-01 -2.57203490e-01 1.62921827e-02 -3.44685853e-01 7.14196358e-03 -3.24183285e-01 8.07264447e-02 2.25800753e-01 -1.44640476e-01 -1.94900557e-01 -1.02797151e-01 -2.42793187e-02 4.40048546e-01 4.35829997e-01 1.86925307e-01 -4.50994253e-01 1.58962980e-01 -1.25796244e-01
-1.44915313e-01 -1.91168681e-01 6.54377043e-01 4.46363240e-01 -1.07934423e-01 -3.68332386e-01 -1.09238422e+00 1.85986534e-01 2.07943052e-01 4.27462101e-01 5.94966710e-02 -3.09522096e-02 1.53960630e-01 1.71656594e-01 -2.45083079e-01 5.85905969e-01 2.37471238e-02 2.36672238e-01 -2.07960263e-01 -3.07207733e-01 8.44435751e-01 4.44912493e-01 3.69465858e-01 -6.46779060e-01 4.71264422e-02 7.28449151e-02 -2.36782029e-01 2.85358191e-01 -9.62819532e-02 2.95787930e-01 -2.15844020e-01 -3.29772711e-01
9.78125751e-01 1.32601380e-01 4.66018915e-01 7.98264921e-01 -1.95523009e-01 -1.63673773e-01 -7.61765420e-01 -3.77043456e-01 6.64141595e-01 -2.57138920e+00 -1.21739484e-01 6.82826996e-01 -1.05031312e+00 -5.33821881e-01 5.18745072e-02 -2.69328356e-01 4.36631858e-01 1.61012977e-01 3.92126739e-01 1.08585429e+00 1.92524999e-01 -3.66291761e-01 -2.21606612e+00 -6.26766145e-01 4.59665149e-01 7.61889994e-01 -9.86884773e-01 -3.41646045e-01 9.25889388e-02 1.02843809e+00 -9.76154745e-01 -1.03141824e-02
-6.25669882e-02 2.18304738e-01 3.16919498e-02 -6.01301640e-02 -2.48535246e-01 -3.58562283e-02 2.19854154e-02 -5.24241664e-02 2.86859530e-03 -4.43683229e-02 8.14838633e-02 6.83495104e-02 7.18412176e-02 -3.23325470e-02 1.10095367e-01 -1.80098906e-01 1.16960093e-01 1.51649937e-01 6.23771688e-03 -2.93545425e-01 1.42506048e-01 8.61700550e-02 -1.74265318e-02 1.15266452e-02 -3.44915867e-01 -6.50905073e-02 2.55438522e-03 -6.37615174e-02 -7.00445520e-03 -2.42892187e-03 9.83067672e-04 -1.72609568e-01
5.71327023e-02 3.04249018e-01 1.65844512e+00 4.31299895e-01 -1.21398950e+00 2.30912209e-01 -3.60175073e-01 -5.33437073e-01 8.35650206e-01 5.74860513e-01 1.79308772e-01 -4.46560681e-01 -8.67887259e-01 7.19435096e-01 7.82099292e-02 -3.38377452e+00 -2.37088636e-01 -4.51526880e+00 3.48144412e-01 1.59067035e-01 -1.22079480e+00 1.03454661e+00 4.17911828e-01 6.45812303e-02 2.23378390e-01 -1.25925988e-01 -5.51437616e-01 6.71296895e-01 -1.65538847e-01 -1.15052564e-02 7.62968510e-02 2.09854320e-02
-8.41729105e-01 2.19102100e-01 1.76648378e-01 -7.76439428e-01 -5.51113710e-02 -1.63893461e-01 -1.75444320e-01 4.64252800e-01 -1.51886540e-02 3.99440564e-02 8.11297223e-02 -2.56374657e-01 4.39572483e-01 4.81811941e-01 -4.26673651e-01 -3.06519419e-01 2.50108570e-01 -2.66301543e-01 -3.09193701e-01 1.65388539e-01 2.82283667e-02 7.33637035e-01 1.71191543e-01 -2.42911071e-01 -1.54471919e-01 2.59944350e-01 -7.43599653e-01 1.52922720e-01 1.04819298e-01 -6.10751688e-01 -9.31951478e-02 -6.76892281e-01

layers.2.bias:
-1.45884871e+00
-6.00693285e-01
5.45649350e-01
-5.27728677e-01
2.17113659e-01
-4.48094040e-01
2.88424790e-01
2.17152739e+00
5.42981982e-01
8.02252591e-01
-9.18790221e-01
-1.34903598e+00
-2.46621192e-01
9.11948681e-01
-2.49964833e-01
-7.87225485e-01
-1.09129101e-01
-6.35548830e-01
4.25971210e-01
-5.71569018e-02
-1.44983292e-01
6.83859348e-01
8.15540016e-01
-9.15065929e-02
-5.31360447e-01
9.98798490e-01
-8.54982555e-01
-1.08721650e+00
3.71277183e-01
-1.11379313e+00
-6.41248599e-02
-4.07184437e-02
7.37814009e-01
1.38599992e-01
-3.63721490e-01
-7.14596286e-02
-1.09156720e-01
1.38389134e+00
9.65282142e-01
-1.86448455e-01
9.19625759e-01
-1.80961221e-01
-5.28073549e-01
1.34625173e+00
2.83702552e-01
-1.19858396e+00
9.75803196e-01
-3.94839019e-01
7.95130849e-01
1.80205226e+00
2.05592915e-01
2.90844083e-01
8.11800733e-02
-5.50613821e-01
5.12465537e-02
-5.78314289e-02
7.07552016e-01
-2.04857394e-01
-1.61376119e-01
-6.38980746e-01
9.03331280e-01
2.89359856e-02
-2.93815672e-01
6.91065133e-01

layers.4.weight:
4.66638535e-01 8.83511675e-05 -7.95759410e-02 2.81326175e-02 -4.50265259e-02 -1.78932652e-01 3.57202603e-04 -6.97545469e-01 -9.23187807e-02 -4.27044302e-01 2.71820873e-02 6.82964563e-01 -1.84097731e+00 -1.61823437e-01 -1.73653495e-02 -1.25619197e+00 -5.04507031e-03 6.99043199e-02 -1.41455367e-01 1.51803670e-02 3.81310061e-02 -1.10706173e-01 -3.79940532e-02 2.78241009e-01 -8.66983831e-02 -5.07518016e-02 -1.47332968e-02 7.37526834e-01 -4.43861157e-01 4.09541816e-01 -4.97312918e-02 -1.34125039e-01 -1.52792931e-01 6.57089278e-02 5.39199673e-02 -3.00337304e-03 1.46577426e-04 -1.84776932e-01 3.07942443e-02 9.44329947e-02 -2.36629844e-02 4.14818019e-01 3.97542529e-02 -1.45960242e-01 2.97816377e-02 2.38095477e-01 3.09946891e-02 -1.81539487e-02 -1.09275170e-01 -6.53075457e-01 -6.70415834e-02 -1.20017998e-01 -1.09749563e-01 -7.64749944e-02 -1.02382088e+00 -4.94020001e-04 1.00789160e-01 -3.14601958e-01 -6.30398095e-02 4.04489562e-02 8.34814161e-02 -3.60553560e-04 7.36749232e-01 -4.03365232e-02

layers.4.bias:
-1.07848942e+00

