layers.0.weight:
3.31696361e-01 -5.67613244e-01 7.97264636e-01
5.69172144e-01 -8.09445798e-01 -5.80563486e-01
-8.31293464e-02 -6.13938749e-01 -5.77727258e-01
-1.07055378e+00 1.15616508e-01 4.58123112e+00
2.67282110e-02 4.11940843e-01 1.16166264e-01
-5.79876065e-01 8.58121514e-01 -1.84879377e-01
-1.31842160e+00 4.86020595e-01 -9.88645032e-02
-6.01682402e-02 7.88846374e-01 -9.23566997e-01
6.03414774e-01 -9.26082134e-01 5.12713566e-02
-1.11527514e+00 5.86289167e-02 -1.64189592e-01
7.53551662e-01 -9.85680073e-02 1.41279221e+00
-7.16238439e-01 -1.31785080e-01 -1.29353356e+00
-4.30584475e-02 7.12955832e-01 -1.57757306e+00
-1.16726887e+00 2.10410804e-02 5.00053525e-01
-6.46977663e-01 1.09646142e+00 7.52028525e-01
-1.81771189e-01 9.48456824e-01 1.64468549e-02
5.46070874e-01 -6.33792400e-01 -1.45019031e+00
-1.15504665e-02 1.12846863e+00 1.84981868e-01
8.07071701e-02 -9.54183042e-01 5.35116851e-01
3.41117471e-01 -1.28724232e-01 -8.64976227e-01
2.23475501e-01 1.65966094e-01 -5.10879010e-02
-3.24195027e-01 -2.56797969e-01 -1.00232065e+00
-4.64660525e-01 1.65601885e+00 -4.46076952e-02
-1.56447518e+00 4.06930357e-01 1.75152493e+00
1.05132234e+00 3.79940838e-01 -7.78481364e-01
2.59609371e-01 6.71772659e-01 -1.17486012e+00
-1.16151750e-01 -2.13369340e-01 1.90187418e+00
-3.97779703e-01 -2.44972542e-01 1.92939892e-01
3.22416067e-01 7.57217348e-01 -1.46468067e+00
-1.04933763e-02 4.65525806e-01 1.70563948e+00
-2.89658904e+00 2.84448242e+00 -1.78299040e-01
-1.26738083e+00 -5.19488692e-01 1.02004325e+00

layers.0.bias:
8.77201200e-01
4.81547834e-03
-1.42384720e+00
-6.34384930e-01
7.07518518e-01
-2.04255387e-01
-3.54310095e-01
2.86240637e-01
-7.45998621e-01
-1.59115899e+00
1.64644122e-01
1.80825554e-02
2.46107668e-01
-1.21306002e+00
-2.90836543e-01
1.43946290e+00
9.34610724e-01
1.82654703e+00
-6.68276668e-01
5.78918040e-01
-1.44309163e-01
-1.35729384e+00
1.02535832e+00
-7.05530941e-02
1.36946186e-01
5.60703695e-01
8.80503118e-01
-1.57881156e-01
-4.88352716e-01
7.31267482e-02
8.91685039e-02
-6.70209900e-02

layers.2.weight:
-3.77984762e-01 1.35961950e-01 1.96637779e-01 -4.75242168e-01 -2.83547789e-01 1.31015647e-02 4.71323915e-03 -1.55050829e-01 -1.49294004e-01 3.18317103e+00 1.14570931e-01 6.64006099e-02 -2.71813005e-01 2.45561290e+00 -7.49638081e-02 3.69293779e-01 -1.44418359e-01 5.89657903e-01 1.91600785e-01 -3.12086284e-01 3.00932288e-01 -1.54119274e-02 -4.84496891e-01 6.15226865e-01 -6.86715245e-02 5.54673910e-01 -7.86161542e-01 -1.57697618e-01 -1.43960327e-01 -1.99627817e-01 3.93477917e-01 2.38694683e-01
-7.50716627e-02 3.38281959e-01 -9.00827825e-01 1.30890623e-01 -6.16225600e-01 6.23804554e-02 -1.00697374e+00 -5.47472000e-01 9.07815874e-01 5.74494779e-01 4.55123782e-01 -3.91029954e-01 1.72225893e-01 -8.60129073e-02 -6.12280905e-01 -3.07545334e-01 -2.92328238e-01 -8.10052641e-03 -3.21967542e-01 -9.83966216e-02 6.43944681e-01 -2.18116432e-01 -6.67601824e-01 1.42122321e-02 2.59210262e-02 -1.30501777e-01 -2.48471588e-01 -5.21923125e-01 2.48621516e-02 -1.51487231e-01 -3.30065727e-01 1.43164217e-01
-3.37126404e-02 2.60561239e-02 -6.28873659e-03 -7.62569010e-01 -6.32350922e-01 -3.45469341e-02 -4.93531317e-01 3.29546362e-01 4.84750420e-01 7.60463595e-01 -5.53910255e-01 -8.95401984e-02 1.72494322e-01 1.48778548e-02 -1.09405898e-01 -8.64125848e-01 2.33907998e-02 -7.85587490e-01 -9.13455412e-02 7.09489107e-01 -5.00691354e-01 -2.38290057e-01 3.71501535e-01 -1.31377864e+00 -2.09320664e-01 4.29934204e-01 -1.17831647e+00 -9.29141268e-02 4.15068269e-01 -3.97221059e-01 7.84404501e-02 2.78200358e-01
2.61424750e-01 -1.04949027e-01 4.84628566e-02 1.36410427e+00 7.78899372e-01 3.72163683e-01 6.41598403e-01 -2.51815379e-01 -1.55068770e-01 -5.25645763e-02 1.78955927e-01 -8.11131448e-02 -5.93127489e-01 1.62440374e-01 6.29184842e-01 1.19768286e+00 -4.06443655e-01 1.59395278e+00 3.09842020e-01 -1.21965849e+00 -6.36083901e-01 -1.61103263e-01 3.67248088e-01 1.57760489e+00 2.10137650e-01 -5.48550904e-01 5.15699029e-01 -1.70023471e-01 -6.79646611e-01 -1.18660130e-01 -4.15606648e-02 1.87123761e-01
1.24406308e-01 -3.53983700e-01 3.94678444e-01 -4.22684610e-01 -2.85488427e-01 -3.45497906e-01 -1.22598433e+00 -1.70856696e-02 5.20762503e-01 -3.85842234e-01 4.64838564e-01 -7.68480241e-01 7.38312960e-01 -7.59973526e-01 -6.60994798e-02 -1.48244917e+00 -3.64111125e-01 -1.34085882e+00 1.18420146e-01 -1.50785133e-01 9.11424398e-01 -5.25329590e-01 2.37474918e-01 -3.13654870e-01 -7.94867456e-01 5.44446945e-01 1.19255036e-01 -5.94371557e-01 -3.06086302e-01 6.39978707e-01 -1.05291933e-01 6.23308942e-02
-4.11466271e-01 2.20979586e-01 4.40053076e-01 1.65700153e-01 -1.04238153e+00 -2.60625452e-01 -3.47687840e-01 2.56439596e-01 5.36711037e-01 1.20375976e-01 6.28985465e-01 2.66063511e-01 -8.19392726e-02 -2.34714165e-01 -2.88183063e-01 -1.34679759e+00 -3.88762116e-01 -1.60492027e+00 7.35164583e-01 -2.62920022e-01 -5.18864751e-01 8.25340580e-03 -6.49822414e-01 -2.49780178e-01 -5.00023551e-03 8.81468132e-02 1.51403755e-01 1.06579781e+00 -1.81982189e-01 -4.32155013e-01 -3.81363153e-01 4.41686690e-01
-3.58083546e-02 2.74880091e-03 -2.29409680e-01 1.07603464e-02 -1.04306981e-01 2.35404328e-01 -9.70008746e-02 -3.79923493e-01 -1.60570666e-01 1.98404565e-01 3.08985293e-01 1.04803350e-02 2.98114330e-01 -1.30613670e-02 4.71098395e-03 -2.64437228e-01 3.06107718e-02 7.85307214e-02 -7.99674243e-02 -3.05093884e-01 -3.63639534e-01 1.05625637e-01 8.87952074e-02 2.58069243e-02 1.57699630e-01 2.84998745e-01 -3.34177583e-01 -4.17187601e-01 -1.96755230e-01 9.39044505e-02 -1.47733435e-01 1.52214468e-01
3.35904688e-01 7.00262710e-02 -3.41959685e-01 3.70891839e-01 1.04653470e-01 -6.54425204e-01 9.09635797e-02 4.45038259e-01 8.97004530e-02 -1.81564167e-01 -1.12063162e-01 9.44062889e-01 2.82539964e-01 -2.83741623e-01 -1.23987459e-01 1.27868623e-01 4.92635518e-01 3.89687419e-02 2.71467686e-01 4.74429488e-01 -1.44312084e+00 -9.01808798e-01 9.72320065e-02 5.20436049e-01 2.50159025e-01 6.90548360e-01 6.20775819e-01 5.42624116e-01 -7.66116083e-01 5.10519087e-01 1.77686021e-01 -3.37728500e-01
1.38400525e-01 1.54229701e-01 -5.72886527e-01 -2.61827797e-01 1.32535541e+00 -4.30917710e-01 -4.25714642e-01 -3.15372735e-01 -8.92907321e-01 1.16615891e-01 4.27339584e-01 3.02873075e-01 6.96904540e-01 -1.72497332e-01 2.39427134e-01 1.80351436e+00 2.81204194e-01 1.43519175e+00 -5.78683197e-01 -1.49761260e-01 8.96135569e-02 -3.13030392e-01 1.01388484e-01 2.14438006e-01 1.51713982e-01 4.26269710e-01 3.76885049e-02 2.59394553e-02 4.44267280e-02 1.54239774e-01 2.43141508e+00 -3.75753701e-01
-6.61948621e-01 1.46604434e-01 -6.65798783e-02 -5.80478489e-01 4.69660819e-01 9.34234560e-02 -1.04693003e-01 4.42364454e-01 4.22561258e-01 -5.99932224e-02 -7.80374855e-02 2.98820406e-01 2.14798316e-01 1.81129768e-01 -3.05862606e-01 -5.75176716e-01 3.86108309e-01 -3.67865026e-01 -4.96082872e-01 2.63866112e-02 -6.39108300e-01 -1.81874603e-01 1.88248813e-01 -2.02331841e-01 -1.72060102e-01 -7.19499663e-02 -2.31311604e-01 2.30186418e-01 3.06748509e-01 1.09411947e-01 1.11012518e-01 -2.22105794e-02
1.06267996e-01 -3.56454670e-01 -1.82553500e-01 -3.23477566e-01 -3.37765872e-01 -2.65874565e-01 -4.92059946e-01 1.19266972e-01 5.98808765e-01 2.40018278e-01 -4.88233745e-01 -1.52906477e-01 8.16741168e-01 -2.60153979e-01 -1.66719988e-01 -3.18192154e-01 -6.69005215e-01 -6.40359998e-01 -4.35474180e-02 -7.21313283e-02 1.09181297e+00 -3.13070238e-01 -7.48181820e-01 2.28944659e-01 4.89450544e-02 -9.72146764e-02 -3.94916922e-01 -6.31302059e-01 3.03308249e-01 -3.59230191e-01 -1.49574950e-01 2.09667876e-01
-8.31964910e-02 2.53666937e-03 1.75199306e+00 -8.53932500e-01 -1.30347896e+00 -1.78139247e-02 -5.03533054e-03 -4.05712664e-01 5.43713808e-01 2.17124820e+00 -5.84778422e-03 1.42104644e-02 2.74791509e-01 3.05506730e+00 -8.79722536e-02 -1.56196713e+00 2.96660155e-01 -3.46391630e+00 6.18054748e-01 -3.59788835e-01 2.87508458e-01 5.86014330e-01 -4.76714760e-01 7.02167034e-01 2.75933109e-02 -5.50579250e-01 3.08257669e-01 -1.55590713e-01 1.90362260e-01 3.70406881e-02 -1.47552028e-01 -4.30085301e-01
-7.27877259e-01 -1.24363132e-01 1.19793344e+00 3.62473190e-01 -1.26247907e+00 7.01978028e-01 -1.20476775e-01 -1.05672014e+00 5.25200129e-01 5.64390481e-01 2.48788461e-01 -3.06499004e-02 -4.85534281e-01 1.23598285e-01 4.37088042e-01 -5.19430923e+00 -6.69504851e-02 -6.88889503e+00 8.16684842e-01 -9.68051434e-01 -6.56066120e-01 6.17402136e-01 6.77747428e-01 -2.90782675e-02 -3.63524556e-01 -2.92521715e-01 -3.92881513e-01 7.32881546e-01 -8.76282334e-01 -3.65537703e-01 -9.15512741e-01 -2.05117792e-01
1.13520250e-01 -1.67568013e-01 -6.48514926e-01 -9.26137716e-02 -9.52334926e-02 -9.70121026e-02 3.38453084e-01 3.09846163e-01 2.28210866e-01 -2.40402460e-01 4.60829794e-01 -6.55051246e-02 3.51740927e-01 -7.71902382e-01 -2.72416860e-01 6.66325390e-02 -2.20846727e-01 2.88606644e-01 -4.45066318e-02 1.61630705e-01 -1.39639243e-01 -1.43554613e-01 5.20977527e-02 -2.14260906e-01 -2.00307056e-01 7.63228536e-01 -2.70819496e-02 1.35489836e-01 -2.33039841e-01 2.30090365e-01 1.12472378e-01 4.32216585e-01
-8.87651682e-01 3.60406876e-01 3.53006981e-02 1.70627996e-01 -1.92111433e-01 5.22378325e-01 -3.38843644e-01 5.07547520e-02 4.21446532e-01 -1.29926726e-01 -9.16948020e-01 4.02011067e-01 3.21910888e-01 -4.24666941e-01 -4.31230247e-01 -5.64079106e-01 3.94306421e-01 -5.59678853e-01 -5.23118913e-01 4.86755162e-01 1.22728717e+00 1.09214711e+00 -1.28097311e-01 7.18785077e-02 -3.57243091e-01 2.69943714e-01 -7.59060919e-01 8.59933570e-02 9.32482481e-01 -4.15259600e-01 -6.05511740e-02 1.33017451e-01
-5.34019589e-01 8.01880937e-03 9.85774323e-02 1.14186481e-01 -2.31969297e-01 2.95207024e-01 -9.09647703e-01 5.30870184e-02 1.64196596e-01 5.00270844e+00 5.59845865e-01 4.29875970e-01 2.73651689e-01 2.51629949e+00 -9.58942547e-02 -7.42167756e-02 -3.94837260e-01 -1.84894904e-01 -9.30165797e-02 -2.01677218e-01 -7.18204439e-01 4.34823394e-01 2.24635124e-01 1.86348453e-01 -3.94017577e-01 -3.30864280e-01 -6.65774405e-01 3.30632299e-01 -4.24080715e-02 -6.77660286e-01 -2.41019487e-01 -2.39607766e-01
-3.41981053e-02 1.48604393e-01 -7.15871230e-02 4.07596268e-02 -1.91198080e-03 -2.73083281e-02 4.39595766e-02 -7.17847645e-02 6.18657842e-02 -8.48971158e-02 5.92603944e-02 8.12405720e-02 5.15311696e-02 9.08029526e-02 9.27056447e-02 3.13668475e-02 2.80708503e-02 7.73352012e-02 5.28030433e-02 7.85667077e-02 2.57600546e-01 1.10190392e-01 -4.25182544e-02 2.15906892e-02 8.24992508e-02 1.24315210e-02 5.57484441e-02 2.51839310e-01 5.10322303e-02 6.62446860e-03 2.53725145e-02 7.16897799e-03
2.67217875e-01 -5.57513274e-02 -6.95237637e-01 3.15429568e-02 3.36725205e-01 -3.57814491e-01 -9.76129845e-02 -2.57918686e-01 1.14386111e-01 -1.00497067e+00 6.51265308e-02 4.28252071e-02 2.46834174e-01 -4.55966368e-02 -2.32342139e-01 3.98523957e-01 -2.51075774e-01 5.83458602e-01 -2.04928562e-01 9.74873304e-01 1.85670778e-01 4.80597652e-02 -6.16247296e-01 -1.44135311e-01 -1.35433495e-01 -3.67566526e-01 8.30871642e-01 -4.96986449e-01 2.55695522e-01 2.84710586e-01 -3.14449444e-02 2.03446373e-01
-3.71690452e-01 -1.98798161e-02 -2.64374763e-01 -2.55859315e-01 5.18067122e-01 6.42920136e-02 1.90104142e-01 2.74133950e-01 4.13248926e-01 -4.40301627e-01 -1.64972097e-01 -9.47873890e-01 5.38902879e-01 -3.40431035e-01 -2.34047741e-01 4.23381478e-01 -8.45602825e-02 4.49350476e-01 -7.88044259e-02 -2.35128440e-02 8.57022330e-02 -1.20425291e-01 4.78722334e-01 -4.09690768e-01 3.39434832e-01 2.92376101e-01 -2.37245217e-01 1.64582834e-01 1.75944567e-01 3.08531791e-01 6.05584025e-01 4.08226922e-02
7.10918978e-02 1.84763908e-01 -1.97688062e-02 5.54052442e-02 -1.13022365e-02 1.39117569e-01 -1.85820851e-02 -6.31299242e-02 3.13157700e-02 6.55339584e-02 8.98691341e-02 7.09840432e-02 -4.64207195e-02 -2.41689440e-02 1.05332240e-01 4.48219806e-01 9.26071107e-02 -2.88468689e-01 1.28164170e-02 -5.69663793e-02 -7.75654241e-02 -1.41285062e-01 3.89067382e-02 -1.72026543e-04 2.65007205e-02 1.57655358e-01 -1.33521867e-03 -2.69085821e-02 6.76684678e-02 3.53956653e-04 -6.22661225e-02 5.52659184e-02
6.40861869e-01 -2.49341745e-02 6.28866613e-01 4.75020856e-01 -2.56187856e-01 -3.43604416e-01 -6.54421628e-01 -6.94357082e-02 -2.99309760e-01 -8.19298446e-01 -1.68773547e-01 1.04428566e+00 5.42519331e-01 -4.48881418e-01 6.07333243e-01 6.33856714e-01 3.21194865e-02 -1.83057413e-01 4.43806738e-01 5.26560187e-01 -6.70556188e-01 1.07987925e-01 4.12505418e-01 1.87767744e-01 -1.10313050e-01 -3.40837926e-01 4.54487316e-02 5.38758755e-01 -1.77870527e-01 -1.41727075e-01 5.97726330e-02 6.28856003e-01
1.91933975e-01 -1.35296315e-01 1.41698003e-01 1.93956017e-01 -1.62802652e-01 1.92218930e-01 8.59541535e-01 -1.96723337e-03 5.59470177e-01 4.28959221e-01 3.50850344e-01 3.36208493e-01 -4.44864720e-01 -5.98710597e-01 1.78904116e-01 -1.35158610e+00 -5.94198406e-02 -1.00387049e+00 3.66147533e-02 -4.79848325e-01 -4.80963677e-01 8.43480602e-03 3.04440945e-01 -4.70722541e-02 1.81287546e-02 -4.89428699e-01 -6.62054121e-01 4.38309968e-01 -1.53855294e-01 -1.42892793e-01 2.98854679e-01 2.98617240e-02
2.17748776e-01 8.63212720e-02 -2.42763713e-01 3.57619673e-01 -8.19873065e-02 1.51617274e-01 2.94963866e-01 -2.61587471e-01 -2.37506643e-01 2.84638345e-01 -7.39321038e-02 2.17569724e-01 4.59830612e-01 5.60294747e-01 -2.71342009e-01 -5.14549911e-01 5.99610209e-01 -1.51858851e-01 1.22913577e-01 -1.99152470e-01 -6.51034355e-01 4.80789840e-02 -6.42348588e-01 1.02501661e-01 -4.82145548e-01 -1.16585024e-01 -9.84291583e-02 -2.10647538e-01 5.08925207e-02 -1.74775824e-01 -2.86772698e-01 -2.09825680e-01
8.05354118e-01 1.44460008e-01 -3.45811218e-01 1.04844823e-01 2.30229110e-01 -6.36695266e-01 3.63611244e-02 2.15219662e-01 1.51126429e-01 -2.92765689e+00 5.56613207e-02 2.79919207e-01 3.86937499e-01 -1.68753862e+00 -1.25091910e-01 5.85963607e-01 2.79796153e-01 5.96107543e-01 -1.20953038e-01 1.13936841e-01 3.29005361e-01 -1.80727735e-01 -3.69678438e-01 -1.15541317e-01 -4.83491302e-01 -2.08541766e-01 -1.12282671e-01 -1.60043333e-02 3.12819302e-01 3.25816832e-02 1.80209056e-01 -4.97913845e-02
-9.28784668e-01 -5.64875826e-02 -2.10074499e-01 2.41726533e-01 3.44565883e-02 -1.97207138e-01 1.06249464e+00 -1.79076061e-01 -1.55280340e+00 1.61378598e+00 -7.18310475e-01 1.77087858e-01 3.58563475e-02 3.46282423e-01 -4.78386760e-01 7.27588892e-01 4.33391392e-01 9.48801398e-01 3.40248615e-01 -1.42370462e-01 -1.47720426e-01 2.08607599e-01 5.58340251e-01 1.10050178e+00 -2.25467831e-01 3.87516260e-01 -5.07662296e-01 1.91449746e-03 9.48124588e-01 -3.33927989e-01 1.01917684e+00 -2.77336776e-01
-5.63268840e-01 5.30683339e-01 2.13116873e-02 -2.30946735e-01 5.44168174e-01 2.64962584e-01 7.74725005e-02 6.32844925e-01 -4.25119251e-01 6.36906087e-01 -7.34495595e-02 -2.84000896e-02 2.81329960e-01 2.97195852e-01 -4.40584242e-01 -1.58273116e-01 -1.62021607e-01 -1.44015893e-01 2.75161058e-01 -3.63669991e-01 -1.18855417e-01 -2.02027872e-01 1.23240702e-01 -4.98553038e-01 -1.06640011e-02 -1.47325456e-01 -6.49612129e-01 -3.66867244e-01 2.11889639e-01 -4.54137564e-01 -1.56427920e-01 -1.73249304e-01
-1.62280519e-02 3.31088424e-01 3.42041790e-01 3.32050830e-01 -2.59414408e-02 -4.18092430e-01 -8.97970125e-02 2.76399460e-02 1.75796941e-01 -7.04181671e-01 -6.10727072e-01 7.09319115e-03 -2.51815856e-01 -4.64130074e-01 -8.61114711e-02 8.66183758e-01 2.45858729e-02 4.18062389e-01 2.28991166e-01 3.09902936e-01 -6.96332455e-02 -7.91657805e-01 6.61752820e-02 7.98599795e-02 2.47231588e-01 2.01433226e-01 -8.86044372e-03 -5.01090467e-01 -2.76286393e-01 -1.53153867e-01 8.22623167e-03 -2.26487473e-01
-8.40937614e-01 4.79535967e-01 -7.65648782e-01 -1.01372015e+00 1.32112816e-01 -2.32228339e-01 -3.70128870e-01 5.71006536e-01 1.77230258e-02 3.32683504e-01 -2.32819635e-02 1.60846546e-01 1.99196294e-01 1.72243327e-01 -3.65355313e-02 1.72522175e+00 7.03642190e-01 1.69029725e+00 -1.72689462e+00 9.10697281e-02 6.57551169e-01 -8.10660422e-01 -6.24325573e-01 4.00542021e-01 -5.75538576e-02 -3.75433415e-01 2.66632587e-01 6.75455183e-02 8.80288422e-01 -8.18281710e-01 1.89829260e-01 -3.34828705e-01
1.58111006e-01 -6.25793397e-01 6.18142001e-02 -7.00530633e-02 -7.45406747e-01 5.65690219e-01 -1.29697829e-01 -6.12634957e-01 6.82971060e-01 7.41577923e-01 -1.68680161e-01 1.83912367e-02 4.92082834e-01 3.37678581e-01 1.69648856e-01 -1.37135923e+00 -5.23960650e-01 -1.28760028e+00 2.67691165e-01 1.58986241e-01 3.64261061e-01 3.57832223e-01 2.62082219e-01 1.96482494e-01 4.02926952e-01 3.17368731e-02 -3.65170628e-01 -3.65295142e-01 -4.09334540e-01 -2.83523023e-01 1.94160357e-01 1.83381870e-01
1.04868803e-02 -9.28420544e-01 3.67211282e-01 1.60001898e+00 4.21410240e-02 -4.90291566e-02 -9.81944352e-02 -3.86528403e-01 -1.34974986e-01 1.27479047e-01 1.12751997e+00 -9.76232171e-01 -1.15184367e+00 -3.59558821e-01 7.95361772e-02 -1.90823123e-01 -1.22382665e+00 4.74562913e-01 7.69177616e-01 -6.88789487e-01 8.39924872e-01 1.78387031e-01 -1.41304642e-01 3.63255590e-02 -1.20999459e-02 -5.10655224e-01 2.22650692e-01 -7.59886461e-04 -8.98934782e-01 1.27287591e+00 -6.70487344e-01 -2.88885515e-02
-8.64233732e-01 -2.87349224e-01 3.81967008e-01 2.24093586e-01 -2.29187950e-01 3.43037993e-01 4.66314942e-01 -1.91582948e-01 -5.30994296e-01 1.09778687e-01 -8.78038466e-01 2.01658934e-01 3.29329967e-01 2.63927639e-01 2.83762902e-01 -2.08849788e-01 2.58186668e-01 -2.07963333e-01 2.13272125e-01 -4.50287789e-01 -9.64097679e-01 2.60537088e-01 8.58610123e-02 -5.91568708e-01 1.22429803e-02 4.13342953e-01 -1.99587904e-02 3.02967668e-01 -5.68136454e-01 -1.31381989e-01 -2.42950574e-01 1.58430248e-01
-2.67815381e-01 -4.85142529e-01 -1.75794885e-01 -1.29290938e-01 -1.00541003e-01 -8.15649405e-02 2.92032629e-01 1.91547751e-01 -9.72593367e-01 1.40804660e+00 -1.32836342e-01 -1.12391219e-01 -5.43836415e-01 6.24763489e-01 -1.35101890e-02 3.22635651e-01 -2.59671267e-02 4.13537532e-01 3.71701419e-02 -1.96590573e-01 1.62997216e-01 1.32349163e-01 4.89376485e-01 1.59532994e-01 -2.87194178e-02 -1.27603233e-01 -1.65893346e-01 2.57930160e-01 2.10384443e-01 3.36829305e-01 1.38721094e-01 1.78199321e-01
-2.98193935e-02 -4.35702026e-01 1.07564822e-01 -1.32255882e-01 -5.48996091e-01 4.59776759e-01 -2.14458734e-01 -4.97536689e-01 1.78732857e-01 -2.27857754e-01 -3.45033780e-02 5.34216642e-01 2.07328200e-01 5.30067444e-01 4.39062685e-01 -7.73462355e-01 -4.98418719e-01 -1.46162403e+00 1.12946406e-01 -3.52674961e-01 -1.56257242e-01 9.13134813e-01 4.46120083e-01 6.16314054e-01 -4.27756727e-01 1.15666017e-01 9.30832624e-02 -1.75902441e-01 -4.06120270e-01 -2.85821229e-01 -1.94245994e-01 -1.30331635e-01
3.08538023e-02 -4.42184322e-02 1.51622877e-01 -1.02502339e-01 2.71355242e-01 -4.49341685e-02 -8.85652285e-03 -3.10140133e-01 -2.08947524e-01 2.37520754e-01 1.76463604e-01 8.90687853e-02 8.50549638e-02 -3.01725686e-01 -5.66562600e-02 -2.89671838e-01 8.45916122e-02 1.08010098e-01 -2.31487006e-01 -5.01669526e-01 1.58715278e-01 -1.39048129e-01 -3.75248827e-02 -3.35914604e-02 -5.89773320e-02 2.32651800e-01 -7.05443546e-02 3.17871608e-02 6.99765235e-02 6.36816621e-02 -7.11816624e-02 4.24696431e-02
2.80728698e-01 -4.51343298e-01 -2.40527168e-01 8.62660050e-01 -3.05356264e-01 -5.14489353e-01 5.85376024e-02 -1.80865318e-01 1.82548359e-01 2.88432407e+00 -4.56594765e-01 8.43899786e-01 6.10874057e-01 9.09713089e-01 6.08156681e-01 -6.32955059e-02 1.64147224e-02 -1.35061249e-01 7.26512551e-01 3.11440229e-01 2.27649942e-01 7.86574557e-02 -6.09497488e-01 1.17573249e+00 -2.45732471e-01 1.18320532e-01 -1.89964652e-01 3.23646516e-01 -3.98663431e-01 1.29292682e-01 3.52418572e-01 2.13868394e-01
-1.03190407e-01 1.72760114e-01 1.36362359e-01 6.56018779e-02 -1.80291999e-02 -7.15161413e-02 2.44368315e-02 7.61724934e-02 3.18880938e-02 -1.18340235e-02 1.63408458e-01 1.11759000e-01 6.15667328e-02 -2.00529676e-02 1.49107948e-01 1.74576998e-01 2.27231756e-02 -9.68522429e-02 1.84675530e-02 7.51767457e-02 -1.79898828e-01 -4.35647368e-02 -1.49605628e-02 -1.84320156e-02 -4.60543543e-01 -2.63932735e-01 3.08234300e-02 -1.12939030e-01 -1.31613621e-02 -6.36145696e-02 1.87892504e-02 -4.62509871e-01
-6.93603531e-02 -1.38966054e-01 -1.09754629e-01 7.37622008e-02 -1.23767100e-01 1.30317524e-01 2.12395713e-02 2.11990312e-01 3.35439034e-02 -9.59251374e-02 7.76595771e-02 -1.40963882e-01 -9.13492516e-02 4.80268374e-02 -3.32960002e-02 1.86247572e-01 -1.59496263e-01 -1.63698956e-01 -1.17344722e-01 2.90634334e-01 -1.03660703e-01 -1.61664844e-01 5.86103015e-02 6.63637295e-02 3.40874009e-02 -7.99892917e-02 -1.69587955e-02 -1.80688083e-01 -4.50988524e-02 1.02865815e-01 8.01743194e-02 -1.72738545e-02
8.44239354e-01 -2.95599341e-01 4.27591562e-01 3.53151917e-01 -6.56206131e-01 3.39480154e-02 -4.97919679e-01 -3.92602868e-02 7.13744164e-01 2.12120011e-01 -2.10631236e-01 5.98166883e-02 4.52652164e-02 3.94295126e-01 7.71078348e-01 -1.22676921e+00 -4.78376985e-01 -1.12817621e+00 1.20671546e+00 -2.96262145e-01 -8.96986961e-01 2.86385208e-01 -1.40185699e-01 2.47132048e-01 6.05113983e-01 -9.08165425e-02 2.44651347e-01 1.32809147e-01 -7.97814190e-01 2.39690959e-01 1.28720522e-01 2.85761982e-01
2.17085913e-01 -4.59852606e-01 -2.04302728e-01 4.74577934e-01 -7.37475529e-02 -5.95674872e-01 6.34780750e-02 -2.49055371e-01 3.95664275e-01 -2.03219816e-01 -1.99352458e-01 4.10142869e-01 2.63049960e-01 -1.67937398e-01 3.05834025e-01 -1.19776165e+00 -3.88687223e-01 -1.21001339e+00 1.68478262e+00 -4.66974735e-01 -3.40132445e-01 -7.56687894e-02 3.58152092e-01 7.37165034e-01 -2.83261389e-01 -4.55452263e-01 5.15697241e-01 1.67830139e-01 -4.85464841e-01 -3.53897989e-01 -2.52823941e-02 3.83177042e-01
8.49471241e-02 -4.42200974e-02 7.84272671e-01 1.78979069e-01 -1.72916901e+00 -3.78572047e-01 1.80174455e-01 -2.10785285e-01 7.96052754e-01 9.09696281e-01 -1.82667792e-01 -3.00917059e-01 -6.30042106e-02 5.16732812e-01 6.80363700e-02 -3.00985527e+00 -3.15387100e-01 -4.05758476e+00 2.78873652e-01 -3.28037515e-02 -7.94508338e-01 6.65369868e-01 1.17904626e-01 -2.02867370e-02 3.15411657e-01 5.78266978e-02 4.05435860e-01 1.74124420e-01 -2.12081283e-01 -7.06360698e-01 -2.25874066e-01 9.52648818e-02
-1.53166458e-01 -2.25369737e-01 -2.38349065e-01 -3.60921443e-01 -2.36356601e-01 5.38658857e-01 1.36806563e-01 -4.75366712e-02 -1.33710086e-01 4.37637001e-01 -3.37906688e-01 3.17046314e-01 1.31054088e-01 -2.89757371e-01 -1.10039428e-01 -3.87749612e-01 3.44996631e-01 -5.31839311e-01 -3.21302652e-01 8.43736604e-02 -3.93245429e-01 4.31027263e-01 -1.24414578e-01 2.38512546e-01 3.94166887e-01 -4.61230844e-01 4.06792521e-01 8.63178149e-02 1.04263745e-01 5.00661619e-02 -1.45084903e-01 8.57009646e-03
3.18671942e-01 6.89004183e-01 7.29722917e-01 -3.90562505e-01 -4.60625589e-02 1.80174828e-01 2.42947340e-01 -9.89647135e-02 -7.49178827e-01 1.33483326e+00 -2.55694211e-01 -2.75119543e-01 -4.46195006e-01 1.28915858e+00 1.24632366e-01 -4.44400609e-02 2.35171132e-02 -1.20539415e+00 2.76733935e-01 -3.03070158e-01 8.84919092e-02 7.19501913e-01 -2.69204378e-01 -3.28581452e-01 5.67339182e-01 -7.91066170e-01 5.01646936e-01 -6.27435595e-02 -3.51558506e-01 -5.92067957e-01 -4.37856875e-02 -3.91339362e-01
4.39151824e-02 -3.25514585e-01 1.13280997e-01 -1.25662059e-01 -1.85351931e-02 1.15916133e-01 1.51719391e-01 -2.99917251e-01 -5.49598277e-01 -2.54349262e-01 -5.98184429e-02 -4.53407578e-02 -1.26387209e-01 3.81127685e-01 4.59400147e-01 5.09809136e-01 3.02567661e-01 -2.59502828e-01 4.37626988e-02 1.77920446e-01 -2.74247587e-01 2.60357082e-01 -4.09369588e-01 2.29645431e-01 -2.21511528e-01 -2.74144709e-01 4.62991118e-01 7.22558677e-01 -6.04543984e-01 -4.10505146e-01 3.90636325e-01 5.19671559e-01
-1.10777557e+00 -2.23574966e-01 -2.67783944e-02 -1.21095777e+00 1.76064875e-02 -1.20626599e-01 4.27139789e-01 3.54228437e-01 -3.56288224e-01 1.66609454e+00 -1.18973196e+00 1.42145669e+00 8.70551407e-01 7.71099746e-01 4.01924439e-02 7.57422805e-01 3.70819092e-01 6.48762062e-02 -9.47281346e-02 8.45307708e-01 -9.94318902e-01 -4.33285415e-01 -3.20464432e-01 5.27896173e-02 3.53825301e-01 6.22537255e-01 9.58298624e-01 1.07660949e+00 3.19767743e-01 -9.23534811e-01 1.23285389e+00 4.06676888e-01
-8.58354419e-02 8.47204104e-02 3.12697202e-01 -6.18421212e-02 3.50863129e-01 -7.12589845e-02 -2.85677990e-04 4.96740341e-02 -8.73415396e-02 9.44052562e-02 5.35446815e-02 -3.82697061e-02 -1.52414665e-02 -8.64057466e-02 8.12819749e-02 -1.45926535e-01 1.00416332e-01 1.87712573e-02 -7.05914423e-02 -3.78682911e-01 1.54736340e-01 -9.20973122e-02 4.66986820e-02 2.44700094e-03 1.21799663e-01 -4.36595036e-03 6.35462850e-02 1.38486609e-01 1.17017294e-03 -1.01925142e-01 -5.53409979e-02 7.61112496e-02
-3.14953446e-01 1.54793650e-01 5.64249372e-03 1.35344574e-02 6.89631879e-01 1.88979045e-01 5.24205208e-01 4.43258137e-01 2.77765244e-02 -1.81167996e+00 -2.14531317e-01 4.00647998e-01 5.66932201e-01 -1.33386564e+00 -3.47891510e-01 4.05919462e-01 3.64884943e-01 4.67807293e-01 -8.56566131e-01 -6.73681498e-01 1.20877981e+00 -4.73979026e-01 2.67454177e-01 -1.71353447e+00 2.35595345e-01 5.64514756e-01 -8.85282040e-01 -1.29966021e+00 1.47777200e+00 2.54359599e-02 4.05569941e-01 -4.89072233e-01
7.57839441e-01 -3.65777016e-01 -1.60712942e-01 5.10973036e-01 -5.22312701e-01 -7.77056590e-02 -1.29907817e-01 -4.37614709e-01 6.83033407e-01 -9.38831419e-02 -7.98720345e-02 -9.22885388e-02 6.64448977e-01 -2.45859981e-01 4.23216045e-01 -1.23953402e+00 -9.90202725e-02 -1.20241022e+00 1.94655335e+00 -1.47986293e-01 -4.37489599e-01 1.15176097e-01 1.43482745e-01 2.34749913e-01 -1.78555369e-01 -3.49578023e-01 8.74278009e-01 7.34093487e-01 -7.82605827e-01 4.07066226e-01 8.18918496e-02 4.41045552e-01
-2.03849807e-01 3.12414199e-01 -1.64645106e-01 -5.06069064e-02 -5.43445647e-01 -2.60262489e-01 1.02800347e-01 4.42267448e-01 -1.11209583e-02 -4.55458403e-01 -2.09637627e-01 5.58601208e-02 -3.13011169e-01 1.58992112e-01 2.63587356e-01 -1.11625820e-01 -1.41550034e-01 3.01151097e-01 1.20066196e-01 3.25641245e-01 -2.44028032e-01 -6.99690059e-02 -8.99026394e-02 -2.11987179e-02 -7.70181865e-02 -8.80391076e-02 2.62698740e-01 -3.04039866e-01 1.46537215e-01 7.54117034e-03 1.36563122e-01 1.30089998e-01
1.10116675e-01 -4.72148597e-01 -8.33934825e-03 -1.45449802e-01 -2.51976579e-01 -2.50243574e-01 -1.94210321e-01 -2.09118500e-01 -2.45947823e-01 3.84574890e-01 -5.79713024e-02 1.26081765e-01 3.68125856e-01 2.04786867e-01 -1.79217756e-01 -7.38261580e-01 -1.52448267e-01 -2.43954644e-01 7.37964213e-02 1.02791145e-01 5.42743579e-02 -4.14888887e-03 5.24340332e-01 -3.64602618e-02 -2.98363000e-01 2.24382937e-01 3.00174654e-01 9.34013948e-02 -3.78198251e-02 8.44057649e-02 -1.90173596e-01 -2.84607261e-01
1.00515139e+00 1.93401892e-02 -5.46085894e-01 1.17369726e-01 1.06045298e-01 8.64220187e-02 4.85367209e-01 1.84703007e-01 -2.84481943e-01 -8.92431200e-01 -9.08020794e-01 1.44181693e+00 1.44248143e-01 -9.00497794e-01 2.92468369e-01 5.30696809e-01 6.69378415e-02 2.96740264e-01 -1.66937634e-01 1.69367924e-01 -1.64300239e+00 -3.63408893e-01 -8.20776403e-01 -1.51088312e-01 -6.16601467e-01 4.42830734e-02 1.71158403e-01 7.90435731e-01 1.10202152e-02 -3.07481792e-02 -6.78823367e-02 5.93532860e-01
-1.55759126e-01 -9.04154852e-02 -9.38614607e-01 -9.56325904e-02 4.42395508e-01 4.10313278e-01 -2.22368002e-01 8.18295181e-02 2.09731013e-02 3.49420816e-01 -4.10703778e-01 -1.19740152e+00 4.06841129e-01 2.25196883e-01 -9.52017978e-02 7.80633986e-01 -1.65915415e-01 1.52363801e+00 -5.37999451e-01 9.21320245e-02 3.98610443e-01 -1.37078032e-01 1.45095199e-01 6.42169833e-01 -1.53359780e-02 8.23913753e-01 -1.28569052e-01 -4.15946871e-01 2.02771530e-01 1.09958261e-01 2.68410027e-01 -3.74587417e-01
-2.82096844e-02 3.07620406e-01 -1.58099428e-01 -5.72661281e-01 -6.65231496e-02 7.54854202e-01 2.38691643e-01 7.75794983e-01 4.29819942e-01 2.61011690e-01 1.01441276e+00 -3.47178727e-01 4.56676967e-02 2.38271058e-01 8.49574655e-02 -7.34322965e-01 2.06588954e-01 -6.50406778e-02 -3.20602298e-01 -6.14327967e-01 3.27572338e-02 -2.54781157e-01 2.56448358e-01 1.81923047e-01 -1.37407035e-01 1.46730021e-01 6.97276890e-02 -9.68169123e-02 -5.35479844e-01 3.03398490e-01 -2.01978773e-01 2.62356717e-02
-9.68986899e-02 -1.04579121e-01 -7.18158633e-02 4.37823534e-02 -3.42605673e-02 2.27415025e-01 -2.67577525e-02 1.24890581e-01 6.74439082e-03 -1.52002066e-01 4.51929718e-02 -5.51149666e-01 2.27279603e-01 1.53380573e-01 1.36920691e-01 4.19667130e-03 -6.23991713e-02 -1.49894506e-01 -3.03237215e-02 1.53270751e-01 3.99500191e-01 2.99194634e-01 1.77604079e-01 2.92157412e-01 -1.14277219e-02 -2.69773036e-01 -1.56465948e-01 -4.04311210e-01 -2.11185917e-01 -9.46089625e-02 5.26249297e-02 -3.51843566e-01
4.52641785e-01 9.08233002e-02 6.62922323e-01 3.09331805e-01 8.83857086e-02 3.36270362e-01 9.70310271e-01 -4.01047498e-01 8.44903409e-01 1.65835947e-01 -7.40230143e-01 3.49765778e-01 -4.58077908e-01 -2.90735424e-01 -8.35121498e-02 4.93935496e-02 -5.13268888e-01 -6.75271809e-01 4.69410479e-01 6.41538054e-02 -1.94231257e-01 6.64134979e-01 1.04412861e-01 6.17485940e-01 -6.03208924e-03 -1.14762165e-01 -3.12656313e-01 2.69481450e-01 1.48206905e-01 3.26489925e-01 -2.48346597e-01 4.24935669e-02
-7.03409135e-01 -6.00941002e-01 1.76806891e+00 5.53944074e-02 -1.07425666e+00 1.26559660e-01 -1.35575831e+00 -8.75694513e-01 3.19832087e-01 9.13100302e-01 1.67441890e-02 -6.44540071e-01 -2.55212873e-01 8.48388493e-01 7.75398791e-01 -2.21346307e+00 1.31181046e-01 -2.86115742e+00 1.52612567e+00 8.11258495e-01 -3.58952045e-01 1.97638190e+00 -9.62784365e-02 2.06931055e-01 3.67505372e-01 -6.49745524e-01 -2.94488639e-01 3.06464911e-01 2.00480908e-01 3.09340134e-02 4.93594855e-01 1.66919589e-01
2.30497867e-02 -1.63696799e-02 7.98097104e-02 3.09069641e-02 3.33058864e-01 -5.62643073e-02 1.85108720e-03 -1.53856641e-02 8.38026032e-02 2.75966916e-02 -2.38974411e-02 -3.34487371e-02 7.70735890e-02 -1.14818364e-02 -1.82965267e-02 -5.88370562e-02 -2.55814916e-03 -5.24293957e-03 -3.09990793e-02 7.13999346e-02 1.20171048e-01 6.24087118e-02 -4.42024805e-02 -2.05693468e-02 -1.30288899e-01 -1.84301034e-01 -2.77370308e-03 3.64123493e-01 -3.81829729e-03 -6.82812557e-02 3.20830829e-02 -2.50446409e-01
-4.58153814e-01 1.24131523e-01 -1.88114680e-02 -2.07863227e-01 -3.21988463e-01 9.37253907e-02 -1.79765701e-01 8.26332927e-01 -8.53729397e-02 9.90286618e-02 -3.48855704e-01 8.50927293e-01 5.80743194e-01 2.40857244e-01 2.51005143e-01 6.19950742e-02 -1.21426638e-02 7.40788644e-03 -2.79785514e-01 1.02462202e-01 -9.37544927e-02 -5.02688348e-01 -7.27948472e-02 -3.50361079e-01 -2.37078756e-01 -1.11146972e-01 -7.44529009e-01 3.79943222e-01 -1.47697702e-01 -3.86627883e-01 -2.92308688e-01 3.99343491e-01
-2.22020105e-01 -2.37928078e-01 8.65735888e-01 2.22678006e-01 -9.84343648e-01 3.90315533e-01 1.78634241e-01 -6.13744318e-01 6.34915948e-01 2.50168204e-01 -1.21236473e-01 3.63000691e-01 -6.49879873e-02 3.04214898e-02 2.73756564e-01 -2.50588489e+00 9.67076123e-02 -1.42281783e+00 1.68869138e-01 1.81316182e-01 6.19723350e-02 3.71978581e-01 4.07210559e-01 1.27549917e-01 -1.18256077e-01 -5.21174848e-01 -1.15600251e-01 -2.64569640e-01 -4.50138003e-01 -5.08706033e-01 2.53227890e-01 -3.95555764e-01
-2.66817570e-01 4.86846343e-02 -4.26502526e-03 8.44027102e-02 -3.79266292e-01 -6.90117478e-02 5.22954762e-01 -1.45960256e-01 -8.61931741e-01 2.42502189e+00 -4.95758384e-01 1.60231575e-01 -2.35782325e-01 1.41077411e+00 -2.68931031e-01 1.08885258e-01 2.14590710e-02 -2.71477252e-02 -1.11957654e-01 -2.74934679e-01 -4.10442129e-02 3.15506995e-01 -2.96969324e-01 -2.31813893e-01 -1.92526102e-01 9.61679518e-02 3.60489041e-01 5.56384146e-01 2.83677608e-01 -5.33174515e-01 4.98976320e-01 -4.55280393e-02
-1.59713373e-01 -1.86072722e-01 6.98911488e-01 3.37643087e-01 -7.53193572e-02 -3.85172725e-01 -1.22638977e+00 3.25454026e-01 2.25402728e-01 1.84264064e-01 -4.71003167e-02 8.10677633e-02 2.64661431e-01 7.35995397e-02 -2.46564567e-01 6.84116423e-01 4.62648682e-02 2.36341476e-01 -3.51561278e-01 -2.48057812e-01 8.65735412e-01 4.85993326e-01 3.97657305e-01 -6.46692991e-01 2.91449845e-01 2.13295311e-01 -3.53439003e-01 1.58194900e-01 2.27332741e-01 1.92189679e-01 -3.81324649e-01 -5.71848452e-01
1.08806670e+00 -2.21055225e-01 4.89177495e-01 8.15375447e-01 -2.71156311e-01 3.60285155e-02 -6.45779192e-01 -4.17282969e-01 3.58841926e-01 -1.54370379e+00 -4.53120023e-01 9.37462270e-01 -1.07281947e+00 -4.40288514e-01 5.17849922e-01 -1.95310086e-01 6.80401698e-02 1.33876234e-01 4.40146387e-01 9.03588116e-01 1.84200346e-01 -3.66758525e-01 -2.07497191e+00 -7.03928173e-01 6.17188036e-01 7.26229548e-01 -9.71098244e-01 -3.25958163e-01 1.09037124e-01 1.08789229e+00 -5.35780787e-01 -1.78954780e-01
-1.87747702e-02 1.81635335e-01 -1.05312709e-02 -6.59911633e-02 -2.24723041e-01 -5.63508347e-02 9.67789255e-03 -9.00220349e-02 -2.53569949e-02 2.77573857e-02 3.81441638e-02 1.11103058e-01 5.59059642e-02 -1.44027583e-02 1.40789077e-01 -1.34920523e-01 9.62068811e-02 2.33846039e-01 3.47585194e-02 -2.80960172e-01 1.16968818e-01 7.25597218e-02 2.09497586e-02 -4.56980541e-02 -3.09108317e-01 -8.63204673e-02 -3.97712225e-03 -5.60916588e-02 -1.21762545e-03 -2.19212007e-02 -2.78007146e-02 -2.23016992e-01
-2.02029664e-02 2.77795166e-01 1.84031367e+00 4.86271679e-01 -1.93556023e+00 2.36852139e-01 -3.75587523e-01 -6.69330060e-01 1.00105608e+00 6.23361707e-01 1.41780376e-01 -4.12627518e-01 -9.45663929e-01 7.34868944e-01 1.35544345e-01 -4.46519995e+00 -2.68303394e-01 -5.73991394e+00 5.10388434e-01 6.12612627e-02 -1.17595780e+00 1.15469527e+00 4.04194921e-01 1.46547377e-01 9.85322893e-02 -2.48537943e-01 -4.81533676e-01 7.85391748e-01 -3.81580472e-01 3.80479172e-02 -1.97450265e-01 1.46952912e-01
-8.82561147e-01 2.24018529e-01 2.65165061e-01 -8.78072262e-01 -1.70010760e-01 -1.71185642e-01 -2.04288647e-01 5.35095811e-01 -1.58557836e-02 1.00763410e-01 -1.78804789e-02 -1.59024000e-01 5.52126706e-01 4.86724317e-01 -4.33098465e-01 -3.66601378e-01 2.67840624e-01 -4.24784243e-01 -3.36143672e-01 2.57176131e-01 1.39107471e-02 8.20524812e-01 2.06252694e-01 -2.36457318e-01 -1.80945307e-01 3.67669582e-01 -8.45595896e-01 2.28518918e-01 1.89436421e-01 -7.03066766e-01 -2.39341438e-01 -7.07728922e-01

layers.2.bias:
-1.53380442e+00
-8.12456727e-01
7.53600657e-01
-5.82568347e-01
5.44051081e-02
-4.75088984e-01
2.30730489e-01
2.13512421e+00
6.04852498e-01
7.95280218e-01
-9.66523647e-01
-1.41400206e+00
-4.76179659e-01
1.05127251e+00
-1.55138165e-01
-6.58950388e-01
-6.07935041e-02
-5.92575133e-01
3.03896368e-01
-6.61440566e-02
-4.55811955e-02
7.27518439e-01
1.00498950e+00
1.73607562e-03
-4.81273443e-01
1.04397786e+00
-7.94032097e-01
-1.09288669e+00
3.86441916e-01
-1.12665582e+00
-3.41374539e-02
-5.34120423e-04
7.75121689e-01
1.09473601e-01
-3.06664497e-01
-3.83852758e-02
-2.08063453e-01
1.42355645e+00
1.04318643e+00
-1.75136432e-01
1.04853249e+00
-2.80337781e-01
-4.51528251e-01
1.56876564e+00
2.54139394e-01
-1.08891642e+00
1.05603909e+00
-3.27916652e-01
8.22017252e-01
1.76385903e+00
1.27333879e-01
2.37457588e-01
-1.19801350e-01
-5.81180096e-01
-8.32644105e-02
-3.62951383e-02
7.25818992e-01
-2.63854593e-01
-1.06233977e-01
-6.09880745e-01
8.42324674e-01
3.70145217e-02
-4.91716504e-01
6.97420835e-01

layers.4.weight:
4.60340202e-01 1.51023194e-01 -1.12928413e-01 7.96071738e-02 -1.19584806e-01 2.22661376e-01 8.39707814e-03 -7.68851340e-01 1.43341407e-01 -4.40620124e-01 -2.12659165e-02 8.81722748e-01 -2.51833200e+00 -1.37074187e-01 -5.99151589e-02 -1.23962569e+00 -4.93921747e-04 8.87833610e-02 8.52930322e-02 4.80126910e-04 -6.64369687e-02 -1.95364788e-01 -1.10423885e-01 2.79000342e-01 -8.86512399e-02 -8.31799060e-02 -5.57824643e-03 1.01036048e+00 -4.19697672e-01 4.52957481e-01 -1.48467170e-02 -1.11576557e-01 -2.40273088e-01 1.23979116e-03 1.12581417e-01 -4.73926892e-04 3.25056575e-02 -2.82443136e-01 -1.52660102e-01 3.62643391e-01 -1.05546184e-01 3.52374375e-01 5.42950593e-02 -2.52786934e-01 5.04574622e-04 2.40139410e-01 -1.96005389e-01 -1.04335020e-03 -3.43799554e-02 -7.25148082e-01 -6.91658705e-02 2.35740971e-02 1.21599905e-01 -4.89271851e-03 -1.40327752e+00 -9.01295629e-04 -7.55339041e-02 -4.64363873e-01 -1.44229323e-01 -2.70196833e-02 4.71597947e-02 -1.44325386e-04 1.30806720e+00 -8.42395276e-02

layers.4.bias:
-1.15028262e+00

