layers.0.weight:
3.31696361e-01 -5.67613244e-01 7.97264636e-01
5.69172144e-01 -8.09445798e-01 -5.80563486e-01
-8.31293464e-02 -6.13938749e-01 -5.77727258e-01
-1.07055378e+00 1.15616508e-01 4.58123112e+00
2.67282110e-02 4.11940843e-01 1.16166264e-01
-5.79876065e-01 8.58121514e-01 -1.84879377e-01
-1.31842160e+00 4.86020595e-01 -9.88645032e-02
-6.01682402e-02 7.88846374e-01 -9.23566997e-01
6.03414774e-01 -9.26082134e-01 5.12713566e-02
-1.11527514e+00 5.86289167e-02 -1.64189592e-01
7.53551662e-01 -9.85680073e-02 1.41279221e+00
-7.16238439e-01 -1.31785080e-01 -1.29353356e+00
-4.30584475e-02 7.12955832e-01 -1.57757306e+00
-1.16726887e+00 2.10410804e-02 5.00053525e-01
-6.46977663e-01 1.09646142e+00 7.52028525e-01
-1.81771189e-01 9.48456824e-01 1.64468549e-02
5.46070874e-01 -6.33792400e-01 -1.45019031e+00
-1.15504665e-02 1.12846863e+00 1.84981868e-01
8.07071701e-02 -9.54183042e-01 5.35116851e-01
3.41117471e-01 -1.28724232e-01 -8.64976227e-01
2.23475501e-01 1.65966094e-01 -5.10879010e-02
-3.24195027e-01 -2.56797969e-01 -1.00232065e+00
-4.64660525e-01 1.65601885e+00 -4.46076952e-02
-1.56447518e+00 4.06930357e-01 1.75152493e+00
1.05132234e+00 3.79940838e-01 -7.78481364e-01
2.59609371e-01 6.71772659e-01 -1.17486012e+00
-1.16151750e-01 -2.13369340e-01 1.90187418e+00
-3.97779703e-01 -2.44972542e-01 1.92939892e-01
3.22416067e-01 7.57217348e-01 -1.46468067e+00
-1.04933763e-02 4.65525806e-01 1.70563948e+00
-2.89658904e+00 2.84448242e+00 -1.78299040e-01
-1.26738083e+00 -5.19488692e-01 1.02004325e+00

layers.0.bias:
8.77201200e-01
4.81547834e-03
-1.42384720e+00
-6.34384930e-01
7.07518518e-01
-2.04255387e-01
-3.54310095e-01
2.86240637e-01
-7.45998621e-01
-1.59115899e+00
1.64644122e-01
1.80825554e-02
2.46107668e-01
-1.21306002e+00
-2.90836543e-01
1.43946290e+00
9.34610724e-01
1.82654703e+00
-6.68276668e-01
5.78918040e-01
-1.44309163e-01
-1.35729384e+00
1.02535832e+00
-7.05530941e-02
1.36946186e-01
5.60703695e-01
8.80503118e-01
-1.57881156e-01
-4.88352716e-01
7.31267482e-02
8.91685039e-02
-6.70209900e-02

layers.2.weight:
-3.79582912e-01 1.45864442e-01 1.76439643e-01 -4.70168829e-01 -2.69161046e-01 5.67687899e-02 5.82123511e-02 -8.63416269e-02 -7.08592171e-03 3.33974934e+00 -3.10228369e-03 1.24241188e-01 -2.61952788e-01 2.49492908e+00 -1.77335128e-01 2.35679343e-01 -1.58251122e-01 3.78284663e-01 1.63618445e-01 -3.66677284e-01 2.59568751e-01 -3.84938344e-02 -6.22599423e-01 6.05564475e-01 -5.28075695e-02 5.70923150e-01 -7.81608105e-01 -1.41145587e-01 -1.49626210e-01 -1.85621038e-01 -1.10016637e-01 2.20423192e-01
1.22676834e-01 1.57545954e-01 -8.31619084e-01 7.47334883e-02 -5.39363921e-01 1.79455914e-02 -7.48749495e-01 -5.59594750e-01 9.24830794e-01 6.54873788e-01 4.47679818e-01 -3.14998150e-01 2.24443033e-01 -1.19324578e-02 -3.00229043e-01 -2.41704687e-01 -3.72433096e-01 1.65405914e-01 -2.92981833e-01 -6.72524869e-02 7.80725002e-01 -2.75437653e-01 -5.69739044e-01 -2.95692571e-02 4.38149944e-02 -6.49432987e-02 -3.03241283e-01 -7.11864710e-01 8.58112872e-02 -1.97398692e-01 -2.17645280e-02 1.78563625e-01
5.07505052e-02 1.04596421e-01 5.79862110e-02 -6.26917899e-01 -8.46691668e-01 -1.09677970e-01 -6.10866606e-01 2.16579691e-01 5.67320406e-01 5.87076724e-01 -4.41947550e-01 -1.93181887e-01 5.42726628e-02 -6.29881620e-02 -2.07778260e-01 -9.37426865e-01 -6.78525195e-02 -7.78445005e-01 1.27245802e-02 3.91835541e-01 -4.84024346e-01 -3.03615838e-01 2.99531400e-01 -1.24837649e+00 -6.51371121e-01 2.87836611e-01 -1.06694841e+00 2.95314640e-01 3.19085598e-01 -2.59363651e-01 2.08103471e-02 6.45136297e-01
2.89259404e-01 -4.70797233e-02 3.35656628e-02 1.38722515e+00 5.31107724e-01 3.41637313e-01 6.17340982e-01 -2.83566356e-01 -1.29041046e-01 -8.55911672e-02 2.02454403e-01 -1.04266159e-01 -6.20635331e-01 1.19956240e-01 5.83404422e-01 1.04731643e+00 -2.68979728e-01 6.94526553e-01 3.44703794e-01 -9.41942155e-01 -8.26830506e-01 -1.94186851e-01 3.54506791e-01 1.42865491e+00 -5.25626838e-01 -5.89095533e-01 5.40840924e-01 2.95454949e-01 -7.11832702e-01 -1.05365075e-01 -6.70469850e-02 5.21331549e-01
3.21930110e-01 -3.15960795e-01 2.45064288e-01 -4.00881261e-01 -8.77609942e-03 -4.32807267e-01 -1.51985848e+00 -1.73316300e-02 3.43071729e-01 -6.89658046e-01 4.40348655e-01 -6.91849589e-01 7.04578638e-01 -8.51959288e-01 -1.16810024e-01 -1.01412022e+00 -2.52022266e-01 -1.08776832e+00 1.04219504e-01 -7.15433061e-02 7.12365746e-01 -6.68142974e-01 1.41139656e-01 -2.98704714e-01 -7.17270017e-01 5.42623222e-01 1.49564058e-01 -4.95874494e-01 -3.78016740e-01 6.12187028e-01 -4.97708730e-02 -9.65479091e-02
-4.22493935e-01 3.55289400e-01 2.88346499e-01 1.89291283e-01 -7.48963356e-01 -2.86963969e-01 -1.07445151e-01 2.79916853e-01 3.97857904e-01 -3.42987359e-01 7.22007453e-01 2.26492748e-01 -1.04642138e-01 -3.37731153e-01 -4.26986158e-01 -1.10962081e+00 -2.74780095e-01 -1.27111745e+00 6.32212937e-01 -2.22469345e-01 -5.17822206e-01 -9.52515155e-02 -4.28839743e-01 -3.50875407e-01 1.43614486e-01 7.80060068e-02 1.73405871e-01 9.80997086e-01 -1.15355469e-01 -4.24518317e-01 -1.00513196e+00 2.83997595e-01
3.20705920e-02 -8.79545882e-03 -2.85232991e-01 1.21922353e-02 -1.16837934e-01 1.80789590e-01 -8.73214826e-02 -4.07634169e-01 -1.44027010e-01 2.51490831e-01 2.76065230e-01 5.32940738e-02 2.93760091e-01 -2.60282233e-02 1.87171027e-02 -3.09601396e-01 4.60014492e-03 6.87981769e-02 -3.15111801e-02 -3.12284946e-01 -4.01080310e-01 5.31448200e-02 4.94626090e-02 -9.27673467e-03 1.58000186e-01 2.72024274e-01 -3.36029530e-01 -3.89657408e-01 -1.59569710e-01 7.70709440e-02 -6.10075966e-02 1.46030352e-01
3.85349244e-01 1.10715359e-01 -2.48229101e-01 3.60111207e-01 -9.30653289e-02 -7.01801360e-01 1.19362377e-01 4.58197027e-01 1.22515932e-01 -2.35087857e-01 -1.22965708e-01 9.51021075e-01 3.05309206e-01 -3.98545176e-01 -1.37160659e-01 7.79346600e-02 5.00404418e-01 -1.10209182e-01 3.27826202e-01 4.85975593e-01 -1.43599665e+00 -8.77890348e-01 -2.95463931e-02 4.04244125e-01 2.15174004e-01 7.21868575e-01 6.09242141e-01 5.34051418e-01 -7.68220425e-01 5.00190914e-01 1.59845680e-01 -2.97966123e-01
1.46078929e-01 3.42394739e-01 -4.76402372e-01 -3.06572407e-01 1.04651380e+00 -4.99694437e-01 -4.04729962e-01 -3.09874654e-01 -5.44931591e-01 5.56481421e-01 2.78531641e-01 4.60477740e-01 7.34779358e-01 -7.27250203e-02 2.45295521e-02 1.56177449e+00 3.89716238e-01 1.06656158e+00 -5.64592481e-01 -9.16758329e-02 1.62261814e-01 -2.80566871e-01 -5.53690419e-02 2.20757082e-01 1.43597946e-01 4.47634280e-01 3.67642235e-04 -9.36108008e-02 5.62275723e-02 5.72117493e-02 2.44549417e+00 -3.63307983e-01
-6.44613087e-01 2.57844657e-01 -4.72742878e-02 -5.57258129e-01 3.24681222e-01 -1.73421577e-02 -1.84135094e-01 3.92300218e-01 5.76856911e-01 -2.54986107e-01 4.80752438e-02 1.86601013e-01 2.02750146e-01 1.37118667e-01 -4.70889211e-01 -7.87620902e-01 4.38234478e-01 -5.49638927e-01 -4.32192773e-01 2.96661649e-02 -6.15414679e-01 -1.96615413e-01 1.05575502e-01 -3.26563232e-02 -2.06869066e-01 -7.61368126e-02 -2.09370092e-01 2.15134725e-01 2.85893232e-01 1.10030331e-01 -1.33597583e-01 -2.87737157e-02
5.04944384e-01 -1.48853764e-01 -1.05337866e-01 -3.51048768e-01 -5.09028316e-01 -6.87874854e-01 -4.81437862e-01 7.40157515e-02 6.32861853e-01 2.44055986e-01 -5.18188179e-01 -1.22536913e-01 8.38691175e-01 -5.60584247e-01 -3.22228551e-01 -3.76525402e-01 -5.26151061e-01 -1.07542622e+00 1.62489638e-01 3.60971615e-02 9.87327158e-01 -3.24349374e-01 -1.21144056e+00 1.26983389e-01 -2.14811951e-01 -8.83598775e-02 -4.17941004e-01 -5.31262219e-01 6.92601725e-02 -4.16050076e-01 1.86689317e-01 5.04891455e-01
-1.39972597e-01 1.20735494e-02 1.61973226e+00 -8.43876898e-01 -7.75470078e-01 8.53569061e-02 3.03613897e-02 -3.56860042e-01 9.76547003e-02 1.78903866e+00 2.33614426e-02 -9.17013064e-02 2.70345360e-01 3.12917590e+00 -1.35876715e-01 -7.03230619e-01 3.76121044e-01 -2.52274680e+00 5.00842631e-01 -3.45990956e-01 2.88543195e-01 5.59015453e-01 -3.28111112e-01 7.87486672e-01 3.40438867e-03 -5.31964362e-01 3.15810859e-01 -1.61216915e-01 2.53502637e-01 1.21236630e-02 3.10078084e-01 -4.06881392e-01
-5.15062809e-01 -8.00480992e-02 8.19452405e-01 3.75996768e-01 -2.61726052e-01 5.12170613e-01 -7.56397024e-02 -9.21350896e-01 2.94727862e-01 4.27910835e-01 1.26975268e-01 2.32799143e-01 -4.74270016e-01 -1.05266854e-01 3.17994535e-01 -3.54211688e+00 1.70738976e-02 -5.34900093e+00 6.01646066e-01 -8.59490991e-01 -7.90935218e-01 4.09251302e-01 5.04510939e-01 -1.21306039e-01 -2.41955727e-01 -2.14597613e-01 -3.75923574e-01 6.49064660e-01 -6.85438156e-01 -3.84048641e-01 -3.99843186e-01 -2.84905761e-01
6.29098620e-03 -2.11441033e-02 -5.82116604e-01 -1.01382352e-01 -2.55544335e-01 -1.01102449e-01 2.82884568e-01 3.46807927e-01 3.31212193e-01 -4.13118571e-01 6.68033123e-01 -2.40099296e-01 3.59603852e-01 -8.10090005e-01 -4.46394831e-01 -9.07331109e-02 -2.61726435e-02 1.61606506e-01 -8.71279091e-02 2.31011957e-01 -2.54600439e-02 -9.89615247e-02 5.84855787e-02 -2.21586749e-01 -1.73571691e-01 7.79261231e-01 -4.04858105e-02 5.84124699e-02 -1.82898328e-01 2.08028898e-01 1.28057331e-01 4.08066958e-01
-8.88313770e-01 1.78908706e-01 1.85091689e-01 3.54650855e-01 -5.87710738e-01 6.73360229e-01 -1.16896540e-01 -1.99766219e-01 5.54234624e-01 4.46965508e-02 -7.08181441e-01 2.11124539e-01 1.31052718e-01 -2.27280736e-01 -2.37636164e-01 -1.00053954e+00 2.09203288e-01 -1.06967163e+00 -1.40174419e-01 2.98285633e-01 1.34809780e+00 9.56788898e-01 -2.33231187e-01 2.14628533e-01 -5.86285472e-01 6.85424209e-02 -5.70876420e-01 1.90885738e-01 6.58110976e-01 -2.30265349e-01 8.17255750e-02 3.76602679e-01
-5.05464196e-01 -4.02656496e-02 1.85431913e-01 1.64398476e-01 -3.10442239e-01 1.50697917e-01 -1.08299792e+00 -1.02476619e-01 2.21333385e-01 4.65314579e+00 8.48619044e-01 1.69268817e-01 1.94837689e-01 2.43159890e+00 5.64938150e-02 -1.14463165e-01 -4.80513841e-01 -1.99064523e-01 9.01492909e-02 -2.47871816e-01 -5.88318825e-01 4.12956774e-01 2.50553429e-01 2.07633078e-01 -3.36245269e-01 -4.32542503e-01 -6.14655554e-01 2.31844276e-01 -1.29229754e-01 -5.59042692e-01 -2.17112899e-01 -3.00084412e-01
-7.81545341e-02 1.83559835e-01 4.78579849e-02 1.74106508e-02 -1.26657009e-01 1.75957009e-03 3.47637683e-02 -7.15909898e-02 3.83204222e-02 -2.00895980e-01 1.16208076e-01 4.18534223e-03 3.52179967e-02 1.23249635e-01 5.82201034e-02 -6.52457401e-03 6.56563714e-02 -3.57658081e-02 1.22497426e-02 1.02715507e-01 2.38543764e-01 2.00036228e-01 -5.62120043e-03 8.06004778e-02 -3.76203191e-03 -3.03044380e-03 3.53656970e-02 3.15433353e-01 2.69382913e-03 -2.58515775e-03 -6.40887469e-02 8.74268636e-02
3.11511397e-01 -1.29607692e-01 -8.19989383e-01 1.22326508e-01 4.91552114e-01 -3.01774770e-01 -2.86851734e-01 -3.67687851e-01 1.10429510e-01 -7.56734848e-01 -4.55591753e-02 1.21775940e-01 1.48469418e-01 1.14536539e-01 -1.45616978e-01 4.61241752e-01 -3.19363296e-01 7.95260131e-01 -1.88547716e-01 9.05974090e-01 1.57274455e-01 -6.59987852e-02 -4.03953969e-01 -4.60337810e-02 -1.53857082e-01 -4.86179709e-01 9.21105683e-01 -3.96947473e-01 1.46356061e-01 3.54462147e-01 1.84171107e-02 2.07342058e-01
-2.02500135e-01 -3.97094399e-01 -5.03046691e-01 -1.80863068e-01 8.64174306e-01 2.04446688e-01 3.20947856e-01 1.54745206e-01 -1.59562267e-02 -2.52123713e-01 -3.37725222e-01 -7.08459675e-01 4.59767014e-01 -1.29207134e-01 9.58318785e-02 6.85299754e-01 -3.60916197e-01 8.59741867e-01 -3.72704910e-03 -1.85525939e-01 -5.94111867e-02 -2.95843124e-01 9.17450607e-01 -2.50067711e-01 3.48233432e-01 2.15685382e-01 -1.57435790e-01 2.94907779e-01 1.29740745e-01 3.93791795e-01 7.13648081e-01 5.90018556e-03
8.91965777e-02 1.48936197e-01 -1.26867145e-01 8.86686295e-02 6.74555376e-02 1.30951494e-01 -3.59237865e-02 -5.36682755e-02 1.04481056e-02 8.98035243e-02 1.27995284e-02 1.51962981e-01 -5.56104816e-02 -1.39879420e-01 1.76278889e-01 4.55383241e-01 5.62580377e-02 -2.90001541e-01 -2.90559116e-03 -9.36369300e-02 -1.03771962e-01 -2.04435840e-01 1.74974948e-02 -7.50176907e-02 9.69371051e-02 1.48150176e-01 2.88865659e-02 -6.46506483e-03 1.13771319e-01 1.48281632e-02 5.61436489e-02 -2.16157828e-02
5.57109118e-01 -2.43254974e-01 5.66770554e-01 6.41452014e-01 -1.48889661e-01 -2.87226319e-01 -6.26343727e-01 -1.97898701e-01 -4.00142193e-01 -8.71293008e-01 -9.84488335e-03 8.70230913e-01 4.07698929e-01 -4.81098980e-01 8.30042124e-01 6.46008730e-01 -2.01044947e-01 -2.02936873e-01 5.20724714e-01 3.38810563e-01 -4.86090571e-01 9.49509162e-03 4.62279648e-01 2.37151593e-01 -3.52585986e-02 -4.61624563e-01 2.02080041e-01 4.54230428e-01 -2.30299383e-01 3.20485756e-02 1.60448819e-01 5.49134791e-01
9.04552639e-02 -2.60956079e-01 1.80867881e-01 1.99957773e-01 -1.30543724e-01 3.81711721e-01 9.64089513e-01 4.43181172e-02 3.90258104e-01 5.81817448e-01 3.74134094e-01 3.14640671e-01 -4.50851649e-01 -1.34569377e-01 2.67293543e-01 -1.01884401e+00 -2.11798280e-01 -8.23319852e-01 -1.18863486e-01 -5.74025512e-01 -4.18589443e-01 2.02960167e-02 5.84653199e-01 1.17635682e-01 1.09026380e-01 -4.92130071e-01 -6.57553315e-01 4.08803105e-01 -1.55004635e-01 -1.16148502e-01 3.63369763e-01 -1.17464751e-01
-1.46471292e-01 -5.11336476e-02 -2.39564091e-01 4.08370376e-01 1.14504844e-01 5.13098776e-01 1.01446189e-01 -2.05109254e-01 -2.82618344e-01 2.52582014e-01 9.68287513e-02 -1.21885084e-01 4.47418422e-01 2.91995436e-01 -4.07813191e-02 -4.62705344e-01 4.88200337e-01 -8.63412321e-02 -9.29818898e-02 -2.62900561e-01 -1.34399667e-01 9.86091271e-02 -1.73674256e-01 1.22005545e-01 -2.29842216e-01 -9.41640437e-02 -6.46732599e-02 -6.85643971e-01 1.09601632e-01 -6.88881129e-02 -2.01335892e-01 -3.87596905e-01
7.35369444e-01 -1.33296520e-01 -3.38373989e-01 1.37030318e-01 3.66027862e-01 -4.02235508e-01 -1.34664308e-02 3.68651658e-01 1.82444140e-01 -2.88590956e+00 1.09997310e-01 1.13437526e-01 4.43858057e-01 -1.72002149e+00 1.89126864e-01 4.80252683e-01 1.45099938e-01 4.09638405e-01 -2.83981979e-01 6.34212270e-02 4.97009248e-01 -2.11455688e-01 -1.63226724e-01 -4.15731519e-02 -3.85682762e-01 -1.33413911e-01 -8.00781474e-02 -1.99855343e-01 2.35887945e-01 9.43069011e-02 -3.20902556e-01 -1.56530187e-01
-1.14625812e+00 2.01373219e-01 -4.63109054e-02 3.40307727e-02 3.07135116e-02 -2.80538976e-01 1.04442298e+00 1.65271372e-01 -9.35746074e-01 8.57595861e-01 -5.96504450e-01 -1.12491004e-01 2.27311894e-01 4.58557084e-02 -7.11150646e-01 7.23893642e-01 6.38537288e-01 9.32960331e-01 -4.26331937e-01 3.81931812e-02 4.33935106e-01 3.63365144e-01 5.57043850e-01 8.70615184e-01 -3.51883173e-01 5.79649389e-01 -7.22265065e-01 -5.36224186e-01 1.15204942e+00 -5.12585282e-01 2.59037092e-02 -2.33807173e-02
-6.14187181e-01 5.81731081e-01 5.17694242e-02 -2.27295741e-01 4.21670645e-01 2.12376401e-01 2.74488963e-02 5.61392903e-01 -3.08721274e-01 5.67731917e-01 1.37909837e-02 -1.11945830e-01 2.72985667e-01 2.72922128e-01 -5.12762427e-01 -4.35005486e-01 -1.63527027e-01 -2.27828994e-01 3.55333269e-01 -4.07075375e-01 3.65733504e-02 -1.90313801e-01 6.31295368e-02 -4.76443738e-01 8.69400203e-02 -1.66647062e-01 -6.44322991e-01 -4.55580115e-01 2.29238868e-01 -4.58463997e-01 -2.31724009e-01 -2.85742968e-01
-1.68342844e-01 3.01910907e-01 4.84620243e-01 3.31865191e-01 -3.58378589e-01 -2.40843177e-01 1.62677020e-01 6.16650423e-03 1.19075887e-01 -2.73109615e-01 -7.03971803e-01 6.15884289e-02 -2.40403071e-01 -1.58961341e-01 -8.08271021e-02 5.36718249e-01 4.39631045e-02 1.06551878e-01 3.03393811e-01 2.75076509e-01 -1.10902928e-01 -6.78820491e-01 1.64466470e-01 1.43274561e-01 -9.71936807e-03 1.54315427e-01 -5.74470591e-03 -3.28839749e-01 -3.35699916e-01 -1.92045853e-01 1.43188670e-01 5.28728925e-02
-7.34506249e-01 4.45708126e-01 -6.33865058e-01 -9.87179995e-01 -2.50891298e-01 -2.69476861e-01 -3.58628720e-01 3.50842237e-01 1.44279078e-01 3.93645287e-01 -1.27267405e-01 3.01766545e-01 1.53685540e-01 3.27358156e-01 -1.00030089e-02 1.00275326e+00 6.54043436e-01 1.11693203e+00 -5.52205086e-01 4.12666202e-02 5.16264558e-01 -7.99012482e-01 -7.15482354e-01 4.08097684e-01 -1.34539083e-01 -4.60655361e-01 2.98532605e-01 2.95030743e-01 5.80806017e-01 -8.19554985e-01 2.79227316e-01 -2.72440761e-01
-7.96670467e-02 -5.93373239e-01 1.01316869e-01 -9.16095972e-02 -7.62489438e-01 6.82517409e-01 -5.46289757e-02 -4.95206594e-01 6.25856102e-01 1.01377869e+00 -1.22170731e-01 -1.89275425e-02 5.21497428e-01 5.38971007e-01 1.04544386e-01 -1.19101465e+00 -5.36688268e-01 -1.17873919e+00 7.92560354e-02 1.43505171e-01 3.87429506e-01 3.75480175e-01 3.01763952e-01 2.45535836e-01 4.02570486e-01 5.55253699e-02 -3.90248656e-01 -4.02859420e-01 -2.74142921e-01 -2.81399339e-01 3.08015227e-01 1.58124715e-01
6.51485324e-02 -1.03880119e+00 2.44132757e-01 1.70646441e+00 2.28599802e-01 -1.24417348e-02 -3.65614481e-02 -3.81616473e-01 -3.00304890e-01 3.46499383e-01 1.13142741e+00 -8.95681977e-01 -1.22387934e+00 -3.03971261e-01 1.29727647e-01 1.81251224e-02 -1.26390946e+00 6.98932052e-01 7.45344579e-01 -7.53441930e-01 7.65263438e-01 6.99910745e-02 -1.08095951e-01 8.97943974e-02 -9.42184553e-02 -6.24577463e-01 3.31468582e-01 1.01083390e-01 -1.00202680e+00 1.38656616e+00 -4.08286154e-01 7.79099241e-02
-6.78183436e-01 -1.88781336e-01 8.66380274e-01 3.90568897e-02 -4.53013629e-01 2.33207539e-01 3.27655315e-01 1.44769652e-02 4.62486371e-02 -1.13511586e-03 -1.20840013e+00 4.28591847e-01 4.42475140e-01 1.27429083e-01 2.68292725e-01 -7.03559220e-01 2.79610068e-01 -5.41597247e-01 6.43084794e-02 -4.18330669e-01 -8.05541337e-01 6.09089971e-01 -4.80366439e-01 -7.23207176e-01 2.51509875e-01 5.02844810e-01 -2.07251847e-01 2.21327528e-01 -4.08702701e-01 -2.82270014e-01 7.08740130e-02 -9.31320190e-02
-2.10563123e-01 -3.14749897e-01 -1.20242253e-01 -5.97725995e-02 -3.95400494e-01 -1.14939876e-01 2.34295920e-01 1.59577563e-01 -6.14303231e-01 1.44874847e+00 -8.12358111e-02 -1.10645093e-01 -6.08056605e-01 8.13725650e-01 -1.90090045e-01 -3.41132395e-02 1.38790244e-02 2.44764183e-02 6.61169961e-02 -2.50849962e-01 1.40376538e-01 8.56974423e-02 3.67948204e-01 2.04195425e-01 -7.97349885e-02 -1.77052781e-01 -9.59680900e-02 3.17969799e-01 1.25456750e-01 3.81008059e-01 9.23438966e-02 2.24983379e-01
-2.85823047e-01 -2.83213168e-01 1.80063128e-01 -1.78030089e-01 -6.47320092e-01 5.55085123e-01 -2.13389456e-01 -3.59988570e-01 1.54030338e-01 -3.17953318e-01 1.44975990e-01 3.18660945e-01 2.53953606e-01 5.17795980e-01 2.55128980e-01 -7.49953687e-01 -4.18604821e-01 -1.45444143e+00 -9.74338204e-02 -3.27213109e-01 1.34107098e-02 9.92848754e-01 4.98330414e-01 6.22249186e-01 -4.45879132e-01 1.79306939e-01 4.52428758e-02 -3.02383482e-01 -2.98468292e-01 -3.07945192e-01 -2.92403787e-01 -1.10156193e-01
8.48647207e-02 -8.73938128e-02 3.33349523e-03 -6.41578287e-02 4.06271487e-01 -8.48076940e-02 3.37647051e-02 -3.15906852e-01 -2.11424693e-01 3.75961006e-01 9.25655887e-02 2.19985828e-01 8.34780037e-02 -3.52654696e-01 -9.25164390e-03 -2.36084029e-01 3.71836238e-02 2.23414168e-01 -1.96249843e-01 -5.42371213e-01 1.57815546e-01 -2.48323575e-01 -1.05251923e-01 -1.21097028e-01 6.39261976e-02 2.29570657e-01 -3.32553275e-02 -2.30984688e-02 1.19232774e-01 8.37204605e-02 8.61858204e-02 -7.09548742e-02
7.28986040e-02 -5.93599677e-01 -1.11596428e-01 7.57854104e-01 -4.38385963e-01 -5.34120202e-01 5.17366715e-02 -1.99588358e-01 1.93482533e-01 2.97014689e+00 -5.30205190e-01 8.95277917e-01 6.57353163e-01 8.16465259e-01 8.46103966e-01 -1.59788758e-01 -3.70556302e-02 -2.60034978e-01 7.74896324e-01 3.26569974e-01 3.29559833e-01 1.70020625e-01 -5.11170089e-01 1.02817833e+00 8.35843459e-02 1.23869598e-01 -3.09999287e-01 1.81953564e-01 -1.15476279e-02 6.43571764e-02 2.87623852e-01 -1.13456354e-01
-1.84406385e-01 2.23747686e-01 2.49251217e-01 5.78165278e-02 -1.07623100e-01 -4.00041193e-02 9.98453423e-03 1.01529233e-01 3.27302627e-02 -4.06585038e-02 2.18050092e-01 3.10960542e-02 7.99458623e-02 -1.69192832e-02 1.07625045e-01 1.60108790e-01 6.10377192e-02 -1.92440346e-01 -2.02407897e-03 8.50507170e-02 -1.69380829e-01 3.81738171e-02 -1.82767324e-02 6.04910553e-02 -5.45439780e-01 -2.48368889e-01 2.68840846e-02 -8.67334455e-02 -7.29269758e-02 -5.55737615e-02 -6.16012029e-02 -3.72477889e-01
7.29805883e-03 -9.81760845e-02 -1.35169938e-01 3.94416340e-02 -1.82808399e-01 4.89305481e-02 -3.31178829e-02 1.93226606e-01 2.90082786e-02 -2.25573257e-02 -5.21100648e-02 -7.16384558e-04 -5.23489788e-02 1.88546441e-02 -2.52052825e-02 1.57233506e-01 -1.07741214e-01 -2.01075792e-01 -2.20248196e-02 3.37990850e-01 -2.48387873e-01 -1.52558461e-01 -2.40174890e-03 -2.39864625e-02 1.58178993e-02 -7.27806762e-02 -4.60909717e-02 -4.11395058e-02 -6.21408671e-02 4.67713587e-02 6.90438366e-03 -1.33517236e-02
8.38122010e-01 -2.24190280e-01 4.21983927e-01 3.48960340e-01 -6.30303383e-01 -7.37550706e-02 -5.20155668e-01 -1.29651234e-01 7.24444270e-01 1.35274813e-01 -1.63513422e-01 2.63230726e-02 -6.03430439e-03 2.91150421e-01 6.74232483e-01 -7.53479540e-01 -4.07251418e-01 -9.31291699e-01 7.18535304e-01 -2.55073994e-01 -8.08981717e-01 2.80765742e-01 -2.24870175e-01 2.50351578e-01 6.96107030e-01 -1.19023584e-01 2.39593297e-01 -6.11574501e-02 -6.72185838e-01 2.29703128e-01 4.78472114e-02 2.09749579e-01
-4.59432714e-02 -5.44476271e-01 -2.82780439e-01 4.53680396e-01 1.81300506e-01 -4.32246864e-01 1.15765952e-01 4.74701962e-03 2.66745985e-01 -1.87105298e-01 -2.13335216e-01 4.16157842e-01 3.12043726e-01 -1.94602549e-01 4.09823686e-01 -7.65744209e-01 -4.77910280e-01 -8.18079591e-01 3.93971860e-01 -5.64516425e-01 -1.22145966e-01 -6.31693974e-02 4.44588661e-01 7.15908647e-01 -1.29740253e-01 -3.81504565e-01 4.69329387e-01 -5.27171157e-02 7.22179469e-03 -3.68288368e-01 1.74521834e-01 2.14229301e-01
1.29049525e-01 5.64806946e-02 6.71860099e-01 2.38911495e-01 -1.49867702e+00 -4.64439481e-01 1.44158900e-01 -2.95760781e-01 7.99925208e-01 7.66098797e-01 -8.68820474e-02 -4.63316739e-01 -1.38236091e-01 6.60824835e-01 -1.08717926e-01 -2.73273015e+00 -2.77040035e-01 -3.47948718e+00 3.73058647e-01 -2.67085209e-02 -9.15828407e-01 5.90830684e-01 -5.88394701e-02 1.81892458e-02 2.91047156e-01 -3.86278778e-02 4.82506216e-01 3.07134807e-01 -3.45913649e-01 -6.87679470e-01 3.56928483e-02 1.00202195e-01
-2.45226786e-01 -2.39432096e-01 -1.59684509e-01 -3.23868185e-01 -4.23882484e-01 5.72981179e-01 1.33215755e-01 -7.70639479e-02 -1.58018265e-02 3.53533059e-01 -1.21490873e-01 7.81599134e-02 8.41906592e-02 -2.99803793e-01 -1.10590823e-01 -6.43800497e-01 2.99268961e-01 -7.78193235e-01 -2.85245568e-01 6.62072981e-03 -2.59631544e-01 4.52350348e-01 -1.84066743e-01 3.09503287e-01 4.03978765e-01 -4.93560642e-01 4.34392780e-01 1.00174523e-03 1.17678314e-01 1.16799355e-01 -1.36853039e-01 2.70977616e-03
4.57983315e-01 5.61156988e-01 6.05211377e-01 -4.04454499e-01 3.43741149e-01 2.75344670e-01 2.27122486e-01 -9.79504585e-02 -8.97419035e-01 1.26168084e+00 -4.35879797e-01 -1.25641063e-01 -4.24949437e-01 1.18398333e+00 2.72070318e-01 1.95267320e-01 -5.57074063e-02 -8.82951260e-01 2.33041510e-01 -3.12597334e-01 3.87678668e-02 6.70456648e-01 -1.06337175e-01 -3.92979354e-01 6.84411705e-01 -7.62996078e-01 4.91604239e-01 -7.97638893e-02 -2.94242650e-01 -6.03428066e-01 3.14952791e-01 -5.02582192e-01
-1.40265748e-01 -3.98947060e-01 1.91528052e-01 -2.22681686e-01 -7.73715898e-02 2.28302479e-01 1.59287840e-01 -1.96938574e-01 -5.65810919e-01 -2.37667397e-01 -1.51406944e-01 3.36726792e-02 -3.57028730e-02 4.22009945e-01 5.39512038e-01 3.67370635e-01 2.72492468e-01 -3.49724680e-01 -7.15841353e-02 1.84200719e-01 -2.14129448e-01 3.46951455e-01 -3.13443631e-01 1.17943883e-01 -7.77261739e-04 -1.92395940e-01 3.55497420e-01 6.60815477e-01 -2.86127269e-01 -4.96462286e-01 5.02626777e-01 2.83116072e-01
-1.36132085e+00 1.18606552e-01 1.42046645e-01 -1.33180881e+00 -6.99397922e-02 9.82349040e-04 1.56124860e-01 6.47520006e-01 1.29073277e-01 1.61530122e-01 -9.00827467e-01 4.82664287e-01 1.19375193e+00 3.20373267e-01 -6.38151884e-01 3.44076037e-01 5.60604334e-01 -3.71791333e-01 -3.98158431e-01 1.03085101e+00 -4.30158824e-01 -2.88701504e-01 -2.65255779e-01 -6.57680854e-02 6.12891853e-01 1.11693120e+00 8.29516053e-01 4.66881990e-01 5.61439633e-01 -1.02880359e+00 8.34793076e-02 2.09280908e-01
-5.02402559e-02 6.72747865e-02 1.83521688e-01 -2.24602241e-02 4.80976522e-01 -8.41857716e-02 -2.71298438e-02 4.84378524e-02 -7.37454891e-02 2.25591347e-01 -2.48258188e-02 5.41361980e-02 -6.13055285e-03 -1.79934964e-01 1.32247418e-01 -1.11594319e-01 7.85367712e-02 1.14673615e-01 -2.47654933e-02 -4.12396669e-01 1.53943002e-01 -1.83704153e-01 2.76260395e-02 -6.64495230e-02 2.10689098e-01 9.31438291e-04 1.02019407e-01 1.08461492e-01 3.75063196e-02 -7.87861869e-02 8.70590881e-02 -6.97102025e-03
-1.33635387e-01 3.30601782e-02 2.74928302e-01 -4.16013338e-02 2.00273246e-01 6.96996674e-02 5.70444465e-01 2.50380456e-01 2.52134800e-01 -1.37713981e+00 -2.78769046e-01 4.63106573e-01 5.94115496e-01 -5.16540110e-01 -2.36622900e-01 -2.20332697e-01 3.27716291e-01 -5.51646769e-01 6.46645576e-02 -6.82354271e-01 1.10145366e+00 -3.78939986e-01 -1.32708833e-01 -1.23060215e+00 5.13387434e-02 4.30603176e-01 -9.41845477e-01 -1.07994831e+00 4.27907139e-01 -1.08647579e-02 -2.34097764e-01 -3.78427088e-01
5.16600490e-01 -4.17456359e-01 -4.00990367e-01 5.47602177e-01 9.54643637e-02 2.84627452e-02 -1.65220976e-01 -2.10615039e-01 4.48349804e-01 -2.23750725e-01 -4.52518910e-02 -1.40522227e-01 6.54472649e-01 -3.82370323e-01 4.68856096e-01 -1.86883569e-01 -1.39570683e-01 -3.67556512e-01 6.82316571e-02 -1.82437554e-01 -2.87610173e-01 7.91662708e-02 2.69707441e-01 2.06671193e-01 5.79176880e-02 -2.99032420e-01 9.00110960e-01 5.34505904e-01 -3.89550954e-01 4.44623739e-01 2.78747678e-01 2.05963686e-01
-2.81848788e-01 3.39950979e-01 -9.99857113e-02 -5.29081970e-02 -6.52646005e-01 -2.16128096e-01 8.01347643e-02 4.31150675e-01 -2.58429814e-02 -6.03228688e-01 -1.24999709e-01 -5.75283915e-02 -3.67108107e-01 1.67853162e-01 2.34836191e-01 -2.21642882e-01 -7.18385950e-02 2.33399361e-01 5.20760454e-02 3.52961928e-01 -2.19154909e-01 2.18586763e-03 -1.30520631e-02 1.15966694e-02 -1.46628767e-01 -1.40286312e-01 2.59242296e-01 -2.84124792e-01 1.01901188e-01 1.64866578e-02 -3.93401496e-02 2.05057904e-01
4.22142893e-02 -5.58313191e-01 -1.13805875e-01 -7.30378628e-02 -6.19710609e-02 -8.98826271e-02 -3.24067264e-03 -2.03002512e-01 -4.75279957e-01 5.08169472e-01 9.13974643e-03 7.03459159e-02 3.21207464e-01 4.72781509e-01 -1.57845169e-01 -4.96207714e-01 -1.92585334e-01 -1.25059504e-02 -8.02711211e-03 4.63547930e-02 4.71438356e-02 -4.91097271e-02 6.77885473e-01 1.81189805e-01 -4.51243907e-01 1.94486275e-01 3.77131909e-01 1.45566389e-01 -1.62547916e-01 1.57121822e-01 -6.84762374e-02 -1.41113549e-01
1.03966272e+00 -1.23144977e-01 -4.61363763e-01 3.08739543e-01 6.24360330e-02 9.68448222e-02 6.31275058e-01 5.74476160e-02 -2.74713516e-01 -7.74656355e-01 -8.45556855e-01 1.36098075e+00 1.08642224e-03 -7.66571581e-01 4.20151561e-01 7.91196287e-01 -1.36924148e-01 6.80298567e-01 -7.67201558e-02 -1.15508281e-01 -2.05772686e+00 -2.39121184e-01 -8.47357094e-01 -6.41664490e-02 -5.06512582e-01 -4.88237776e-02 3.33915144e-01 8.01218748e-01 -1.51476741e-01 2.58680612e-01 -2.22709347e-02 5.02513468e-01
-1.83454379e-01 7.43097765e-03 -9.80034888e-01 -6.74885884e-02 5.22101223e-01 4.51253206e-01 -1.41083628e-01 1.00149333e-01 -3.51560116e-02 3.03049207e-01 -4.20276731e-01 -1.25067925e+00 3.95310819e-01 -5.89747429e-02 -2.14329436e-01 8.14282358e-01 -1.02522433e-01 1.60962486e+00 -6.12437487e-01 1.21307991e-01 3.36072743e-01 -1.11953773e-01 2.45669782e-01 6.52840316e-01 -1.53304979e-01 8.40608895e-01 -1.07395716e-01 -3.35732996e-01 1.91175252e-01 1.67375579e-01 3.54381770e-01 -1.83679715e-01
-4.49800976e-02 5.14053047e-01 -1.48765743e-02 -6.64375782e-01 -2.56643414e-01 6.69509113e-01 2.32983857e-01 8.07875395e-01 4.02313113e-01 2.08393469e-01 1.04546452e+00 -3.51366699e-01 1.18646339e-01 2.85820335e-01 -1.11011550e-01 -7.87093103e-01 3.88435036e-01 -1.59616128e-01 -3.23633969e-01 -4.73475486e-01 -6.39013499e-02 -1.16570957e-01 2.57176369e-01 2.03996614e-01 -2.81111956e-01 2.03949377e-01 -1.18425358e-02 1.30593907e-02 -5.76407254e-01 2.17152253e-01 -3.45016420e-01 1.62455052e-01
3.94195653e-02 5.75797521e-02 4.37568575e-02 -1.46254664e-02 -2.43075624e-01 1.28358351e-02 7.17142224e-03 4.07444872e-02 1.75583642e-02 -6.50757402e-02 1.96995381e-02 -4.51175004e-01 2.32277513e-01 2.85201490e-01 -5.68593033e-02 9.66467261e-02 6.45930544e-02 -1.06207579e-01 1.63266972e-01 2.42889404e-01 1.11239061e-01 3.91148090e-01 8.64503626e-03 3.29782993e-01 -2.17389196e-01 -3.08238566e-01 -2.02392772e-01 -1.32802054e-01 -3.31389040e-01 -1.44171134e-01 -1.24037810e-01 -1.61936834e-01
4.31537330e-01 5.13244122e-02 6.41434073e-01 3.75924170e-01 1.82620123e-01 5.00580966e-01 1.06249440e+00 -3.88029307e-01 5.68048835e-01 2.63294160e-01 -6.81838155e-01 2.36112952e-01 -5.26441216e-01 1.54242113e-01 -9.20150653e-02 3.08968753e-01 -5.71853101e-01 -4.70477521e-01 2.70959139e-01 3.39621352e-03 -2.41029277e-01 6.46381736e-01 4.97004747e-01 8.22532535e-01 -1.99597806e-01 -1.79895729e-01 -2.40842193e-01 3.91782314e-01 1.37861948e-02 3.73165101e-01 9.89759341e-02 2.18686849e-01
-3.93096298e-01 -5.25094509e-01 1.53542626e+00 6.95304126e-02 -8.35118413e-01 -1.34654820e-01 -1.09716105e+00 -9.26221430e-01 4.08687681e-01 7.58698285e-01 1.95884749e-01 -6.10050976e-01 -2.69943416e-01 1.09403825e+00 6.30869806e-01 -2.00577831e+00 1.34581581e-01 -2.66851354e+00 1.70543420e+00 7.80805945e-01 -4.38955516e-01 1.70708597e+00 -3.61227870e-01 2.41510659e-01 3.57803673e-01 -6.58414543e-01 -2.77397901e-01 2.72114307e-01 2.38287285e-01 7.20735788e-02 1.24816440e-01 1.52332991e-01
-9.14703216e-03 -5.89811360e-04 1.45608842e-01 2.88146194e-02 3.52239251e-01 -2.18774918e-02 -6.31392235e-03 4.56944713e-03 7.01598972e-02 -3.57211493e-02 1.47574190e-02 -7.46748149e-02 9.05611441e-02 2.41554417e-02 -4.66018245e-02 1.11570489e-02 2.49238219e-03 1.15330601e-02 -5.59117608e-02 6.72041774e-02 1.30347177e-01 1.05512589e-01 -8.73593148e-03 5.05951084e-02 -1.46789238e-01 -1.62365139e-01 -1.65029825e-03 3.57872546e-01 -3.36679369e-02 -5.42637780e-02 -1.06173418e-02 -2.35490039e-01
-4.69187647e-01 6.33654594e-02 -2.18911935e-02 -1.39052927e-01 -4.41189796e-01 2.12967858e-01 1.68292061e-03 7.99057186e-01 -1.15898184e-01 6.98647439e-01 -6.34876370e-01 1.07949626e+00 5.84426939e-01 3.73991579e-01 1.83930069e-01 -6.09451160e-02 -1.68886736e-01 -2.32146382e-01 -2.74598509e-01 -6.71188310e-02 -1.25209123e-01 -5.34325302e-01 -1.51108190e-01 -2.74776340e-01 -2.86302537e-01 -9.86883193e-02 -6.76192760e-01 4.13280845e-01 -1.88034058e-01 -3.52161348e-01 1.29631469e-02 4.53410894e-01
-2.08693162e-01 -2.22375706e-01 7.81049490e-01 1.62431479e-01 -7.91632116e-01 4.43507195e-01 2.75425643e-01 -4.54870075e-01 6.01956904e-01 4.10320640e-01 -2.76800487e-02 3.13428789e-01 7.16650393e-03 1.95603177e-01 2.49648347e-01 -2.24523997e+00 9.47633311e-02 -1.16600895e+00 -4.18765992e-02 1.85408756e-01 8.41304064e-02 3.04524124e-01 4.09618020e-01 1.82994992e-01 -1.13031991e-01 -4.38508481e-01 -1.85446978e-01 -3.64952356e-01 -2.95422643e-01 -5.20686388e-01 2.60258585e-01 -4.31454957e-01
-1.96025684e-01 8.72376189e-02 -1.17177581e-02 2.31616631e-01 -5.15584588e-01 -6.25753179e-02 7.25251362e-02 -3.19268942e-01 -2.85397798e-01 1.73463082e+00 -2.56062478e-01 -1.64980501e-01 -4.06470180e-01 1.43204796e+00 -2.28374794e-01 -2.86115021e-01 -3.07652950e-02 -3.29476267e-01 -1.99186690e-02 -4.04006988e-01 1.15074068e-01 1.76416904e-01 3.44521217e-02 -1.14739373e-01 -6.71400577e-02 -6.77971467e-02 5.05986094e-01 4.15784389e-01 1.91647261e-01 -4.04625297e-01 3.14345688e-01 -1.64929703e-01
-5.79635948e-02 -7.98205286e-02 7.04069436e-01 3.63513410e-01 -1.10760055e-01 -4.90286708e-01 -1.06313157e+00 2.51624435e-01 2.77289659e-01 2.81300873e-01 -1.91182364e-02 5.14529496e-02 2.32105061e-01 -2.67748516e-02 -3.59795570e-01 6.35581017e-01 1.28957137e-01 2.64121890e-01 -2.19388857e-01 -2.05360278e-01 7.44413495e-01 5.12656569e-01 2.18480602e-01 -7.98997343e-01 7.55089298e-02 1.63549021e-01 -3.17968428e-01 3.09758484e-01 2.33279746e-02 2.08386272e-01 -1.98943600e-01 -3.16595793e-01
9.11342502e-01 2.03932971e-01 4.36681002e-01 9.20236409e-01 -2.70808935e-01 -2.45173648e-01 -9.45983708e-01 -5.64412296e-01 1.06563079e+00 -3.34252143e+00 5.08338571e-01 9.11787227e-02 -1.18384063e+00 -4.53566194e-01 -8.09515268e-02 -6.40659034e-01 5.11393011e-01 -1.27006546e-01 6.15072548e-01 1.06499505e+00 4.10225540e-01 -5.02650440e-01 -2.24311495e+00 -5.06603479e-01 4.48182613e-01 6.00203872e-01 -8.60135734e-01 -4.91327375e-01 -9.95462015e-02 1.18197131e+00 -9.11701083e-01 7.07461778e-03
-5.22885621e-02 2.06456065e-01 3.56540084e-02 -6.06479198e-02 -2.24133670e-01 -4.28698249e-02 3.50211747e-02 -5.60472459e-02 -1.68314911e-02 -4.25188802e-02 8.79820064e-02 6.65967315e-02 7.16658086e-02 -4.32713591e-02 1.14876077e-01 -1.21221133e-01 1.14453994e-01 2.09267810e-01 -2.56165094e-03 -2.89093137e-01 1.38941750e-01 9.07260552e-02 -1.01671256e-02 1.48718646e-02 -3.36646140e-01 -5.97927533e-02 3.41797015e-03 -8.04991648e-02 -7.70047493e-03 -1.85309781e-03 -1.50366230e-02 -1.83981597e-01
9.75979120e-02 3.08935195e-01 1.58217311e+00 4.75785613e-01 -1.18259048e+00 1.77994385e-01 -2.48983189e-01 -5.41662455e-01 8.77539098e-01 6.22486949e-01 1.70433626e-01 -3.79891932e-01 -9.17819679e-01 8.45896363e-01 3.60739417e-02 -3.39100027e+00 -2.41526663e-01 -4.53106546e+00 3.30596328e-01 1.18369594e-01 -1.22665083e+00 9.56440151e-01 3.71869862e-01 1.18985564e-01 2.87445456e-01 -1.73943818e-01 -4.96813625e-01 6.33386254e-01 -1.60038292e-01 5.59637882e-03 -1.82537541e-01 -5.44719622e-02
-8.78301859e-01 1.94086298e-01 2.17941105e-01 -8.16337228e-01 -1.13609865e-01 -1.44967839e-01 -1.51297465e-01 4.90129888e-01 -3.94242741e-02 8.67686421e-02 4.57117110e-02 -2.21885130e-01 4.57228929e-01 5.23886502e-01 -3.98613274e-01 -4.19270486e-01 2.14800298e-01 -2.82502383e-01 -3.23138177e-01 1.40582189e-01 6.96598217e-02 7.79573619e-01 1.98960364e-01 -2.37695545e-01 -1.67794734e-01 2.88622439e-01 -7.84209132e-01 1.71169028e-01 1.35923147e-01 -6.40886009e-01 -8.26395154e-02 -6.79852545e-01

layers.2.bias:
-1.46190488e+00
-8.03797305e-01
6.76509142e-01
-5.31931698e-01
2.64686048e-01
-3.86318088e-01
2.69256294e-01
2.12898254e+00
6.06237113e-01
7.91673124e-01
-8.19339991e-01
-1.37100375e+00
-1.58139244e-01
9.11773682e-01
-3.42606425e-01
-8.02455604e-01
-1.10040165e-01
-6.12150311e-01
4.43953782e-01
-4.89148088e-02
-2.23254621e-01
6.38294399e-01
6.60652161e-01
-8.25159475e-02
-6.16878390e-01
9.62732077e-01
-8.88247967e-01
-1.04891348e+00
3.55707347e-01
-1.01738489e+00
-8.83309767e-02
-1.53471436e-02
6.21986687e-01
1.63274571e-01
-4.38323349e-01
-7.48639554e-02
-1.17594123e-01
1.38611996e+00
8.74818683e-01
-7.91358575e-02
8.91176760e-01
-1.75523907e-01
-5.48534393e-01
1.35699952e+00
2.98015296e-01
-1.14238274e+00
9.58868921e-01
-4.12130445e-01
8.28912497e-01
1.62982368e+00
1.64848611e-01
2.80954540e-01
5.08546531e-02
-5.71439803e-01
9.63894874e-02
-4.46834750e-02
7.69815564e-01
-2.28154764e-01
-2.13115364e-01
-5.35713017e-01
7.00774789e-01
3.65289301e-02
-2.62704939e-01
6.40094161e-01

layers.4.weight:
4.66650277e-01 -2.42218003e-02 -7.90871978e-02 2.42468826e-02 -7.35129490e-02 -1.73192292e-01 -4.92532970e-04 -6.73829496e-01 -7.35129938e-02 -4.09262121e-01 8.45947564e-02 6.12075806e-01 -1.57795858e+00 -1.28139019e-01 -2.59465035e-02 -1.27725363e+00 -1.54131325e-03 7.51290247e-02 -1.22044332e-01 1.19653146e-03 5.60085028e-02 -7.49520510e-02 -4.39839059e-04 2.97307730e-01 -9.14295688e-02 -5.12204394e-02 2.62991263e-04 7.28634000e-01 -4.91913080e-01 4.14311111e-01 -5.79617694e-02 -1.34667739e-01 -1.98409274e-01 2.55383793e-02 3.31188217e-02 -2.28582323e-03 2.25482698e-04 -1.49871066e-01 1.84437484e-02 1.91271514e-01 -1.70574784e-02 3.49606305e-01 1.26890047e-02 -1.50486067e-01 3.82662169e-03 2.50422657e-01 3.05090360e-02 -9.04542208e-03 -1.25542134e-01 -6.30231559e-01 -8.61768350e-02 -1.58042580e-01 -1.03653304e-01 -6.33309782e-02 -9.90614593e-01 1.60372801e-04 1.28173336e-01 -3.55110139e-01 -1.24789454e-01 4.46952740e-03 5.23506030e-02 -2.96747457e-04 7.58488655e-01 -4.54277396e-02

layers.4.bias:
-1.05481267e+00

