layers.0.weight:
3.31696361e-01 -5.67613244e-01 7.97264636e-01
5.69172144e-01 -8.09445798e-01 -5.80563486e-01
-8.31293464e-02 -6.13938749e-01 -5.77727258e-01
-1.07055378e+00 1.15616508e-01 4.58123112e+00
2.67282110e-02 4.11940843e-01 1.16166264e-01
-5.79876065e-01 8.58121514e-01 -1.84879377e-01
-1.31842160e+00 4.86020595e-01 -9.88645032e-02
-6.01682402e-02 7.88846374e-01 -9.23566997e-01
6.03414774e-01 -9.26082134e-01 5.12713566e-02
-1.11527514e+00 5.86289167e-02 -1.64189592e-01
7.53551662e-01 -9.85680073e-02 1.41279221e+00
-7.16238439e-01 -1.31785080e-01 -1.29353356e+00
-4.30584475e-02 7.12955832e-01 -1.57757306e+00
-1.16726887e+00 2.10410804e-02 5.00053525e-01
-6.46977663e-01 1.09646142e+00 7.52028525e-01
-1.81771189e-01 9.48456824e-01 1.64468549e-02
5.46070874e-01 -6.33792400e-01 -1.45019031e+00
-1.15504665e-02 1.12846863e+00 1.84981868e-01
8.07071701e-02 -9.54183042e-01 5.35116851e-01
3.41117471e-01 -1.28724232e-01 -8.64976227e-01
2.23475501e-01 1.65966094e-01 -5.10879010e-02
-3.24195027e-01 -2.56797969e-01 -1.00232065e+00
-4.64660525e-01 1.65601885e+00 -4.46076952e-02
-1.56447518e+00 4.06930357e-01 1.75152493e+00
1.05132234e+00 3.79940838e-01 -7.78481364e-01
2.59609371e-01 6.71772659e-01 -1.17486012e+00
-1.16151750e-01 -2.13369340e-01 1.90187418e+00
-3.97779703e-01 -2.44972542e-01 1.92939892e-01
3.22416067e-01 7.57217348e-01 -1.46468067e+00
-1.04933763e-02 4.65525806e-01 1.70563948e+00
-2.89658904e+00 2.84448242e+00 -1.78299040e-01
-1.26738083e+00 -5.19488692e-01 1.02004325e+00

layers.0.bias:
8.77201200e-01
4.81547834e-03
-1.42384720e+00
-6.34384930e-01
7.07518518e-01
-2.04255387e-01
-3.54310095e-01
2.86240637e-01
-7.45998621e-01
-1.59115899e+00
1.64644122e-01
1.80825554e-02
2.46107668e-01
-1.21306002e+00
-2.90836543e-01
1.43946290e+00
9.34610724e-01
1.82654703e+00
-6.68276668e-01
5.78918040e-01
-1.44309163e-01
-1.35729384e+00
1.02535832e+00
-7.05530941e-02
1.36946186e-01
5.60703695e-01
8.80503118e-01
-1.57881156e-01
-4.88352716e-01
7.31267482e-02
8.91685039e-02
-6.70209900e-02

layers.2.weight:
-4.03085828e-01 1.24627724e-01 1.54039279e-01 -4.24614727e-01 -2.77913064e-01 6.47963732e-02 -1.32546537e-02 -7.41151273e-02 1.36045804e-02 3.14987707e+00 1.07971288e-01 1.12156294e-01 -2.82746434e-01 2.42214155e+00 -1.71154842e-01 2.41798908e-01 -1.84741303e-01 4.78345841e-01 1.21421814e-01 -3.87946725e-01 3.21636051e-01 -8.27168822e-02 -6.61986530e-01 6.15678549e-01 2.19587218e-02 5.74278891e-01 -7.43074000e-01 -2.06219479e-01 -1.03922464e-01 -1.52645066e-01 3.55681591e-02 1.48676634e-01
-4.94692288e-02 2.55235851e-01 -8.47488463e-01 5.87726869e-02 -5.97627342e-01 6.50050417e-02 -6.34365022e-01 -5.45758486e-01 8.48034322e-01 6.61708176e-01 3.58934879e-01 -2.61742681e-01 2.25750938e-01 1.07279785e-01 -4.93332714e-01 -4.16782349e-02 -3.34386081e-01 2.02017173e-01 -2.89019197e-01 -1.04925126e-01 5.51542282e-01 -1.55729726e-01 -6.81581259e-01 -1.68958474e-02 -1.25041842e-01 -1.37621313e-01 -3.18256885e-01 -4.26238000e-01 5.01378998e-02 -2.19446018e-01 -2.29950249e-01 3.21199179e-01
6.44559488e-02 -5.21341786e-02 3.89673591e-01 -6.38338208e-01 -1.04068851e+00 -3.72968540e-02 -7.36317515e-01 1.97196931e-01 7.66484022e-01 8.65209758e-01 -4.82518882e-01 -1.12730041e-01 4.39638346e-02 3.61452192e-01 -3.86981815e-02 -1.06987393e+00 -2.74538577e-01 -9.40571845e-01 7.81734958e-02 1.63725197e-01 -5.82085550e-01 4.94690128e-02 8.92294198e-03 -1.10885513e+00 -5.62734485e-01 3.03693444e-01 -1.05567896e+00 4.15996939e-01 3.29855323e-01 -2.96602339e-01 4.23235953e-01 5.07385671e-01
1.01407170e-01 -5.24015240e-02 -2.35592499e-01 1.27834475e+00 6.79838777e-01 6.51009500e-01 7.42386341e-01 -9.29473862e-02 -3.78650755e-01 -4.01966758e-02 9.24115181e-02 1.19976969e-02 -4.96760190e-01 8.17915425e-02 4.74465460e-01 7.54039466e-01 9.58741009e-02 7.73289263e-01 5.57193346e-02 -5.56752563e-01 -1.45368385e+00 -2.36698911e-01 1.02547967e+00 1.93912530e+00 -1.34956801e+00 -4.47023541e-01 4.35558259e-01 6.95799828e-01 -4.90698427e-01 -2.50407636e-01 6.39926344e-02 1.40547228e+00
1.02344723e-02 -3.87737215e-01 3.20947826e-01 -5.43006003e-01 1.50438532e-01 -2.43137792e-01 -9.68025446e-01 2.57930905e-01 -1.57808602e-01 -4.85936314e-01 3.41418803e-01 -6.62309051e-01 8.94667029e-01 -8.66136551e-01 -1.35572702e-02 -6.50291622e-01 -2.67344624e-01 -7.82239676e-01 -2.50718027e-01 1.11595523e-02 9.46572661e-01 -4.75924850e-01 3.67611408e-01 -5.12576699e-01 -6.58337295e-01 7.40653157e-01 -1.01895072e-04 -7.76256084e-01 -1.42387688e-01 5.28124332e-01 -9.84809920e-02 -4.54067253e-02
-4.67212051e-01 7.35702738e-02 6.44094646e-01 1.68717086e-01 -1.20875335e+00 -2.19082236e-01 -2.72881210e-01 1.72230929e-01 6.11373007e-01 2.23093718e-01 6.08426630e-01 2.21617490e-01 -1.03104182e-01 -4.12418276e-01 2.06703246e-02 -1.77043521e+00 -4.65368211e-01 -2.05553794e+00 7.98112631e-01 -2.52371252e-01 -3.27504784e-01 8.46886560e-02 -3.95696551e-01 -4.58535224e-01 1.50501713e-01 2.84197461e-02 1.57954797e-01 8.59640002e-01 -3.07702929e-01 -4.13566887e-01 -8.95662308e-01 3.26778471e-01
1.23659380e-01 -1.10701090e-02 -3.22152823e-01 -1.55834295e-02 -4.25064489e-02 1.42752811e-01 -9.54268575e-02 -4.24275935e-01 -1.95637628e-01 3.05899441e-01 2.56052017e-01 1.68518826e-01 3.07096660e-01 2.41157971e-02 -5.27619384e-02 -2.35934407e-01 4.42216918e-02 1.23519927e-01 1.83946639e-03 -2.65970618e-01 -4.73536730e-01 1.86889283e-02 7.43464986e-03 1.55318454e-02 1.93674952e-01 3.07341874e-01 -3.58649045e-01 -3.88669342e-01 -1.77536130e-01 6.00128099e-02 1.68126286e-03 8.71080086e-02
3.83082420e-01 1.00313820e-01 -2.81632811e-01 3.92815053e-01 5.05723665e-03 -6.94299102e-01 1.59315914e-01 4.44121003e-01 1.39021963e-01 -1.54389426e-01 -9.39963162e-02 9.29208875e-01 2.75834590e-01 -3.45970958e-01 -1.52613670e-01 8.47698525e-02 4.72786725e-01 -8.84897076e-03 3.12600315e-01 4.52676952e-01 -1.46542561e+00 -8.58685911e-01 4.53027450e-02 4.37209487e-01 1.38579249e-01 6.97011411e-01 6.43361926e-01 5.84166884e-01 -7.62672722e-01 5.29430389e-01 1.53012276e-01 -2.05880061e-01
2.53996849e-01 1.63634896e-01 -6.26091182e-01 -2.12860018e-01 1.39845669e+00 -5.87472379e-01 -2.52777576e-01 -4.11272526e-01 -9.82166648e-01 4.39406514e-01 3.90996277e-01 4.57814813e-01 6.40890002e-01 -2.03254506e-01 1.52472109e-01 2.25046015e+00 2.46081144e-01 1.35870743e+00 -5.09045362e-01 -1.44561335e-01 3.12833674e-02 -3.49483311e-01 4.48437817e-02 1.86705068e-01 1.00307480e-01 3.62590641e-01 9.83703285e-02 1.50616802e-02 -1.00111932e-01 1.95130020e-01 2.05319905e+00 -2.73098916e-01
-7.01544702e-01 1.71647727e-01 2.09138021e-02 -6.12707078e-01 2.03075588e-01 7.22120777e-02 -3.26681957e-02 4.46579665e-01 4.82436270e-01 -7.96039104e-02 -7.36579075e-02 3.36321205e-01 2.65461564e-01 2.23839149e-01 -3.56057376e-01 -8.00511003e-01 3.53003532e-01 -7.06608832e-01 -4.84776199e-01 -2.09912118e-02 -6.04094625e-01 -1.30298868e-01 1.59492686e-01 4.11376618e-02 -2.21562997e-01 -1.74529850e-02 -2.64652491e-01 2.31363416e-01 3.52501422e-01 6.71136007e-02 8.48584548e-02 -3.07483878e-02
4.69021380e-01 -2.30808824e-01 5.73554076e-02 -4.77627128e-01 -7.35217452e-01 -8.69564593e-01 -4.73291546e-01 1.43667310e-01 6.91173434e-01 5.66663072e-02 -6.32369041e-01 -1.42418668e-02 9.54225421e-01 -6.36380196e-01 -1.77025959e-01 -7.17504621e-01 -6.22174323e-01 -1.66323745e+00 1.44320607e-01 5.33815548e-02 1.19066203e+00 -2.36158922e-01 -1.20938122e+00 -3.57739657e-01 2.39525244e-01 6.01421855e-03 -5.51739335e-01 -8.12383354e-01 2.74467289e-01 -5.06961465e-01 -3.47562164e-01 7.83621371e-02
-2.94369366e-02 -1.12625659e-01 1.65863121e+00 -8.23164344e-01 -7.52635956e-01 9.20347795e-02 -7.72103220e-02 -4.73060787e-01 2.16105178e-01 1.74149835e+00 7.77213275e-02 -2.12398618e-01 2.37971082e-01 3.17036843e+00 1.20697066e-01 -8.50565672e-01 2.47965634e-01 -2.63552880e+00 6.52908027e-01 -3.69260430e-01 3.28349262e-01 5.46710074e-01 -2.52336174e-01 8.15105140e-01 -1.55558679e-02 -6.18853807e-01 3.46505880e-01 -1.64654613e-01 4.07223850e-02 8.63567516e-02 2.35742673e-01 -4.01559383e-01
-5.41703582e-01 -1.72602385e-01 9.44729090e-01 3.60467285e-01 -5.93375981e-01 5.25497735e-01 -3.32975611e-02 -9.29502428e-01 3.13324153e-01 6.12852931e-01 1.06349625e-01 2.70413160e-01 -4.64297712e-01 -1.20325439e-01 5.00402868e-01 -3.95359731e+00 -8.65351483e-02 -5.86947298e+00 6.31716371e-01 -9.47914362e-01 -7.34136343e-01 4.73353297e-01 5.23348868e-01 -8.75008479e-02 -2.24269554e-01 -2.33018816e-01 -3.97906691e-01 6.28613949e-01 -6.56538785e-01 -3.73887300e-01 -5.39175510e-01 -3.38552475e-01
-2.20933575e-02 -1.28573254e-01 -5.85608602e-01 -1.00789249e-01 -1.51169196e-01 -5.43519184e-02 2.24348277e-01 3.77305031e-01 3.59951854e-01 -7.06959069e-01 5.86328387e-01 -4.86059189e-01 3.68522376e-01 -8.36749971e-01 -3.10606539e-01 -6.72192499e-02 -2.08285779e-01 2.16626927e-01 -1.52628571e-01 1.75093234e-01 4.20185588e-02 -9.70166177e-02 2.15570748e-01 -2.39760518e-01 -1.30422607e-01 7.89704502e-01 -4.21420187e-02 -3.07711819e-03 -1.62148893e-01 2.26843223e-01 -4.55248617e-02 3.63921225e-01
-1.14872611e+00 5.63373342e-02 -2.06027895e-01 4.50973690e-01 -7.44622797e-02 8.30667853e-01 -3.59171003e-01 -2.11415872e-01 3.46662909e-01 7.22580962e-03 -6.47693217e-01 1.24659263e-01 4.44012769e-02 -2.09680945e-01 -1.28647014e-01 -7.45891988e-01 1.11991711e-01 -6.36576533e-01 -3.06503713e-01 2.02801779e-01 1.47211277e+00 8.30602169e-01 1.50315836e-01 3.39627564e-01 -3.61616313e-01 -7.74304522e-03 -4.78581578e-01 -5.41537721e-03 6.60901666e-01 -1.32766739e-01 -5.31715676e-02 1.16799958e-01
-5.31120420e-01 -1.60075855e-02 1.60845071e-01 1.84455365e-01 -3.01418334e-01 1.37323916e-01 -1.08718348e+00 -8.64486173e-02 2.44031608e-01 4.63090897e+00 7.46825457e-01 1.69039622e-01 1.77083775e-01 2.40564704e+00 1.76226404e-02 -1.13849759e-01 -4.70502228e-01 -1.75610527e-01 4.68006171e-02 -2.49656618e-01 -5.82184732e-01 4.11226571e-01 3.52358013e-01 1.96943507e-01 -3.14974457e-01 -4.36230779e-01 -5.98025143e-01 2.17837423e-01 -6.17290400e-02 -5.99274516e-01 -2.15945095e-01 -3.17008376e-01
-9.79728997e-02 1.71709597e-01 3.78373116e-02 4.43585701e-02 -1.11930981e-01 4.77326335e-03 5.33462539e-02 -6.17723912e-02 9.93456095e-02 -2.77215332e-01 1.04470968e-01 -4.42936383e-02 2.47763153e-02 9.34192166e-02 1.20100409e-01 -2.52239872e-02 2.00028829e-02 -2.46285461e-02 -3.97284748e-03 6.34705722e-02 2.89028972e-01 1.90536931e-01 1.55060822e-02 3.36179510e-02 1.50490832e-02 -2.49988660e-02 5.89682385e-02 2.85213947e-01 2.99718566e-02 1.19941356e-02 -4.20370400e-02 8.63004699e-02
4.38575655e-01 -1.44647047e-01 -7.78280675e-01 7.59773105e-02 3.35014611e-01 -3.80133241e-01 -3.93796206e-01 -4.14527923e-01 2.48691306e-01 -8.30639899e-01 4.36193310e-02 1.17019311e-01 1.72440290e-01 6.31541237e-02 -7.91893899e-02 2.69359291e-01 -3.21242124e-01 6.06342971e-01 7.02844337e-02 9.22002077e-01 1.52571067e-01 -1.22922458e-01 -5.25778115e-01 -9.23902541e-02 -3.42351235e-02 -4.53042448e-01 8.76162469e-01 -5.30920088e-01 2.06885368e-01 3.33952755e-01 -1.08890027e-01 8.58912915e-02
-2.02878982e-01 -7.09054768e-02 -3.63453031e-01 -1.97563827e-01 5.84503531e-01 -4.00630869e-02 1.55335322e-01 1.08669780e-01 2.35512212e-01 -4.58260030e-01 -1.58544928e-01 -9.04907286e-01 4.63753641e-01 -2.80659437e-01 -1.98067561e-01 4.70361501e-01 -1.26979113e-01 5.44832408e-01 1.80831447e-01 -6.50328994e-02 -1.16980776e-01 -2.00869322e-01 3.89124304e-01 -3.76626700e-01 1.83879375e-01 1.90736845e-01 -1.65207312e-01 4.26317632e-01 -2.00622156e-02 3.61642331e-01 7.57633567e-01 1.74220398e-01
7.12993443e-02 1.62059516e-01 -9.43552479e-02 7.41452575e-02 1.15221776e-02 1.52344957e-01 -8.37012827e-02 -6.47378638e-02 -1.50476359e-02 1.72181457e-01 5.26097417e-02 1.43727630e-01 -5.56611866e-02 -1.18094958e-01 1.17484272e-01 4.05022979e-01 8.88874084e-02 -3.42530906e-01 1.52752418e-02 -7.24023432e-02 -1.14137113e-01 -1.80783018e-01 -3.60140111e-03 -7.59089226e-03 4.60739024e-02 1.55870736e-01 1.60920378e-02 1.44764474e-02 7.26344660e-02 1.72397066e-02 -3.63952406e-02 1.50338970e-02
6.53152108e-01 -1.29059300e-01 5.50672591e-01 5.00693202e-01 -1.12062626e-01 -3.54566365e-01 -6.20196283e-01 -9.42812935e-02 -4.26374495e-01 -9.02359188e-01 -1.26117006e-01 1.02347803e+00 5.29295087e-01 -6.06476367e-01 6.93294525e-01 7.19290853e-01 -7.00689666e-03 -1.15684696e-01 4.66178477e-01 5.33266187e-01 -5.90164542e-01 3.93121466e-02 4.75060999e-01 8.71407837e-02 1.46086896e-02 -3.14498603e-01 6.98650926e-02 4.15878475e-01 -1.52067363e-01 -1.11086667e-01 2.26574793e-01 5.12542307e-01
1.95603430e-01 -1.26403511e-01 2.80456632e-01 1.16534859e-01 -3.74236465e-01 1.27132043e-01 1.21026707e+00 7.50049502e-02 3.95623922e-01 4.16635305e-01 2.62650102e-01 4.86517191e-01 -3.71930987e-01 -2.72032708e-01 1.58622444e-01 -1.11200547e+00 -1.04604110e-01 -1.05105054e+00 -4.34171334e-02 -4.80620831e-01 -5.85089684e-01 1.01524867e-01 2.26808071e-01 -1.06627233e-02 5.79185784e-02 -4.13062543e-01 -7.37609148e-01 5.71275592e-01 -8.61988664e-02 -2.26523444e-01 3.05352211e-01 -5.99728823e-02
-7.68807828e-02 3.76585573e-02 -1.91010132e-01 3.93617451e-01 -2.81297743e-01 4.91176188e-01 2.40823880e-01 -2.27180481e-01 -1.04333758e-01 5.22488236e-01 -4.37872601e-04 1.31369621e-01 4.56932068e-01 5.53449869e-01 -2.83893049e-01 -1.09256077e+00 5.82364261e-01 -6.07560873e-01 3.68354693e-02 -2.77234584e-01 -3.71445239e-01 7.50612915e-02 -5.46680629e-01 2.35086948e-01 -3.52805227e-01 -9.15064067e-02 -7.32330605e-02 -4.17829543e-01 1.38338283e-01 -1.35544226e-01 -1.19241536e-01 -3.20500582e-01
7.34392166e-01 7.30578080e-02 -3.50433439e-01 1.42209813e-01 2.53491789e-01 -4.98765528e-01 -4.90036719e-02 3.58377576e-01 3.20632517e-01 -2.96631384e+00 8.25646669e-02 1.91669852e-01 4.11318123e-01 -1.70836699e+00 -4.23670858e-02 3.86904329e-01 2.47233659e-01 3.52281153e-01 -2.78044969e-01 6.91573545e-02 4.49635059e-01 -2.37041339e-01 -2.79359341e-01 -3.69982608e-02 -3.86097223e-01 -1.58534616e-01 -7.26748481e-02 -1.60162106e-01 2.96833336e-01 6.83428720e-02 -1.39767349e-01 -1.51245221e-01
-9.97795045e-01 1.66889504e-01 6.33799285e-02 1.10296927e-01 -6.84806481e-02 -3.26156080e-01 1.09204805e+00 3.61933149e-02 -9.27961826e-01 7.93685853e-01 -6.65465772e-01 -2.97491178e-02 1.86668620e-01 7.72827119e-02 -7.12392509e-01 5.09375215e-01 6.08387828e-01 5.55853367e-01 -1.77119821e-01 1.65645648e-02 1.11579113e-01 3.90970886e-01 4.93806005e-01 9.45228755e-01 -4.97462094e-01 5.33872247e-01 -6.36092544e-01 -2.22807154e-01 9.28676367e-01 -4.62097764e-01 8.51678774e-02 9.69000682e-02
-6.64856017e-01 5.39804876e-01 7.91622996e-02 -2.65766293e-01 4.41885203e-01 2.51666695e-01 1.00633636e-01 6.10404313e-01 -3.48553985e-01 6.06283665e-01 -5.50319366e-02 -3.28504518e-02 3.32663655e-01 3.28290075e-01 -4.81787205e-01 -1.79994702e-01 -1.92353189e-01 -1.09368861e-01 3.30717951e-01 -4.08018768e-01 6.54793084e-02 -1.48012027e-01 4.67053913e-02 -4.51815873e-01 1.05588183e-01 -1.16031878e-01 -6.89311683e-01 -4.80986059e-01 2.91983008e-01 -4.84952062e-01 -1.81094646e-01 -3.30938697e-01
-2.48945542e-02 3.39292288e-01 4.80379462e-01 3.18153381e-01 -2.05065355e-01 -4.15357888e-01 -1.55839145e-01 3.29261227e-03 3.03343415e-01 -6.25617087e-01 -6.41129851e-01 2.10833177e-02 -2.34469846e-01 -5.72505772e-01 1.28924614e-02 7.30615020e-01 -6.88164309e-03 2.91112036e-01 2.79538363e-01 2.91458637e-01 2.88351141e-02 -7.27414191e-01 8.07868540e-02 6.07665889e-02 2.40454599e-01 1.90585867e-01 -2.27926727e-02 -5.94272017e-01 -2.85218835e-01 -1.60276502e-01 3.94716412e-02 -1.75659433e-01
-6.75758183e-01 4.62723345e-01 -5.90415657e-01 -1.05919826e+00 -2.37522170e-01 -3.07082981e-01 -3.97886783e-01 4.45597619e-01 1.39787838e-01 3.06827426e-01 -8.90069082e-02 2.51869589e-01 2.32779264e-01 1.78523302e-01 -2.71978620e-02 1.11619639e+00 6.75361991e-01 1.13914013e+00 -6.47491932e-01 9.06004533e-02 5.27632415e-01 -7.60639369e-01 -6.78753555e-01 3.90868813e-01 -1.70930639e-01 -3.37319106e-01 2.23234162e-01 2.56975830e-01 7.69007444e-01 -8.64238977e-01 -1.12236664e-02 -2.32448623e-01
-1.14666343e-01 -5.40814340e-01 1.12360142e-01 -8.52242485e-02 -8.18094432e-01 6.40701175e-01 3.56833600e-02 -4.52501744e-01 5.60783505e-01 9.94972229e-01 -1.87163755e-01 4.07310538e-02 5.25345385e-01 4.46579576e-01 4.66821827e-02 -1.10939968e+00 -4.86874670e-01 -1.21279013e+00 -3.20523307e-02 1.70004562e-01 3.28379273e-01 4.02103424e-01 2.05516815e-01 1.72724724e-01 2.87163377e-01 7.27300718e-02 -3.83056849e-01 -3.04285854e-01 -2.80628949e-01 -3.06140393e-01 3.25796753e-01 2.84324586e-01
4.78106663e-02 -9.61137652e-01 2.56718695e-01 1.69102204e+00 2.08451003e-01 -3.03564957e-05 -1.11637473e-01 -3.65274549e-01 -1.96886539e-01 1.61639348e-01 1.18951595e+00 -1.08657253e+00 -1.20861626e+00 -3.87742758e-01 1.44026220e-01 -8.66088942e-02 -1.20366728e+00 6.46009505e-01 7.29321480e-01 -6.94679916e-01 8.21540594e-01 8.30641985e-02 -8.04272220e-02 -9.30926278e-02 -1.46024656e-02 -6.10986292e-01 3.13851535e-01 2.00549085e-02 -9.86741185e-01 1.36883473e+00 -5.45562863e-01 4.35123369e-02
-4.62529421e-01 -1.15153953e-01 9.44609225e-01 2.88289636e-01 -8.29837143e-01 -3.26712996e-01 -1.70865983e-01 -2.34838650e-01 -2.81940084e-02 -6.41246140e-01 -1.04965413e+00 2.91590750e-01 2.71251202e-01 1.03190236e-01 2.78082788e-01 -7.50105679e-01 2.53286082e-02 -1.07369089e+00 2.82331586e-01 -6.60530686e-01 -8.55572999e-01 5.87012470e-01 -6.18451118e-01 -6.49149477e-01 4.16365445e-01 3.60892415e-01 3.84922102e-02 2.78384924e-01 -5.64388335e-01 -7.91208148e-02 -6.65477276e-01 -3.81636471e-01
-4.12857801e-01 -4.94203657e-01 -1.96007881e-02 -1.47357464e-01 -2.37580314e-01 3.07120174e-01 1.92365095e-01 3.36319357e-01 -7.61863112e-01 1.80152154e+00 -1.64290741e-01 -1.11306101e-01 -4.97302592e-01 5.78977764e-01 1.41955867e-01 9.01140720e-02 -7.13129863e-02 2.34920740e-01 -1.99038446e-01 -2.48053685e-01 3.18073571e-01 2.11172640e-01 8.81212771e-01 8.93866569e-02 9.17651653e-02 -3.86419371e-02 -1.92958266e-01 1.22889385e-01 3.55763346e-01 3.27977389e-01 5.34399971e-02 7.62705654e-02
-2.40692914e-01 -3.22058052e-01 1.38332233e-01 -1.21240057e-01 -5.84251881e-01 5.24562001e-01 -1.85449407e-01 -3.68096769e-01 1.79998800e-01 -4.79873210e-01 6.80150539e-02 3.38317007e-01 2.18502805e-01 4.16334659e-01 3.05094898e-01 -7.84011722e-01 -4.49477971e-01 -1.47333348e+00 -1.16989717e-01 -3.37630749e-01 -1.43285119e-03 9.64103580e-01 4.95561957e-01 5.44146240e-01 -4.34689999e-01 1.58287451e-01 9.67345908e-02 -2.95654655e-01 -2.93470234e-01 -2.79073507e-01 -3.92435193e-01 -9.90355983e-02
9.68077779e-02 -5.91899008e-02 2.96748951e-02 -9.37033221e-02 3.51210505e-01 -8.39915499e-02 9.44973435e-04 -3.21291715e-01 -2.56743759e-01 4.65751767e-01 1.10872738e-01 2.59641260e-01 9.70915481e-02 -3.30354959e-01 -9.09176990e-02 -2.51070470e-01 9.38299522e-02 1.77543744e-01 -1.75528720e-01 -4.98253077e-01 1.05750874e-01 -2.28879869e-01 -1.39131770e-01 -6.92323968e-02 3.02026924e-02 2.55742669e-01 -5.95334023e-02 1.47079434e-02 9.01829526e-02 6.71145171e-02 3.94396633e-02 -5.51049858e-02
9.98315662e-02 -6.31911993e-01 -3.34609181e-01 8.80709648e-01 -2.08054870e-01 -4.22529519e-01 -1.78690385e-02 -2.36244142e-01 1.36220187e-01 2.77090073e+00 -4.32743371e-01 8.42212081e-01 5.39726853e-01 8.03691983e-01 8.53510559e-01 -6.64799362e-02 -5.42229079e-02 8.27026647e-03 6.28989875e-01 2.55573183e-01 3.76482099e-01 2.82939486e-02 -1.20214082e-01 1.14577723e+00 1.09136879e-01 3.88646051e-02 -1.90037429e-01 1.36178553e-01 7.52969645e-03 1.49217665e-01 5.88222921e-01 -1.43964723e-01
-1.83990091e-01 2.19999254e-01 2.27572858e-01 7.90308565e-02 -6.74902052e-02 -5.01345471e-02 4.03772667e-02 1.11652389e-01 7.61720613e-02 -1.15368821e-01 1.92474350e-01 1.16019743e-02 7.34961480e-02 -4.85306382e-02 1.47540882e-01 1.97036296e-01 2.63752118e-02 -1.44924924e-01 -1.76546741e-02 5.74909188e-02 -1.49347484e-01 2.16245167e-02 -1.38942543e-02 8.74169916e-03 -5.31877816e-01 -2.65664846e-01 4.59846742e-02 -1.01082414e-01 -4.27238569e-02 -4.81870137e-02 -2.70604715e-02 -3.68643045e-01
1.04071051e-02 -1.04120292e-01 -1.30284965e-01 3.22331674e-02 -1.56555101e-01 6.45957589e-02 -7.34337121e-02 1.80688173e-01 -1.29218791e-02 3.31509300e-02 -2.52804346e-02 7.45037664e-03 -5.95553368e-02 4.05330909e-03 -5.04588187e-02 1.75538391e-01 -9.01721865e-02 -1.74630478e-01 -1.29294377e-02 3.55099857e-01 -2.50255644e-01 -1.47300422e-01 3.27652064e-03 1.08228438e-02 2.11205781e-02 -6.89566284e-02 -5.02421893e-02 -5.54209128e-02 -9.03427899e-02 5.77924512e-02 -1.08815897e-02 -3.09175812e-02
8.25156033e-01 -2.63622105e-01 4.80154037e-01 3.18089366e-01 -7.21907496e-01 -2.13900506e-02 -5.24680555e-01 5.87000686e-04 8.71776044e-01 6.14038333e-02 -2.18383372e-01 6.28146678e-02 7.20634386e-02 2.49796271e-01 7.52725959e-01 -1.27517080e+00 -4.62241173e-01 -1.22650015e+00 6.65170133e-01 -2.79582590e-01 -7.29788244e-01 2.80895650e-01 -2.32390985e-01 2.01674551e-01 7.16690242e-01 -5.05226068e-02 2.00806573e-01 -1.74597010e-01 -5.44430077e-01 2.05068707e-01 1.19996339e-01 2.11358756e-01
1.32181053e-03 -4.63693112e-01 -4.24905598e-01 3.97334576e-01 4.68941599e-01 -4.38041687e-01 2.10236549e-01 5.32773063e-02 5.74540310e-02 -1.58278093e-01 -2.43925467e-01 4.59419519e-01 3.71128649e-01 -3.05913866e-01 2.84040421e-01 -5.05707502e-01 -2.94432014e-01 -7.51077116e-01 2.77692825e-01 -3.65088344e-01 -2.90601701e-01 -9.50587168e-02 5.26466668e-01 6.56605124e-01 -2.41025746e-01 -2.81639010e-01 4.31594014e-01 -2.18373016e-02 -1.16895832e-01 -4.32614475e-01 2.97882229e-01 3.55672508e-01
-3.44900005e-02 -6.80635050e-02 8.02303076e-01 1.08509503e-01 -1.31904507e+00 -4.32619572e-01 3.56211126e-01 -1.23044029e-01 6.50828123e-01 6.02539122e-01 -1.27051428e-01 -3.85701925e-01 8.88305809e-03 5.03892958e-01 9.72841606e-02 -2.45269012e+00 -3.85561347e-01 -3.21022511e+00 1.36410058e-01 -1.07418792e-02 -6.70886576e-01 6.78648412e-01 1.00454047e-01 -2.80605763e-01 4.40029860e-01 1.17196552e-01 3.33652169e-01 5.04230410e-02 -1.40329108e-01 -7.63229191e-01 -5.25383413e-01 -4.55965251e-02
-2.49119371e-01 -1.04501314e-01 -7.13246092e-02 -4.12638605e-01 -5.69262564e-01 5.55252373e-01 1.29780740e-01 8.55518971e-03 7.83896893e-02 3.89771760e-01 -3.16776693e-01 2.11199939e-01 1.83137953e-01 -3.50276411e-01 -2.12501019e-01 -7.37016737e-01 3.77839148e-01 -9.09613311e-01 -3.77308339e-01 8.79423842e-02 -2.84916013e-01 5.40918350e-01 -2.17302710e-01 3.57435226e-01 3.93609464e-01 -4.02431130e-01 3.49995971e-01 1.77725125e-02 1.92315936e-01 -5.88360801e-03 -1.63581073e-01 -3.99522576e-03
4.77060050e-01 6.11540079e-01 6.01319671e-01 -3.67650330e-01 1.77555889e-01 2.49281302e-01 2.12544858e-01 -1.54188916e-01 -7.93395996e-01 1.36475325e+00 -3.21461558e-01 -1.36333197e-01 -4.73128915e-01 1.21856594e+00 2.07722649e-01 6.43138289e-02 -2.79276054e-02 -9.83407319e-01 3.15263301e-01 -3.38558316e-01 3.42624001e-02 6.41709268e-01 -2.24540368e-01 -3.54938120e-01 6.69908822e-01 -8.08923602e-01 5.27550280e-01 -5.77839203e-02 -3.29773635e-01 -5.68324387e-01 9.23132300e-02 -4.88406688e-01
-2.29791086e-02 -4.16067213e-01 1.16914764e-01 -1.80528939e-01 -1.06070951e-01 9.26302969e-02 1.29692152e-01 -3.02384049e-01 -5.51248968e-01 -2.96256363e-01 -1.16404437e-01 3.01987585e-02 -9.66135040e-02 5.96041441e-01 5.05646825e-01 4.16829139e-01 2.20385924e-01 -2.94797301e-01 8.85022730e-02 1.42925322e-01 -2.87457615e-01 2.92972416e-01 -4.03638899e-01 1.69136867e-01 -6.69785812e-02 -2.62488693e-01 4.01569396e-01 8.01075757e-01 -4.33165520e-01 -4.63606626e-01 1.77774429e-01 2.99772739e-01
-1.33555388e+00 1.69843093e-01 2.43997753e-01 -1.41291034e+00 -2.08827808e-01 -4.97451946e-02 1.51756868e-01 5.95089793e-01 1.89358830e-01 4.15626675e-01 -1.07713044e+00 8.30323339e-01 1.17226684e+00 3.46020490e-01 -7.57186472e-01 2.81733513e-01 5.95742881e-01 -4.65954483e-01 -3.42234105e-01 1.07726812e+00 -4.96221453e-01 -1.97839618e-01 -3.29666406e-01 -4.51857224e-02 6.60646558e-01 1.07202041e+00 7.52736807e-01 5.88614881e-01 6.04652286e-01 -1.13108611e+00 1.55817708e-02 1.24462754e-01
-4.89150062e-02 7.09154308e-02 2.08690330e-01 -4.31470610e-02 4.28198844e-01 -7.06989169e-02 -5.99638484e-02 3.74681465e-02 -1.10257410e-01 3.09119761e-01 4.01279610e-03 7.68337920e-02 -1.75292697e-03 -1.47246793e-01 8.45859274e-02 -1.55837521e-01 1.12370141e-01 6.20364100e-02 -4.39044414e-03 -3.88465345e-01 1.29873499e-01 -1.69331133e-01 1.23391589e-02 -1.01216855e-02 1.91195011e-01 1.50405150e-02 8.38215724e-02 1.26831859e-01 1.10590849e-02 -8.58565569e-02 4.57059704e-02 -4.84737288e-03
-2.47482788e-02 1.28218129e-01 2.56755441e-01 -8.37670453e-03 5.56443073e-02 -3.75265963e-02 5.30154765e-01 1.54688016e-01 3.22143793e-01 -1.37779558e+00 -2.34048501e-01 4.21698958e-01 5.41361332e-01 -5.02094090e-01 -3.23241591e-01 -3.54725629e-01 4.30406541e-01 -7.43029535e-01 1.76104918e-01 -6.00939035e-01 1.01543677e+00 -4.24311429e-01 -9.22246426e-02 -1.30453789e+00 -2.91756876e-02 3.88515353e-01 -8.86672735e-01 -9.80247021e-01 2.77091503e-01 -4.46434971e-03 -1.70521736e-01 -2.63481945e-01
8.93732131e-01 -3.01314950e-01 -2.04610854e-01 4.58066463e-01 -3.15283805e-01 -2.00204998e-01 -1.08103817e-02 -2.72668034e-01 5.95206082e-01 2.42677499e-02 -8.79306197e-02 -7.21830800e-02 7.30435133e-01 -2.87870020e-01 3.69103491e-01 -6.84452295e-01 -4.26967107e-02 -1.19356525e+00 8.32605362e-01 -8.09446052e-02 -3.44876140e-01 9.91557017e-02 -2.29200628e-02 1.44338265e-01 -1.13732763e-01 -2.63378084e-01 8.18998158e-01 5.15517473e-01 -7.61445999e-01 3.55056435e-01 3.84506702e-01 3.82659107e-01
-2.91000545e-01 3.41045320e-01 -1.14378773e-01 -2.54626647e-02 -6.21184647e-01 -2.27004424e-01 1.10359624e-01 4.32857871e-01 2.49595549e-02 -6.78379774e-01 -1.28355250e-01 -1.23220213e-01 -3.77944440e-01 1.55717149e-01 3.01853925e-01 -2.07028985e-01 -1.18757129e-01 2.80974239e-01 4.49023917e-02 3.17469537e-01 -1.76604748e-01 -9.61493421e-03 1.81778483e-02 -3.76344882e-02 -1.32363573e-01 -1.67155758e-01 2.83437550e-01 -3.10028523e-01 1.15678638e-01 3.30540761e-02 7.44994218e-03 2.09261030e-01
-5.83045604e-03 -7.18147099e-01 -1.37664536e-02 -5.03338464e-02 -1.76990256e-01 -6.10287227e-02 2.53903400e-02 -2.27802053e-01 -4.18479353e-01 5.02686560e-01 3.81806456e-02 2.43541561e-02 2.95605004e-01 6.37258947e-01 2.04501301e-02 -6.33448899e-01 -3.61059934e-01 -1.71464324e-01 1.44307557e-02 -4.81573828e-02 1.52091175e-01 -4.23146822e-02 6.90874219e-01 1.20648101e-01 -3.53995353e-01 1.57188863e-01 3.92920017e-01 5.47919087e-02 -7.29045048e-02 1.86386034e-01 -1.19953692e-01 -2.18630940e-01
7.93924928e-01 -2.37798374e-02 -5.45524299e-01 1.91931069e-01 1.01688437e-01 2.23347664e-01 6.99868262e-01 1.84473306e-01 -3.39941740e-01 -6.86017156e-01 -9.32928562e-01 1.40667129e+00 7.91242048e-02 -6.82873726e-01 3.14929664e-01 7.07654357e-01 -3.97509001e-02 6.85363173e-01 -1.29371822e-01 -1.83740720e-01 -1.75073135e+00 -2.54999101e-01 -8.18181753e-01 -1.37926117e-01 -6.40802979e-01 -1.27413109e-01 2.37018198e-01 8.91866922e-01 -2.34310180e-02 6.20888285e-02 4.83547375e-02 7.05870986e-01
-2.25762814e-01 3.57596427e-02 -1.12062824e+00 1.13500655e-01 4.26642805e-01 6.03137076e-01 3.26787859e-01 -1.96238104e-02 -6.76382333e-02 8.09352219e-01 -2.42084071e-01 -1.30076694e+00 2.14746207e-01 6.78472817e-01 -3.60793650e-01 7.52680838e-01 4.71524112e-02 1.72112393e+00 -4.74515200e-01 2.34116130e-02 2.60303825e-01 -2.39998177e-01 1.80303648e-01 7.78692484e-01 -2.58373827e-01 6.52925849e-01 7.86888674e-02 -2.35908359e-01 7.69278929e-02 3.00242811e-01 1.00521326e+00 -3.13578062e-02
-1.35986522e-01 3.65083486e-01 9.54847783e-03 -6.61947966e-01 -3.43869776e-01 7.56086290e-01 3.14212382e-01 8.51940215e-01 4.36701834e-01 2.21555069e-01 9.86565471e-01 -3.47639114e-01 1.30784288e-01 3.61579806e-01 7.21382797e-02 -9.46339428e-01 2.56855845e-01 -2.99806595e-01 -3.70394409e-01 -5.68105757e-01 5.74390292e-02 -1.08046979e-01 2.76640028e-01 1.36198089e-01 -1.74908787e-01 2.12597281e-01 -2.22147293e-02 -8.54559913e-02 -4.82394129e-01 2.14676782e-01 -2.63267249e-01 6.47209361e-02
1.62428811e-01 -5.07629216e-02 -2.37426132e-01 6.26951037e-03 1.20921917e-01 4.80963290e-02 2.42831744e-02 7.40894899e-02 -2.02435002e-01 1.03880353e-02 -8.05448368e-02 -3.11929554e-01 2.55319327e-01 2.92993903e-01 3.42006423e-02 2.82582819e-01 5.40699176e-02 3.89053039e-02 1.03456676e-01 2.67943650e-01 3.10815349e-02 2.19846979e-01 4.11389135e-02 2.85234600e-01 -1.34364381e-01 -2.57017016e-01 -1.70575857e-01 -1.03796110e-01 -3.58884156e-01 -1.46769792e-01 5.97527288e-02 -2.71108180e-01
4.31335837e-01 -1.12116359e-01 5.61565399e-01 4.09816682e-01 2.73377836e-01 4.40538466e-01 1.24269903e+00 -3.90064210e-01 5.41635454e-01 3.31821516e-02 -6.10897064e-01 2.32471108e-01 -5.44155896e-01 1.56139314e-01 7.30312467e-02 2.28771895e-01 -6.70679986e-01 -5.68672597e-01 2.97038019e-01 -6.21404499e-02 -1.53042793e-01 5.74802935e-01 3.22092563e-01 6.89787328e-01 2.37036776e-02 -1.63947418e-01 -2.15489760e-01 2.43921489e-01 1.51773632e-01 4.25403476e-01 -1.03776313e-01 1.11795245e-02
-4.12978023e-01 -4.59661305e-01 1.49658751e+00 1.11095004e-01 -8.93676162e-01 -4.11612131e-02 -1.29038310e+00 -9.35261071e-01 4.33618337e-01 8.58559608e-01 1.07428901e-01 -6.21619701e-01 -3.06371152e-01 9.55824733e-01 5.48921883e-01 -2.21201682e+00 2.35430822e-01 -2.80998826e+00 1.68863857e+00 8.31185400e-01 -4.90988523e-01 1.69091070e+00 -2.93464750e-01 3.27606648e-01 3.36633027e-01 -6.82636678e-01 -2.34972343e-01 3.01637203e-01 2.38066271e-01 6.08404987e-02 4.78073329e-01 1.71929494e-01
-7.29889562e-03 2.88726785e-03 1.36378169e-01 4.55219895e-02 3.35797399e-01 -4.11368310e-02 6.76091686e-02 8.14269390e-03 1.18330687e-01 -8.32408294e-02 -3.16009682e-04 -8.82867575e-02 8.55477303e-02 2.24830899e-02 -1.88753735e-02 -3.32834176e-03 -1.56426486e-02 -6.26000529e-03 -5.23162521e-02 5.15613668e-02 1.27225220e-01 9.65969488e-02 -2.51765382e-02 -2.53271125e-02 -1.29157320e-01 -1.75790891e-01 1.31868795e-02 3.65199149e-01 -6.37054071e-03 -5.36071546e-02 2.73351464e-02 -2.31248096e-01
-3.64860594e-01 -5.39934747e-02 -7.75756836e-02 -2.07704648e-01 -5.08183055e-02 5.85179567e-01 -2.49105133e-03 8.45154703e-01 -3.37287009e-01 6.39640689e-01 -4.70957011e-01 1.27185273e+00 6.39266074e-01 2.82516867e-01 5.38941205e-01 2.32411921e-01 -1.06026262e-01 1.00076467e-01 -5.34521222e-01 4.17465344e-02 -1.08877607e-01 -5.76991320e-01 4.60309654e-01 -3.42525244e-01 -2.21980900e-01 -2.48823464e-02 -7.42108345e-01 3.36402357e-01 -1.36036679e-01 -3.82671803e-01 -1.11922547e-01 3.87498230e-01
-1.30078107e-01 -2.15331405e-01 6.52475178e-01 3.25484753e-01 -8.79733622e-01 3.33834767e-01 2.49453157e-01 -6.46325231e-01 7.07935214e-01 2.74556279e-01 -2.65897941e-02 2.98415810e-01 -1.60169423e-01 1.24250427e-01 2.03515336e-01 -2.45308185e+00 5.54357767e-02 -1.38971949e+00 5.79673462e-02 8.29786733e-02 -1.88492425e-02 1.89079419e-01 3.29667151e-01 3.07720453e-01 -2.16022834e-01 -6.25347972e-01 -1.13070412e-02 -1.95718303e-01 -4.21417981e-01 -4.18085217e-01 1.27942562e-01 -3.42160881e-01
-2.25817636e-01 -6.82636723e-02 -1.18761577e-01 1.95318282e-01 3.18188332e-02 4.15045023e-02 3.53404522e-01 -1.89394608e-01 -1.15455079e+00 1.84268928e+00 -3.42873812e-01 -1.01934530e-01 -3.21939230e-01 1.34469604e+00 -1.06495887e-01 4.98861581e-01 -8.93068835e-02 5.35457671e-01 -2.06935570e-01 -3.65506679e-01 2.74598915e-02 2.31014878e-01 1.60451546e-01 -1.45692095e-01 -1.37407377e-01 2.83810515e-02 4.69589502e-01 4.71798033e-01 2.56067157e-01 -4.13298756e-01 1.51991129e+00 -1.05606899e-01
3.52520589e-03 5.67933097e-02 7.22201228e-01 3.92586291e-01 -2.03246668e-01 -6.15025938e-01 -1.25433719e+00 1.39595419e-01 5.48348248e-01 2.36174837e-01 -1.48889993e-03 2.97028143e-02 1.83652282e-01 -5.47470227e-02 -4.62634861e-01 5.68611026e-01 1.79843694e-01 3.38815480e-01 -2.19255853e-02 -2.26763070e-01 7.82263875e-01 5.00119209e-01 1.26635313e-01 -6.30087316e-01 1.36846736e-01 3.99175324e-02 -2.91812122e-01 2.37740204e-01 -1.28110377e-02 2.41723672e-01 -2.01916471e-01 -3.58222246e-01
1.45951200e+00 -1.72915176e-01 8.62712145e-01 7.77625561e-01 -3.44635397e-01 -4.77628857e-01 -5.39560497e-01 -6.58255756e-01 7.66935766e-01 -2.38835049e+00 -2.61971444e-01 3.74838978e-01 -1.07655489e+00 -7.12090075e-01 6.72526538e-01 -5.42815506e-01 9.84216630e-02 -3.17355812e-01 6.25464261e-01 1.02614510e+00 7.93272480e-02 -1.37828797e-01 -1.67823875e+00 -8.21630061e-01 1.76238865e-01 6.34136736e-01 -9.76524889e-01 -2.09503248e-01 -4.35059309e-01 1.07846797e+00 -1.08397377e+00 3.27419639e-01
-7.87902400e-02 2.20204890e-01 5.09288236e-02 -4.04934175e-02 -2.71083415e-01 -4.59266827e-02 5.10263145e-02 -4.61622477e-02 5.83189316e-02 -9.16807055e-02 7.76099786e-02 1.56523753e-02 6.55094460e-02 -7.97540024e-02 1.45685986e-01 -1.76796526e-01 8.71740207e-02 1.63748547e-01 -1.13396822e-02 -3.18242282e-01 1.73528269e-01 9.77071971e-02 -1.66771300e-02 -2.06816178e-02 -3.56711507e-01 -7.94166848e-02 2.06434559e-02 -8.32737386e-02 1.21756960e-02 3.42122489e-03 -2.43890714e-02 -1.45331904e-01
-8.04208685e-03 2.15609536e-01 1.73661494e+00 4.13295627e-01 -1.36947644e+00 2.13065580e-01 -8.66771862e-02 -5.00914037e-01 8.69093418e-01 6.73400879e-01 9.64649245e-02 -3.01797807e-01 -8.56770456e-01 1.09534359e+00 1.63637474e-01 -3.51699042e+00 -3.27244818e-01 -4.73383284e+00 2.98680127e-01 9.31544304e-02 -1.11286652e+00 1.07000458e+00 3.77449214e-01 -1.73847172e-02 4.48180825e-01 -1.37122780e-01 -5.62014043e-01 5.55627465e-01 -1.37249321e-01 -3.11154462e-02 -1.01470642e-01 -2.04750702e-01
-1.04379928e+00 7.98508376e-02 4.66000624e-02 -5.74474394e-01 -4.74265479e-02 9.04193670e-02 -4.04997885e-01 3.04539323e-01 2.08302692e-01 -1.60227325e-02 2.83650339e-01 -4.67601299e-01 2.55640298e-01 7.65218437e-01 -3.03384453e-01 -4.16854858e-01 5.69620989e-02 -1.94816925e-02 -1.42005384e-01 -2.85102632e-02 2.68989444e-01 5.78216076e-01 4.89346862e-01 -6.66363835e-02 6.82458356e-02 7.47168139e-02 -5.51079750e-01 -6.23104237e-02 2.26813480e-01 -3.95924479e-01 -5.31756401e-01 -9.31299210e-01

layers.2.bias:
-1.52050638e+00
-8.10416102e-01
3.75882715e-01
-2.41681933e-01
1.64528862e-01
-6.73418164e-01
3.99663210e-01
2.10382009e+00
7.46588171e-01
7.28369296e-01
-9.75808918e-01
-1.42024434e+00
-2.71144748e-01
8.66788626e-01
-4.31136698e-01
-8.02101433e-01
-1.67396888e-01
-5.67500174e-01
4.40151632e-01
-4.62543033e-02
-2.95136310e-02
7.32280195e-01
7.45453119e-01
-4.65011522e-02
-5.06188571e-01
9.21380877e-01
-8.99916470e-01
-1.01927900e+00
3.78130078e-01
-1.03499877e+00
-3.25021029e-01
-2.06518143e-01
6.23027503e-01
2.15398967e-01
-4.71340686e-01
-9.60871726e-02
-9.80710685e-02
1.34113884e+00
1.13732135e+00
-2.21093699e-01
8.72385919e-01
-2.03137115e-01
-5.19567788e-01
1.28020763e+00
3.21222246e-01
-1.07860398e+00
1.08016860e+00
-4.60748434e-01
6.94974959e-01
1.53778887e+00
2.01615900e-01
1.35131627e-01
2.38901228e-01
-6.15044117e-01
1.38734341e-01
-5.27317747e-02
8.83836448e-01
-2.17561558e-01
-1.18243493e-01
-6.16715789e-01
9.40681040e-01
-2.11660899e-02
-4.20966089e-01
4.74430710e-01

layers.4.weight:
5.38850009e-01 -3.39910910e-02 -9.87222940e-02 2.91153528e-02 -1.81313884e-02 -2.65556961e-01 2.93218587e-02 -6.14398837e-01 -1.84622154e-01 -3.84725720e-01 9.60779786e-02 7.19973862e-01 -1.92503083e+00 -6.15516081e-02 -1.37782234e-04 -1.12455046e+00 -4.58361534e-03 4.54804562e-02 1.01138540e-01 7.70439103e-04 5.73626570e-02 -8.53271186e-02 9.12711695e-02 2.42109150e-01 -5.51553965e-02 -2.51738150e-02 -2.47127153e-02 7.48326659e-01 -4.05589074e-01 3.89989406e-01 -7.20695481e-02 -1.70325339e-01 -1.90731227e-01 1.27712367e-02 2.89248172e-02 -8.35633429e-04 -9.32596304e-05 -1.18762538e-01 4.15636674e-02 1.63806632e-01 -4.99992333e-02 3.85485739e-01 2.75128568e-03 -1.27347246e-01 1.24604406e-03 1.40291050e-01 4.76751179e-02 -7.63967484e-02 -4.72225137e-02 -5.70995271e-01 -1.12798549e-01 -9.04542953e-02 1.61915720e-02 -3.75251099e-02 -9.59405541e-01 -1.47962737e-06 1.51131123e-01 -3.98603916e-01 -4.94725518e-02 -4.58369367e-02 -9.84011665e-02 -1.32943725e-03 9.52517748e-01 -1.94463246e-02

layers.4.bias:
-9.95138586e-01

