layers.0.weight:
3.31696361e-01 -5.67613244e-01 7.97264636e-01
5.69172144e-01 -8.09445798e-01 -5.80563486e-01
-8.31293464e-02 -6.13938749e-01 -5.77727258e-01
-1.07055378e+00 1.15616508e-01 4.58123112e+00
2.67282110e-02 4.11940843e-01 1.16166264e-01
-5.79876065e-01 8.58121514e-01 -1.84879377e-01
-1.31842160e+00 4.86020595e-01 -9.88645032e-02
-6.01682402e-02 7.88846374e-01 -9.23566997e-01
6.03414774e-01 -9.26082134e-01 5.12713566e-02
-1.11527514e+00 5.86289167e-02 -1.64189592e-01
7.53551662e-01 -9.85680073e-02 1.41279221e+00
-7.16238439e-01 -1.31785080e-01 -1.29353356e+00
-4.30584475e-02 7.12955832e-01 -1.57757306e+00
-1.16726887e+00 2.10410804e-02 5.00053525e-01
-6.46977663e-01 1.09646142e+00 7.52028525e-01
-1.81771189e-01 9.48456824e-01 1.64468549e-02
5.46070874e-01 -6.33792400e-01 -1.45019031e+00
-1.15504665e-02 1.12846863e+00 1.84981868e-01
8.07071701e-02 -9.54183042e-01 5.35116851e-01
3.41117471e-01 -1.28724232e-01 -8.64976227e-01
2.23475501e-01 1.65966094e-01 -5.10879010e-02
-3.24195027e-01 -2.56797969e-01 -1.00232065e+00
-4.64660525e-01 1.65601885e+00 -4.46076952e-02
-1.56447518e+00 4.06930357e-01 1.75152493e+00
1.05132234e+00 3.79940838e-01 -7.78481364e-01
2.59609371e-01 6.71772659e-01 -1.17486012e+00
-1.16151750e-01 -2.13369340e-01 1.90187418e+00
-3.97779703e-01 -2.44972542e-01 1.92939892e-01
3.22416067e-01 7.57217348e-01 -1.46468067e+00
-1.04933763e-02 4.65525806e-01 1.70563948e+00
-2.89658904e+00 2.84448242e+00 -1.78299040e-01
-1.26738083e+00 -5.19488692e-01 1.02004325e+00

layers.0.bias:
8.77201200e-01
4.81547834e-03
-1.42384720e+00
-6.34384930e-01
7.07518518e-01
-2.04255387e-01
-3.54310095e-01
2.86240637e-01
-7.45998621e-01
-1.59115899e+00
1.64644122e-01
1.80825554e-02
2.46107668e-01
-1.21306002e+00
-2.90836543e-01
1.43946290e+00
9.34610724e-01
1.82654703e+00
-6.68276668e-01
5.78918040e-01
-1.44309163e-01
-1.35729384e+00
1.02535832e+00
-7.05530941e-02
1.36946186e-01
5.60703695e-01
8.80503118e-01
-1.57881156e-01
-4.88352716e-01
7.31267482e-02
8.91685039e-02
-6.70209900e-02

layers.2.weight:
-3.97837192e-01 1.23187914e-01 1.47963032e-01 -4.24767613e-01 -3.24706793e-01 4.71659005e-02 -1.53183360e-02 -8.42690915e-02 1.00392848e-02 3.12893271e+00 1.10977657e-01 1.10498153e-01 -2.85537452e-01 2.42720294e+00 -1.75809726e-01 2.40797326e-01 -1.93078294e-01 4.91418064e-01 1.58275917e-01 -3.94214451e-01 3.11277926e-01 -7.46219009e-02 -6.11473858e-01 6.08518481e-01 1.00093884e-02 5.69230437e-01 -7.44463325e-01 -1.89161032e-01 -1.03754282e-01 -1.51406705e-01 1.27952534e-03 1.60140112e-01
-5.28023206e-02 1.77684054e-01 -8.52541268e-01 -1.63066166e-03 -4.52526510e-01 8.42142552e-02 -4.93983358e-01 -4.78430182e-01 3.57754409e-01 6.93350732e-01 2.41089776e-01 -6.42632544e-02 2.91208297e-01 1.20215870e-01 -4.41814303e-01 3.28840792e-01 -3.38540077e-01 3.46264333e-01 -3.88349265e-01 -4.95216362e-02 4.44096833e-01 -9.77863073e-02 -5.69581807e-01 -2.69365255e-02 -1.01525262e-01 -5.69398887e-02 -3.72470886e-01 -3.65978837e-01 5.94784692e-02 -2.82605678e-01 -1.72401089e-02 2.81568527e-01
9.65370610e-02 3.68919969e-02 1.67656720e-01 -6.34422004e-01 -1.11481714e+00 -1.68756321e-01 -3.91959548e-01 1.81110188e-01 7.20746517e-01 9.24373150e-01 -4.57342118e-01 -1.30885765e-01 4.03779335e-02 2.90090054e-01 -1.26366049e-01 -1.24735856e+00 -8.12864229e-02 -1.13752437e+00 8.19511339e-02 1.68151602e-01 -8.09828699e-01 -1.41127989e-01 9.66495499e-02 -9.51593339e-01 -9.97050166e-01 2.88284719e-01 -1.04663336e+00 9.71374571e-01 2.72805989e-01 -2.90211022e-01 -2.86690682e-01 7.92287409e-01
2.34621137e-01 -2.00006127e-01 1.12633869e-01 1.33817720e+00 3.21725607e-01 4.45623904e-01 6.72044814e-01 -1.67530909e-01 -2.48734921e-01 -3.16056274e-02 1.51329070e-01 -4.94000316e-02 -5.61271429e-01 1.86373398e-01 7.29725838e-01 4.37107176e-01 -4.98268574e-01 3.57484668e-01 2.69626290e-01 -1.63787043e+00 -1.19490457e+00 -1.46029651e-01 4.49419409e-01 2.15943885e+00 -1.86162221e+00 -5.13197482e-01 4.89521861e-01 9.05944347e-01 -6.50427520e-01 -1.74453065e-01 9.53568984e-03 1.74695373e+00
-4.47379835e-02 -3.51717323e-01 3.57978761e-01 -4.93404269e-01 1.60983458e-01 -1.79065362e-01 -1.03090656e+00 2.53002912e-01 -1.07648987e-02 -3.80882233e-01 3.96524370e-01 -7.55107641e-01 8.58058572e-01 -9.65309858e-01 9.00673401e-03 -6.66837215e-01 -2.34410658e-01 -7.62303174e-01 -2.82737285e-01 6.36122329e-03 1.05816972e+00 -4.56790984e-01 3.89313191e-01 -5.11802733e-01 -6.89808249e-01 7.13243127e-01 4.60909232e-02 -9.06193197e-01 -1.83427960e-01 5.82333565e-01 -7.95503482e-02 1.53176477e-02
-4.64021921e-01 6.08418137e-02 6.10317826e-01 1.65627480e-01 -1.29454279e+00 -2.50070781e-01 -2.44161576e-01 2.11467773e-01 6.75430596e-01 2.34854043e-01 5.86434901e-01 2.97074884e-01 -9.47985277e-02 -3.73355031e-01 -3.32997255e-02 -1.81520092e+00 -5.19504130e-01 -2.14873242e+00 7.49968648e-01 -2.99792945e-01 -3.73277694e-01 5.41692972e-02 -4.64790791e-01 -3.59256148e-01 1.17412351e-01 5.36214933e-02 1.50612146e-01 8.93179238e-01 -2.02584535e-01 -4.27401215e-01 -1.09241891e+00 3.60501289e-01
1.17297873e-01 -9.08415299e-03 -2.95110345e-01 -2.30133533e-02 -8.92107412e-02 1.52301013e-01 -9.22503769e-02 -4.17205840e-01 -1.33354768e-01 3.45565051e-01 2.48847738e-01 1.74503848e-01 3.10385287e-01 2.57521849e-02 -3.69442180e-02 -3.19047451e-01 4.13760617e-02 7.35764429e-02 1.01066269e-02 -2.74759054e-01 -4.52237695e-01 3.64674293e-02 2.31295638e-02 2.12298566e-03 1.90485254e-01 3.04541290e-01 -3.68111730e-01 -4.04196739e-01 -1.56805471e-01 5.30128106e-02 8.42133909e-02 9.92930308e-02
3.03011030e-01 1.12745002e-01 -3.44286144e-01 3.66447359e-01 1.41620129e-01 -6.69878840e-01 1.38425931e-01 4.75847989e-01 7.68769458e-02 -2.02348232e-01 -1.20075434e-01 9.48826909e-01 3.01813692e-01 -4.17245328e-01 -1.66172698e-01 1.49665460e-01 5.00692666e-01 7.79091120e-02 2.60908246e-01 4.80692893e-01 -1.44813073e+00 -8.78560901e-01 7.41019472e-02 3.96039039e-01 1.83104426e-01 7.21958995e-01 6.15171254e-01 5.45775831e-01 -7.18879521e-01 5.04203796e-01 1.47917956e-01 -2.54719734e-01
2.15136379e-01 2.18041703e-01 -6.15957737e-01 -2.55704582e-01 1.43366420e+00 -5.57780981e-01 -4.90120381e-01 -3.64142895e-01 -8.17348599e-01 3.50462139e-01 3.98612171e-01 3.85381043e-01 6.83972418e-01 -2.75804102e-01 1.32487297e-01 2.36923623e+00 2.95071095e-01 1.45301676e+00 -5.61208010e-01 -9.43184942e-02 1.45868525e-01 -3.40538353e-01 7.37023801e-02 2.56642580e-01 7.80069008e-02 3.99460375e-01 5.55399619e-02 -8.90775025e-02 -4.97662276e-02 1.54711723e-01 2.11926317e+00 -2.60972440e-01
-7.14388251e-01 1.44846573e-01 3.04261912e-02 -6.19258940e-01 1.72861174e-01 8.93919170e-02 -1.30226817e-02 4.60695058e-01 4.43115085e-01 -4.95911315e-02 -8.49287361e-02 3.47387344e-01 2.76401013e-01 2.17814758e-01 -3.64144057e-01 -8.00770640e-01 3.48265797e-01 -7.53772497e-01 -5.00773609e-01 -5.22245979e-03 -5.93564928e-01 -1.21638797e-01 1.81692019e-01 -2.21907478e-02 -2.05605239e-01 -7.38269743e-03 -2.71204531e-01 2.18189850e-01 3.59992623e-01 5.97910918e-02 1.00681223e-01 -4.14950326e-02
4.38899904e-01 -2.91348845e-01 1.09985940e-01 -4.12756354e-01 -9.01634276e-01 -7.75238752e-01 -3.26195389e-01 7.62323886e-02 6.81090593e-01 1.79337516e-01 -5.76407909e-01 -7.01675266e-02 8.90033424e-01 -5.46242476e-01 -1.42544568e-01 -7.06182301e-01 -6.90150321e-01 -1.83487177e+00 2.23210961e-01 -2.09259335e-02 1.11670399e+00 -2.08700731e-01 -1.28027558e+00 -2.56571591e-01 5.32063060e-02 -5.40233292e-02 -4.83386725e-01 -6.37443125e-01 1.59091488e-01 -4.41488653e-01 -1.31324511e-02 2.51640022e-01
-4.22139913e-02 -1.49331585e-01 1.67057908e+00 -8.20411742e-01 -7.83386350e-01 1.00901425e-01 -7.25830644e-02 -4.72188681e-01 2.10717559e-01 1.81450284e+00 7.22105578e-02 -2.08269864e-01 2.35816777e-01 3.17384005e+00 1.51138753e-01 -8.88914406e-01 2.22152829e-01 -2.68290424e+00 6.49712145e-01 -3.83492738e-01 3.41640085e-01 5.48935533e-01 -2.86016017e-01 8.06439817e-01 -6.08740782e-04 -6.19733214e-01 3.47861886e-01 -1.75271198e-01 4.84040231e-02 9.17732343e-02 3.15997630e-01 -4.18432713e-01
-5.25504529e-01 -1.86815053e-01 9.29943919e-01 3.56804758e-01 -5.47785819e-01 5.30103981e-01 -9.61973052e-03 -9.36093450e-01 3.37948352e-01 6.41765475e-01 9.80954692e-02 3.05300862e-01 -4.60506529e-01 -1.95365131e-01 5.21232009e-01 -3.94662499e+00 -6.74857199e-02 -5.80419636e+00 6.44966722e-01 -9.30160224e-01 -7.20790029e-01 4.54360187e-01 5.23397744e-01 -1.14480279e-01 -2.32115790e-01 -2.26199463e-01 -4.01749849e-01 5.89931250e-01 -6.66369677e-01 -3.78596842e-01 -5.28294325e-01 -3.10521305e-01
-1.24796871e-02 -1.26230597e-01 -5.89497447e-01 -9.27755237e-02 -1.28448173e-01 -4.98889014e-02 2.33861387e-01 3.77271712e-01 3.61952186e-01 -7.23211169e-01 5.92326045e-01 -4.96009320e-01 3.62154871e-01 -8.37776244e-01 -3.49052250e-01 -6.95319548e-02 -2.15054929e-01 2.01357886e-01 -1.78313196e-01 1.67742491e-01 3.70509960e-02 -1.03800893e-01 1.34259477e-01 -2.36902758e-01 -1.38841465e-01 7.84953713e-01 -3.37936729e-02 5.65940398e-04 -1.72793746e-01 2.34084845e-01 2.42608879e-03 3.72168750e-01
-1.06037772e+00 2.39211306e-01 -1.07376337e-01 2.65307069e-01 -4.35171090e-02 6.99247122e-01 -3.55639189e-01 2.66890298e-03 3.51153255e-01 -1.78777218e-01 -8.22283328e-01 3.04740608e-01 2.33659983e-01 -5.11699975e-01 -3.12940091e-01 -5.50113499e-01 2.94641912e-01 -4.68328774e-01 -5.83563328e-01 3.90377045e-01 1.33970022e+00 9.78016734e-01 2.41328906e-02 1.25358060e-01 -3.30552876e-01 2.08635524e-01 -6.68625951e-01 1.07500395e-02 1.00542951e+00 -3.17772090e-01 -3.32378969e-02 1.07283667e-01
-5.33844650e-01 -3.09262462e-02 1.70955986e-01 1.90149426e-01 -2.89369613e-01 1.65865049e-01 -1.09064019e+00 -8.82333964e-02 2.43827313e-01 4.60208511e+00 7.47317076e-01 1.59829065e-01 1.71516627e-01 2.39501929e+00 4.27953936e-02 -1.18369147e-01 -4.78425920e-01 -1.93850711e-01 1.13707073e-02 -2.54962742e-01 -5.75607479e-01 4.04445797e-01 3.31398100e-01 1.99113324e-01 -3.11626911e-01 -4.41488296e-01 -5.91614366e-01 2.11690068e-01 -5.98101169e-02 -5.93879759e-01 -1.61425352e-01 -3.20558429e-01
-8.76230523e-02 1.74511865e-01 1.92705393e-02 3.52977663e-02 -6.84214979e-02 -3.93909635e-03 8.82696658e-02 -5.40044457e-02 8.23699962e-03 -3.02009910e-01 8.76156166e-02 -1.36735886e-02 3.73586416e-02 9.69617814e-02 1.02471337e-01 7.92124271e-02 3.62646990e-02 2.65755858e-02 -2.12818440e-02 8.96151215e-02 2.52557904e-01 1.84156165e-01 2.21426380e-04 3.17699686e-02 2.11949106e-02 -6.77120499e-03 5.16531877e-02 3.04305404e-01 2.38950588e-02 1.73332682e-03 -5.95636517e-02 7.13178888e-02
3.68900239e-01 -1.32937238e-01 -6.41608834e-01 5.91580682e-02 1.06785648e-01 -3.59808207e-01 -3.01545799e-01 -3.89008850e-01 2.35490724e-01 -7.93746233e-01 3.82490642e-02 7.63968602e-02 1.89064905e-01 5.00932857e-02 -8.01935345e-02 1.01459362e-01 -3.09885561e-01 4.02158231e-01 1.40756696e-01 9.26982582e-01 1.03150047e-01 2.50299331e-02 -5.52257717e-01 -1.12221330e-01 -6.99878782e-02 -4.40754682e-01 8.59084189e-01 -4.49006230e-01 2.03059360e-01 3.17804307e-01 -8.38672183e-03 1.17963560e-01
-2.07376897e-01 -1.51248068e-01 -3.63435328e-01 -1.36642322e-01 5.41317701e-01 1.05320020e-02 1.37053967e-01 5.37580810e-02 3.17876399e-01 -3.83894503e-01 -8.62291679e-02 -1.00148773e+00 4.01976764e-01 -1.64425775e-01 -1.15338951e-01 2.86592573e-01 -1.94011971e-01 4.50560600e-01 2.26323098e-01 -1.33017108e-01 -5.32215908e-02 -2.41422102e-01 4.16402161e-01 -2.85659730e-01 1.31890208e-01 1.28586590e-01 -1.04241863e-01 4.08779949e-01 -7.34449998e-02 4.25113201e-01 9.76091921e-01 2.30329558e-01
8.33946168e-02 1.59596160e-01 -8.80090669e-02 7.14802295e-02 7.35365180e-03 1.40194669e-01 -8.32331702e-02 -6.33433089e-02 3.15460116e-02 1.72408625e-01 4.61842455e-02 1.53738365e-01 -5.78195155e-02 -1.06813796e-01 1.18953131e-01 4.01037365e-01 7.40436316e-02 -3.39233160e-01 2.15671156e-02 -8.54954645e-02 -1.17698967e-01 -1.76499903e-01 4.60567372e-03 -7.67619628e-03 4.03270237e-02 1.51827306e-01 1.24288546e-02 1.74990874e-02 9.24557671e-02 1.42974565e-02 -1.89206693e-02 2.46756058e-02
6.55437648e-01 -1.44224316e-01 5.62704146e-01 4.99672383e-01 -1.17891751e-01 -3.17925006e-01 -6.29807830e-01 -7.52004758e-02 -4.08480316e-01 -9.03194964e-01 -1.21370420e-01 1.01206219e+00 5.34378946e-01 -5.42082071e-01 7.14764357e-01 6.52758598e-01 -2.64777020e-02 -1.52000472e-01 4.43071723e-01 5.20002723e-01 -5.79171419e-01 4.71865013e-02 4.90282327e-01 1.22013643e-01 -6.90306583e-03 -3.05406243e-01 6.88616112e-02 4.14642900e-01 -1.51430219e-01 -1.12273842e-01 2.27688029e-01 5.33154130e-01
2.01280519e-01 -1.46169201e-01 2.02935964e-01 1.05520055e-01 -2.02594563e-01 1.36848122e-01 1.25547433e+00 8.73566866e-02 2.99222320e-01 3.23140234e-01 2.56854922e-01 4.77713645e-01 -3.59998047e-01 -3.72435898e-01 1.56126291e-01 -9.11164582e-01 -8.81190225e-02 -8.39125991e-01 -6.52778745e-02 -4.51643616e-01 -6.11021519e-01 9.25280824e-02 2.36245155e-01 -4.39268574e-02 4.43084724e-02 -4.01762873e-01 -7.47760653e-01 5.81046522e-01 -7.94747695e-02 -2.34576598e-01 2.81397253e-01 -5.32541089e-02
-6.69938605e-03 -8.99763107e-02 -2.97391355e-01 4.33601946e-01 -7.76082128e-02 4.78943557e-01 3.62924218e-01 -2.87389666e-01 -3.02500725e-01 3.71983707e-01 5.98158240e-02 5.15821539e-02 4.10462350e-01 5.99804342e-01 -1.08432278e-01 -8.23385417e-01 5.05294502e-01 -3.98273587e-01 5.89566156e-02 -3.06066006e-01 -4.10360575e-01 -5.01315435e-03 -3.27670991e-01 3.02698612e-01 -5.00905931e-01 -1.45467639e-01 -2.94048451e-02 -3.21257561e-01 4.50692624e-02 -9.12074149e-02 8.17189291e-02 -1.90114141e-01
7.01121449e-01 5.06470315e-02 -3.74407411e-01 1.50275767e-01 3.12047929e-01 -4.33116645e-01 -2.89415475e-02 3.87132972e-01 2.42485896e-01 -2.90154362e+00 9.38646868e-02 1.86850056e-01 4.11978155e-01 -1.69799805e+00 -7.56406337e-02 4.64117885e-01 2.33910054e-01 4.73372459e-01 -3.20699781e-01 5.26653714e-02 4.60626096e-01 -2.38150373e-01 -1.77100196e-01 -3.40351276e-02 -3.69502127e-01 -1.44118816e-01 -7.02852905e-02 -1.74446806e-01 3.35007280e-01 7.97598064e-02 -2.05272838e-01 -1.66063145e-01
-9.89622116e-01 1.71654820e-01 3.34976800e-02 9.17093381e-02 -2.13441327e-02 -3.08156461e-01 1.03367746e+00 2.85636466e-02 -9.03932989e-01 7.79454768e-01 -6.97878361e-01 -2.43496113e-02 2.03734472e-01 5.21098897e-02 -7.07851112e-01 4.79875416e-01 6.24209642e-01 4.91042107e-01 -1.81120530e-01 3.28384191e-02 1.30334288e-01 3.62220556e-01 5.52564204e-01 9.25741017e-01 -4.58401650e-01 5.52572191e-01 -6.55375838e-01 -2.89989710e-01 9.45612729e-01 -4.79860306e-01 7.34627098e-02 6.90426454e-02
-6.16519511e-01 5.76910138e-01 6.70598401e-03 -1.77569628e-01 5.20823002e-01 2.10248977e-01 3.91316228e-02 4.84122306e-01 -2.48740539e-01 5.51630557e-01 3.62352207e-02 -1.48970306e-01 2.39710644e-01 3.00638407e-01 -5.13801992e-01 -1.86006173e-01 -1.88378558e-01 -3.69954556e-02 4.26569313e-01 -5.10376513e-01 4.68497276e-02 -2.25751340e-01 -7.49482960e-03 -3.87867302e-01 9.88895893e-02 -2.49665871e-01 -6.03390276e-01 -4.92447942e-01 2.15310574e-01 -3.94399554e-01 -2.26173297e-01 -3.10991704e-01
-1.33446425e-01 3.15666616e-01 4.24448609e-01 3.40180337e-01 -4.07757849e-01 -2.93891698e-01 2.49497205e-01 1.32010346e-02 9.50241014e-02 -3.45164984e-01 -6.38099551e-01 1.00356869e-01 -2.51177520e-01 1.22413980e-02 -1.75350904e-01 5.33059478e-01 5.77755971e-04 1.20018505e-01 2.93686688e-01 2.16900319e-01 -2.27194488e-01 -7.23450899e-01 1.09684549e-01 1.60526201e-01 1.60468798e-02 1.55559123e-01 -9.47951106e-04 -2.42991775e-01 -2.70630151e-01 -1.59523532e-01 1.38227344e-01 2.92725349e-03
-7.11308837e-01 4.31083560e-01 -5.90279102e-01 -1.01579869e+00 -3.38062882e-01 -2.60320276e-01 -3.85000080e-01 3.78044307e-01 2.06494078e-01 4.27109957e-01 -4.84610684e-02 2.09932745e-01 1.83769345e-01 2.94645995e-01 9.28938575e-03 7.93229103e-01 6.46906018e-01 1.01123178e+00 -5.35953939e-01 4.60021570e-02 5.72195292e-01 -7.86072075e-01 -6.53903186e-01 4.37814325e-01 -1.84591502e-01 -4.11811084e-01 2.67976791e-01 2.29103401e-01 6.67062044e-01 -8.21727633e-01 9.46505740e-02 -2.10288703e-01
-1.51847243e-01 -5.60732663e-01 8.35477486e-02 -7.29447380e-02 -7.65960455e-01 6.59335256e-01 5.15127108e-02 -4.51522946e-01 5.26953280e-01 1.03654420e+00 -1.73449621e-01 3.15952040e-02 5.14841497e-01 4.68338102e-01 6.57861680e-02 -1.07807815e+00 -4.98280436e-01 -1.16213906e+00 -6.34173527e-02 1.58118576e-01 3.31825525e-01 3.78398627e-01 1.88831002e-01 1.93915412e-01 2.85743117e-01 6.47698045e-02 -3.71363372e-01 -3.06408495e-01 -2.63045162e-01 -2.94143826e-01 3.39706421e-01 2.78961837e-01
-3.21318470e-02 -1.09107602e+00 3.06859285e-01 1.61131036e+00 3.45642507e-01 9.85042751e-02 -7.97959603e-03 -2.83060789e-01 -3.34383905e-01 2.90612400e-01 1.09930968e+00 -9.85766053e-01 -1.12917900e+00 -2.79779702e-01 2.98246801e-01 1.71040297e-01 -1.30636382e+00 1.05054319e+00 6.35400534e-01 -5.41255116e-01 9.60977316e-01 1.62303925e-01 2.90533490e-02 -3.87174100e-01 2.78489530e-01 -5.24842322e-01 2.34110311e-01 -2.32639432e-01 -9.07168031e-01 1.30271637e+00 -4.32643741e-01 -1.70336008e-01
-4.32289243e-01 -1.62818238e-01 8.44247401e-01 3.19435596e-01 -1.04145694e+00 -2.48218656e-01 8.16353783e-02 -2.38640428e-01 -1.95128605e-01 -4.34009910e-01 -9.55482900e-01 2.71731883e-01 2.48826399e-01 3.22243601e-01 2.25355387e-01 -8.05234909e-01 -2.72778589e-02 -1.22442484e+00 2.72368491e-01 -7.18687654e-01 -7.85337031e-01 3.43647927e-01 -6.03901088e-01 -6.77318990e-01 2.26122573e-01 3.18496227e-01 7.21978322e-02 3.29688340e-01 -7.16013253e-01 -4.77626622e-02 -7.72246242e-01 -1.48457110e-01
-4.35603231e-01 -4.18129742e-01 -1.31418064e-01 -1.45267650e-01 -2.08909765e-01 2.25451037e-01 2.09289491e-01 3.21752578e-01 -6.89695656e-01 1.62734044e+00 -1.48045897e-01 -9.95274410e-02 -5.01047432e-01 5.99718571e-01 -7.79588670e-02 7.43492618e-02 -1.16159702e-02 3.15890908e-01 -1.34426802e-01 -2.27956161e-01 2.78935909e-01 1.70873418e-01 7.06338406e-01 1.03537820e-01 1.05085745e-01 -4.87988926e-02 -1.93486214e-01 1.51421264e-01 3.88551682e-01 3.19501668e-01 -1.55186564e-01 4.00684178e-02
-2.45347738e-01 -3.20179075e-01 1.30350322e-01 -1.23184510e-01 -5.47673047e-01 5.37156701e-01 -1.84695080e-01 -3.57374758e-01 1.36461094e-01 -4.56028610e-01 5.90960160e-02 3.46340269e-01 2.22879350e-01 3.83108705e-01 3.06373835e-01 -7.26767302e-01 -4.39577907e-01 -1.44313538e+00 -1.50104240e-01 -3.24650794e-01 -7.86002632e-03 9.63880837e-01 4.98215169e-01 5.37321270e-01 -4.31812525e-01 1.68501556e-01 9.50123593e-02 -2.92549819e-01 -2.92449653e-01 -2.80631900e-01 -3.94428223e-01 -1.11112200e-01
1.03235267e-01 -5.61570488e-02 4.63988632e-02 -9.28752869e-02 3.25825453e-01 -8.90260935e-02 1.33350343e-02 -3.22563142e-01 -2.08182871e-01 4.83297348e-01 1.11461662e-01 2.61351854e-01 9.15731415e-02 -3.21356922e-01 -8.45075250e-02 -2.96354264e-01 9.00760293e-02 1.52874380e-01 -1.59237444e-01 -5.06681740e-01 1.06226109e-01 -2.15601176e-01 -1.27036303e-01 -8.08670446e-02 1.34798167e-02 2.48722792e-01 -6.05427176e-02 1.65420081e-02 9.76446718e-02 6.57313839e-02 1.12958550e-01 -2.91692056e-02
3.27822007e-02 -5.93862891e-01 -2.97275156e-01 8.37042153e-01 -2.52328902e-01 -3.58487546e-01 3.30430120e-02 -1.75635055e-01 1.20269418e-01 2.87797117e+00 -4.81106848e-01 8.99610579e-01 5.88201702e-01 8.22773576e-01 8.09926271e-01 -1.00617588e-01 -2.47126474e-04 -1.13138981e-01 5.30341566e-01 2.97819644e-01 3.59064966e-01 6.81158379e-02 -9.84887704e-02 1.12711310e+00 1.11693107e-01 9.10997763e-02 -2.33275101e-01 1.40638992e-01 8.02426860e-02 1.02741472e-01 6.25305712e-01 -1.43670171e-01
-1.55521080e-01 1.95335567e-01 1.99218228e-01 7.81482905e-02 -1.90601703e-02 -6.42544702e-02 6.40754998e-02 1.12007804e-01 1.45956511e-02 -1.37266353e-01 1.83937848e-01 4.80810814e-02 7.85041153e-02 -1.67293306e-02 1.59752861e-01 2.68760651e-01 2.16973480e-02 -9.55533609e-02 -2.63856575e-02 6.94662556e-02 -1.67376876e-01 -4.07005660e-03 -2.08520796e-02 -2.36763852e-03 -4.72963542e-01 -2.48926684e-01 4.56158109e-02 -1.15552679e-01 -3.86346467e-02 -5.00844605e-02 -1.78401303e-02 -4.37166780e-01
1.80863328e-02 -9.88843814e-02 -1.22185729e-01 2.68731918e-02 -1.62241533e-01 6.48978874e-02 -6.35486171e-02 1.74909025e-01 1.62055325e-02 2.66616493e-02 -3.53980400e-02 1.09466230e-02 -5.73468059e-02 -5.45079866e-03 -3.97431403e-02 1.76496744e-01 -1.01519927e-01 -1.69539273e-01 -3.69459251e-03 3.43297899e-01 -2.51617551e-01 -1.38093859e-01 1.67500209e-02 -9.30471066e-03 8.27719178e-03 -7.84328803e-02 -5.63695729e-02 -4.72436026e-02 -8.35705772e-02 5.38771078e-02 -1.51022719e-02 -7.68432533e-03
8.04629982e-01 -2.43241802e-01 4.92610902e-01 2.93525428e-01 -8.00195456e-01 -8.00957344e-03 -4.71921653e-01 3.20961792e-03 8.86649847e-01 1.53465405e-01 -2.58818924e-01 1.22521222e-01 8.78601447e-02 2.41176173e-01 7.39767194e-01 -1.25250506e+00 -4.42192435e-01 -1.17456627e+00 7.26850152e-01 -2.73008525e-01 -7.61527896e-01 2.96772718e-01 -2.62687087e-01 1.75724313e-01 6.97602808e-01 -5.08082025e-02 1.73223346e-01 -1.50375769e-01 -4.36655939e-01 1.79109037e-01 -4.25380059e-02 2.30071902e-01
3.86020094e-02 -4.19553578e-01 -2.79203445e-01 3.37090552e-01 2.82300144e-01 -4.80696976e-01 1.45359576e-01 1.22053325e-01 1.25305191e-01 -1.99530989e-01 -3.03027809e-01 5.16351581e-01 4.33803469e-01 -2.77601212e-01 2.66225100e-01 -5.69065928e-01 -2.65456587e-01 -9.21923280e-01 2.27233946e-01 -3.08329731e-01 -2.41316304e-01 -2.83004548e-02 4.92814213e-01 5.11867821e-01 -1.13170445e-02 -1.92887098e-01 3.69037718e-01 -1.33818045e-01 -2.20113583e-02 -4.90279198e-01 2.55284786e-01 1.17669366e-01
-5.70320040e-02 -2.77243666e-02 8.48051786e-01 9.95371267e-02 -1.40944600e+00 -4.37846988e-01 1.72151893e-01 -1.40748218e-01 7.23678768e-01 4.69632566e-01 -1.52776554e-01 -3.86329621e-01 1.43352486e-02 3.90317738e-01 6.94325790e-02 -2.53188491e+00 -3.46211135e-01 -3.47103167e+00 1.77958563e-01 2.51081493e-02 -6.96796536e-01 7.19905078e-01 1.07911602e-01 -3.60275418e-01 5.71725667e-01 1.30264267e-01 3.25414032e-01 4.41109650e-02 -1.15102381e-01 -7.72323668e-01 -5.58706343e-01 -1.84252664e-01
-2.76709825e-01 -1.31207868e-01 -1.05946422e-01 -3.87027115e-01 -4.81894523e-01 5.96069038e-01 1.40083477e-01 1.80479733e-03 -2.83036870e-03 3.74402463e-01 -2.92207539e-01 1.82621107e-01 1.60957262e-01 -3.18462908e-01 -1.89297929e-01 -6.34328783e-01 3.70681107e-01 -8.33765805e-01 -3.92152548e-01 8.27191398e-02 -2.59956747e-01 5.16143322e-01 -1.42763525e-01 3.19341153e-01 4.18980896e-01 -4.19583350e-01 3.74191016e-01 -3.27043096e-03 1.81588888e-01 2.17440557e-02 -2.07011893e-01 -2.41095070e-02
4.66556609e-01 6.06212437e-01 6.07610226e-01 -3.72866124e-01 1.43858954e-01 2.16432258e-01 1.99126124e-01 -1.56384513e-01 -7.83110023e-01 1.35122073e+00 -3.23021442e-01 -1.33999541e-01 -4.68887836e-01 1.21345913e+00 2.21002609e-01 5.72702773e-02 -2.67454404e-02 -9.74221706e-01 3.57714236e-01 -3.34698379e-01 3.87182720e-02 6.51859164e-01 -1.96276113e-01 -3.49514306e-01 6.76766992e-01 -8.03507924e-01 5.19927382e-01 -6.01635501e-02 -3.20414275e-01 -5.72793126e-01 6.28520325e-02 -4.94374543e-01
1.03466900e-03 -4.31034118e-01 1.72090717e-02 -1.47587836e-01 1.99449658e-01 1.24001190e-01 1.62196055e-01 -3.16069782e-01 -6.16431296e-01 -3.33464414e-01 -8.55980590e-02 3.90705361e-04 -1.20532006e-01 5.73452473e-01 4.76884156e-01 6.51437461e-01 2.29730263e-01 3.40177119e-02 4.74824756e-02 1.45766601e-01 -3.32576513e-01 2.40652695e-01 -3.33145827e-01 2.41207734e-01 -1.44204900e-01 -2.82915056e-01 4.37509477e-01 8.20473313e-01 -4.59186792e-01 -4.30062473e-01 3.19828749e-01 3.94139409e-01
-1.33321202e+00 1.65174231e-01 2.38896176e-01 -1.40474355e+00 -1.90732807e-01 -5.28022423e-02 1.70268163e-01 5.84201992e-01 1.77456558e-01 3.44636232e-01 -1.05842054e+00 7.92270660e-01 1.17295420e+00 3.53622645e-01 -7.35228479e-01 2.66733915e-01 5.98970115e-01 -4.81619775e-01 -3.26866716e-01 1.06820893e+00 -4.99555677e-01 -2.05786481e-01 -3.36868018e-01 -4.38163020e-02 6.35410309e-01 1.07202280e+00 7.61099696e-01 5.91027021e-01 5.96887589e-01 -1.12399435e+00 -4.53437306e-03 1.57158464e-01
-4.79302779e-02 7.59801418e-02 2.25278825e-01 -3.95527966e-02 3.94549787e-01 -7.83804953e-02 -7.43214414e-02 3.66506204e-02 -3.82465683e-02 3.15813601e-01 8.49147514e-03 6.61497861e-02 -8.79178103e-03 -1.43331021e-01 8.34736377e-02 -2.17913359e-01 1.00806817e-01 2.71935910e-02 9.25591029e-03 -4.04370606e-01 1.40462220e-01 -1.58351451e-01 1.09610790e-02 -1.05673438e-02 1.72961593e-01 7.90894125e-03 8.49860907e-02 1.26849011e-01 2.07661241e-02 -8.23598281e-02 5.27310222e-02 2.03888621e-02
2.51201168e-02 9.81467366e-02 3.30088735e-01 -2.59406622e-02 -1.60859331e-01 -1.43308267e-01 5.37368178e-01 1.28907368e-01 3.81013244e-01 -1.37013733e+00 -2.51511902e-01 4.38597023e-01 5.53847671e-01 -4.78732318e-01 -2.80080229e-01 -4.64681953e-01 3.92268360e-01 -1.16952324e+00 2.78173476e-01 -6.16044819e-01 1.03724098e+00 -3.96717250e-01 -2.61742949e-01 -1.31867170e+00 -1.12423236e-02 3.88655692e-01 -9.02921081e-01 -9.78990018e-01 2.16923892e-01 -1.90988462e-02 -2.14182511e-01 -2.90023535e-01
9.13263619e-01 -2.86756992e-01 -2.26829186e-01 4.47241664e-01 -2.60186762e-01 -2.47144178e-01 -7.73365349e-02 -2.15175658e-01 6.08469009e-01 -7.19672963e-02 -1.04251057e-01 -5.89267015e-02 7.47713864e-01 -3.96840692e-01 3.55475307e-01 -5.84072173e-01 -2.77816076e-02 -1.08215916e+00 5.97513437e-01 -5.35317734e-02 -3.35090429e-01 9.45550129e-02 -1.47257587e-02 9.19817239e-02 -2.96500195e-02 -2.11856291e-01 8.07282507e-01 4.56616431e-01 -6.61659598e-01 3.44199717e-01 4.07428324e-01 3.07877451e-01
-2.93531835e-01 3.35959673e-01 -1.39907852e-01 -4.99939499e-03 -5.90466380e-01 -2.28679895e-01 7.80191720e-02 4.20949996e-01 -3.92952701e-03 -7.28409529e-01 -1.02750167e-01 -1.59064695e-01 -3.93210500e-01 1.52301863e-01 2.85345286e-01 -1.72763273e-01 -1.26731470e-01 3.10096860e-01 3.66912633e-02 3.11496913e-01 -1.80083096e-01 -3.23606320e-02 -4.58032778e-03 -1.13765020e-02 -1.33361250e-01 -1.78972736e-01 3.04691911e-01 -3.01351964e-01 9.18851346e-02 5.31413704e-02 -9.94062126e-02 2.01772541e-01
1.72842331e-02 -7.11976945e-01 -5.68390340e-02 -6.20338321e-02 -7.53221139e-02 -7.40699247e-02 2.12047510e-02 -2.08209217e-01 -5.30955732e-01 4.58123624e-01 2.83506215e-02 2.89402865e-02 3.09436470e-01 4.15880322e-01 3.07982489e-02 -4.88293678e-01 -3.49322498e-01 -4.74331230e-02 -8.40241555e-03 -2.60588825e-02 1.37632981e-01 -4.32711616e-02 7.56819606e-01 1.15442544e-01 -3.61098140e-01 1.77697852e-01 3.82019371e-01 5.15974686e-02 -7.26878420e-02 1.74678862e-01 -1.46808892e-01 -2.15526104e-01
9.06086743e-01 1.85174420e-02 -3.20501626e-01 2.96199203e-01 -3.47745895e-01 1.63740039e-01 5.59667349e-01 2.93733720e-02 -2.25242689e-01 -6.96740031e-01 -8.43450487e-01 1.32585859e+00 -4.88452613e-02 -6.90458417e-01 2.78603345e-01 1.79629430e-01 -8.88925493e-02 1.47435918e-01 2.19937876e-01 -1.83411509e-01 -2.04777408e+00 -1.44763827e-01 -8.95685434e-01 -1.35524184e-01 -5.89114368e-01 -1.77358791e-01 3.43783975e-01 9.02472079e-01 -1.54695809e-01 1.53798714e-01 8.68595317e-02 6.42279744e-01
-2.47368053e-01 1.85693055e-02 -1.14352489e+00 1.10355325e-01 4.87456143e-01 6.41076088e-01 3.04116786e-01 -9.42751765e-03 -1.26878157e-01 8.90850306e-01 -2.42913857e-01 -1.27403259e+00 2.17836693e-01 8.97964537e-01 -3.58732104e-01 8.76014948e-01 4.20651995e-02 1.81556535e+00 -4.96134251e-01 1.90324653e-02 2.94939786e-01 -2.62582481e-01 2.45951921e-01 8.58921349e-01 -2.04826236e-01 6.49718940e-01 7.59584457e-02 -2.81684399e-01 7.13990033e-02 2.96024144e-01 9.03277516e-01 -8.77991617e-02
-1.14243522e-01 3.43817949e-01 -3.70626710e-02 -6.44326389e-01 -1.90745413e-01 7.64668047e-01 3.26139182e-01 8.48708689e-01 3.57877135e-01 1.92748204e-01 9.94115651e-01 -3.54287416e-01 1.17437698e-01 2.95524597e-01 9.61811841e-02 -7.70730972e-01 2.49315947e-01 -1.52497754e-01 -3.89760464e-01 -5.59717596e-01 5.60925379e-02 -1.36437252e-01 2.94830441e-01 1.21242993e-01 -1.48637459e-01 2.07065195e-01 -6.21329388e-03 -1.04489096e-01 -4.97271180e-01 2.34737530e-01 -2.97177047e-01 3.95985208e-02
1.31398812e-01 -7.89867062e-03 -1.95361406e-01 6.23407913e-03 9.46221233e-04 4.84611690e-02 -4.17564586e-02 7.40195736e-02 -4.30400595e-02 2.62337867e-02 -7.46874809e-02 -3.38578224e-01 2.52713978e-01 2.32514068e-01 1.84514523e-02 1.88226532e-02 6.96306899e-02 -1.09292611e-01 1.13163181e-01 2.61144102e-01 1.23342216e-01 2.38696173e-01 7.83917308e-03 2.47343466e-01 -8.71781185e-02 -2.62803495e-01 -1.72498584e-01 -1.75650105e-01 -3.30338806e-01 -1.48119539e-01 3.10563482e-02 -3.04164171e-01
4.24437344e-01 -1.19228691e-01 5.63718259e-01 3.92695218e-01 2.88431704e-01 4.26343858e-01 1.24438691e+00 -3.84113371e-01 5.32924771e-01 8.31741542e-02 -6.38606191e-01 2.41258144e-01 -5.24812579e-01 4.42145243e-02 8.55350941e-02 2.98107594e-01 -6.58610702e-01 -4.87945348e-01 3.27097595e-01 -4.46561947e-02 -1.40127122e-01 5.88472366e-01 2.59803802e-01 6.68587387e-01 2.69492287e-02 -1.53269365e-01 -2.31170863e-01 2.32775182e-01 1.56941354e-01 4.10415679e-01 -1.92578316e-01 7.21269380e-03
-4.00766224e-01 -4.51728731e-01 1.48540187e+00 1.19106993e-01 -9.09751117e-01 -6.49882406e-02 -1.30493152e+00 -9.34009254e-01 4.28946286e-01 8.72496009e-01 1.17078409e-01 -6.15680754e-01 -3.10147405e-01 9.94625390e-01 5.03138244e-01 -2.18341804e+00 2.23606691e-01 -2.82470322e+00 1.68645883e+00 8.12793791e-01 -5.28901815e-01 1.67803061e+00 -3.21583122e-01 3.69496584e-01 3.37767303e-01 -6.82849228e-01 -2.31132492e-01 3.37302357e-01 2.48346925e-01 6.62372857e-02 4.41768169e-01 1.41138643e-01
-1.18185049e-02 2.56794016e-03 1.23155177e-01 5.29314615e-02 3.46094936e-01 -3.33375372e-02 6.53270930e-02 1.14122564e-02 7.97368363e-02 -8.43861774e-02 6.65795989e-03 -9.03750286e-02 8.51082951e-02 1.85331982e-02 -2.65364237e-02 -7.73450965e-03 -1.11854890e-04 -1.13990922e-02 -6.36387169e-02 6.56289458e-02 1.29852355e-01 8.38369578e-02 -3.04530486e-02 -2.47165058e-02 -1.08735852e-01 -1.67433500e-01 2.11001616e-02 3.54175627e-01 -1.71742421e-02 -4.70501967e-02 4.16384824e-02 -2.57218391e-01
-3.89405817e-01 -9.52950865e-02 -9.90321115e-02 -1.76816046e-01 -1.28302827e-01 4.99153703e-01 1.86628569e-02 7.87182868e-01 -4.05215025e-01 8.18832576e-01 -4.87590671e-01 1.33419704e+00 6.02169573e-01 3.30985278e-01 5.97140968e-01 3.22662115e-01 -1.39799029e-01 1.93518028e-01 -3.09296906e-01 6.21981733e-03 -1.77626610e-01 -5.68907022e-01 5.40694773e-01 -3.13043267e-01 -2.47301951e-01 -7.60916844e-02 -7.11815536e-01 4.24657524e-01 -1.64174542e-01 -3.52529049e-01 -5.57652861e-02 4.05984521e-01
-1.40813634e-01 -2.00456798e-01 6.32358491e-01 3.29920769e-01 -8.71960640e-01 3.39734077e-01 2.76948452e-01 -6.39904976e-01 6.98112309e-01 3.28004748e-01 -2.20150910e-02 3.00903976e-01 -1.62611902e-01 1.39807194e-01 1.81186259e-01 -2.45132113e+00 7.05366954e-02 -1.39913690e+00 3.56778540e-02 8.81729648e-02 -2.29292177e-02 1.76920339e-01 3.22913378e-01 2.99245417e-01 -2.21792325e-01 -6.24989390e-01 -6.74201548e-03 -1.98025316e-01 -4.09425378e-01 -4.15723264e-01 1.13936715e-01 -3.33238900e-01
-1.51699618e-01 1.14003971e-01 -8.93127248e-02 1.31947413e-01 -1.57308042e-01 -9.25077572e-02 4.21140432e-01 -2.24202842e-01 -7.03318238e-01 1.70037317e+00 -4.08320904e-01 5.45126852e-03 -2.70911425e-01 1.28813887e+00 -3.86236399e-01 1.53739274e-01 3.83537598e-02 7.91634023e-02 -8.17244574e-02 -2.79308945e-01 -6.82539195e-02 2.43345186e-01 -6.49195611e-02 -2.30557755e-01 -2.31426090e-01 5.53557910e-02 4.10882831e-01 5.47606111e-01 1.77142516e-01 -4.84703511e-01 3.14358801e-01 3.42544168e-03
-2.26462521e-02 -8.70259330e-02 8.34029615e-01 3.97057831e-01 -3.90393406e-01 -5.41261613e-01 -1.08117139e+00 1.18615195e-01 4.38118309e-01 4.35576528e-01 5.96488081e-03 2.54451055e-02 1.81036010e-01 1.84486046e-01 -3.28743160e-01 4.03104961e-01 7.88110495e-02 -5.40320436e-03 1.80130005e-02 -2.81739086e-01 7.77044177e-01 5.11353850e-01 1.14396932e-02 -6.29218280e-01 -1.89513806e-02 3.51414606e-02 -2.85114586e-01 3.62785786e-01 -1.11387990e-01 2.50634938e-01 -2.51421720e-01 -2.64961541e-01
9.70282555e-01 -1.44906178e-01 6.08922064e-01 9.14929509e-01 -6.15489602e-01 -1.52859554e-01 -7.70394385e-01 -6.24957204e-01 1.19970620e+00 -1.81663406e+00 -2.11782426e-01 5.82624197e-01 -1.18359327e+00 -3.34733009e-01 2.95266092e-01 -9.51371491e-01 2.23514382e-02 -5.19172549e-01 6.64322138e-01 7.86565542e-01 3.26257080e-01 -3.90793234e-01 -2.51963186e+00 -6.29802644e-01 5.49648523e-01 5.51129222e-01 -8.72334480e-01 -3.98120254e-01 6.81773527e-03 1.18064976e+00 -1.09817159e+00 -7.41258562e-02
-5.15246987e-02 2.00452149e-01 2.24537756e-02 -4.49944884e-02 -2.19241008e-01 -5.85348569e-02 9.11836550e-02 -4.42702770e-02 -1.33151710e-02 -1.00554608e-01 6.61711618e-02 5.99893667e-02 7.41116628e-02 -2.77124923e-02 1.45012349e-01 -8.88695717e-02 8.93455446e-02 2.15212241e-01 -1.69200674e-02 -2.99782991e-01 1.42312199e-01 7.44443238e-02 -2.98138149e-02 -3.12754922e-02 -3.05555046e-01 -5.85099682e-02 1.70135126e-02 -8.59213173e-02 1.20373862e-02 -2.38260091e-03 7.69458595e-04 -2.06557453e-01
-7.81860426e-02 2.59904951e-01 1.78775764e+00 3.96794111e-01 -1.42103493e+00 2.50125468e-01 -1.65086299e-01 -4.72442150e-01 9.08304274e-01 6.26075208e-01 1.19211487e-01 -3.71049136e-01 -8.40427458e-01 1.06043923e+00 1.35977149e-01 -3.61828494e+00 -2.94186711e-01 -4.84091854e+00 2.71144301e-01 1.14892744e-01 -1.07952070e+00 1.10275376e+00 3.97827953e-01 1.42274881e-02 3.79274994e-01 -1.28276691e-01 -5.78675866e-01 5.51812947e-01 -1.57656491e-01 -4.62524593e-02 -8.76858607e-02 -1.34434760e-01
-1.45412290e+00 -3.00539029e-03 -5.90639152e-02 -5.51773250e-01 1.79882839e-01 3.76457274e-01 -3.86577964e-01 3.47436756e-01 4.38741036e-02 8.52609798e-02 2.96052307e-01 -4.84843850e-01 2.42810994e-01 9.05953169e-01 -2.46361777e-01 -2.55791426e-01 3.33109573e-02 3.88600707e-01 -4.25433069e-01 -5.99823035e-02 2.71987885e-01 5.48684478e-01 6.39483929e-01 7.70547464e-02 7.23046213e-02 6.21664412e-02 -5.28707027e-01 -6.45725429e-02 3.60801190e-01 -3.73002023e-01 -5.03544390e-01 -9.54677701e-01

layers.2.bias:
-1.52360296e+00
-6.99022949e-01
6.66913569e-01
-5.88544786e-01
8.91913101e-02
-6.57570004e-01
3.73226404e-01
2.13240743e+00
6.88381314e-01
7.19333291e-01
-1.00506794e+00
-1.44173610e+00
-2.55147427e-01
8.76901865e-01
-2.48054951e-01
-8.06741714e-01
-1.22711055e-01
-5.97612679e-01
3.63481075e-01
-4.91067320e-02
-3.71641703e-02
7.78661907e-01
8.13640773e-01
-5.60463145e-02
-5.01965404e-01
9.35135186e-01
-8.29946399e-01
-1.08934462e+00
3.75981003e-01
-1.11486673e+00
-1.95974082e-01
-1.55957460e-01
6.35966122e-01
2.11842284e-01
-4.46521193e-01
-4.96398881e-02
-1.15647279e-01
1.32783711e+00
1.12435591e+00
-2.09469631e-01
8.66743386e-01
-2.14922935e-01
-4.33213949e-01
1.28724706e+00
3.01121533e-01
-1.11388981e+00
1.11708617e+00
-4.56705958e-01
7.27264881e-01
1.51601875e+00
1.99858457e-01
1.72288105e-01
1.45597219e-01
-6.27852380e-01
1.67000651e-01
-3.57203633e-02
8.52698386e-01
-2.08517149e-01
1.76681913e-02
-6.45559669e-01
6.04009509e-01
3.71088311e-02
-4.56461102e-01
4.38155413e-01

layers.4.weight:
5.34083724e-01 -6.10267103e-04 -9.60483328e-02 1.68321375e-02 -1.77185219e-02 -2.76843607e-01 1.36251105e-02 -6.16680562e-01 -2.14175418e-01 -3.73669714e-01 8.40620100e-02 7.27183342e-01 -1.92175615e+00 -6.89776018e-02 2.00933162e-02 -1.12384689e+00 -9.98557298e-05 3.18487510e-02 1.34257659e-01 -1.74930654e-04 5.60642555e-02 -4.18935940e-02 3.66859362e-02 2.35097840e-01 -5.17612509e-02 -6.72305701e-03 -4.73628752e-04 7.46134460e-01 -3.72089267e-01 3.72838646e-01 -5.24358377e-02 -1.32289618e-01 -1.36569321e-01 9.49889980e-03 1.38933249e-02 6.39800797e-04 3.23304412e-04 -1.32584274e-01 1.80088021e-02 1.91691965e-01 -3.24641876e-02 3.97770703e-01 4.37631719e-02 -1.09925203e-01 -1.59041010e-04 1.43989757e-01 3.15989852e-02 -8.89789313e-02 -5.12265079e-02 -5.79440951e-01 -1.26026019e-01 -5.29890805e-02 -4.74512228e-04 -3.63915078e-02 -9.91696656e-01 -7.10134569e-04 1.46201581e-01 -4.03092921e-01 -1.27467895e-02 -2.47039758e-02 5.88590689e-02 6.04371307e-04 9.61799681e-01 -1.22090001e-02

layers.4.bias:
-9.97446418e-01

