layers.0.weight:
3.31696361e-01 -5.67613244e-01 7.97264636e-01
5.69172144e-01 -8.09445798e-01 -5.80563486e-01
-8.31293464e-02 -6.13938749e-01 -5.77727258e-01
-1.07055378e+00 1.15616508e-01 4.58123112e+00
2.67282110e-02 4.11940843e-01 1.16166264e-01
-5.79876065e-01 8.58121514e-01 -1.84879377e-01
-1.31842160e+00 4.86020595e-01 -9.88645032e-02
-6.01682402e-02 7.88846374e-01 -9.23566997e-01
6.03414774e-01 -9.26082134e-01 5.12713566e-02
-1.11527514e+00 5.86289167e-02 -1.64189592e-01
7.53551662e-01 -9.85680073e-02 1.41279221e+00
-7.16238439e-01 -1.31785080e-01 -1.29353356e+00
-4.30584475e-02 7.12955832e-01 -1.57757306e+00
-1.16726887e+00 2.10410804e-02 5.00053525e-01
-6.46977663e-01 1.09646142e+00 7.52028525e-01
-1.81771189e-01 9.48456824e-01 1.64468549e-02
5.46070874e-01 -6.33792400e-01 -1.45019031e+00
-1.15504665e-02 1.12846863e+00 1.84981868e-01
8.07071701e-02 -9.54183042e-01 5.35116851e-01
3.41117471e-01 -1.28724232e-01 -8.64976227e-01
2.23475501e-01 1.65966094e-01 -5.10879010e-02
-3.24195027e-01 -2.56797969e-01 -1.00232065e+00
-4.64660525e-01 1.65601885e+00 -4.46076952e-02
-1.56447518e+00 4.06930357e-01 1.75152493e+00
1.05132234e+00 3.79940838e-01 -7.78481364e-01
2.59609371e-01 6.71772659e-01 -1.17486012e+00
-1.16151750e-01 -2.13369340e-01 1.90187418e+00
-3.97779703e-01 -2.44972542e-01 1.92939892e-01
3.22416067e-01 7.57217348e-01 -1.46468067e+00
-1.04933763e-02 4.65525806e-01 1.70563948e+00
-2.89658904e+00 2.84448242e+00 -1.78299040e-01
-1.26738083e+00 -5.19488692e-01 1.02004325e+00

layers.0.bias:
8.77201200e-01
4.81547834e-03
-1.42384720e+00
-6.34384930e-01
7.07518518e-01
-2.04255387e-01
-3.54310095e-01
2.86240637e-01
-7.45998621e-01
-1.59115899e+00
1.64644122e-01
1.80825554e-02
2.46107668e-01
-1.21306002e+00
-2.90836543e-01
1.43946290e+00
9.34610724e-01
1.82654703e+00
-6.68276668e-01
5.78918040e-01
-1.44309163e-01
-1.35729384e+00
1.02535832e+00
-7.05530941e-02
1.36946186e-01
5.60703695e-01
8.80503118e-01
-1.57881156e-01
-4.88352716e-01
7.31267482e-02
8.91685039e-02
-6.70209900e-02

layers.2.weight:
-4.02747154e-01 1.30415142e-01 1.49493426e-01 -4.25823420e-01 -3.04040819e-01 5.54040782e-02 -1.70375537e-02 -7.45016336e-02 1.05485041e-02 3.12588835e+00 1.07741617e-01 1.06128700e-01 -2.80823201e-01 2.42414975e+00 -1.67570487e-01 2.47832313e-01 -1.81872800e-01 4.79068786e-01 1.49224222e-01 -3.86846423e-01 3.16147149e-01 -7.87230134e-02 -5.82667112e-01 6.13044858e-01 1.57849658e-02 5.75663865e-01 -7.44706154e-01 -1.98038071e-01 -1.02462485e-01 -1.53834656e-01 -2.94603091e-02 1.55475691e-01
2.84539517e-02 1.92435607e-01 -9.53584194e-01 8.45063627e-02 -2.93264151e-01 -1.52297691e-02 -7.68376589e-01 -5.51189244e-01 6.36362195e-01 5.03465295e-01 3.84876817e-01 -2.95469970e-01 2.02225924e-01 -1.91273075e-03 -4.26173449e-01 2.97117919e-01 -3.64450425e-01 4.80092019e-01 -3.58122766e-01 -8.99491608e-02 5.68704367e-01 -2.28805318e-01 -5.11306226e-01 -6.02225028e-03 -7.22736940e-02 -1.30565688e-01 -2.91672081e-01 -4.99241978e-01 3.22434716e-02 -1.90552562e-01 -2.15693936e-01 2.74176031e-01
9.45881829e-02 4.42529172e-02 2.34288290e-01 -6.48696005e-01 -1.03013670e+00 -1.71400189e-01 -4.25703764e-01 1.88259616e-01 7.74976015e-01 9.31415558e-01 -4.69802052e-01 -1.53278902e-01 5.37045524e-02 2.60219306e-01 -1.12461656e-01 -1.15179753e+00 4.39828075e-03 -1.02375162e+00 7.87866190e-02 3.07999760e-01 -8.77555013e-01 -7.01878518e-02 7.37266690e-02 -9.93803203e-01 -9.96841133e-01 3.00405800e-01 -1.05720425e+00 8.32526028e-01 2.77333587e-01 -3.09934765e-01 -2.31033042e-01 8.81453753e-01
2.26023018e-01 -2.09044367e-01 1.29085124e-01 1.33880651e+00 3.32965285e-01 4.27230537e-01 6.73571229e-01 -2.12386310e-01 -2.23501012e-01 -2.48710718e-02 1.51922494e-01 -5.03434129e-02 -5.57680964e-01 2.04117209e-01 7.27585912e-01 5.30524492e-01 -5.48880279e-01 3.99608195e-01 2.96162665e-01 -1.71478927e+00 -1.14232647e+00 -1.36478513e-01 4.12999988e-01 2.16140556e+00 -2.11634254e+00 -5.49616754e-01 4.89126116e-01 9.49693978e-01 -6.40448391e-01 -1.68673277e-01 2.26333812e-02 1.86643791e+00
-2.28868239e-02 -3.38508308e-01 3.43442917e-01 -5.11296749e-01 1.70570165e-01 -2.07254782e-01 -1.05536044e+00 2.38430902e-01 -2.36142073e-02 -4.33149189e-01 3.81031305e-01 -7.38933682e-01 8.62212896e-01 -1.03337634e+00 8.89420509e-03 -6.71332300e-01 -2.07687259e-01 -7.75241375e-01 -2.69350171e-01 3.06234118e-02 1.02671576e+00 -4.61608768e-01 4.35593158e-01 -5.04186451e-01 -6.92679822e-01 7.08627820e-01 3.18875723e-02 -8.73320639e-01 -1.76723406e-01 5.62372327e-01 -6.48972765e-02 1.66790280e-02
-4.65104997e-01 4.25263867e-02 6.50103033e-01 1.54942155e-01 -1.31316650e+00 -2.49940500e-01 -2.96216309e-01 1.73100248e-01 6.52152777e-01 2.38826230e-01 5.92315376e-01 2.51896590e-01 -8.86588916e-02 -2.70914644e-01 -1.18153095e-02 -1.90826941e+00 -5.31776786e-01 -2.22415519e+00 7.96161294e-01 -2.95199007e-01 -3.65343720e-01 8.99045691e-02 -4.28877473e-01 -3.47135931e-01 8.62030536e-02 3.18040252e-02 1.42805547e-01 9.08364654e-01 -2.82679200e-01 -4.30901259e-01 -1.09482789e+00 3.90059173e-01
1.17641896e-01 6.71992369e-04 -2.90153712e-01 -2.85507310e-02 -9.02431235e-02 1.55427545e-01 -9.02475938e-02 -4.08489227e-01 -1.59125194e-01 3.34912777e-01 2.38904551e-01 1.87715605e-01 3.17149132e-01 2.34838054e-02 -4.98317741e-02 -2.90740460e-01 4.44302857e-02 8.82482380e-02 4.66967467e-03 -2.66748488e-01 -4.62850630e-01 3.35061997e-02 -1.20591139e-03 7.62612000e-03 1.92018658e-01 3.09035003e-01 -3.69974196e-01 -3.98500115e-01 -1.58385664e-01 4.48057987e-02 7.10606650e-02 9.25568640e-02
2.69827127e-01 8.91470909e-02 -3.79795462e-01 3.60653013e-01 1.95751578e-01 -6.18057191e-01 1.52714416e-01 4.87564772e-01 3.39909084e-02 -2.19741493e-01 -1.28154725e-01 9.54746723e-01 3.06672782e-01 -4.33445781e-01 -1.48294017e-01 2.00657979e-01 5.08997142e-01 1.59497172e-01 2.23349720e-01 4.89093870e-01 -1.44399297e+00 -8.89280319e-01 1.44879878e-01 3.78545374e-01 1.87758058e-01 7.28695452e-01 6.08938694e-01 5.36814451e-01 -7.05529153e-01 4.99487936e-01 1.81456819e-01 -2.57762820e-01
2.45776266e-01 1.85743526e-01 -6.01772428e-01 -2.52779543e-01 1.45053375e+00 -5.72123051e-01 -4.87090617e-01 -3.88376206e-01 -8.38651299e-01 3.46499324e-01 3.85548115e-01 3.98609638e-01 6.77826643e-01 -2.67658591e-01 1.84025109e-01 2.32930708e+00 2.84706086e-01 1.43451393e+00 -5.35046935e-01 -7.63534233e-02 1.51012361e-01 -3.35207373e-01 8.47714096e-02 1.62829861e-01 1.22492768e-01 3.95217985e-01 6.00825474e-02 -1.32027283e-01 -8.40156451e-02 1.63659349e-01 2.10574293e+00 -2.72550493e-01
-7.00697064e-01 1.60547227e-01 1.97652988e-02 -6.09267890e-01 1.66492745e-01 6.93321303e-02 -2.55559999e-02 4.42955434e-01 4.65888143e-01 -6.56525642e-02 -7.34045058e-02 3.39278877e-01 2.62953460e-01 2.11125687e-01 -3.84695381e-01 -8.25540125e-01 3.50951344e-01 -7.69489825e-01 -4.80325699e-01 -2.58829594e-02 -6.18873715e-01 -1.34210259e-01 1.58563241e-01 4.47483268e-03 -2.29363352e-01 -2.24756151e-02 -2.61230707e-01 2.50985771e-01 3.49367142e-01 6.85269088e-02 9.11288112e-02 -2.28409506e-02
5.16134083e-01 -2.09982961e-01 3.83239910e-02 -3.69378984e-01 -8.29396427e-01 -8.55260193e-01 -3.75951946e-01 1.89902708e-02 7.52947211e-01 1.07250966e-01 -5.32118201e-01 -1.13219492e-01 8.43870401e-01 -6.38329923e-01 -2.13906288e-01 -8.14999402e-01 -6.27705514e-01 -1.70664001e+00 2.80071884e-01 -8.42564926e-03 1.06716979e+00 -2.65331984e-01 -1.36222696e+00 -2.20507190e-01 -3.83713953e-02 -1.08311012e-01 -4.36798185e-01 -5.92112362e-01 1.04903013e-01 -4.02091712e-01 -5.94178922e-02 3.43960613e-01
-4.04395461e-02 -1.48399085e-01 1.68399954e+00 -8.11399221e-01 -8.71373177e-01 1.02054656e-01 -5.36708347e-02 -4.83055770e-01 2.23455966e-01 1.92596436e+00 6.14138767e-02 -1.70165375e-01 2.25905806e-01 3.19373918e+00 1.65323287e-01 -9.79210913e-01 2.24025249e-01 -2.81690311e+00 6.65040374e-01 -3.92500937e-01 3.44718128e-01 5.43444693e-01 -2.76416600e-01 8.13924968e-01 1.43442806e-02 -6.31462455e-01 3.57435554e-01 -1.76958948e-01 4.40205969e-02 9.52833295e-02 2.68151700e-01 -4.34049010e-01
-5.13087213e-01 -1.90242007e-01 9.23717499e-01 3.60239685e-01 -5.54733396e-01 5.14942944e-01 3.24210487e-02 -9.47794378e-01 3.34211767e-01 6.33093059e-01 9.35207829e-02 3.14892173e-01 -4.65621591e-01 -1.81946769e-01 5.22948623e-01 -3.94945765e+00 -7.05281049e-02 -5.81196356e+00 6.52536988e-01 -9.33669746e-01 -7.35700488e-01 4.51779693e-01 5.09890497e-01 -9.56808254e-02 -2.18054891e-01 -2.34530762e-01 -3.97011399e-01 5.97914040e-01 -6.65226817e-01 -3.75918239e-01 -5.36090076e-01 -3.33958924e-01
-9.56338644e-03 -1.11551814e-01 -5.83426833e-01 -9.81233940e-02 -1.47695988e-01 -5.80096841e-02 2.46621460e-01 3.75681072e-01 3.71072620e-01 -7.24792123e-01 5.89120984e-01 -4.88721102e-01 3.65655214e-01 -8.29875767e-01 -3.68310690e-01 -8.61073062e-02 -2.04750225e-01 1.79796174e-01 -1.75296977e-01 1.75196692e-01 2.86286138e-02 -9.85473171e-02 1.23735428e-01 -2.38273934e-01 -1.49737552e-01 7.84738243e-01 -3.83319668e-02 9.05621797e-03 -1.78783745e-01 2.27991745e-01 4.46623117e-02 3.83645445e-01
-1.05587077e+00 2.38462701e-01 -1.06545113e-01 2.64321655e-01 -4.56178673e-02 6.98290944e-01 -3.57556522e-01 1.42478095e-02 3.46286714e-01 -1.96771115e-01 -8.20715666e-01 3.04790556e-01 2.35969305e-01 -5.37930191e-01 -3.12193811e-01 -5.27199030e-01 2.95218050e-01 -4.19625700e-01 -6.27383590e-01 3.91538829e-01 1.34399676e+00 9.75090861e-01 2.33735573e-02 1.24045342e-01 -3.19015175e-01 2.17201680e-01 -6.70026481e-01 -1.44216279e-03 1.06160915e+00 -3.19036633e-01 -3.81779559e-02 9.72576737e-02
-5.34954727e-01 -2.68531516e-02 1.73695385e-01 1.85848638e-01 -2.71532327e-01 1.66145861e-01 -1.09939063e+00 -8.41271728e-02 2.44836181e-01 4.58250523e+00 7.51401067e-01 1.47312239e-01 1.73722863e-01 2.38465023e+00 4.05828618e-02 -1.10178381e-01 -4.75875616e-01 -1.68511510e-01 3.84856458e-03 -2.48303935e-01 -5.65734386e-01 4.15455908e-01 3.39808881e-01 1.88044578e-01 -3.06822777e-01 -4.39485490e-01 -5.97027242e-01 2.02552482e-01 -5.70039675e-02 -5.95730186e-01 -1.67821854e-01 -3.25161904e-01
-1.00807935e-01 1.66756362e-01 2.12665182e-02 4.37641703e-02 -8.02975819e-02 2.13779369e-03 6.60918504e-02 -5.99391945e-02 5.28326072e-02 -2.94901490e-01 1.03071667e-01 -4.26983610e-02 2.85807680e-02 9.07934085e-02 1.17393501e-01 2.19413918e-02 3.08495089e-02 -5.02316188e-03 -2.09531933e-02 7.84895346e-02 2.80560374e-01 1.85186729e-01 2.53744870e-02 2.78342851e-02 2.27785408e-02 -1.46960001e-02 5.75804971e-02 2.89235324e-01 2.57274285e-02 1.29262423e-02 -7.85360262e-02 7.50993341e-02
3.97094548e-01 -1.26001671e-01 -7.47727633e-01 6.05627336e-02 3.42606425e-01 -3.73092949e-01 -3.82608175e-01 -3.58316481e-01 2.22809061e-01 -8.45898271e-01 2.53655743e-02 1.10333823e-01 1.97506994e-01 4.31427881e-02 -9.53395516e-02 3.12024981e-01 -3.07549417e-01 6.26106083e-01 9.90115386e-03 9.31887507e-01 1.09834686e-01 -4.01072614e-02 -5.29714942e-01 -1.08826861e-01 3.84270144e-03 -4.25920039e-01 8.60710204e-01 -5.14275312e-01 2.20388472e-01 3.17506075e-01 -1.17500429e-03 3.18431184e-02
-2.08383054e-01 -1.57095015e-01 -3.65162015e-01 -1.39951423e-01 5.78440547e-01 1.92207936e-02 1.67755872e-01 5.38413823e-02 2.68455297e-01 -3.78258169e-01 -8.79893675e-02 -9.94889319e-01 4.04667795e-01 -1.41833648e-01 -1.15323931e-01 3.60206872e-01 -1.94142163e-01 5.31684637e-01 2.20419094e-01 -1.27567127e-01 -7.12884143e-02 -2.43407696e-01 4.25532073e-01 -2.81559676e-01 1.17754877e-01 1.22693136e-01 -1.06062531e-01 4.28865075e-01 -8.33396316e-02 4.22044128e-01 9.39363837e-01 2.42424667e-01
9.04180482e-02 1.61622494e-01 -8.95557180e-02 7.37615973e-02 -3.17429600e-04 1.44760624e-01 -8.06907713e-02 -6.58447295e-02 2.00504921e-02 1.80085927e-01 4.28174771e-02 1.65967345e-01 -6.02731071e-02 -1.04683548e-01 1.20880760e-01 3.90184820e-01 7.60032237e-02 -3.41257066e-01 2.92211119e-02 -8.50357860e-02 -1.21186920e-01 -1.89266130e-01 -1.58019699e-02 -7.93780852e-03 5.55838719e-02 1.45669997e-01 1.74254552e-02 1.47552360e-02 8.81878063e-02 1.42096635e-02 5.28547564e-04 5.65622421e-03
6.77281916e-01 -1.19462542e-01 5.43243527e-01 5.07497966e-01 -8.42375383e-02 -3.57833177e-01 -6.40549839e-01 -7.84817711e-02 -3.88151735e-01 -9.21604514e-01 -1.14042222e-01 1.00757635e+00 5.32424927e-01 -5.75906575e-01 6.91425860e-01 6.90711200e-01 -2.14505233e-02 -1.09776646e-01 4.59486216e-01 5.20971715e-01 -5.85484147e-01 2.56691556e-02 4.29934025e-01 1.14946634e-01 1.16470770e-03 -3.09519142e-01 7.71046057e-02 4.03356403e-01 -1.58059686e-01 -1.04157329e-01 1.98912740e-01 5.31514049e-01
1.79188505e-01 -1.42668054e-01 2.04436883e-01 1.00473605e-01 -1.67861670e-01 1.63560331e-01 1.20248091e+00 9.08546969e-02 2.99093783e-01 3.16792250e-01 2.55374700e-01 4.69869196e-01 -3.57669473e-01 -4.39330220e-01 1.68764770e-01 -8.93500686e-01 -7.47896582e-02 -8.20220351e-01 -7.73757622e-02 -4.42553699e-01 -5.83683610e-01 9.44056362e-02 3.02661717e-01 -4.00512628e-02 4.46419604e-02 -3.98397475e-01 -7.53274560e-01 5.49683690e-01 -6.07256591e-02 -2.38657475e-01 3.39350224e-01 -4.91872653e-02
-2.71406607e-03 -6.56389147e-02 -2.82827139e-01 4.18537617e-01 -6.66128024e-02 4.66262519e-01 2.93475389e-01 -2.58839786e-01 -2.79983640e-01 3.60070288e-01 5.34537621e-02 5.40768243e-02 4.31020737e-01 5.25759399e-01 -1.30294621e-01 -8.06976378e-01 5.18577933e-01 -3.83560687e-01 4.24660109e-02 -2.86364108e-01 -3.84989679e-01 7.00311642e-03 -3.61814201e-01 2.96557337e-01 -4.40677702e-01 -1.16997473e-01 -4.51866649e-02 -3.85053545e-01 6.76824376e-02 -1.05250239e-01 5.39569706e-02 -2.58883655e-01
7.19590068e-01 2.87615713e-02 -3.76602739e-01 1.43463954e-01 3.03928256e-01 -4.55682397e-01 9.70367249e-03 3.75406086e-01 2.32801989e-01 -2.88142061e+00 8.32631513e-02 2.04641208e-01 4.18549210e-01 -1.67912829e+00 -2.65883729e-02 4.52310741e-01 2.20709011e-01 4.52129453e-01 -3.02664280e-01 5.19536808e-02 4.48949844e-01 -2.41495565e-01 -1.80522442e-01 -3.20977122e-02 -3.79595280e-01 -1.46657944e-01 -7.47243464e-02 -1.60579726e-01 3.18526000e-01 7.27816671e-02 -2.84232765e-01 -1.56260565e-01
-1.02984405e+00 1.73562571e-01 3.78840342e-02 9.10311341e-02 -1.32877707e-01 -3.18328798e-01 1.05697525e+00 1.90496575e-02 -9.47159708e-01 7.99816132e-01 -6.88122392e-01 -1.61884371e-02 1.89570144e-01 6.17624149e-02 -7.17213035e-01 6.08699620e-01 6.22458100e-01 5.96868157e-01 -1.98207647e-01 2.86085308e-02 1.55794978e-01 3.91458154e-01 5.51700175e-01 9.25423503e-01 -4.56990868e-01 5.30874968e-01 -6.59116864e-01 -2.83411980e-01 9.82227087e-01 -4.79301780e-01 7.41894990e-02 6.74955621e-02
-5.41015089e-01 4.40251172e-01 -1.00507393e-01 -4.81548533e-02 6.34868264e-01 1.76782295e-01 -1.95512921e-02 4.20026451e-01 -2.63193250e-01 5.14393628e-01 1.62544787e-01 -2.75124133e-01 1.16358370e-01 3.20829958e-01 -4.21631634e-01 -1.00400157e-01 -3.80345017e-01 8.56673345e-02 4.73040104e-01 -6.77003145e-01 8.27718899e-02 -3.39164823e-01 1.55288810e-02 -2.74875194e-01 5.15677221e-02 -3.17335963e-01 -4.76455569e-01 -4.79159921e-01 1.21693037e-01 -2.59157568e-01 -2.48278752e-01 -2.82846451e-01
-9.84507427e-02 3.64649236e-01 4.74183887e-01 2.89564818e-01 -2.42883757e-01 -3.95102203e-01 -1.23494737e-01 1.90417524e-02 3.07109922e-01 -5.82713008e-01 -6.71467721e-01 5.92906512e-02 -2.14629158e-01 -4.37164813e-01 -4.78845984e-02 6.98175609e-01 5.43854237e-02 2.89943635e-01 2.73751616e-01 3.26329857e-01 5.50007038e-02 -7.01722324e-01 1.32606059e-01 -3.98062393e-02 3.80492926e-01 2.02759907e-01 -5.46169132e-02 -6.39972985e-01 -2.06133708e-01 -1.92417651e-01 2.78264750e-02 -3.12078714e-01
-7.10391998e-01 4.26788747e-01 -5.99764168e-01 -1.01649892e+00 -2.98732758e-01 -2.55568981e-01 -4.05051082e-01 3.90704244e-01 1.93635389e-01 3.80079448e-01 -5.09941205e-02 2.10859671e-01 1.87357768e-01 2.68418640e-01 1.18683875e-02 8.70874524e-01 6.44675791e-01 1.05784571e+00 -5.77662468e-01 4.67377380e-02 5.63240767e-01 -7.84726143e-01 -6.41948462e-01 4.37779099e-01 -1.71699017e-01 -3.99144441e-01 2.66725004e-01 2.44698867e-01 7.02628493e-01 -8.22219729e-01 9.37818512e-02 -2.24216014e-01
-1.50570691e-01 -5.59703469e-01 8.32455605e-02 -7.68039450e-02 -7.85338521e-01 6.64917588e-01 5.41615076e-02 -4.59321052e-01 5.46794236e-01 1.04735827e+00 -1.74938872e-01 3.21349464e-02 5.16959965e-01 4.75554675e-01 6.37010708e-02 -1.10489988e+00 -4.94323373e-01 -1.21276426e+00 -3.38101014e-02 1.61950469e-01 3.37124705e-01 3.81396830e-01 1.94637671e-01 1.86404347e-01 2.81736404e-01 6.53632730e-02 -3.75232637e-01 -3.16022277e-01 -2.72144020e-01 -2.97824442e-01 3.12943488e-01 2.85675943e-01
-2.81527936e-02 -1.08756661e+00 3.03131849e-01 1.61497474e+00 3.37845027e-01 9.46717262e-02 -6.91054063e-03 -2.86682755e-01 -3.30849826e-01 2.73187548e-01 1.10328984e+00 -9.90660787e-01 -1.13276720e+00 -2.87303597e-01 2.92065412e-01 1.48457095e-01 -1.29735196e+00 1.01829851e+00 6.39241815e-01 -5.32731593e-01 9.60921586e-01 1.58132821e-01 2.58162469e-02 -3.78317118e-01 2.69742966e-01 -5.28455257e-01 2.38097444e-01 -2.33555928e-01 -9.10921633e-01 1.30618000e+00 -4.30252671e-01 -1.60778522e-01
-4.94986832e-01 -1.01131625e-01 8.15466642e-01 3.12421143e-01 -7.55786717e-01 -2.21747443e-01 -1.06857210e-01 -2.06310838e-01 -1.55317977e-01 -5.64491034e-01 -9.26438451e-01 2.15003148e-01 2.68389046e-01 1.63582206e-01 2.28066981e-01 -6.64517045e-01 -7.61331916e-02 -1.06420386e+00 2.37147674e-01 -7.70134926e-01 -7.06878960e-01 3.81605864e-01 -4.20395434e-01 -6.49522662e-01 2.66180217e-01 3.56750727e-01 6.35958016e-02 3.03568274e-01 -6.22732043e-01 -4.90045249e-02 -6.49537206e-01 -2.33133554e-01
-4.82607454e-01 -4.46472228e-01 -1.14547864e-01 -1.49773568e-01 -1.99177593e-01 2.90356308e-01 2.10443452e-01 3.26609731e-01 -7.25101829e-01 1.71620703e+00 -1.56795233e-01 -9.80142355e-02 -5.02274275e-01 6.16274953e-01 -3.93015221e-02 1.04151592e-01 -8.55634268e-03 3.46335083e-01 -1.57071725e-01 -2.23103210e-01 2.92719394e-01 1.75642073e-01 7.88611412e-01 1.08519465e-01 1.04311086e-01 -5.41137420e-02 -1.95191041e-01 1.43161580e-01 4.15966421e-01 3.15983444e-01 -1.08966723e-01 4.13219780e-02
-2.37379223e-01 -3.00367266e-01 1.30354658e-01 -1.25082895e-01 -5.60877025e-01 5.21782160e-01 -1.99899107e-01 -3.68273437e-01 1.77380905e-01 -4.73116130e-01 6.11938275e-02 3.39531988e-01 2.21955329e-01 3.30062807e-01 2.95057178e-01 -7.81208515e-01 -4.21396524e-01 -1.47592151e+00 -1.37943298e-01 -3.16264868e-01 2.39750813e-03 9.53566194e-01 4.92876887e-01 5.30790865e-01 -4.40933526e-01 1.57603428e-01 9.48774219e-02 -3.04362506e-01 -2.95085818e-01 -2.82926232e-01 -3.62640232e-01 -9.61640477e-02
9.93084013e-02 -4.36478592e-02 5.57959229e-02 -1.09366052e-01 3.19552422e-01 -8.14584568e-02 1.52301723e-02 -3.11603427e-01 -2.36374319e-01 4.79203969e-01 9.00094435e-02 2.86888361e-01 1.08914778e-01 -3.30357969e-01 -9.77133065e-02 -2.71817029e-01 1.00764714e-01 1.60191163e-01 -1.70763507e-01 -4.90767360e-01 9.79140848e-02 -2.19930232e-01 -1.49454981e-01 -7.68134817e-02 2.41543055e-02 2.57164747e-01 -7.14992210e-02 1.66463554e-02 1.04978405e-01 4.66840640e-02 1.04926206e-01 -4.53638546e-02
2.01398395e-02 -5.84568441e-01 -3.11045885e-01 8.50197732e-01 -2.89639205e-01 -3.64440948e-01 6.17760569e-02 -1.71300367e-01 1.46641657e-01 2.93039393e+00 -4.74462509e-01 9.10380244e-01 5.80592811e-01 8.65525961e-01 7.61370003e-01 -1.17037401e-01 -8.41044448e-03 -9.93863717e-02 5.36945760e-01 2.81832218e-01 3.35628480e-01 5.64025231e-02 -1.40197843e-01 1.14174116e+00 1.07262239e-01 8.91597793e-02 -2.20659956e-01 1.59901962e-01 8.64308253e-02 1.13846242e-01 4.74294484e-01 -1.35915220e-01
-1.60099670e-01 1.97993487e-01 2.01733157e-01 7.69883916e-02 -1.49836019e-02 -6.51585609e-02 5.71555942e-02 1.13667905e-01 2.32846439e-02 -1.39356270e-01 1.85046867e-01 3.65611762e-02 7.96449035e-02 -3.54812331e-02 1.64739326e-01 2.65490234e-01 2.66450215e-02 -1.05216518e-01 -3.17891799e-02 7.22680464e-02 -1.66492447e-01 4.88317385e-03 4.54737432e-03 -4.99762455e-03 -4.93779480e-01 -2.47079849e-01 4.27665673e-02 -1.08271897e-01 -3.87188978e-02 -4.94438149e-02 -2.03635506e-02 -4.11566108e-01
1.37566878e-02 -1.02799557e-01 -1.23319469e-01 2.58617830e-02 -1.63162604e-01 6.47666752e-02 -6.57879785e-02 1.71040356e-01 4.11331281e-03 2.71806717e-02 -3.55780609e-02 1.38226794e-02 -5.81703410e-02 -9.81610455e-03 -3.90228368e-02 1.75520882e-01 -1.01452634e-01 -1.61592603e-01 -1.90093019e-03 3.44813198e-01 -2.47127995e-01 -1.40450910e-01 -7.66172525e-05 -1.07897690e-03 1.00431954e-02 -7.67572299e-02 -5.53972647e-02 -5.12106754e-02 -8.68168920e-02 5.11855148e-02 -1.62205845e-02 -1.55947711e-02
7.43620276e-01 -2.45001957e-01 5.23754418e-01 3.07232887e-01 -8.82809579e-01 5.82157169e-03 -4.97349262e-01 -3.48815173e-02 9.06728029e-01 1.65114179e-01 -2.53868997e-01 1.01634219e-01 6.87885284e-02 2.71112710e-01 7.50766993e-01 -1.37149000e+00 -4.45019782e-01 -1.26965547e+00 7.70196259e-01 -2.82752752e-01 -7.42894232e-01 3.18351030e-01 -2.37510994e-01 1.87041745e-01 7.01604009e-01 -8.15354064e-02 1.87161371e-01 -1.38098627e-01 -4.73879367e-01 1.93295181e-01 1.07151955e-01 2.11341903e-01
-3.71380709e-02 -4.01893198e-01 -2.93356180e-01 3.25457692e-01 2.67730176e-01 -4.44051057e-01 1.80114850e-01 1.22993104e-01 1.41835436e-01 -1.47599235e-01 -3.13640594e-01 5.30970514e-01 4.43975240e-01 -2.52719283e-01 2.50843763e-01 -6.63715422e-01 -2.32748479e-01 -9.92084384e-01 2.52384722e-01 -3.01476747e-01 -2.75513947e-01 -1.80236902e-02 4.46445286e-01 4.96032417e-01 -3.10574155e-02 -1.97746545e-01 3.57277155e-01 -8.37043375e-02 -3.63382837e-03 -5.04609466e-01 3.31831247e-01 1.14748076e-01
-2.94595417e-02 -2.13585142e-02 7.92211235e-01 1.08536974e-01 -1.29506731e+00 -4.23851848e-01 2.09169611e-01 -1.42058000e-01 7.16821194e-01 6.15168393e-01 -1.11926168e-01 -4.08637017e-01 6.64649019e-03 4.83401477e-01 5.53250387e-02 -2.50647306e+00 -3.30329031e-01 -3.23451495e+00 1.73973218e-01 3.08026467e-02 -6.58068717e-01 6.60489678e-01 9.20006186e-02 -3.27917486e-01 5.24197876e-01 1.16635971e-01 3.35417598e-01 -1.35362875e-02 -1.58811048e-01 -7.64538884e-01 -3.59999776e-01 -1.32650092e-01
-2.78708249e-01 -1.49032965e-01 -1.14998929e-01 -3.94736379e-01 -4.56953645e-01 5.92313826e-01 1.30271569e-01 5.92482323e-03 1.17078023e-02 3.60884190e-01 -2.97026545e-01 1.88187718e-01 1.66867256e-01 -3.30587745e-01 -1.85205266e-01 -6.05194151e-01 3.73276711e-01 -7.99525201e-01 -3.96961868e-01 8.13674778e-02 -2.62116969e-01 5.15063584e-01 -1.43930927e-01 3.24022353e-01 4.17577654e-01 -4.14029032e-01 3.66496861e-01 -1.71161885e-03 1.91828236e-01 1.38633894e-02 -1.96649536e-01 -2.34811082e-02
4.63219881e-01 6.06434822e-01 6.12105787e-01 -3.71072680e-01 1.36436418e-01 2.19651908e-01 2.02009112e-01 -1.52132928e-01 -7.95406461e-01 1.39267135e+00 -3.23205799e-01 -1.32391796e-01 -4.69462484e-01 1.21987426e+00 2.23772258e-01 5.84685504e-02 -2.85067409e-02 -9.82781112e-01 3.60384732e-01 -3.37086022e-01 4.31652665e-02 6.51371241e-01 -1.86737061e-01 -3.54161233e-01 6.85039937e-01 -8.04365575e-01 5.21565676e-01 -6.47339150e-02 -3.21661472e-01 -5.71260870e-01 5.47414608e-02 -5.04060924e-01
2.51815002e-02 -4.71177846e-01 -3.51972394e-02 -1.16500393e-01 3.49622846e-01 1.58996120e-01 1.34728372e-01 -2.99491644e-01 -6.73675597e-01 -3.76557469e-01 -5.39198853e-02 -3.53869721e-02 -1.45257622e-01 5.02648413e-01 5.22057831e-01 8.16918135e-01 1.98366702e-01 2.39758357e-01 -1.40599068e-02 1.25323907e-01 -2.78343439e-01 2.11628601e-01 -2.62833476e-01 2.48581171e-01 -7.28464201e-02 -2.76329339e-01 4.67343032e-01 7.26274788e-01 -4.62919235e-01 -3.96701038e-01 3.70056957e-01 3.36771697e-01
-1.33784485e+00 1.77914932e-01 2.55711824e-01 -1.42142737e+00 -2.17876270e-01 -6.57238737e-02 1.46669433e-01 5.76919615e-01 1.91341639e-01 3.82635057e-01 -1.07691860e+00 8.20192933e-01 1.17241991e+00 3.40181321e-01 -7.49965310e-01 2.54388869e-01 6.10049605e-01 -4.92642045e-01 -3.19726259e-01 1.08181775e+00 -4.98936802e-01 -1.88062847e-01 -3.45962614e-01 -5.34223281e-02 6.49632633e-01 1.06638765e+00 7.44159758e-01 5.95465958e-01 6.11239791e-01 -1.14040852e+00 -2.49334989e-04 1.39001757e-01
-4.51155715e-02 7.99502954e-02 2.24369735e-01 -4.21665013e-02 4.00981367e-01 -7.17226788e-02 -6.88726828e-02 3.60665843e-02 -6.64275736e-02 3.13646495e-01 1.33261364e-03 7.81818032e-02 -7.17086298e-03 -1.45024106e-01 8.06384608e-02 -1.91944495e-01 1.05229735e-01 4.71294932e-02 9.06542689e-03 -3.98267448e-01 1.35811850e-01 -1.71496600e-01 -3.07924231e-03 -5.43330470e-03 1.84279293e-01 1.34760037e-03 8.68680701e-02 1.23622358e-01 1.99073721e-02 -8.76320228e-02 7.39060342e-02 5.34145348e-03
-2.07670592e-03 1.05300069e-01 3.21811646e-01 -2.17953939e-02 -1.05984725e-01 -9.50631872e-02 5.34302413e-01 1.44550949e-01 3.61705184e-01 -1.36996508e+00 -2.47189909e-01 4.34177935e-01 5.52073419e-01 -4.64969069e-01 -2.86348432e-01 -4.42093432e-01 4.06931996e-01 -1.00373662e+00 2.35575899e-01 -6.08056962e-01 1.03798735e+00 -4.04017925e-01 -2.13597253e-01 -1.31880808e+00 2.21888255e-03 3.91584903e-01 -8.99754524e-01 -9.88567114e-01 2.53428578e-01 -1.64810698e-02 -1.77629322e-01 -3.00659329e-01
9.23502982e-01 -2.85898507e-01 -1.98404014e-01 4.43063289e-01 -3.35204244e-01 -2.28451058e-01 -9.10168737e-02 -2.39984915e-01 6.63867831e-01 -3.99283022e-02 -1.04995735e-01 -5.67635894e-02 7.51147211e-01 -3.46639812e-01 3.55354846e-01 -6.97225571e-01 -3.00533939e-02 -1.26702571e+00 7.49320090e-01 -6.78335205e-02 -3.38852763e-01 1.00389361e-01 -4.25150990e-02 1.19494714e-01 -2.80515943e-02 -2.35060051e-01 8.02473426e-01 4.73007411e-01 -6.63798749e-01 3.40088516e-01 4.83382404e-01 2.96845615e-01
-2.88013488e-01 3.28226596e-01 -1.46882877e-01 -4.25177766e-03 -5.85369051e-01 -2.39518180e-01 8.61371830e-02 4.10053343e-01 1.22297741e-02 -7.14486301e-01 -9.83498171e-02 -1.63559973e-01 -3.97462636e-01 1.58224404e-01 2.94779241e-01 -1.83906123e-01 -1.28671452e-01 3.02895427e-01 4.59252112e-02 3.05892289e-01 -1.79682389e-01 -3.22990939e-02 1.76625494e-02 -1.75225679e-02 -1.36192128e-01 -1.81166276e-01 3.04541767e-01 -3.00109327e-01 9.13707092e-02 5.64094968e-02 -8.01817998e-02 2.08180115e-01
1.20461499e-02 -7.00703919e-01 -7.36857429e-02 -5.48294410e-02 -5.94531000e-02 -7.36793503e-02 1.63551979e-02 -2.17351884e-01 -4.72701102e-01 4.57321405e-01 3.42116542e-02 2.34344136e-02 3.01558018e-01 3.82410377e-01 1.49938464e-02 -5.05168974e-01 -3.24983239e-01 -4.92261797e-02 1.48547138e-03 -1.55966599e-02 1.52768135e-01 -5.41076213e-02 7.55467117e-01 1.13420598e-01 -3.39783311e-01 1.72401786e-01 3.89126956e-01 2.57529821e-02 -6.94502667e-02 1.81904465e-01 -1.22088186e-01 -2.26782084e-01
8.19281757e-01 3.39945070e-02 -3.71147901e-01 2.70055532e-01 -2.78625667e-01 1.80441082e-01 6.50467873e-01 5.93257695e-02 -2.48613521e-01 -6.57655597e-01 -9.00350034e-01 1.35398829e+00 -1.47432182e-02 -6.57384932e-01 2.61021852e-01 4.06205863e-01 -3.14800888e-02 4.17813390e-01 5.76300994e-02 -1.45711273e-01 -2.06202221e+00 -6.64824471e-02 -8.87913764e-01 -2.08499983e-01 -6.07901275e-01 -2.23659411e-01 3.15781206e-01 9.39373553e-01 -1.20776996e-01 1.33340493e-01 8.84708986e-02 6.69924557e-01
-2.71665454e-01 4.40807790e-02 -1.16751003e+00 9.75746140e-02 4.42406595e-01 6.64458513e-01 2.55251646e-01 1.08180633e-02 -1.12671122e-01 8.57230842e-01 -2.49938294e-01 -1.27460706e+00 2.32569292e-01 9.76807773e-01 -3.90397638e-01 7.60670900e-01 6.00385107e-02 1.73714745e+00 -5.10503948e-01 7.10879546e-03 2.68620998e-01 -2.72240400e-01 2.87426502e-01 9.16945159e-01 -2.50427514e-01 6.58162355e-01 6.12351708e-02 -2.36878812e-01 9.36495438e-02 2.80808508e-01 9.03131604e-01 -6.55416623e-02
-1.24631971e-01 3.53265971e-01 -3.05362549e-02 -6.47848666e-01 -2.15402529e-01 7.66829312e-01 3.22025508e-01 8.52162898e-01 3.74339581e-01 2.05864727e-01 9.88584995e-01 -3.52315515e-01 1.16987385e-01 3.13095629e-01 8.72398764e-02 -8.13105285e-01 2.59739816e-01 -1.93618521e-01 -3.95296216e-01 -5.57078600e-01 5.87830953e-02 -1.27811342e-01 3.13343525e-01 1.02666996e-01 -1.46434203e-01 2.13036403e-01 -9.94320214e-03 -1.00176722e-01 -4.92737085e-01 2.29697734e-01 -2.70653635e-01 3.77693437e-02
1.39584810e-01 -1.01857586e-02 -1.90641209e-01 -2.24450510e-03 1.36831673e-02 5.31512536e-02 -6.26577660e-02 7.72183761e-02 -6.50395378e-02 1.62614901e-02 -7.94344693e-02 -3.30533415e-01 2.60031402e-01 2.45358914e-01 2.42967848e-02 5.60286157e-02 7.01566190e-02 -7.86994994e-02 1.16118968e-01 2.69576758e-01 1.18583500e-01 2.37488538e-01 3.05472082e-03 2.60885298e-01 -7.51793236e-02 -2.57715762e-01 -1.79879248e-01 -1.83557272e-01 -3.29897553e-01 -1.56937510e-01 5.26374504e-02 -3.22777659e-01
4.41910207e-01 -1.01226114e-01 5.61165631e-01 3.94869119e-01 3.03017735e-01 4.02791023e-01 1.21766913e+00 -4.03853357e-01 5.37401319e-01 3.76789868e-02 -6.27024591e-01 2.32288614e-01 -5.35102665e-01 -3.62850316e-02 9.53025371e-02 3.07808161e-01 -6.42941892e-01 -4.88283694e-01 3.36456001e-01 -2.92611141e-02 -1.46577865e-01 5.84781110e-01 2.98276335e-01 6.62930727e-01 1.86551176e-02 -1.66671529e-01 -2.28642792e-01 2.34553739e-01 1.43940166e-01 4.13022995e-01 -1.36922956e-01 1.72203984e-02
-4.10645455e-01 -4.70187932e-01 1.49302769e+00 1.13039762e-01 -8.62491369e-01 -4.95444685e-02 -1.32626224e+00 -9.28030729e-01 4.15814549e-01 8.58882189e-01 1.10545896e-01 -6.25490844e-01 -3.07884246e-01 9.13400710e-01 5.48999071e-01 -2.10647726e+00 2.24320099e-01 -2.74006629e+00 1.67749333e+00 8.20754349e-01 -5.09589255e-01 1.68697739e+00 -2.98223704e-01 3.65892708e-01 3.23873371e-01 -6.78458571e-01 -2.33576074e-01 3.22687268e-01 2.49990985e-01 6.29182458e-02 4.82901126e-01 1.61409810e-01
-7.96947256e-03 1.76133774e-03 1.27629533e-01 5.13511151e-02 3.42192382e-01 -4.65985425e-02 6.03171699e-02 4.62478912e-03 8.81304443e-02 -7.67226368e-02 3.94409709e-03 -9.13071930e-02 8.33637863e-02 5.39345061e-03 -1.18376678e-02 -5.09100547e-03 -2.77908868e-04 -2.18159314e-02 -6.13906085e-02 6.56718239e-02 1.25590846e-01 9.01379585e-02 -1.76846590e-02 -3.16013731e-02 -1.18152857e-01 -1.70823842e-01 1.80063546e-02 3.60225588e-01 -2.10594572e-02 -4.66619022e-02 3.54748107e-02 -2.42751017e-01
-3.64701331e-01 -8.97520110e-02 -1.10477209e-01 -1.75941780e-01 -1.14547953e-01 4.67569500e-01 4.76747006e-03 7.96696126e-01 -4.07823861e-01 7.75412977e-01 -4.64778513e-01 1.32519913e+00 6.06772661e-01 2.99000591e-01 5.88899374e-01 3.23279828e-01 -1.36669397e-01 1.93537682e-01 -3.16780001e-01 1.52228931e-02 -1.78456426e-01 -5.83696485e-01 4.90594715e-01 -3.11483055e-01 -2.50051111e-01 -6.20088577e-02 -7.09733903e-01 4.17006671e-01 -1.73732907e-01 -3.52478862e-01 -4.25911434e-02 4.09141153e-01
-1.29002929e-01 -1.98151290e-01 6.28521919e-01 3.31529260e-01 -8.81336093e-01 3.25913161e-01 2.97110140e-01 -6.50788903e-01 6.97270572e-01 3.05464119e-01 -1.12650581e-02 2.89409339e-01 -1.65694445e-01 1.51865602e-01 1.80307239e-01 -2.47419119e+00 6.73888549e-02 -1.42219996e+00 6.23820238e-02 8.09012949e-02 -2.73777638e-02 1.71274975e-01 3.08724284e-01 3.13650250e-01 -2.51287609e-01 -6.32090628e-01 -4.64982539e-03 -1.88513860e-01 -4.23850507e-01 -4.13914323e-01 1.09646738e-01 -3.03929776e-01
-1.34933278e-01 1.55374542e-01 -5.83790801e-02 1.48520157e-01 -2.58999318e-01 -1.15503222e-01 4.80574638e-01 -2.65444249e-01 -6.17777944e-01 1.78887355e+00 -3.94383073e-01 -3.91934067e-03 -2.97264665e-01 1.37005424e+00 -4.15360451e-01 3.31421047e-02 4.79244180e-02 -3.68289202e-02 -4.16999906e-02 -2.92463332e-01 -1.12093553e-01 2.34512776e-01 -1.00754671e-01 -2.03157961e-01 -2.94523805e-01 1.28392391e-02 4.30711389e-01 6.07845247e-01 1.33707508e-01 -4.71883088e-01 5.31110227e-01 6.20362274e-02
-1.95379648e-02 -1.19620442e-01 8.51110041e-01 3.97973150e-01 -4.27576929e-01 -5.18343627e-01 -1.10564148e+00 1.44486293e-01 4.33230400e-01 4.01964962e-01 5.74016664e-03 2.63385512e-02 1.84676200e-01 1.94588527e-01 -2.92612255e-01 3.52639556e-01 5.05849682e-02 -6.06360212e-02 -6.53222902e-03 -2.91583151e-01 7.96755791e-01 5.15693545e-01 7.46461898e-02 -6.19754672e-01 3.91548276e-02 6.60063773e-02 -2.84598053e-01 3.39400709e-01 -1.02328531e-01 2.52064675e-01 -2.40448341e-01 -3.38327467e-01
1.02184665e+00 -1.94159657e-01 5.96441746e-01 9.12891150e-01 -6.61845922e-01 -1.51140600e-01 -6.71199083e-01 -5.81997514e-01 1.23892987e+00 -2.18100309e+00 -2.41167605e-01 6.48540914e-01 -1.17613828e+00 -2.89185703e-01 4.07317936e-01 -9.99200225e-01 -1.10284630e-02 -5.49690008e-01 7.03886271e-01 7.92405069e-01 2.88663805e-01 -4.10114616e-01 -2.55467796e+00 -6.74019456e-01 5.99536121e-01 6.08685136e-01 -8.72758031e-01 -3.79604697e-01 -1.39128976e-03 1.17970765e+00 -1.08580518e+00 -1.27403766e-01
-4.70870323e-02 1.98431268e-01 2.24566218e-02 -4.82065044e-02 -2.12142333e-01 -6.50491565e-02 8.68346393e-02 -4.41818610e-02 -5.75668272e-03 -1.05696552e-01 6.29162043e-02 5.71106039e-02 7.68794417e-02 -4.34721299e-02 1.55944735e-01 -8.75653625e-02 8.95382687e-02 2.08026528e-01 -2.07097922e-02 -2.99288601e-01 1.39418557e-01 7.84206539e-02 -5.11682360e-03 -3.41525674e-02 -3.17537487e-01 -5.77026866e-02 1.29585871e-02 -7.99644068e-02 1.37634873e-02 -3.62714077e-03 1.43715425e-03 -1.90715417e-01
-2.71937214e-02 2.29332760e-01 1.75472534e+00 4.11044449e-01 -1.39510262e+00 2.13427573e-01 -1.14209875e-01 -4.91881549e-01 8.74939859e-01 6.37320280e-01 1.13848239e-01 -3.39908540e-01 -8.54696572e-01 1.08763254e+00 1.51432201e-01 -3.54971695e+00 -3.27764720e-01 -4.79132557e+00 2.92322993e-01 9.43312347e-02 -1.11099207e+00 1.08146095e+00 3.70501548e-01 -2.48362718e-04 3.93604457e-01 -1.40902266e-01 -5.63918889e-01 5.74479759e-01 -1.57955229e-01 -3.10772099e-02 -1.55973673e-01 -1.43477842e-01
-1.69447088e+00 -1.24510713e-02 -1.51315302e-01 -5.75655520e-01 4.44017082e-01 4.35898513e-01 -4.13899779e-01 4.68714446e-01 -1.25275597e-01 1.85025055e-02 2.75529385e-01 -4.62635219e-01 2.68515229e-01 8.00767839e-01 -2.53641099e-01 8.42415020e-02 5.31649850e-02 9.91979480e-01 -9.71953630e-01 -2.53089387e-02 3.00018430e-01 5.44685483e-01 7.85303950e-01 4.40271981e-02 1.76304355e-01 1.40978336e-01 -5.58256924e-01 -1.44732580e-01 7.68318772e-01 -3.96016568e-01 -5.15873194e-01 -1.05486715e+00

layers.2.bias:
-1.51960635e+00
-7.15131938e-01
6.43684030e-01
-6.32670939e-01
1.15465403e-01
-6.76552176e-01
3.81688446e-01
2.14626741e+00
7.03142703e-01
7.32998431e-01
-9.37019944e-01
-1.45691586e+00
-2.47137263e-01
8.83462787e-01
-2.46764630e-01
-8.13353240e-01
-1.52723372e-01
-5.61397016e-01
3.79342437e-01
-4.25470658e-02
-1.51176564e-02
7.66111493e-01
8.10829163e-01
-4.89902645e-02
-5.26472390e-01
9.53903139e-01
-9.30633008e-01
-1.07929528e+00
3.73650670e-01
-1.11064327e+00
-3.01523864e-01
-1.71874374e-01
6.32195473e-01
2.18962535e-01
-4.32709754e-01
-5.52510060e-02
-1.13501243e-01
1.28508532e+00
1.12484550e+00
-1.91556275e-01
8.74740958e-01
-2.19794303e-01
-4.27578419e-01
1.26883948e+00
3.09991747e-01
-1.10850966e+00
1.09232283e+00
-4.56106663e-01
7.33765185e-01
1.49631166e+00
1.97337776e-01
1.63442090e-01
1.62194088e-01
-6.13258421e-01
1.53209224e-01
-4.06265855e-02
8.85649323e-01
-2.03358501e-01
3.34071182e-02
-6.50867403e-01
6.57730281e-01
3.68913636e-02
-4.30876702e-01
4.86967653e-01

layers.4.weight:
5.38252771e-01 -1.91117898e-02 -8.82057771e-02 1.82757154e-02 -2.29220167e-02 -2.83728242e-01 2.43564043e-02 -6.17223859e-01 -2.35372931e-01 -3.69859636e-01 8.02056715e-02 7.37978756e-01 -1.93181479e+00 -7.29444772e-02 2.44540181e-02 -1.11656368e+00 -1.79122423e-03 3.34442183e-02 1.27015859e-01 3.77024000e-04 5.31076044e-02 -4.51639369e-02 2.39222813e-02 2.28786632e-01 -6.51251674e-02 1.01930891e-04 -2.95641907e-02 7.58109510e-01 -3.83568913e-01 3.68731976e-01 -5.11335693e-02 -1.52451307e-01 -1.56376630e-01 3.24083753e-02 9.86141618e-03 1.82072370e-04 5.42620197e-04 -1.41382948e-01 2.66287345e-02 1.77416846e-01 -2.91761234e-02 4.04847890e-01 6.59637377e-02 -1.05765440e-01 4.51999949e-04 1.51655450e-01 4.04689908e-02 -1.01575822e-01 -5.04740998e-02 -5.74170232e-01 -1.14466973e-01 -6.53795376e-02 2.48934637e-04 -4.00142409e-02 -9.66699004e-01 -1.07732507e-04 1.53761208e-01 -4.18095499e-01 -2.17644945e-02 -2.64123585e-02 5.33140302e-02 -1.15082097e-04 9.54831004e-01 -4.67259884e-02

layers.4.bias:
-9.97938514e-01

