layers.0.weight:
3.31696361e-01 -5.67613244e-01 7.97264636e-01
5.69172144e-01 -8.09445798e-01 -5.80563486e-01
-8.31293464e-02 -6.13938749e-01 -5.77727258e-01
-1.07055378e+00 1.15616508e-01 4.58123112e+00
2.67282110e-02 4.11940843e-01 1.16166264e-01
-5.79876065e-01 8.58121514e-01 -1.84879377e-01
-1.31842160e+00 4.86020595e-01 -9.88645032e-02
-6.01682402e-02 7.88846374e-01 -9.23566997e-01
6.03414774e-01 -9.26082134e-01 5.12713566e-02
-1.11527514e+00 5.86289167e-02 -1.64189592e-01
7.53551662e-01 -9.85680073e-02 1.41279221e+00
-7.16238439e-01 -1.31785080e-01 -1.29353356e+00
-4.30584475e-02 7.12955832e-01 -1.57757306e+00
-1.16726887e+00 2.10410804e-02 5.00053525e-01
-6.46977663e-01 1.09646142e+00 7.52028525e-01
-1.81771189e-01 9.48456824e-01 1.64468549e-02
5.46070874e-01 -6.33792400e-01 -1.45019031e+00
-1.15504665e-02 1.12846863e+00 1.84981868e-01
8.07071701e-02 -9.54183042e-01 5.35116851e-01
3.41117471e-01 -1.28724232e-01 -8.64976227e-01
2.23475501e-01 1.65966094e-01 -5.10879010e-02
-3.24195027e-01 -2.56797969e-01 -1.00232065e+00
-4.64660525e-01 1.65601885e+00 -4.46076952e-02
-1.56447518e+00 4.06930357e-01 1.75152493e+00
1.05132234e+00 3.79940838e-01 -7.78481364e-01
2.59609371e-01 6.71772659e-01 -1.17486012e+00
-1.16151750e-01 -2.13369340e-01 1.90187418e+00
-3.97779703e-01 -2.44972542e-01 1.92939892e-01
3.22416067e-01 7.57217348e-01 -1.46468067e+00
-1.04933763e-02 4.65525806e-01 1.70563948e+00
-2.89658904e+00 2.84448242e+00 -1.78299040e-01
-1.26738083e+00 -5.19488692e-01 1.02004325e+00

layers.0.bias:
8.77201200e-01
4.81547834e-03
-1.42384720e+00
-6.34384930e-01
7.07518518e-01
-2.04255387e-01
-3.54310095e-01
2.86240637e-01
-7.45998621e-01
-1.59115899e+00
1.64644122e-01
1.80825554e-02
2.46107668e-01
-1.21306002e+00
-2.90836543e-01
1.43946290e+00
9.34610724e-01
1.82654703e+00
-6.68276668e-01
5.78918040e-01
-1.44309163e-01
-1.35729384e+00
1.02535832e+00
-7.05530941e-02
1.36946186e-01
5.60703695e-01
8.80503118e-01
-1.57881156e-01
-4.88352716e-01
7.31267482e-02
8.91685039e-02
-6.70209900e-02

layers.2.weight:
-2.99775690e-01 3.32844585e-01 1.23414472e-01 -5.14956236e-01 -2.13224456e-01 -1.02150455e-01 8.64851698e-02 -5.15323132e-02 1.80603832e-01 2.64246368e+00 5.80600984e-02 1.10495038e-01 -1.95508435e-01 2.36132169e+00 -3.79883498e-01 3.02246809e-01 -1.72447767e-02 4.94376153e-01 1.64969981e-01 -2.36458629e-01 1.82106376e-01 -3.97757180e-02 -6.19279623e-01 5.57211578e-01 -1.55871332e-01 6.39660358e-01 -8.19379807e-01 -8.27407837e-02 -1.84327379e-01 -2.52429456e-01 -5.07349789e-01 3.30673695e-01
-7.73918554e-02 1.03817947e-01 -8.71528149e-01 7.81588480e-02 -3.56122464e-01 1.37740180e-01 -7.40581810e-01 -5.22765994e-01 5.13201654e-01 6.64840341e-01 3.67000729e-01 -3.05552304e-01 2.17164949e-01 -5.31431846e-02 -2.85743505e-01 2.55499244e-01 -3.76021028e-01 3.78527880e-01 -3.92347336e-01 -8.79311040e-02 6.24517918e-01 -1.39675006e-01 -4.24160570e-01 -3.02231610e-02 -3.24977785e-02 -1.07168600e-01 -2.99578637e-01 -5.08465052e-01 3.48688997e-02 -1.91415712e-01 -7.66113475e-02 2.24585027e-01
-1.84462890e-02 -1.52958661e-01 2.60697871e-01 -4.75697041e-01 -1.41517425e+00 1.39830068e-01 -4.83305395e-01 -4.75983433e-02 7.41010904e-01 1.08508539e+00 -2.66770959e-01 -3.76123071e-01 -1.26450807e-01 4.46775526e-01 2.03558877e-02 -1.62148595e+00 -4.81220275e-01 -1.88064885e+00 6.17415071e-01 9.68840718e-02 -2.17581376e-01 -2.31461436e-01 5.66563785e-01 -1.02229416e+00 -3.95818859e-01 1.41001195e-01 -8.94100785e-01 7.46726096e-02 9.69962478e-02 -1.03687324e-01 5.52561224e-01 3.90605956e-01
2.90002584e-01 -2.73123775e-02 3.12691145e-02 1.38787854e+00 4.83701348e-01 3.39374334e-01 6.14468515e-01 -2.85729140e-01 -1.00063756e-01 -8.91807452e-02 2.02849194e-01 -1.06541649e-01 -6.19496763e-01 1.06951721e-01 5.78627586e-01 6.78141415e-01 -2.51730472e-01 6.15583837e-01 3.63125533e-01 -9.41426218e-01 -8.26537490e-01 -1.96143404e-01 3.29403222e-01 1.38723958e+00 -5.04422188e-01 -5.92261970e-01 5.40065348e-01 3.06969404e-01 -7.09923267e-01 -1.16742373e-01 -6.82526380e-02 4.79584903e-01
3.36038023e-02 -4.35513496e-01 3.10388267e-01 -5.59644878e-01 2.42179066e-01 -2.17325792e-01 -9.25662160e-01 2.69492030e-01 -2.62490213e-01 -4.63900864e-01 3.15180033e-01 -6.41692340e-01 9.19602871e-01 -8.87604058e-01 2.61553768e-02 -4.09299552e-01 -2.87257463e-01 -7.05785394e-01 -2.33604610e-01 6.96039619e-03 9.16215062e-01 -4.75140929e-01 3.46686274e-01 -4.50979918e-01 -7.49502659e-01 7.57251799e-01 -1.19678108e-02 -6.92755044e-01 -1.79287329e-01 5.11145949e-01 -1.89294696e-01 1.11848656e-02
-5.76374352e-01 1.04824595e-01 2.89706290e-01 3.19415599e-01 -7.59502649e-01 -4.98908982e-02 -6.85784340e-01 2.10163400e-01 4.94924814e-01 -2.51557268e-02 8.25438261e-01 -9.71730053e-03 -2.25232765e-01 -1.96320117e-01 -1.67817533e-01 -1.34049523e+00 -4.88874882e-01 -1.26494980e+00 6.25272036e-01 -3.96510750e-01 -2.96845257e-01 -1.27868727e-01 -3.77795696e-01 -1.01534739e-01 1.33111462e-01 -4.22729254e-02 2.94197798e-01 8.62260163e-01 -2.11077288e-01 -2.68202215e-01 -5.25516868e-01 2.37647355e-01
1.92120653e-02 7.76803587e-03 -2.23595202e-01 -6.85259979e-03 -1.33984193e-01 1.69055387e-01 -8.92545432e-02 -4.20979500e-01 -1.04659684e-01 2.41480902e-01 3.04138333e-01 5.66705763e-02 2.87718952e-01 -9.55118053e-03 -2.06317455e-02 -2.94180274e-01 2.95925345e-02 1.28528759e-01 -1.03332456e-02 -3.05160314e-01 -3.80291969e-01 9.13966149e-02 7.77375251e-02 2.18174402e-02 1.64296418e-01 2.62221873e-01 -3.58878493e-01 -4.44455147e-01 -1.40212566e-01 7.38919601e-02 -2.06238106e-02 1.37184545e-01
3.05694677e-02 -7.95402154e-02 -7.21530557e-01 5.33285558e-01 8.13427687e-01 -4.08756405e-01 3.01452428e-01 5.15412092e-01 -2.86668897e-01 -1.30603358e-01 5.42324930e-02 7.85017073e-01 1.55410141e-01 -3.73541802e-01 1.57715809e-02 1.21510673e+00 3.46357107e-01 7.76701868e-01 -9.58112121e-01 3.29318523e-01 -1.20665300e+00 -1.13464212e+00 3.71426731e-01 4.87331867e-01 3.45066428e-01 6.14688575e-01 7.74829686e-01 1.60717130e-01 -4.54770088e-01 6.71836078e-01 4.11917776e-01 -4.15586859e-01
1.80771083e-01 4.70692068e-01 -6.51432395e-01 -2.75060326e-01 1.55637789e+00 -5.77131987e-01 -7.96544790e-01 -3.48317057e-01 -5.51774979e-01 -1.95605052e-03 4.65658456e-01 1.98579490e-01 7.02830315e-01 -4.94888008e-01 -1.22994319e-01 2.44137692e+00 4.95926291e-01 1.73482835e+00 -5.34370422e-01 -5.63351484e-03 1.18671041e-02 -3.29373598e-01 -7.35267848e-02 2.78087407e-01 -4.34565693e-02 3.99436772e-01 3.75028141e-02 6.50366470e-02 -3.91795188e-02 1.36780694e-01 1.84665954e+00 -1.84640706e-01
-5.90465665e-01 1.74643621e-01 -1.31021857e-01 -4.96603817e-01 4.55015332e-01 -1.11775957e-02 -9.62553620e-02 3.46764386e-01 4.75666165e-01 -1.91411182e-01 3.76540571e-02 2.15359315e-01 1.56577855e-01 2.18975961e-01 -4.06189024e-01 -5.71748674e-01 3.07400435e-01 -3.55080307e-01 -3.87329757e-01 -5.87429591e-02 -6.67108178e-01 -2.58561999e-01 6.42409399e-02 -4.81953807e-02 -2.30801135e-01 -1.19981818e-01 -1.48180798e-01 2.51214504e-01 2.39119843e-01 1.90353066e-01 1.54323071e-01 1.27249174e-02
7.01015890e-02 -4.04809594e-01 -2.29802623e-01 -2.61264145e-01 -3.27716202e-01 -2.19464660e-01 -4.21415120e-01 4.00092192e-02 4.76431161e-01 3.01945359e-01 -4.28347558e-01 -2.15498045e-01 7.53257453e-01 -2.54515320e-01 -1.16731763e-01 -3.08176547e-01 -7.21218526e-01 -7.40375161e-01 2.22527087e-02 -1.28715962e-01 1.13952732e+00 -3.73445183e-01 -6.99096799e-01 2.71867156e-01 -6.12302646e-02 -1.62298605e-01 -3.32325339e-01 -6.63310289e-01 2.03431591e-01 -2.97990441e-01 2.68431846e-03 3.05323511e-01
-6.81851879e-02 -3.00793611e-02 1.66949725e+00 -8.68962228e-01 -8.22994292e-01 1.06583498e-01 7.76802227e-02 -4.10216749e-01 2.37565145e-01 1.92204237e+00 2.91100573e-02 -7.14681596e-02 2.86927491e-01 3.27680373e+00 -4.34684269e-02 -7.12931514e-01 3.04460198e-01 -2.55696321e+00 6.05396748e-01 -3.32908720e-01 2.27014109e-01 5.90268552e-01 -3.12890589e-01 8.61968219e-01 -1.04283012e-01 -5.61565876e-01 3.01265866e-01 -7.11147413e-02 7.48811737e-02 3.59811075e-02 -1.85630331e-03 -3.12581241e-01
-4.80290323e-01 -1.18688285e-01 9.46660221e-01 4.44959432e-01 -1.12510312e+00 4.84514296e-01 2.15299532e-01 -1.02155972e+00 5.76792777e-01 5.09284854e-01 1.80800498e-01 3.11933309e-01 -5.48931777e-01 1.27760023e-02 4.07266676e-01 -5.77413797e+00 -9.51379165e-02 -6.77175283e+00 7.56618142e-01 -1.07031000e+00 -8.89645398e-01 3.91263723e-01 4.67721552e-01 -6.83859885e-02 -2.50516415e-01 -2.84949154e-01 -3.20840508e-01 8.43630254e-01 -6.65529072e-01 -3.12839270e-01 -1.21555769e+00 -2.94260859e-01
3.40800844e-02 -1.72581255e-01 -6.69280410e-01 -3.68618593e-02 -1.09703079e-01 -2.79153679e-02 2.46888325e-01 3.41677874e-01 3.76935810e-01 -1.96038723e-01 5.60539365e-01 -2.09380552e-01 3.08634967e-01 -7.80610383e-01 -3.11707050e-01 -3.51927280e-02 -2.68106461e-01 2.48237506e-01 -1.28859252e-01 9.25621092e-02 -6.63871597e-03 -1.86771229e-01 5.27030639e-02 -1.86583191e-01 -1.08783767e-01 7.43283510e-01 1.88421328e-02 8.74019787e-03 -1.57851636e-01 2.87141919e-01 2.21614897e-01 3.36796790e-01
-9.75568116e-01 1.70600742e-01 -1.23387039e-01 3.66742134e-01 -1.64284572e-01 6.81771815e-01 -4.00587797e-01 -1.30174056e-01 4.64083076e-01 -2.05081150e-01 -7.35377073e-01 2.08021522e-01 1.27782136e-01 -3.15657586e-01 -2.37272471e-01 -7.21792638e-01 2.03122929e-01 -7.32768178e-01 -3.58412027e-01 2.91982770e-01 1.42598593e+00 8.84209633e-01 9.00990237e-03 1.95996732e-01 -2.45716065e-01 7.67764673e-02 -5.65489888e-01 -7.76111335e-02 7.51986325e-01 -2.17065543e-01 -7.19839707e-02 3.09261866e-03
-4.70535427e-01 -3.80511321e-02 1.13490932e-01 5.38762808e-02 -1.84140772e-01 2.24275053e-01 -8.48789692e-01 -2.50314437e-02 -3.96402478e-02 5.31381178e+00 4.77343321e-01 5.06388366e-01 2.97911167e-01 2.60504913e+00 7.90462941e-02 6.95951581e-02 -3.63694340e-01 -7.99619034e-02 2.61127204e-03 -1.23010196e-01 -7.60249317e-01 4.83269066e-01 1.72196046e-01 2.03408778e-01 -4.59187388e-01 -3.53408456e-01 -7.12863326e-01 3.96384299e-01 -1.25265032e-01 -7.39229560e-01 3.61346930e-01 -1.78561822e-01
-3.40118222e-02 1.31733507e-01 -8.62724558e-02 3.28255370e-02 3.55696119e-02 3.28351110e-02 1.34528298e-02 -5.22619113e-02 -3.04639377e-02 -2.28307113e-01 5.85168228e-02 3.94566767e-02 5.22560179e-02 6.13818765e-02 1.36624053e-01 -1.49046471e-02 6.13328628e-02 -3.67762074e-02 -1.19264368e-02 1.09406620e-01 2.36095116e-01 1.13210343e-01 4.30913195e-02 3.27084474e-02 4.52648215e-02 2.29299236e-02 5.49347848e-02 3.13490301e-01 -4.33797343e-03 -3.53829539e-03 8.83761607e-03 2.99599953e-02
1.35542214e-01 -1.23873211e-01 -5.16150892e-01 3.71352881e-02 -2.22329656e-03 -1.92495778e-01 -2.44646668e-01 -3.04284930e-01 3.15311491e-01 -6.62267625e-01 4.85760011e-02 -1.44701740e-02 2.13746995e-01 5.41836843e-02 -7.57872462e-02 3.76095958e-02 -3.03023517e-01 3.12896758e-01 -9.60426927e-02 9.20733273e-01 2.79363930e-01 1.49450555e-01 -4.74293202e-01 -1.34297624e-01 -1.20505117e-01 -4.31850314e-01 8.32382143e-01 -4.78043854e-01 2.38296777e-01 3.00728530e-01 -5.98803833e-02 1.93433642e-01
-2.43158832e-01 -5.99820986e-02 -3.36767495e-01 -2.13028505e-01 5.04859149e-01 -1.06009683e-02 1.53218225e-01 1.38585106e-01 4.22701657e-01 -4.29254681e-01 -1.66124836e-01 -9.02905822e-01 4.82019186e-01 -1.81783810e-01 -2.09826782e-01 3.16634238e-01 -1.19829662e-01 4.32625115e-01 1.37180746e-01 -6.28018007e-02 -3.31297927e-02 -2.05383897e-01 4.32552695e-01 -3.24083775e-01 2.38299489e-01 2.05424502e-01 -1.82233930e-01 3.25627178e-01 5.97734936e-02 3.44327509e-01 5.32119155e-01 1.31151125e-01
6.10474460e-02 1.79519758e-01 2.69272528e-03 6.92789629e-02 -6.77422136e-02 1.02069803e-01 -2.63787825e-02 -8.07890967e-02 4.66156192e-02 7.47051537e-02 6.56830743e-02 1.13285877e-01 -6.79719523e-02 -8.47459584e-02 1.20609827e-01 4.76162016e-01 5.17155714e-02 -2.94976503e-01 4.12637107e-02 -1.05942704e-01 -1.13677658e-01 -1.23356499e-01 -1.29207526e-03 -2.97078546e-02 4.38569263e-02 1.26045510e-01 5.36565855e-03 1.02926912e-02 1.05965942e-01 1.52634904e-02 -1.82700362e-02 3.75980884e-02
4.49320257e-01 -2.66431689e-01 5.77105999e-01 6.21640623e-01 -1.18909195e-01 -1.60847664e-01 -6.09977543e-01 -1.83530375e-01 -4.27479774e-01 -8.17592740e-01 -1.04787434e-02 8.67773116e-01 4.06598449e-01 -3.83961290e-01 8.36367249e-01 6.72738492e-01 -1.75734356e-01 -1.58369988e-01 4.45006520e-01 3.56641799e-01 -4.35807139e-01 1.50570916e-02 6.28307164e-01 2.73620337e-01 5.55490218e-02 -4.54523176e-01 1.84253454e-01 3.40280622e-01 -1.94253460e-01 1.60290897e-02 1.20240584e-01 4.44266975e-01
2.87785083e-01 -4.45260778e-02 6.93049803e-02 1.30530789e-01 4.14582528e-03 1.01719603e-01 9.10413265e-01 7.50897378e-02 5.32459617e-01 2.26904020e-01 3.10357779e-01 4.05382514e-01 -3.79280120e-01 -5.73529065e-01 5.48600219e-02 -1.00583076e+00 -1.03391416e-03 -7.31518328e-01 -5.55612892e-02 -4.00626212e-01 -5.55051744e-01 8.76826979e-03 1.84980884e-01 -5.64316437e-02 9.87962931e-02 -4.02846515e-01 -7.23308802e-01 4.56567556e-01 -9.90029722e-02 -2.10186735e-01 2.43855238e-01 -9.17999148e-02
6.70334399e-02 1.94897428e-02 -2.45340079e-01 3.88462245e-01 -6.79836869e-02 3.61438781e-01 3.88711065e-01 -2.40874588e-01 -2.94922233e-01 3.64364088e-01 4.18702560e-03 1.09553732e-01 4.56151247e-01 5.17009079e-01 -1.79125637e-01 -6.65156543e-01 5.70711553e-01 -2.28862241e-01 2.55436003e-02 -2.25592449e-01 -3.53746146e-01 6.27904013e-02 -3.88964623e-01 1.64004147e-01 -3.62132996e-01 -8.91414657e-02 -7.37764984e-02 -4.92709786e-01 8.12889710e-02 -1.36151880e-01 -6.34460757e-03 -2.77975559e-01
7.12264478e-01 -5.06665148e-02 -2.39998296e-01 2.05047682e-01 4.29467633e-02 -4.42386031e-01 -1.20075852e-01 2.99614668e-01 4.63403821e-01 -2.67563701e+00 1.57544613e-01 1.15278721e-01 3.43840808e-01 -1.64682245e+00 1.14797898e-01 2.03996599e-01 9.94058698e-02 1.44892976e-01 -2.18330562e-01 -5.37899062e-02 5.45143247e-01 -2.33735994e-01 -2.48463660e-01 -2.67616343e-02 -3.07994902e-01 -2.23783821e-01 -2.26105638e-02 -2.13628098e-01 2.79152870e-01 1.44653291e-01 -3.44240427e-01 -2.35669285e-01
-8.66284490e-01 1.60340816e-01 1.61576585e-03 1.17911585e-01 -5.16960844e-02 -3.44730347e-01 1.05615962e+00 -4.83627766e-02 -1.04732490e+00 7.22359657e-01 -7.31922328e-01 4.65588979e-02 1.73952743e-01 6.72222301e-02 -7.15302944e-01 6.89907074e-01 6.08948648e-01 4.86285359e-01 -7.61376396e-02 2.15660874e-02 -2.18091860e-01 3.88000399e-01 5.34667373e-01 9.52361166e-01 -4.17533308e-01 5.29605091e-01 -6.24385357e-01 2.05079064e-01 9.07086611e-01 -4.57919538e-01 9.45982784e-02 -9.25266091e-03
-5.65892160e-01 6.04999483e-01 -3.20918821e-02 -1.51416287e-01 5.25482655e-01 1.79494008e-01 1.92716587e-02 5.25543869e-01 -3.10314089e-01 5.19268453e-01 5.76716065e-02 -1.45138875e-01 2.24217266e-01 2.87625104e-01 -5.37983239e-01 -2.48461202e-01 -1.62315890e-01 -8.10135454e-02 3.79574239e-01 -3.98600280e-01 1.39520271e-02 -2.63103575e-01 2.08646934e-02 -5.22311568e-01 1.19469613e-01 -1.98441878e-01 -5.75422406e-01 -5.15781522e-01 1.88509047e-01 -3.74652058e-01 -1.64208382e-01 -2.91509539e-01
-1.38016209e-01 2.09508136e-01 4.41211671e-01 3.53441983e-01 -2.26521090e-01 -2.85877675e-01 -1.37249470e-01 -2.01179106e-02 2.88644612e-01 -4.62114811e-01 -5.91798902e-01 -6.90230653e-02 -2.66305804e-01 -3.10208708e-01 7.75448382e-02 6.15107179e-01 -8.36792514e-02 2.08185956e-01 3.08428735e-01 2.10307747e-01 7.14621544e-02 -7.48540401e-01 1.81711838e-01 9.32537615e-02 2.72666186e-01 1.61025614e-01 6.83544902e-03 -5.56724727e-01 -2.78511524e-01 -1.24254458e-01 8.64796862e-02 -2.47648865e-01
-7.50264704e-01 5.07596374e-01 -5.20434082e-01 -1.04708588e+00 -3.71223629e-01 -2.72610039e-01 -3.46868932e-01 3.67722034e-01 1.30428329e-01 4.60720271e-01 -9.78070125e-02 2.26144359e-01 2.09913656e-01 2.60439098e-01 -5.55427223e-02 9.26202416e-01 7.30041027e-01 9.96370018e-01 -4.00085449e-01 1.14929505e-01 4.48905140e-01 -6.81906641e-01 -6.97153568e-01 3.73420179e-01 -2.77281940e-01 -4.24523145e-01 2.46120080e-01 4.71946418e-01 4.42480505e-01 -8.51409495e-01 1.69186652e-01 -1.22031637e-01
1.45895079e-01 -5.40791810e-01 -9.52849761e-02 -1.12109594e-01 -4.88996387e-01 5.25452614e-01 1.06617346e-01 -4.18392718e-01 4.80228245e-01 9.16872025e-01 -2.19614312e-01 1.14916764e-01 5.53371668e-01 4.23736781e-01 1.76009350e-02 -9.08118844e-01 -4.54685122e-01 -8.83980989e-01 -1.10531263e-01 2.10695401e-01 2.50274509e-01 3.31672460e-01 1.74959809e-01 1.64946035e-01 2.98816472e-01 1.12729020e-01 -4.09303427e-01 -3.11687797e-01 -1.96695581e-01 -3.35683793e-01 4.57518697e-01 2.86322802e-01
-6.05734624e-02 -9.56852853e-01 3.58092189e-01 1.58731592e+00 1.53909475e-01 1.05471268e-01 -1.49987623e-01 -2.51883090e-01 -2.13408843e-01 2.26931587e-01 1.09183097e+00 -1.00552964e+00 -1.09998453e+00 -4.47669059e-01 1.99722782e-01 -1.62627980e-01 -1.13194931e+00 5.81096530e-01 6.14162147e-01 -6.57214880e-01 8.99787188e-01 1.88612625e-01 2.86739469e-02 -1.43378871e-02 1.28679732e-02 -4.99061465e-01 2.07768425e-01 -2.62253918e-02 -8.80532742e-01 1.26742125e+00 -6.07831597e-01 -2.77661774e-02
-8.07921946e-01 -2.38563031e-01 5.12714744e-01 1.81542322e-01 -6.02779210e-01 2.84145355e-01 4.50884730e-01 -1.65643275e-01 -5.41120112e-01 -8.99952725e-02 -9.32933807e-01 2.19250798e-01 3.89812708e-01 1.96412906e-01 2.42227614e-01 -8.24014246e-01 2.91348785e-01 -7.29820013e-01 4.53030020e-01 -4.13435131e-01 -8.25568616e-01 3.30139935e-01 3.41185778e-02 -6.41503572e-01 -2.21415088e-02 4.84385073e-01 -6.12849593e-02 6.45657539e-01 -6.14048123e-01 -1.73367888e-01 -1.31648540e-01 1.80668846e-01
-2.45267525e-01 -2.79090285e-01 -1.00219913e-01 -1.74231827e-01 -3.01955700e-01 -1.22325338e-01 3.20818603e-01 2.66963780e-01 -7.36658156e-01 1.43932891e+00 -1.81399748e-01 -5.49765341e-02 -4.83101398e-01 5.20603418e-01 -1.81058228e-01 6.00573756e-02 4.31662984e-02 1.24920301e-01 1.81062205e-04 -1.59331858e-01 1.54390857e-01 1.87039748e-01 2.16752946e-01 1.27743678e-02 -2.50335000e-02 -4.75858115e-02 -2.08974987e-01 2.62746304e-01 2.37812743e-01 2.85933763e-01 9.29550081e-02 1.86784312e-01
-5.86739145e-02 -3.06601316e-01 -3.93274166e-02 -9.43820700e-02 -2.74367779e-01 4.50416654e-01 -2.88162112e-01 -4.17892516e-01 1.17903270e-01 -4.29368734e-01 3.82688716e-02 4.15181905e-01 1.98121905e-01 3.41463417e-01 2.74502128e-01 -4.88433361e-01 -4.10052925e-01 -1.16364861e+00 -7.30730966e-02 -3.15478683e-01 -1.26991093e-01 8.48592520e-01 4.28209662e-01 6.29979253e-01 -4.71641749e-01 1.39210030e-01 1.35429621e-01 -2.39405558e-01 -3.71789157e-01 -2.55064398e-01 -7.66953602e-02 -7.72681460e-02
3.53180543e-02 -2.51639932e-02 1.51899278e-01 -8.58956426e-02 2.15451613e-01 -1.15132213e-01 4.34853211e-02 -3.37485552e-01 -1.41790330e-01 3.87279719e-01 1.55792832e-01 1.71130851e-01 7.20431954e-02 -2.87425220e-01 -9.55620781e-02 -2.62170166e-01 6.71358407e-02 2.00332701e-01 -1.51172429e-01 -5.32139480e-01 1.61388814e-01 -1.51316717e-01 -1.49834096e-01 -6.06997572e-02 -7.70883076e-03 2.06402987e-01 -5.74248545e-02 -1.07625742e-02 1.15453415e-01 7.64704645e-02 1.81727213e-04 9.88305639e-03
2.21830130e-01 -6.38513863e-01 -2.82069057e-01 7.51654685e-01 -1.40648440e-01 -5.62068760e-01 2.53737509e-01 -1.82192281e-01 -4.17594343e-01 2.68998361e+00 -5.73435962e-01 9.81128693e-01 6.57948792e-01 7.71133840e-01 9.36296761e-01 2.50021279e-01 3.44935097e-02 2.36443609e-01 6.55206919e-01 3.95037323e-01 1.77562416e-01 1.50105298e-01 -1.34370789e-01 1.03960109e+00 -9.24139619e-02 1.38867468e-01 -3.13657999e-01 3.40679318e-01 2.65575084e-03 2.21395120e-02 7.14359939e-01 6.80497810e-02
-1.18152820e-01 1.73990101e-01 1.22641712e-01 7.54497275e-02 3.03964093e-02 -4.06836122e-02 3.34067806e-03 1.17534474e-01 -1.25804322e-03 -3.18732522e-02 1.58946902e-01 8.93661529e-02 8.92622694e-02 -1.62325241e-02 1.70061588e-01 1.93126097e-01 2.66165249e-02 -1.57833457e-01 -3.08161825e-02 7.64807016e-02 -1.74755856e-01 -5.12634553e-02 -2.61816159e-02 1.86283831e-02 -4.63086665e-01 -2.27020264e-01 4.84957993e-02 -1.03232026e-01 -6.57702982e-02 -5.46473972e-02 -9.11261328e-03 -4.64617789e-01
-8.19793623e-03 -8.25654194e-02 -5.25286235e-02 2.60133520e-02 -2.19277516e-01 2.89475787e-02 -2.74687856e-02 1.65191367e-01 5.77100068e-02 -5.03091253e-02 -1.42546613e-02 -2.46640798e-02 -6.75473437e-02 2.78121233e-02 -5.72076365e-02 2.12434053e-01 -1.15978502e-01 -1.33391082e-01 1.13345822e-02 3.25963825e-01 -2.47239262e-01 -9.94542688e-02 -3.57686612e-03 -1.28256502e-02 1.09533155e-02 -9.59718451e-02 -6.21224232e-02 -6.09866381e-02 -6.33342862e-02 5.45753948e-02 9.82206967e-03 1.79036765e-03
8.91467750e-01 -2.51568198e-01 4.85183775e-01 3.11226755e-01 -7.28930056e-01 -1.87520981e-02 -4.34500486e-01 -1.87842958e-02 8.11148465e-01 1.18993536e-01 -2.17101589e-01 7.86668211e-02 8.10967982e-02 2.43093640e-01 7.29824066e-01 -1.20478344e+00 -4.35471296e-01 -1.28219867e+00 9.62110341e-01 -2.47593790e-01 -8.26808333e-01 3.08524221e-01 -2.04406559e-01 1.80942863e-01 4.96237785e-01 -1.59323048e-02 1.97472647e-01 1.79668322e-01 -6.36440039e-01 1.97820663e-01 9.57060456e-02 4.43162262e-01
1.23154521e-01 -4.02158380e-01 -2.96035260e-01 3.87119621e-01 2.97022581e-01 -5.91032982e-01 1.21598907e-01 5.08070886e-02 2.21501917e-01 -2.55177081e-01 -2.54754335e-01 4.71067131e-01 3.77328515e-01 -2.90384978e-01 2.43580401e-01 -4.66607809e-01 -3.12307566e-01 -6.41070843e-01 3.07869792e-01 -3.84002417e-01 -2.53794014e-01 -5.10670505e-02 3.58641863e-01 6.36489093e-01 -1.11396626e-01 -2.93981701e-01 4.19056028e-01 -6.56488910e-02 -5.28086610e-02 -4.41143453e-01 1.12885155e-01 2.08719745e-01
8.71915296e-02 -1.19686417e-01 6.67221069e-01 2.28488088e-01 -1.14146101e+00 -3.15228939e-01 8.69549885e-02 -2.79463261e-01 8.46113622e-01 6.48853123e-01 -1.19662993e-02 -5.03864765e-01 -1.15678012e-01 7.76831388e-01 7.11895898e-02 -3.06146836e+00 -4.08783734e-01 -2.87693477e+00 3.06355298e-01 -1.02031916e-01 -7.51858056e-01 5.32049894e-01 2.03943118e-01 2.47215122e-01 3.07645261e-01 5.81798889e-03 4.55983102e-01 1.11735590e-01 -2.31777430e-01 -6.48927391e-01 -4.73371744e-01 8.86520892e-02
-1.63721740e-01 -2.17562750e-01 -2.52265811e-01 -2.78148890e-01 -2.96517372e-01 5.37233114e-01 1.77786961e-01 -1.05587170e-01 -9.20683369e-02 3.74256611e-01 -1.93835497e-01 1.74990341e-01 5.47241010e-02 -2.38887087e-01 -1.50029168e-01 -5.15427053e-01 3.15588832e-01 -6.33454442e-01 -2.85493165e-01 2.25825328e-02 -3.52962434e-01 3.81222636e-01 -1.66023418e-01 3.60401720e-01 3.54497224e-01 -5.17762959e-01 4.86094534e-01 8.36778283e-02 6.83505833e-02 1.34300962e-01 -5.95889241e-02 4.72356305e-02
4.49373305e-01 6.81108057e-01 7.16617703e-01 -4.00282770e-01 8.27847645e-02 1.55790538e-01 1.40074238e-01 -1.59151018e-01 -7.83811271e-01 9.69338894e-01 -2.83923090e-01 -2.40998432e-01 -4.45487112e-01 1.11407840e+00 1.58953637e-01 -2.13748869e-02 2.34056916e-02 -1.03899825e+00 3.98091853e-01 -2.83978581e-01 4.38265316e-02 7.06583619e-01 -1.28325656e-01 -4.01302099e-01 6.35767460e-01 -7.78326392e-01 4.94248420e-01 -2.36285906e-02 -3.37301105e-01 -5.99445403e-01 -9.87613052e-02 -4.45338577e-01
1.15379831e-03 -3.33671570e-01 2.24255428e-01 -2.13372573e-01 -2.29057685e-01 9.30700526e-02 3.14760320e-02 -2.81694859e-01 -4.50632542e-01 -3.74101222e-01 -1.41438141e-01 3.35342325e-02 -6.57664165e-02 3.49977016e-01 4.81935650e-01 2.87446469e-01 3.23643208e-01 -4.66664672e-01 5.59006445e-02 2.14217708e-01 -2.65173584e-01 3.37587476e-01 -3.72547776e-01 1.22451693e-01 -6.09850250e-02 -2.34263837e-01 3.70713443e-01 7.28630364e-01 -4.06705767e-01 -4.97884303e-01 2.13677123e-01 3.40527058e-01
-1.24358797e+00 1.78852916e-01 1.45939171e-01 -1.31114459e+00 -1.78801894e-01 -1.14555962e-01 1.49155870e-01 5.07277012e-01 1.79274157e-01 3.62695307e-01 -9.79869008e-01 7.20749617e-01 1.07383978e+00 4.10104901e-01 -7.10674644e-01 2.71591902e-01 5.73200822e-01 -4.28127557e-01 -2.60935247e-01 1.02947843e+00 -5.70483744e-01 -3.01285625e-01 -3.83342832e-01 -5.58971874e-02 5.96905768e-01 9.71149385e-01 8.57108772e-01 6.49638355e-01 5.00926077e-01 -1.03296351e+00 1.47320718e-01 2.16290638e-01
-9.77769792e-02 1.06784634e-01 3.11169982e-01 -4.36458029e-02 3.25827420e-01 -1.08126186e-01 -1.89368753e-03 3.13871801e-02 -4.01814282e-02 2.09520474e-01 3.18304971e-02 1.23500749e-02 -1.42732030e-02 -1.17559567e-01 6.66324496e-02 -1.30065635e-01 9.24723223e-02 7.43860453e-02 1.06654707e-02 -4.15102750e-01 1.47324383e-01 -9.96507704e-02 1.12090614e-02 -8.06387793e-03 1.49597064e-01 -1.93636976e-02 7.73891658e-02 1.33030102e-01 3.72705460e-02 -8.45056176e-02 -1.10292351e-02 5.25894389e-02
4.98667993e-02 3.56846780e-01 1.89490899e-01 -3.48913819e-02 1.64336324e-01 -2.41359789e-02 5.16157389e-01 1.46075204e-01 2.99784780e-01 -1.35067821e+00 -2.62632847e-01 4.63658452e-01 5.65570116e-01 -4.02074724e-01 -5.84857464e-01 -2.50533074e-01 7.28002906e-01 -4.89339292e-01 1.90361127e-01 -5.12042224e-01 7.27772117e-01 -4.16489989e-01 -1.25944093e-01 -1.14560223e+00 -3.95250529e-01 4.06229019e-01 -9.02394950e-01 -5.94390571e-01 1.04829513e-01 -4.66814749e-02 -1.40159041e-01 5.38041927e-02
5.73618889e-01 -3.29803467e-01 -3.21897984e-01 4.55065757e-01 -1.70998348e-04 -2.52035689e-02 -4.89683561e-02 -1.42451167e-01 4.52677488e-01 -7.07851946e-02 -1.02641501e-01 -6.39349744e-02 7.45576024e-01 -3.20878476e-01 3.74349803e-01 -2.77362436e-01 -4.26924638e-02 -4.29308414e-01 1.58734813e-01 -8.95177498e-02 -3.21304113e-01 9.98640805e-02 1.83053777e-01 1.73470542e-01 -3.29493135e-02 -2.24142790e-01 8.09558272e-01 4.99386609e-01 -3.65431637e-01 3.51890445e-01 2.16804951e-01 2.90636957e-01
-2.11803749e-01 3.07542890e-01 -1.79946288e-01 -5.29243946e-02 -5.69171011e-01 -2.11680487e-01 1.06754094e-01 4.50020045e-01 -7.30868503e-02 -5.66965044e-01 -2.03006685e-01 2.85405517e-02 -3.38742018e-01 2.02858627e-01 2.83899516e-01 -1.84646353e-01 -1.14998721e-01 2.24373311e-01 3.41241397e-02 3.58234376e-01 -2.52830207e-01 -6.38297498e-02 -3.12473774e-02 -5.54208718e-02 -9.21449959e-02 -1.00923985e-01 2.65827328e-01 -2.55090982e-01 1.00287288e-01 -1.52215813e-04 3.06458846e-02 1.43733308e-01
5.05402535e-02 -4.89765763e-01 -8.40228349e-02 -1.05398364e-01 -1.31647140e-01 -1.61776423e-01 -3.37858796e-02 -1.51925564e-01 -3.54166299e-01 4.77293670e-01 -1.11265015e-02 8.45535249e-02 3.56784910e-01 3.46963167e-01 -1.87339813e-01 -6.79790020e-01 -1.86017588e-01 -1.52773783e-01 -2.36426201e-02 5.81607856e-02 7.15370700e-02 -2.99432408e-02 5.39326310e-01 5.35374656e-02 -3.85460734e-01 2.35325977e-01 3.39419663e-01 1.10199213e-01 -5.22056222e-02 1.23774804e-01 -2.08692104e-02 -2.01982260e-01
9.26467180e-01 -9.09603760e-02 -5.21829844e-01 1.40938118e-01 2.22412735e-01 1.67151019e-01 6.20494902e-01 2.23816365e-01 -3.76066029e-01 -8.18733573e-01 -9.06461656e-01 1.42898929e+00 1.32311270e-01 -7.72984982e-01 3.80590588e-01 1.02222073e+00 -8.43322352e-02 6.62843168e-01 -2.12089598e-01 9.47836041e-02 -1.44419646e+00 -3.06118309e-01 -7.79358685e-01 -2.66489565e-01 -3.45801353e-01 3.45305800e-02 1.87908873e-01 5.30806541e-01 3.65208387e-02 1.42866522e-02 -1.46848534e-03 4.06294405e-01
-1.09370604e-01 2.24286303e-01 -9.75984335e-01 -4.99496199e-02 3.22805524e-01 3.11535209e-01 8.48600492e-02 -7.71850906e-03 2.32481305e-02 4.80651379e-01 -3.86533499e-01 -1.21582532e+00 3.55143040e-01 1.74118027e-01 -4.66496468e-01 8.32469046e-01 3.83873433e-02 1.46638417e+00 -3.79085779e-01 1.45380706e-01 2.19276324e-01 -1.42119944e-01 -9.11989808e-02 6.89852715e-01 -3.73392791e-01 7.43904173e-01 -7.21730813e-02 -1.87692717e-01 4.33074832e-02 1.38938501e-01 7.18384087e-01 4.38305624e-02
-1.33581357e-02 4.26363081e-01 -1.71625078e-01 -6.17420912e-01 -9.56956148e-02 7.37788677e-01 3.31330866e-01 7.98773527e-01 3.64824533e-01 3.32185507e-01 9.46784616e-01 -2.46852860e-01 8.69497508e-02 3.02881747e-01 7.95328990e-03 -7.68154323e-01 3.12489808e-01 -7.46246651e-02 -3.18576872e-01 -5.41183293e-01 -6.18773289e-02 -2.32127741e-01 2.25739628e-01 1.42445356e-01 -2.26664707e-01 1.76131576e-01 3.33853327e-02 -5.52605023e-04 -5.53053916e-01 2.50493467e-01 -1.22203104e-01 1.12371847e-01
7.01942816e-02 -7.04291975e-04 -1.23402201e-01 -7.97032192e-03 -2.86387466e-02 5.97286448e-02 7.08676875e-03 8.14469010e-02 -4.66380604e-02 -7.71233365e-02 -6.50752410e-02 -3.81808221e-01 2.61729598e-01 2.04096302e-01 2.68893242e-02 8.68031308e-02 6.52514398e-02 -9.47446600e-02 1.04897141e-01 2.52927363e-01 1.15724348e-01 2.89964139e-01 4.14482206e-02 2.65156239e-01 -1.48012519e-01 -2.73407340e-01 -1.92896843e-01 -1.52068391e-01 -3.10657144e-01 -1.58304989e-01 -8.35178327e-03 -2.41985440e-01
4.37793225e-01 4.33465615e-02 5.49303889e-01 4.03093725e-01 3.44713241e-01 3.94799888e-01 9.11232352e-01 -3.77286196e-01 7.54531145e-01 -9.30982977e-02 -6.00302279e-01 1.45166293e-01 -5.30505955e-01 -4.71939415e-01 -3.43232863e-02 2.50391692e-01 -5.52324474e-01 -4.81628239e-01 3.00128907e-01 4.38968791e-03 -1.05194479e-01 5.71372032e-01 2.07578838e-01 6.54559970e-01 2.17845235e-02 -1.44174367e-01 -2.24367842e-01 1.71846285e-01 1.65878713e-01 4.23686266e-01 -1.83991805e-01 1.45435939e-02
-2.48703867e-01 -5.12625635e-01 1.43440259e+00 9.45850238e-02 -7.27923810e-01 -1.91220835e-01 -1.07925546e+00 -9.70437050e-01 2.21966401e-01 1.06696653e+00 1.13156298e-02 -4.49798167e-01 -2.95187205e-01 1.11890221e+00 5.77459872e-01 -1.67238581e+00 1.62835941e-01 -2.47793245e+00 1.77247441e+00 8.31430972e-01 -6.24823689e-01 1.66561365e+00 -4.42411572e-01 2.85199255e-01 3.16165328e-01 -6.89020932e-01 -2.43928552e-01 4.29294527e-01 1.85247853e-01 4.07294929e-02 8.78260911e-01 1.75562933e-01
-1.80088286e-03 -1.92356128e-02 5.17854616e-02 4.55934964e-02 4.04131234e-01 4.28978167e-03 -4.48245555e-04 2.90630553e-02 4.00887132e-02 -1.23716118e-02 -2.09161639e-02 -6.53374791e-02 1.02669351e-01 -1.00597283e-02 7.44288845e-04 -6.32243976e-02 1.25912167e-02 -6.38860166e-02 -8.92204419e-02 7.96769261e-02 1.25982046e-01 5.18820770e-02 -7.65361218e-03 2.21164506e-02 -1.43742993e-01 -1.45566657e-01 1.94768943e-02 3.85942131e-01 -4.34459299e-02 -5.57402410e-02 -9.86814499e-03 -2.45848224e-01
-3.88362467e-01 1.16114564e-01 -1.33539870e-01 -6.93414286e-02 -2.49583811e-01 -4.15974762e-04 -1.64430827e-01 6.99986219e-01 -1.56452656e-02 -8.11629817e-02 -1.69416681e-01 6.77292883e-01 4.98315126e-01 2.77248889e-01 1.77544490e-01 6.62070587e-02 -1.10168591e-01 4.64381017e-02 -1.54730737e-01 -3.20204087e-02 -1.34504572e-01 -6.26128674e-01 -1.78165063e-01 -2.04322875e-01 -3.51807326e-01 -1.78659424e-01 -6.07967377e-01 4.21572447e-01 -2.55170405e-01 -2.49885112e-01 -1.58254251e-01 5.22662222e-01
-1.72070470e-02 -1.94985062e-01 5.27678013e-01 2.57857293e-01 -4.87453997e-01 2.61221647e-01 4.01447415e-01 -5.47796130e-01 4.34153289e-01 3.61037582e-01 -9.93192717e-02 4.24769640e-01 -8.65311101e-02 1.77334160e-01 1.68078154e-01 -1.83478224e+00 1.14888743e-01 -8.23352635e-01 -1.06566019e-01 1.77432880e-01 -5.17937243e-02 1.60241082e-01 2.68055230e-01 1.83164552e-01 -2.08351091e-01 -5.23339570e-01 -7.85945058e-02 -2.72617698e-01 -3.69360268e-01 -4.88785267e-01 5.37569702e-01 -3.30264628e-01
-1.61004052e-01 8.19178745e-02 -1.51502892e-01 1.17028475e-01 -4.84144315e-02 -7.88557529e-02 3.75579059e-01 -1.58188820e-01 -8.89036655e-01 1.61044228e+00 -4.11022604e-01 -2.91367490e-02 -2.39651904e-01 1.25310433e+00 -2.38117129e-01 2.01007470e-01 5.44797257e-02 1.18858777e-01 -1.56072736e-01 -2.51471728e-01 -1.99033767e-02 2.29669049e-01 -8.16707164e-02 -1.99032128e-01 -1.92803189e-01 1.04371659e-01 3.97867590e-01 4.91751581e-01 2.04930514e-01 -4.98465657e-01 3.92297298e-01 -3.15664969e-02
-1.25104457e-01 -2.26908088e-01 6.32685125e-01 5.07877231e-01 -1.65398359e-01 -3.57546866e-01 -1.06255674e+00 7.52682015e-02 2.36656576e-01 4.53121334e-01 1.10152639e-01 -8.07359293e-02 8.35325792e-02 2.08775640e-01 -2.21794322e-01 5.28748512e-01 -8.94948281e-03 1.54349819e-01 -5.77998534e-02 -3.49278420e-01 8.55640233e-01 3.92014742e-01 3.58627468e-01 -5.65562010e-01 -3.50162536e-02 -8.73118453e-03 -1.74165875e-01 3.73900652e-01 -1.93812504e-01 3.58887851e-01 -1.58060789e-01 -2.25606546e-01
8.80920112e-01 -2.24343240e-01 4.76603419e-01 8.73805702e-01 -3.03495020e-01 2.08607391e-01 -9.35149908e-01 -4.36372250e-01 5.92052042e-01 -1.16920519e+00 -3.54732186e-01 7.48969913e-01 -1.12694156e+00 -4.26288396e-01 4.30683613e-01 -3.81586492e-01 4.50918227e-02 8.69564489e-02 4.38380688e-01 8.51258755e-01 3.13236684e-01 -3.77548724e-01 -2.06763577e+00 -6.14403486e-01 7.11844385e-01 6.83488786e-01 -9.20758903e-01 -4.49532688e-01 1.45045340e-01 1.14821482e+00 -1.39985847e+00 -2.74515718e-01
-2.32696459e-02 1.73589468e-01 -6.46590143e-02 -4.62645628e-02 -1.55865699e-01 -2.71739606e-02 3.65155041e-02 -3.55284549e-02 -5.48161790e-02 -2.78006885e-02 4.07387055e-02 1.03547029e-01 8.62144232e-02 -4.21015508e-02 1.65582761e-01 -1.72726080e-01 1.07882053e-01 1.55770704e-01 -3.17914635e-02 -2.80272603e-01 1.30299509e-01 2.48062965e-02 -7.66037323e-04 -8.52196012e-03 -3.09617609e-01 -3.79112214e-02 2.26545334e-02 -5.94705418e-02 -1.22521883e-02 -7.27115152e-03 -2.04838924e-02 -2.25590557e-01
2.97496207e-02 2.90200263e-01 1.68151104e+00 5.00310421e-01 -1.43074942e+00 2.15826750e-01 -1.52090311e-01 -5.91978729e-01 8.49534750e-01 6.40163720e-01 2.13231027e-01 -4.05949742e-01 -9.48309243e-01 8.97934258e-01 7.46378377e-02 -4.13152027e+00 -2.45859146e-01 -4.85958529e+00 3.76643270e-01 6.48624003e-02 -1.19525778e+00 1.02258551e+00 3.96058023e-01 1.85318694e-01 1.35750785e-01 -2.26874858e-01 -4.71598417e-01 6.84959650e-01 -2.76835203e-01 4.62312773e-02 -3.80505100e-02 1.08797133e-01
-1.08333802e+00 4.75643724e-02 -9.11846608e-02 -5.79849780e-01 1.98576033e-01 -1.51788965e-02 -6.96808770e-02 3.69612336e-01 -2.71968603e-01 2.13965058e-01 2.81110942e-01 -4.57866549e-01 2.51947463e-01 6.26832604e-01 -2.67728746e-01 2.63618767e-01 8.13148543e-02 2.57025987e-01 -9.02390778e-01 2.53027268e-02 2.69382000e-01 5.26322126e-01 3.80393803e-01 -1.18427724e-01 -3.84076834e-02 1.14784233e-01 -5.54375172e-01 -1.17796466e-01 2.10810006e-01 -4.01511699e-01 3.71924788e-02 -8.28512371e-01

layers.2.bias:
-1.34481692e+00
-8.07670951e-01
3.31580579e-01
-5.26305795e-01
1.68275177e-01
-6.27986133e-01
2.56213248e-01
1.98999798e+00
7.36782908e-01
8.58788788e-01
-1.01850986e+00
-1.32977045e+00
-2.61764884e-01
9.14516091e-01
-3.45211476e-01
-6.47514284e-01
-5.21486960e-02
-7.97391653e-01
3.72045964e-01
-8.71312991e-02
-2.38056451e-01
8.31895292e-01
8.18856001e-01
-2.00084224e-01
-3.80349725e-01
1.01943743e+00
-9.83781815e-01
-1.02507389e+00
5.17299235e-01
-1.14271748e+00
7.19473232e-03
-9.80890635e-03
8.26518893e-01
1.02141254e-01
-2.73521543e-01
-2.11479496e-02
-1.39724910e-01
1.41572344e+00
1.06668794e+00
-1.41211614e-01
9.93012846e-01
-2.12481350e-01
-5.06249368e-01
1.38154459e+00
2.50975251e-01
-8.43516886e-01
1.05625701e+00
-3.44174474e-01
8.09732437e-01
1.68655121e+00
2.54404545e-01
3.07683259e-01
1.11704178e-01
-6.13242149e-01
2.66366392e-01
-2.82760337e-02
8.19012165e-01
-8.24400857e-02
-1.07201086e-02
-6.51151717e-01
6.84793770e-01
6.95401579e-02
-3.39023679e-01
5.30588865e-01

layers.4.weight:
3.02994579e-01 3.33599150e-02 -6.81224987e-02 5.26445173e-03 4.32321541e-02 8.80758613e-02 -1.78818427e-05 -7.12229133e-01 -1.40234962e-01 -4.10582364e-01 3.87039445e-02 9.30657268e-01 -2.01269698e+00 -1.12625070e-01 1.46517400e-02 -1.49839866e+00 -1.48651277e-04 5.92112429e-02 -2.34243404e-02 2.11287595e-04 1.89514942e-02 -1.25498325e-01 -3.92213054e-02 2.91764081e-01 -2.95789968e-02 -4.02566455e-02 3.87782529e-02 7.07935929e-01 -3.68560851e-01 3.83974046e-01 -1.82305630e-02 -1.59401491e-01 -1.24107869e-02 -7.95515778e-04 -1.32910628e-02 1.94868291e-04 3.02758999e-04 -2.03441292e-01 -1.63114676e-03 3.23069364e-01 -4.53255586e-02 2.85336941e-01 -1.79470167e-03 -1.20845065e-01 4.47572034e-04 1.28839135e-01 7.85326585e-03 -6.00445492e-04 -9.32654515e-02 -6.71847105e-01 -1.27137989e-01 -1.34871947e-02 3.53666721e-04 9.54854582e-03 -9.04900074e-01 -4.56625276e-05 -2.04477677e-04 -2.25886941e-01 -1.14803664e-01 1.78622063e-02 -2.41576936e-02 3.42380488e-04 1.14516068e+00 -9.16180946e-03

layers.4.bias:
-1.09768879e+00

