layers.0.weight:
3.31696361e-01 -5.67613244e-01 7.97264636e-01
5.69172144e-01 -8.09445798e-01 -5.80563486e-01
-8.31293464e-02 -6.13938749e-01 -5.77727258e-01
-1.07055378e+00 1.15616508e-01 4.58123112e+00
2.67282110e-02 4.11940843e-01 1.16166264e-01
-5.79876065e-01 8.58121514e-01 -1.84879377e-01
-1.31842160e+00 4.86020595e-01 -9.88645032e-02
-6.01682402e-02 7.88846374e-01 -9.23566997e-01
6.03414774e-01 -9.26082134e-01 5.12713566e-02
-1.11527514e+00 5.86289167e-02 -1.64189592e-01
7.53551662e-01 -9.85680073e-02 1.41279221e+00
-7.16238439e-01 -1.31785080e-01 -1.29353356e+00
-4.30584475e-02 7.12955832e-01 -1.57757306e+00
-1.16726887e+00 2.10410804e-02 5.00053525e-01
-6.46977663e-01 1.09646142e+00 7.52028525e-01
-1.81771189e-01 9.48456824e-01 1.64468549e-02
5.46070874e-01 -6.33792400e-01 -1.45019031e+00
-1.15504665e-02 1.12846863e+00 1.84981868e-01
8.07071701e-02 -9.54183042e-01 5.35116851e-01
3.41117471e-01 -1.28724232e-01 -8.64976227e-01
2.23475501e-01 1.65966094e-01 -5.10879010e-02
-3.24195027e-01 -2.56797969e-01 -1.00232065e+00
-4.64660525e-01 1.65601885e+00 -4.46076952e-02
-1.56447518e+00 4.06930357e-01 1.75152493e+00
1.05132234e+00 3.79940838e-01 -7.78481364e-01
2.59609371e-01 6.71772659e-01 -1.17486012e+00
-1.16151750e-01 -2.13369340e-01 1.90187418e+00
-3.97779703e-01 -2.44972542e-01 1.92939892e-01
3.22416067e-01 7.57217348e-01 -1.46468067e+00
-1.04933763e-02 4.65525806e-01 1.70563948e+00
-2.89658904e+00 2.84448242e+00 -1.78299040e-01
-1.26738083e+00 -5.19488692e-01 1.02004325e+00

layers.0.bias:
8.77201200e-01
4.81547834e-03
-1.42384720e+00
-6.34384930e-01
7.07518518e-01
-2.04255387e-01
-3.54310095e-01
2.86240637e-01
-7.45998621e-01
-1.59115899e+00
1.64644122e-01
1.80825554e-02
2.46107668e-01
-1.21306002e+00
-2.90836543e-01
1.43946290e+00
9.34610724e-01
1.82654703e+00
-6.68276668e-01
5.78918040e-01
-1.44309163e-01
-1.35729384e+00
1.02535832e+00
-7.05530941e-02
1.36946186e-01
5.60703695e-01
8.80503118e-01
-1.57881156e-01
-4.88352716e-01
7.31267482e-02
8.91685039e-02
-6.70209900e-02

layers.2.weight:
-3.01124454e-01 3.32968295e-01 1.28547460e-01 -5.23567259e-01 -2.07134351e-01 -1.02725327e-01 8.51255357e-02 -4.52734679e-02 1.53568000e-01 2.63406801e+00 4.94189709e-02 1.17411301e-01 -1.87258452e-01 2.35058379e+00 -3.69854212e-01 3.22419286e-01 -1.10607026e-02 5.07967949e-01 1.60288811e-01 -2.26913422e-01 1.81549475e-01 -3.21243517e-02 -6.20065987e-01 5.48709333e-01 -1.55187130e-01 6.47406220e-01 -8.27686965e-01 -8.43138397e-02 -1.79980308e-01 -2.60573953e-01 -5.01058936e-01 3.31003547e-01
-8.07198435e-02 1.10132173e-01 -8.68208289e-01 7.38980621e-02 -3.56576979e-01 1.40762642e-01 -7.47097492e-01 -5.18433988e-01 5.14343977e-01 6.67178214e-01 3.63058954e-01 -3.02094162e-01 2.21318021e-01 -6.72661960e-02 -2.83797055e-01 2.59660006e-01 -3.73703033e-01 3.80746633e-01 -3.96977216e-01 -8.36245120e-02 6.30165994e-01 -1.35938704e-01 -4.21135992e-01 -3.43112275e-02 -2.80629657e-02 -1.02893822e-01 -3.03891212e-01 -5.15046120e-01 3.93890850e-02 -1.95444211e-01 -7.39795268e-02 2.20242292e-01
2.86162682e-02 -1.50045782e-01 2.94146717e-01 -4.68919516e-01 -1.56096935e+00 1.02596611e-01 -5.18301129e-01 -7.79865384e-02 8.47065628e-01 1.08205652e+00 -2.59639591e-01 -3.81403446e-01 -1.35773763e-01 4.42430139e-01 4.25938331e-02 -1.72343338e+00 -4.87079769e-01 -2.00719380e+00 6.92916393e-01 9.36381891e-02 -2.05307424e-01 -2.69307643e-01 5.16521335e-01 -9.87561584e-01 -4.00419801e-01 1.30513683e-01 -8.86664808e-01 9.01778638e-02 7.12947920e-02 -9.33560356e-02 5.47673166e-01 4.05063421e-01
2.33821228e-01 -7.75121003e-02 8.55111107e-02 1.33144736e+00 4.67937678e-01 3.94809633e-01 6.69593990e-01 -2.30069220e-01 -1.53652966e-01 -3.05806752e-02 1.46766052e-01 -5.17103113e-02 -5.63297093e-01 1.63295850e-01 6.32794857e-01 7.05381691e-01 -2.96784401e-01 6.04392827e-01 3.08111668e-01 -9.37778652e-01 -7.99561143e-01 -1.37467891e-01 3.86284769e-01 1.36969769e+00 -4.71133322e-01 -5.37775934e-01 4.83599246e-01 2.87253857e-01 -6.53670788e-01 -1.68738574e-01 -1.22005139e-02 4.38763857e-01
2.62720603e-02 -4.06346291e-01 3.17359447e-01 -5.61652064e-01 2.24479675e-01 -2.13402212e-01 -9.76048708e-01 2.73002803e-01 -2.19906852e-01 -4.67219025e-01 3.16454619e-01 -6.53152645e-01 9.20786440e-01 -9.40078855e-01 1.25263333e-02 -4.76677805e-01 -2.60258704e-01 -7.34939516e-01 -2.40237162e-01 1.41255325e-02 9.31162536e-01 -4.72553551e-01 3.52966726e-01 -4.54963565e-01 -7.34501481e-01 7.59291589e-01 -1.38438279e-02 -7.16776133e-01 -1.72679603e-01 5.09284914e-01 -1.81784958e-01 -2.37783464e-03
-5.69115281e-01 1.06271617e-01 2.88645208e-01 3.16507429e-01 -7.59390533e-01 -5.26161641e-02 -6.39803529e-01 2.06163600e-01 4.73944247e-01 -1.17022097e-02 8.14437747e-01 1.13242343e-02 -2.23263741e-01 -1.88103139e-01 -1.69530332e-01 -1.31974196e+00 -4.83342409e-01 -1.26253664e+00 6.35427654e-01 -3.90853494e-01 -3.17162335e-01 -1.26510978e-01 -3.84263426e-01 -1.05897672e-01 1.22593388e-01 -4.18945886e-02 2.92460501e-01 8.87126386e-01 -2.20052481e-01 -2.72296727e-01 -4.80100572e-01 2.48699129e-01
1.97902434e-02 5.97721757e-03 -2.23916218e-01 -4.75845905e-03 -1.32653564e-01 1.68676272e-01 -9.25630406e-02 -4.22963411e-01 -1.03805386e-01 2.41399303e-01 3.05559814e-01 5.99260293e-02 2.85065889e-01 -1.01228748e-02 -1.93036012e-02 -2.93093175e-01 2.79239155e-02 1.28520265e-01 -9.61785298e-03 -3.04489702e-01 -3.79180551e-01 9.02369022e-02 7.73803145e-02 2.31083389e-02 1.65688798e-01 2.59733081e-01 -3.56884032e-01 -4.46259797e-01 -1.42059371e-01 7.58966357e-02 -2.30881423e-02 1.35874003e-01
2.31559500e-02 -7.91687965e-02 -7.22941995e-01 5.31129837e-01 8.14811349e-01 -4.05835211e-01 3.10268492e-01 5.23878992e-01 -3.00196111e-01 -1.28511295e-01 5.08558713e-02 7.90147185e-01 1.57503262e-01 -3.74002874e-01 1.55548677e-02 1.21082056e+00 3.47648412e-01 7.80289590e-01 -9.75654006e-01 3.31286579e-01 -1.20807755e+00 -1.13284302e+00 3.73208582e-01 4.85320747e-01 3.41390640e-01 6.15892410e-01 7.73413301e-01 1.76679835e-01 -4.42273825e-01 6.69062793e-01 4.13549304e-01 -4.09072727e-01
1.80040702e-01 4.74822521e-01 -6.46167994e-01 -2.74544030e-01 1.52163649e+00 -5.77280879e-01 -8.11706424e-01 -3.49373728e-01 -5.21735966e-01 -2.58112489e-03 4.66228127e-01 1.98166877e-01 7.02268422e-01 -4.71654862e-01 -1.26854077e-01 2.32857990e+00 4.97272491e-01 1.68581426e+00 -5.28715432e-01 -1.22881336e-02 1.01006618e-02 -3.28031361e-01 -7.87466690e-02 2.77459949e-01 -4.40535136e-02 3.97884279e-01 3.78128625e-02 7.27792457e-02 -4.00858261e-02 1.36453956e-01 1.85849416e+00 -1.84165254e-01
-5.90394735e-01 1.97541952e-01 -1.30674466e-01 -4.96405929e-01 4.51379448e-01 -1.25111165e-02 -1.07833318e-01 3.46673399e-01 4.90225464e-01 -1.93590626e-01 3.84491198e-02 2.13643044e-01 1.56558871e-01 1.99629396e-01 -4.14058805e-01 -5.91836512e-01 3.23087037e-01 -3.63051772e-01 -3.86649132e-01 -5.46782762e-02 -6.65624797e-01 -2.58835435e-01 6.29549026e-02 -5.04556037e-02 -2.29279920e-01 -1.19899116e-01 -1.47978634e-01 2.48501882e-01 2.39030525e-01 1.90279454e-01 1.51729986e-01 1.22394823e-02
6.46587610e-02 -3.90775740e-01 -2.16916308e-01 -2.77358353e-01 -3.27166289e-01 -2.26879448e-01 -3.87472421e-01 6.26711845e-02 4.47648019e-01 2.99884617e-01 -4.44941252e-01 -1.99186251e-01 7.70249307e-01 -2.64743835e-01 -1.31660938e-01 -2.66292721e-01 -7.06209719e-01 -7.35108137e-01 -3.20701604e-03 -1.13698386e-01 1.11836720e+00 -3.53641897e-01 -7.10215211e-01 2.56828398e-01 -9.22157913e-02 -1.46106616e-01 -3.48343134e-01 -6.15546823e-01 2.16448605e-01 -3.14072967e-01 -1.52914468e-02 3.39736372e-01
-6.94871917e-02 -6.09057359e-02 1.66412210e+00 -8.69250357e-01 -7.78854489e-01 1.11195311e-01 5.62899970e-02 -4.08977330e-01 1.04529575e-01 1.89710391e+00 3.18670236e-02 -9.46007073e-02 2.87384689e-01 3.26508760e+00 -8.61559156e-03 -6.41099393e-01 3.01627427e-01 -2.48540020e+00 6.02073610e-01 -3.30393016e-01 2.32964993e-01 5.89744687e-01 -3.04778427e-01 8.61579776e-01 -1.02947123e-01 -5.60746431e-01 3.00927967e-01 -7.68142417e-02 7.57355988e-02 3.74080874e-02 1.58628207e-02 -3.13762367e-01
-4.80861455e-01 -1.23373955e-01 9.45963144e-01 4.40423965e-01 -1.09975529e+00 4.85285699e-01 2.14427859e-01 -1.01546502e+00 5.70356488e-01 4.98433322e-01 1.82731003e-01 3.01468492e-01 -5.44203520e-01 2.61706412e-02 4.08503056e-01 -5.75940657e+00 -9.96565074e-02 -6.73856497e+00 7.50538468e-01 -1.06116891e+00 -8.86684597e-01 3.93000782e-01 4.71313566e-01 -6.65748939e-02 -2.56091744e-01 -2.80393392e-01 -3.25356692e-01 8.43808532e-01 -6.60161853e-01 -3.16597402e-01 -1.22474599e+00 -2.89713621e-01
3.75722684e-02 -1.71367481e-01 -6.71904683e-01 -3.47184986e-02 -1.07675776e-01 -3.17591578e-02 2.39388898e-01 3.39998305e-01 3.79930407e-01 -2.00632259e-01 5.62370896e-01 -2.10255727e-01 3.06606233e-01 -7.81314552e-01 -3.14626843e-01 -3.37635837e-02 -2.66945183e-01 2.49906883e-01 -1.27702951e-01 9.12947953e-02 -1.08664148e-02 -1.88877240e-01 4.95128743e-02 -1.84439510e-01 -1.10446423e-01 7.41291225e-01 2.10457165e-02 1.29741803e-02 -1.59585744e-01 2.89049625e-01 2.20597416e-01 3.38905424e-01
-9.77787435e-01 1.68600351e-01 -1.25684261e-01 3.70786816e-01 -1.57144308e-01 6.84629083e-01 -4.09149557e-01 -1.35299787e-01 4.66317624e-01 -2.07045645e-01 -7.30780005e-01 2.03651905e-01 1.23583429e-01 -3.13208163e-01 -2.35814333e-01 -7.25754738e-01 1.99473590e-01 -7.30305612e-01 -3.55414897e-01 2.88270354e-01 1.43102717e+00 8.79336178e-01 1.41277947e-02 1.98294595e-01 -2.24515423e-01 7.26037025e-02 -5.61513603e-01 -8.26397911e-02 7.49820411e-01 -2.13195622e-01 -7.52089098e-02 -1.96544472e-02
-4.69794422e-01 -3.71565260e-02 1.12456664e-01 5.52945770e-02 -1.83353230e-01 2.22764164e-01 -8.48044813e-01 -2.55640037e-02 -3.92538011e-02 5.31237125e+00 4.78705406e-01 5.05628943e-01 2.97250122e-01 2.60662365e+00 8.43445957e-02 6.78987950e-02 -3.63378108e-01 -8.25247020e-02 3.39597859e-03 -1.24239542e-01 -7.61770606e-01 4.81682777e-01 1.68942168e-01 2.05082878e-01 -4.60542321e-01 -3.53955835e-01 -7.11459696e-01 3.97622883e-01 -1.26411423e-01 -7.38086820e-01 3.59034359e-01 -1.77215800e-01
-3.58060896e-02 1.34556592e-01 -8.71675238e-02 3.31562534e-02 3.38739939e-02 3.38201672e-02 1.71463490e-02 -5.19554056e-02 -3.03353481e-02 -2.27673277e-01 5.76204136e-02 4.36959155e-02 5.16959801e-02 6.23335578e-02 1.33850917e-01 -2.52866130e-02 6.35926351e-02 -4.39041257e-02 -2.00784877e-02 1.11693293e-01 2.35453591e-01 1.13305062e-01 4.55384701e-02 3.28508206e-02 4.14758995e-02 2.25211997e-02 5.55314198e-02 3.15840185e-01 -5.29739028e-03 -3.55904084e-03 7.87661504e-03 3.33976001e-02
1.30279973e-01 -1.26353264e-01 -5.20088971e-01 3.85572575e-02 6.37615472e-03 -1.89013794e-01 -2.39967167e-01 -3.07108879e-01 3.07651281e-01 -6.60067618e-01 5.06122448e-02 -1.66696664e-02 2.12206200e-01 5.53417169e-02 -7.30542392e-02 4.47730608e-02 -3.04834157e-01 3.20792705e-01 -9.89258289e-02 9.19272423e-01 2.86400646e-01 1.46615803e-01 -4.70180750e-01 -1.32959723e-01 -1.26518801e-01 -4.33502048e-01 8.33793163e-01 -4.80417192e-01 2.33250007e-01 3.02265823e-01 -5.85488677e-02 1.99019700e-01
-2.43078575e-01 -5.73209412e-02 -3.36095631e-01 -2.14177638e-01 5.05586982e-01 -1.14457346e-02 1.51568606e-01 1.42599419e-01 4.24203217e-01 -4.31945026e-01 -1.67156130e-01 -9.00131345e-01 4.83293533e-01 -1.82516277e-01 -2.10772410e-01 3.16369563e-01 -1.16927147e-01 4.33543533e-01 1.31166682e-01 -5.91718778e-02 -3.26494612e-02 -2.04841569e-01 4.33386147e-01 -3.26264173e-01 2.46144474e-01 2.07516745e-01 -1.83586225e-01 3.21877122e-01 6.57861456e-02 3.43086630e-01 5.37180245e-01 1.23532772e-01
6.47189096e-02 1.79200381e-01 2.11681589e-03 6.95193037e-02 -7.06075504e-02 1.00339703e-01 -2.67966446e-02 -8.32455382e-02 5.25353774e-02 7.70574585e-02 6.50497377e-02 1.12784453e-01 -6.84241503e-02 -8.17335844e-02 1.22418277e-01 4.73630756e-01 5.15361689e-02 -2.94067413e-01 4.57052104e-02 -1.08264156e-01 -1.12379506e-01 -1.24745421e-01 -4.26281523e-03 -3.07739284e-02 4.29899506e-02 1.25266567e-01 5.94930584e-03 1.00966478e-02 1.04468144e-01 1.52563266e-02 -1.67289618e-02 3.92503850e-02
4.43177134e-01 -2.69958913e-01 5.89826763e-01 6.28500581e-01 -1.54959947e-01 -1.56086132e-01 -6.12649977e-01 -1.98325604e-01 -4.26266968e-01 -8.08085263e-01 -3.99137894e-03 8.61163437e-01 3.98263633e-01 -3.76339346e-01 8.41485620e-01 6.34415746e-01 -1.82761744e-01 -1.86044440e-01 4.59336549e-01 3.50558519e-01 -4.29069400e-01 1.68003216e-02 6.34237051e-01 2.79604018e-01 5.29553667e-02 -4.63916123e-01 1.90996304e-01 3.42998087e-01 -2.07007989e-01 2.25630179e-02 1.21033728e-01 4.43684667e-01
2.91655391e-01 -3.88267785e-02 6.88657984e-02 1.32446036e-01 2.27991794e-03 9.76559669e-02 9.13791537e-01 7.19008446e-02 5.40780246e-01 2.25877479e-01 3.12156171e-01 4.03541297e-01 -3.81365865e-01 -5.77719390e-01 5.27802370e-02 -1.01708758e+00 4.87217354e-03 -7.37421751e-01 -5.00545390e-02 -3.97678256e-01 -5.58732152e-01 7.35106878e-03 1.79950982e-01 -5.74573092e-02 9.47480649e-02 -4.05205369e-01 -7.21179247e-01 4.59692240e-01 -1.03231288e-01 -2.08542526e-01 2.43345484e-01 -8.49903524e-02
6.66112751e-02 1.82205662e-02 -2.44323090e-01 3.89258116e-01 -6.80637956e-02 3.61443520e-01 3.95760238e-01 -2.39452049e-01 -2.94481575e-01 3.67347032e-01 4.63861320e-03 1.11025929e-01 4.55596238e-01 5.18667698e-01 -1.76172897e-01 -6.65948451e-01 5.71141064e-01 -2.28068650e-01 2.34415140e-02 -2.23381385e-01 -3.53036761e-01 6.27769828e-02 -3.90003532e-01 1.62064955e-01 -3.56170207e-01 -8.93068984e-02 -7.30842054e-02 -4.96579170e-01 8.25922862e-02 -1.35915205e-01 -4.87272488e-03 -2.80930012e-01
7.09866285e-01 -4.88363989e-02 -2.37804055e-01 2.01148465e-01 4.38330323e-02 -4.39185858e-01 -1.21589191e-01 3.02943975e-01 4.56516922e-01 -2.67514229e+00 1.53344870e-01 1.18860178e-01 3.47490698e-01 -1.65130985e+00 1.14508957e-01 2.09888548e-01 1.02064274e-01 1.50981531e-01 -2.21680760e-01 -4.94917892e-02 5.46957374e-01 -2.29701594e-01 -2.44734839e-01 -3.13853845e-02 -3.05832326e-01 -2.20283821e-01 -2.64057312e-02 -2.15750486e-01 2.82300502e-01 1.40940830e-01 -3.33043069e-01 -2.37829715e-01
-8.64862382e-01 1.59017563e-01 9.18628415e-04 1.19553961e-01 -5.46664149e-02 -3.44467193e-01 1.05630863e+00 -5.32503910e-02 -1.04731619e+00 7.22070038e-01 -7.31163800e-01 4.57219556e-02 1.72290221e-01 6.83205873e-02 -7.14032173e-01 6.72207654e-01 6.07478559e-01 4.79792982e-01 -1.80491563e-02 2.01834142e-02 -2.18990967e-01 3.86061043e-01 5.35963774e-01 9.53971863e-01 -4.18357372e-01 5.28227389e-01 -6.22694731e-01 2.42491901e-01 9.03967083e-01 -4.56328332e-01 9.60228816e-02 -7.82123674e-03
-5.61413169e-01 6.13708317e-01 -3.68620045e-02 -1.46925926e-01 5.31578839e-01 1.75763026e-01 1.40086487e-02 5.23131788e-01 -3.03007275e-01 5.13573110e-01 6.20255396e-02 -1.49388567e-01 2.20992133e-01 2.80293733e-01 -5.44310391e-01 -2.55546600e-01 -1.58281520e-01 -8.01426917e-02 3.82152081e-01 -4.01488632e-01 1.07422080e-02 -2.67920852e-01 1.78113040e-02 -5.19611120e-01 1.17236599e-01 -2.00724483e-01 -5.70899725e-01 -5.14269054e-01 1.84357002e-01 -3.70295316e-01 -1.68814614e-01 -2.88475990e-01
-1.34864777e-01 2.09093541e-01 4.35084909e-01 3.59109640e-01 -2.21611336e-01 -2.87706196e-01 -1.48381174e-01 -2.48993598e-02 2.92923152e-01 -4.66149688e-01 -5.85747659e-01 -7.58796930e-02 -2.71934837e-01 -3.13022524e-01 7.62652159e-02 6.17065549e-01 -8.64037052e-02 2.14644611e-01 3.11953753e-01 2.06244349e-01 7.07537979e-02 -7.54216194e-01 1.81111455e-01 1.00988641e-01 2.66952038e-01 1.55368969e-01 1.23986118e-02 -5.53676248e-01 -2.82499343e-01 -1.18798241e-01 8.47061202e-02 -2.44190559e-01
-7.44724095e-01 5.09691954e-01 -5.17915070e-01 -1.05024099e+00 -3.74433726e-01 -2.75675058e-01 -3.50132108e-01 3.70789468e-01 1.38472915e-01 4.57455188e-01 -9.99365672e-02 2.28836149e-01 2.12923437e-01 2.57672817e-01 -5.74956611e-02 8.82336855e-01 7.32109785e-01 9.88996506e-01 -3.76399398e-01 1.17542729e-01 4.52138990e-01 -6.83000684e-01 -6.99751735e-01 3.70970547e-01 -2.75247991e-01 -4.20370221e-01 2.42745191e-01 4.45292026e-01 4.50643539e-01 -8.54505241e-01 1.66743189e-01 -1.23508416e-01
1.48310408e-01 -5.40491939e-01 -9.35170501e-02 -1.11769982e-01 -4.90795344e-01 5.22305846e-01 1.13393359e-01 -4.20121640e-01 4.75991577e-01 9.16170359e-01 -2.19644710e-01 1.15019016e-01 5.53041756e-01 4.23715472e-01 1.83345638e-02 -8.89221966e-01 -4.54998821e-01 -8.78160954e-01 -1.23828016e-01 2.10454643e-01 2.48177752e-01 3.31581086e-01 1.70936480e-01 1.66116610e-01 2.95047402e-01 1.12145387e-01 -4.08870608e-01 -3.00072789e-01 -1.98160246e-01 -3.35305989e-01 4.55375373e-01 2.87669569e-01
-5.46265543e-02 -9.40132499e-01 3.55411708e-01 1.59132028e+00 1.45305544e-01 9.54572782e-02 -1.65873423e-01 -2.60680884e-01 -1.98378518e-01 2.18207613e-01 1.09743774e+00 -1.01258898e+00 -1.10631669e+00 -4.62451696e-01 1.87009379e-01 -1.83170259e-01 -1.11768270e+00 5.68390310e-01 6.24105692e-01 -6.52058303e-01 8.96062315e-01 1.84549317e-01 1.83474608e-02 -1.28473900e-02 8.10603425e-03 -5.06591916e-01 2.11754456e-01 -2.23024990e-02 -8.85181189e-01 1.27056766e+00 -6.16818190e-01 -2.28588190e-02
-7.96661913e-01 -2.44609922e-01 5.20437837e-01 1.92390010e-01 -6.31428480e-01 2.82033533e-01 4.47863698e-01 -1.76058441e-01 -5.48832178e-01 -9.67070386e-02 -9.34670389e-01 2.17308804e-01 3.82724851e-01 1.96947649e-01 2.47241631e-01 -8.56429338e-01 2.83625364e-01 -7.86710024e-01 4.83326286e-01 -4.21363264e-01 -8.72292817e-01 3.40938210e-01 2.49420051e-02 -6.30403757e-01 -2.59941164e-02 4.78716463e-01 -5.02139106e-02 6.76139534e-01 -6.38374507e-01 -1.62792251e-01 -1.41581386e-01 1.82139501e-01
-2.43982941e-01 -2.80579001e-01 -1.01421624e-01 -1.73179895e-01 -2.98709214e-01 -1.23915590e-01 3.23849499e-01 2.66178817e-01 -7.45482564e-01 1.43967927e+00 -1.80841357e-01 -5.30404411e-02 -4.83871996e-01 5.22996724e-01 -1.75363824e-01 6.26293570e-02 4.24149632e-02 1.26404822e-01 1.34229183e-03 -1.60281628e-01 1.54230028e-01 1.85007095e-01 2.13909656e-01 1.51084140e-02 -2.60781217e-02 -4.83158082e-02 -2.07896695e-01 2.63251126e-01 2.36769810e-01 2.86983192e-01 8.40251446e-02 1.88146248e-01
-6.60533607e-02 -3.17522794e-01 -3.57330665e-02 -9.52776596e-02 -2.77734667e-01 4.58198458e-01 -2.68603534e-01 -4.13387358e-01 1.02870882e-01 -4.20504779e-01 3.64684239e-02 4.18660164e-01 1.99603036e-01 3.64744604e-01 2.82884181e-01 -4.80738819e-01 -4.22672421e-01 -1.16301572e+00 -7.96665400e-02 -3.21851611e-01 -1.23464271e-01 8.51947129e-01 4.34878767e-01 6.29888654e-01 -4.67465729e-01 1.40818685e-01 1.34162068e-01 -2.40290523e-01 -3.67110074e-01 -2.55480736e-01 -6.83165118e-02 -8.19587484e-02
3.58835198e-02 -2.47705076e-02 1.49568230e-01 -8.35628510e-02 2.15840876e-01 -1.16166741e-01 4.05360498e-02 -3.37918907e-01 -1.40472323e-01 3.85149688e-01 1.58096537e-01 1.71160311e-01 7.01945722e-02 -2.87442237e-01 -9.60391089e-02 -2.65012264e-01 6.81722164e-02 1.99599430e-01 -1.51579902e-01 -5.31449139e-01 1.60410732e-01 -1.54242635e-01 -1.50823295e-01 -5.72499000e-02 -5.60133858e-03 2.04665661e-01 -5.52426875e-02 -1.06238984e-02 1.16112888e-01 7.86405802e-02 -1.47743581e-03 6.65092794e-03
2.25032762e-01 -6.16702318e-01 -2.86225498e-01 7.57029295e-01 -1.53743610e-01 -5.70904434e-01 2.53751963e-01 -1.87916338e-01 -3.42512459e-01 2.69036102e+00 -5.68276584e-01 9.80246127e-01 6.52453423e-01 7.80076802e-01 8.97546172e-01 2.21075609e-01 3.68230008e-02 2.14700118e-01 6.64441645e-01 3.89466375e-01 1.71838552e-01 1.43446743e-01 -1.58439487e-01 1.04610777e+00 -9.49490294e-02 1.33137017e-01 -3.08483511e-01 3.46460611e-01 -1.19740528e-03 2.65590977e-02 6.75213516e-01 7.01190159e-02
-1.19509473e-01 1.80157483e-01 1.24268591e-01 7.46002123e-02 2.70908531e-02 -4.08370756e-02 7.78085506e-03 1.21527925e-01 -5.08743292e-03 -2.59369742e-02 1.59723759e-01 8.37400481e-02 9.03155059e-02 -1.43691720e-02 1.63586646e-01 2.15577394e-01 2.89364439e-02 -1.43037379e-01 -3.54441591e-02 7.52354488e-02 -1.73598602e-01 -4.89570498e-02 -3.08933929e-02 1.80395711e-02 -4.63735968e-01 -2.25708559e-01 4.76611815e-02 -1.05177335e-01 -6.03471324e-02 -5.55938929e-02 -6.99173054e-03 -4.63022560e-01
-9.27913468e-03 -8.43100548e-02 -5.16291335e-02 2.34192051e-02 -2.15865806e-01 3.01114731e-02 -3.11717093e-02 1.67297170e-01 5.23869023e-02 -5.22963181e-02 -1.63109563e-02 -2.54299138e-02 -6.46544769e-02 2.87624262e-02 -5.58848158e-02 2.28350744e-01 -1.18421741e-01 -1.25703067e-01 9.14810877e-03 3.24496090e-01 -2.45819032e-01 -9.77396592e-02 -5.02106268e-04 -1.35505814e-02 1.06838224e-02 -9.30707827e-02 -6.45862073e-02 -6.14454933e-02 -6.13200553e-02 5.20858914e-02 8.81118607e-03 1.53977412e-03
8.86782289e-01 -2.51899600e-01 4.68184084e-01 3.12445134e-01 -6.84264481e-01 -1.78764146e-02 -4.44739819e-01 -1.10440347e-02 7.96847761e-01 1.08180933e-01 -2.16417089e-01 7.77280480e-02 8.09717178e-02 2.38188863e-01 7.29604006e-01 -1.14818656e+00 -4.35714275e-01 -1.20675230e+00 9.05163348e-01 -2.47937247e-01 -8.25016499e-01 3.04108351e-01 -1.98783621e-01 1.81182146e-01 5.12692034e-01 -1.48024932e-02 1.98472232e-01 1.65631413e-01 -6.25646293e-01 1.98993534e-01 8.98533836e-02 4.22272325e-01
1.24646857e-01 -3.99443418e-01 -2.90684491e-01 3.82348776e-01 2.91883141e-01 -5.93722582e-01 1.18977167e-01 5.38920313e-02 2.22986773e-01 -2.59198129e-01 -2.59344965e-01 4.75562871e-01 3.81881505e-01 -2.94612616e-01 2.41231307e-01 -4.62013036e-01 -3.08254719e-01 -6.45528555e-01 2.95382857e-01 -3.79643708e-01 -2.56218404e-01 -4.67578731e-02 3.55055273e-01 6.31828487e-01 -9.87245515e-02 -2.89445907e-01 4.14234877e-01 -6.66535795e-02 -4.90821823e-02 -4.45815772e-01 1.07393891e-01 1.93929374e-01
8.64165053e-02 -1.25017136e-01 6.69646561e-01 2.31067106e-01 -1.14392781e+00 -3.14147294e-01 1.01125762e-01 -2.76135236e-01 8.32711160e-01 6.52298689e-01 -8.27290304e-03 -4.98956561e-01 -1.13970973e-01 7.78740525e-01 7.66927823e-02 -3.00578856e+00 -4.10683602e-01 -2.87584496e+00 3.05993617e-01 -1.02035418e-01 -7.58452177e-01 5.38468897e-01 2.05262676e-01 2.51495183e-01 3.14419657e-01 8.83959327e-03 4.54596758e-01 1.16751209e-01 -2.29727969e-01 -6.42411828e-01 -4.69132513e-01 7.99335465e-02
-1.61159962e-01 -2.13999271e-01 -2.52638280e-01 -2.76833266e-01 -2.95715988e-01 5.34527957e-01 1.75568387e-01 -1.07029863e-01 -8.57039914e-02 3.72363865e-01 -1.92435235e-01 1.72972947e-01 5.36109768e-02 -2.40914106e-01 -1.51975423e-01 -5.18944979e-01 3.18009883e-01 -6.34187281e-01 -2.82883614e-01 2.52213553e-02 -3.54531318e-01 3.80263448e-01 -1.69251144e-01 3.59811902e-01 3.53839219e-01 -5.18802762e-01 4.87440318e-01 8.38106722e-02 6.65617511e-02 1.35683775e-01 -6.10160939e-02 4.95639779e-02
4.51092541e-01 6.80728436e-01 7.16112614e-01 -4.03108746e-01 8.24810490e-02 1.56580657e-01 1.32005990e-01 -1.57325998e-01 -7.77999818e-01 9.70945835e-01 -2.86134660e-01 -2.39867568e-01 -4.42656875e-01 1.11225641e+00 1.60788178e-01 -3.07115335e-02 2.46689655e-02 -1.04199672e+00 4.04206008e-01 -2.81639785e-01 4.56291810e-02 7.08627701e-01 -1.28005520e-01 -4.03945059e-01 6.27722025e-01 -7.75287151e-01 4.91360426e-01 -2.68163458e-02 -3.39047045e-01 -6.01941288e-01 -9.73686129e-02 -4.36659873e-01
-2.26925360e-03 -3.36713433e-01 2.31500611e-01 -2.19305173e-01 -2.36409739e-01 9.80733782e-02 3.11433543e-02 -2.78875738e-01 -4.52850282e-01 -3.69086862e-01 -1.47307456e-01 3.89093608e-02 -6.00922890e-02 3.54586333e-01 4.86028582e-01 2.77703851e-01 3.21788400e-01 -4.72899884e-01 5.45877963e-02 2.13867992e-01 -2.59284526e-01 3.43788683e-01 -3.69146645e-01 1.17107019e-01 -5.67024872e-02 -2.28791744e-01 3.64816010e-01 7.23354936e-01 -4.04593050e-01 -5.03579080e-01 2.17141211e-01 3.36192071e-01
-1.23743188e+00 1.72325358e-01 1.35959029e-01 -1.30086303e+00 -1.63154989e-01 -1.14361450e-01 1.53398871e-01 5.06369650e-01 1.80443615e-01 3.57835323e-01 -9.71243083e-01 7.11437881e-01 1.06798244e+00 4.14908797e-01 -7.14356482e-01 2.79968858e-01 5.61203063e-01 -4.21512604e-01 -2.61330456e-01 1.01739371e+00 -5.76877892e-01 -3.11481893e-01 -3.84493619e-01 -4.52503972e-02 5.87585926e-01 9.67237175e-01 8.67389500e-01 6.55534804e-01 4.91730630e-01 -1.02255762e+00 1.43202022e-01 2.25878596e-01
-9.61516052e-02 1.06741466e-01 3.08954686e-01 -4.10255268e-02 3.24992776e-01 -1.08656086e-01 5.09228674e-04 2.95967422e-02 -3.80878523e-02 2.11398676e-01 3.29010785e-02 1.56191904e-02 -1.68894380e-02 -1.17736749e-01 6.77513853e-02 -1.37605563e-01 9.47769135e-02 7.08297119e-02 1.22333877e-02 -4.13365513e-01 1.45794988e-01 -1.02246456e-01 9.93225444e-03 -7.45561020e-03 1.51945323e-01 -2.18203720e-02 7.98891261e-02 1.33658424e-01 3.62616740e-02 -8.20576921e-02 -5.50760841e-03 5.00652455e-02
4.14744802e-02 3.53996933e-01 2.15418756e-01 -4.78873067e-02 1.19844966e-01 -1.23990932e-02 5.15999675e-01 1.59837782e-01 2.94435650e-01 -1.33414578e+00 -2.75357217e-01 4.75083172e-01 5.78698635e-01 -3.83946419e-01 -5.76583385e-01 -3.70744377e-01 7.06892490e-01 -5.47098041e-01 1.80495098e-01 -4.93553251e-01 7.59650648e-01 -3.94612432e-01 -1.05230950e-01 -1.19230151e+00 -3.71896446e-01 4.20588970e-01 -9.15092111e-01 -6.24280453e-01 1.12814963e-01 -5.94551750e-02 -1.25596985e-01 2.95385253e-02
5.74381351e-01 -3.33904743e-01 -3.20930004e-01 4.59878594e-01 -1.01792188e-02 -2.25808956e-02 -5.00250272e-02 -1.55889124e-01 4.55188274e-01 -6.62646964e-02 -9.76016670e-02 -6.87912926e-02 7.39924610e-01 -3.15811276e-01 3.78626138e-01 -3.08471322e-01 -4.74450067e-02 -4.42220569e-01 1.95878848e-01 -9.42064449e-02 -3.17585945e-01 9.59163159e-02 1.86203033e-01 1.78128049e-01 -3.26918997e-02 -2.30243877e-01 8.14542353e-01 4.98955399e-01 -3.78141612e-01 3.56667370e-01 2.19777569e-01 2.86799252e-01
-2.14689463e-01 3.12625885e-01 -1.79320544e-01 -5.46020828e-02 -5.71499407e-01 -2.09829956e-01 1.10448889e-01 4.54714566e-01 -7.55726323e-02 -5.66480994e-01 -2.02894300e-01 2.14514807e-02 -3.36106092e-01 1.98781908e-01 2.79769003e-01 -1.82421714e-01 -1.09551691e-01 2.26573393e-01 3.04363649e-02 3.59008610e-01 -2.52776176e-01 -6.09111637e-02 -2.98616160e-02 -5.74632101e-02 -9.50801298e-02 -9.83103961e-02 2.64058739e-01 -2.54453152e-01 1.04139715e-01 -2.05143867e-03 3.44464630e-02 1.47543937e-01
5.01280501e-02 -4.91831183e-01 -8.30298960e-02 -1.05769508e-01 -1.31259501e-01 -1.62083372e-01 -2.63976082e-02 -1.50739327e-01 -3.58616471e-01 4.77860510e-01 -1.18412906e-02 8.63097385e-02 3.57296884e-01 3.53050053e-01 -1.85745120e-01 -6.77303195e-01 -1.87333450e-01 -1.55179784e-01 -2.56861579e-02 6.01299554e-02 7.06831217e-02 -2.96002850e-02 5.39877772e-01 5.26607372e-02 -3.83399785e-01 2.36047328e-01 3.39096397e-01 1.10344999e-01 -5.11185452e-02 1.23371519e-01 -2.06304584e-02 -2.03599468e-01
9.09886241e-01 -1.45543814e-01 -5.17750204e-01 1.17862135e-01 2.59987473e-01 1.98749751e-01 6.53174758e-01 2.53039926e-01 -4.27354455e-01 -7.96586931e-01 -9.29842889e-01 1.45573103e+00 1.60270840e-01 -7.46299028e-01 4.25028056e-01 1.22391248e+00 -1.45399630e-01 7.37736404e-01 -2.56083757e-01 1.21228836e-01 -1.39693403e+00 -2.97094345e-01 -7.33916938e-01 -3.00278455e-01 -2.90056139e-01 7.35115930e-02 1.65895313e-01 4.59947914e-01 5.43169118e-02 -7.12168682e-03 2.63775345e-02 3.54338169e-01
-1.22183897e-01 2.32834116e-01 -9.61785674e-01 -5.86447418e-02 2.88730264e-01 3.24318409e-01 8.18814784e-02 1.07433810e-03 4.03550528e-02 4.93828803e-01 -3.94683331e-01 -1.20845568e+00 3.63817453e-01 1.92117766e-01 -4.63585913e-01 7.33051419e-01 5.39839007e-02 1.41629767e+00 -3.86517733e-01 1.53969064e-01 2.33556360e-01 -1.31385356e-01 -8.10133144e-02 6.78730607e-01 -3.61499846e-01 7.52371967e-01 -8.10617730e-02 -1.99023753e-01 5.29660396e-02 1.29725412e-01 7.38962173e-01 3.27157937e-02
-1.55506944e-02 4.27573472e-01 -1.70117989e-01 -6.19198740e-01 -9.61986333e-02 7.39611328e-01 3.29202801e-01 8.00523341e-01 3.66462350e-01 3.32918048e-01 9.45278943e-01 -2.46116698e-01 8.87563750e-02 3.02758425e-01 1.21616200e-02 -7.74900556e-01 3.19237620e-01 -7.63907284e-02 -3.19991171e-01 -5.37649870e-01 -5.78198321e-02 -2.30861709e-01 2.28084952e-01 1.38359621e-01 -2.22017556e-01 1.77943021e-01 3.15479226e-02 -5.48695633e-03 -5.50759971e-01 2.48850197e-01 -1.23722047e-01 1.08662233e-01
6.96457624e-02 7.90317645e-05 -1.20173670e-01 -7.73035130e-03 -3.27377766e-02 5.89472242e-02 9.70184710e-03 8.31060484e-02 -4.57899906e-02 -7.40327090e-02 -6.49626553e-02 -3.77855003e-01 2.61264652e-01 2.06279501e-01 2.57470086e-02 8.93385932e-02 6.37164637e-02 -9.46717188e-02 1.02520183e-01 2.54609257e-01 1.16469823e-01 2.92830378e-01 4.00458984e-02 2.65647322e-01 -1.45792797e-01 -2.73308992e-01 -1.93040028e-01 -1.53814033e-01 -3.08573425e-01 -1.57922387e-01 -1.09565519e-02 -2.44481340e-01
4.37568158e-01 3.82240601e-02 5.50239444e-01 4.02212232e-01 3.42962027e-01 3.95563841e-01 9.16857421e-01 -3.76830608e-01 7.51297534e-01 -9.14691389e-02 -6.01338148e-01 1.46473661e-01 -5.29761493e-01 -4.62603062e-01 -3.28185633e-02 2.51069784e-01 -5.54382741e-01 -4.83717531e-01 2.99769282e-01 5.09713078e-03 -1.05933659e-01 5.72198510e-01 2.06791848e-01 6.55844271e-01 2.00286489e-02 -1.43569246e-01 -2.25180805e-01 1.73561960e-01 1.65870279e-01 4.22734559e-01 -1.82365954e-01 1.55683737e-02
-2.47975200e-01 -5.16491473e-01 1.43255985e+00 9.21096206e-02 -7.17868328e-01 -1.91205338e-01 -1.07535636e+00 -9.68422294e-01 2.18903586e-01 1.06555057e+00 1.13248043e-02 -4.43982601e-01 -2.93133914e-01 1.12630868e+00 5.78388989e-01 -1.64922786e+00 1.58619821e-01 -2.46567774e+00 1.76883984e+00 8.32285106e-01 -6.19942307e-01 1.66166818e+00 -4.41725224e-01 2.85367996e-01 3.22432011e-01 -6.85968280e-01 -2.46383563e-01 4.20561731e-01 1.91618785e-01 3.83015163e-02 8.74119580e-01 1.68101400e-01
-4.05019755e-03 -1.84934177e-02 5.15503101e-02 4.56621610e-02 4.09507275e-01 6.26169518e-03 6.23032451e-04 3.07642277e-02 3.21507566e-02 -1.32062072e-02 -2.03430820e-02 -6.44568428e-02 1.02468848e-01 -1.45395547e-02 8.21666181e-05 -4.73588035e-02 1.45023540e-02 -5.71261607e-02 -9.30734202e-02 8.30777809e-02 1.26198813e-01 5.29251024e-02 -4.43692738e-03 2.21101549e-02 -1.43141180e-01 -1.45511881e-01 1.93611942e-02 3.84722650e-01 -4.25619856e-02 -5.54730892e-02 -6.20444957e-03 -2.46380940e-01
-3.88617009e-01 1.00295678e-01 -1.33886740e-01 -6.94661513e-02 -2.44324133e-01 1.24280644e-03 -1.53603137e-01 7.00917959e-01 -3.10356747e-02 -8.06078687e-02 -1.69871479e-01 6.78374588e-01 4.98860836e-01 2.86780328e-01 1.84794024e-01 7.75579065e-02 -1.17126837e-01 5.18377237e-02 -1.56682208e-01 -3.33208106e-02 -1.33893222e-01 -6.25925720e-01 -1.72680482e-01 -2.05369562e-01 -3.50897014e-01 -1.77821144e-01 -6.08092010e-01 4.20557231e-01 -2.54968137e-01 -2.49764860e-01 -1.57085150e-01 5.22125900e-01
-1.67500209e-02 -1.93864048e-01 5.29548883e-01 2.58743674e-01 -4.89691466e-01 2.57824451e-01 4.15050477e-01 -5.44995964e-01 4.23160374e-01 3.60770762e-01 -1.00238621e-01 4.27821487e-01 -8.72042701e-02 1.81676447e-01 1.63983881e-01 -1.77765429e+00 1.14357322e-01 -8.16845059e-01 -1.29492089e-01 1.76363647e-01 -6.40481636e-02 1.63780615e-01 2.63988078e-01 1.84821248e-01 -2.11067632e-01 -5.24854004e-01 -7.74595141e-02 -2.49147072e-01 -3.67742091e-01 -4.88341898e-01 5.31872153e-01 -3.27701330e-01
-1.60088271e-01 7.92683437e-02 -1.51453152e-01 1.16912365e-01 -4.41619456e-02 -8.07872713e-02 3.83156836e-01 -1.57308549e-01 -9.01497960e-01 1.61461556e+00 -4.12115902e-01 -2.43318658e-02 -2.39200413e-01 1.25461054e+00 -2.40492150e-01 2.05652386e-01 5.49546070e-02 1.22189179e-01 -1.57087654e-01 -2.51138806e-01 -2.09942777e-02 2.29085326e-01 -8.51779729e-02 -1.97846785e-01 -1.95470288e-01 1.05040073e-01 3.97794962e-01 4.92920160e-01 2.04999581e-01 -4.98521775e-01 3.90557081e-01 -2.78188735e-02
-1.32086083e-01 -2.31843650e-01 6.35051072e-01 5.09495974e-01 -1.71421111e-01 -3.51693273e-01 -1.05860436e+00 7.80812055e-02 2.29944170e-01 4.58048999e-01 1.11869574e-01 -8.32022876e-02 8.21599960e-02 2.11994767e-01 -2.16448382e-01 5.20131707e-01 -1.31161017e-02 1.44773304e-01 -6.01092130e-02 -3.53284508e-01 8.61214399e-01 3.94034535e-01 3.65319014e-01 -5.61822355e-01 -4.23147976e-02 -1.02580721e-02 -1.72794715e-01 3.74530435e-01 -1.93550304e-01 3.60633850e-01 -1.54339641e-01 -2.20406100e-01
8.79033685e-01 -2.27732763e-01 4.89015967e-01 8.75025392e-01 -3.22664589e-01 2.05404550e-01 -9.33264971e-01 -4.41406518e-01 6.20501220e-01 -1.14237678e+00 -3.51467609e-01 7.38755882e-01 -1.12815166e+00 -4.17745501e-01 4.51288611e-01 -4.02537733e-01 4.04798053e-02 6.52324483e-02 4.45938826e-01 8.46112907e-01 3.11444581e-01 -3.71543616e-01 -2.09927893e+00 -6.12537980e-01 6.98244572e-01 6.81599140e-01 -9.19777989e-01 -4.40570354e-01 1.42068803e-01 1.14988339e+00 -1.48462808e+00 -2.57894754e-01
-2.64876448e-02 1.71880171e-01 -6.62912801e-02 -4.74559925e-02 -1.49128079e-01 -2.05828100e-02 3.57267298e-02 -3.62120084e-02 -6.75036758e-02 -3.66081148e-02 3.95173430e-02 1.04083642e-01 8.75775144e-02 -5.81409484e-02 1.69461429e-01 -1.85266629e-01 1.15696579e-01 1.38619006e-01 -3.19726467e-02 -2.75408983e-01 1.27370745e-01 2.53282823e-02 1.42788487e-02 -1.22748408e-02 -3.17557037e-01 -3.74841169e-02 2.16044113e-02 -5.50248660e-02 -1.84487011e-02 -8.54012277e-03 -1.22418208e-02 -2.16365919e-01
3.22552025e-02 2.82809466e-01 1.67554522e+00 4.97920424e-01 -1.42188466e+00 2.12266773e-01 -1.41790837e-01 -5.94530344e-01 8.35211635e-01 6.42859340e-01 2.04363406e-01 -3.91933233e-01 -9.46541667e-01 9.02374327e-01 8.05851221e-02 -4.09248447e+00 -2.51538694e-01 -4.84498215e+00 3.79328400e-01 5.93162999e-02 -1.20777535e+00 1.02001095e+00 3.92292261e-01 1.82650253e-01 1.37697384e-01 -2.25137249e-01 -4.73229229e-01 6.98178411e-01 -2.78913349e-01 4.26444151e-02 -2.96966918e-02 1.03464954e-01
-1.10454655e+00 4.07973118e-02 -1.03077650e-01 -5.73936820e-01 2.13428974e-01 -3.31201474e-03 -5.06473221e-02 3.72017771e-01 -2.91080892e-01 2.26798117e-01 2.84650236e-01 -4.58560497e-01 2.45347664e-01 6.36764348e-01 -2.61277169e-01 3.08965147e-01 7.50783980e-02 2.88666129e-01 -9.81953979e-01 1.83532480e-02 2.78055191e-01 5.19826531e-01 3.90000105e-01 -1.16219670e-01 -5.06437533e-02 1.05785862e-01 -5.47125697e-01 -1.15307562e-01 2.26563767e-01 -4.00995731e-01 4.71455716e-02 -8.16225231e-01

layers.2.bias:
-1.34164023e+00
-8.11109126e-01
3.36123347e-01
-5.87651372e-01
1.61044732e-01
-6.16529644e-01
2.56170064e-01
1.98967242e+00
7.31153309e-01
8.59029591e-01
-1.00353551e+00
-1.33129227e+00
-2.62015253e-01
9.18448925e-01
-3.49204630e-01
-6.45728827e-01
-5.25208041e-02
-8.01057756e-01
3.72939289e-01
-8.90550837e-02
-2.48998329e-01
8.35455120e-01
8.19183469e-01
-2.01748520e-01
-3.80411208e-01
1.02517784e+00
-9.83497381e-01
-1.02315962e+00
5.18100441e-01
-1.13876963e+00
1.69196147e-02
-8.90465174e-03
8.20422888e-01
1.03444621e-01
-2.69733220e-01
-2.43697912e-02
-1.40595645e-01
1.41720092e+00
1.07004774e+00
-1.39650077e-01
9.95348811e-01
-2.13086322e-01
-5.12354136e-01
1.39155769e+00
2.52030075e-01
-8.68676901e-01
1.05152452e+00
-3.45065683e-01
8.10401499e-01
1.66715634e+00
2.36989602e-01
3.05465192e-01
1.10345051e-01
-6.13748193e-01
2.65782803e-01
-2.75007654e-02
8.19294095e-01
-7.67473876e-02
-9.11258627e-03
-6.56730413e-01
6.77574575e-01
7.47133419e-02
-3.32199901e-01
5.20224452e-01

layers.4.weight:
3.04112613e-01 3.62654254e-02 -7.30011091e-02 4.11828095e-03 6.14530034e-02 8.44505802e-02 -1.29040258e-04 -7.15078533e-01 -1.24929704e-01 -4.12871271e-01 3.89725380e-02 9.25243199e-01 -2.01021409e+00 -1.14384942e-01 1.58441421e-02 -1.49663329e+00 -2.80398090e-04 5.96056618e-02 -2.65639480e-02 -2.41974340e-04 2.12889463e-02 -1.31750360e-01 -3.93148214e-02 2.89034963e-01 -2.61444692e-02 -3.94136459e-02 3.98844890e-02 7.04941332e-01 -3.67468715e-01 3.82835686e-01 -2.11254321e-02 -1.56503424e-01 -1.14366151e-02 8.28655204e-04 -1.14395702e-02 -3.12489719e-04 -1.94772030e-04 -1.97475910e-01 -2.25507189e-03 3.21795434e-01 -4.49761041e-02 2.87483096e-01 -2.18363525e-03 -1.19700305e-01 7.83354117e-05 1.32058784e-01 1.09406877e-02 3.83200677e-04 -9.17318687e-02 -6.73616469e-01 -1.21738657e-01 -1.00098606e-02 -4.02120495e-04 1.10292695e-02 -9.03389513e-01 -4.49030689e-04 -3.39518359e-04 -2.22665757e-01 -1.12160146e-01 1.96384285e-02 -2.75387745e-02 2.58519955e-04 1.13992941e+00 -7.30039785e-03

layers.4.bias:
-1.09952700e+00

