layers.0.weight:
3.31696361e-01 -5.67613244e-01 7.97264636e-01
5.69172144e-01 -8.09445798e-01 -5.80563486e-01
-8.31293464e-02 -6.13938749e-01 -5.77727258e-01
-1.07055378e+00 1.15616508e-01 4.58123112e+00
2.67282110e-02 4.11940843e-01 1.16166264e-01
-5.79876065e-01 8.58121514e-01 -1.84879377e-01
-1.31842160e+00 4.86020595e-01 -9.88645032e-02
-6.01682402e-02 7.88846374e-01 -9.23566997e-01
6.03414774e-01 -9.26082134e-01 5.12713566e-02
-1.11527514e+00 5.86289167e-02 -1.64189592e-01
7.53551662e-01 -9.85680073e-02 1.41279221e+00
-7.16238439e-01 -1.31785080e-01 -1.29353356e+00
-4.30584475e-02 7.12955832e-01 -1.57757306e+00
-1.16726887e+00 2.10410804e-02 5.00053525e-01
-6.46977663e-01 1.09646142e+00 7.52028525e-01
-1.81771189e-01 9.48456824e-01 1.64468549e-02
5.46070874e-01 -6.33792400e-01 -1.45019031e+00
-1.15504665e-02 1.12846863e+00 1.84981868e-01
8.07071701e-02 -9.54183042e-01 5.35116851e-01
3.41117471e-01 -1.28724232e-01 -8.64976227e-01
2.23475501e-01 1.65966094e-01 -5.10879010e-02
-3.24195027e-01 -2.56797969e-01 -1.00232065e+00
-4.64660525e-01 1.65601885e+00 -4.46076952e-02
-1.56447518e+00 4.06930357e-01 1.75152493e+00
1.05132234e+00 3.79940838e-01 -7.78481364e-01
2.59609371e-01 6.71772659e-01 -1.17486012e+00
-1.16151750e-01 -2.13369340e-01 1.90187418e+00
-3.97779703e-01 -2.44972542e-01 1.92939892e-01
3.22416067e-01 7.57217348e-01 -1.46468067e+00
-1.04933763e-02 4.65525806e-01 1.70563948e+00
-2.89658904e+00 2.84448242e+00 -1.78299040e-01
-1.26738083e+00 -5.19488692e-01 1.02004325e+00

layers.0.bias:
8.77201200e-01
4.81547834e-03
-1.42384720e+00
-6.34384930e-01
7.07518518e-01
-2.04255387e-01
-3.54310095e-01
2.86240637e-01
-7.45998621e-01
-1.59115899e+00
1.64644122e-01
1.80825554e-02
2.46107668e-01
-1.21306002e+00
-2.90836543e-01
1.43946290e+00
9.34610724e-01
1.82654703e+00
-6.68276668e-01
5.78918040e-01
-1.44309163e-01
-1.35729384e+00
1.02535832e+00
-7.05530941e-02
1.36946186e-01
5.60703695e-01
8.80503118e-01
-1.57881156e-01
-4.88352716e-01
7.31267482e-02
8.91685039e-02
-6.70209900e-02

layers.2.weight:
-3.11148673e-01 2.43138030e-01 6.30657673e-02 -4.87468451e-01 -6.02777712e-02 -4.45316397e-02 1.31279811e-01 -5.62562346e-02 -6.58308789e-02 2.71303129e+00 8.01888481e-02 8.47561210e-02 -2.15642497e-01 2.41524315e+00 -2.47966275e-01 4.17763501e-01 -5.61624393e-02 6.50436521e-01 1.44684017e-01 -2.65355855e-01 1.87668934e-01 -7.33942911e-02 -5.48533261e-01 5.95959246e-01 -1.66163668e-01 6.22402906e-01 -7.91436195e-01 -8.11434537e-02 -2.00194970e-01 -2.23720253e-01 -4.39642936e-01 3.34208935e-01
-5.61684184e-02 2.75144875e-01 -8.11657667e-01 5.37127815e-03 -5.17610431e-01 8.18856359e-02 -7.44010925e-01 -5.07861495e-01 6.47459567e-01 6.46050274e-01 2.84075797e-01 -2.04469562e-01 2.78833449e-01 -7.43022859e-02 -4.17607605e-01 -3.20250029e-03 -2.25521490e-01 2.39582703e-01 -3.47547948e-01 2.75418367e-02 5.43639302e-01 -8.18758011e-02 -5.34301221e-01 -1.06406160e-01 -2.66108327e-02 -6.25274554e-02 -3.67708981e-01 -4.49868321e-01 6.43916577e-02 -2.72085577e-01 -8.71520713e-02 2.15583533e-01
1.53966874e-01 -2.29252383e-01 6.62393689e-01 -4.18588966e-01 -2.26706934e+00 -1.46482155e-01 -5.89501739e-01 -1.62671983e-01 1.13096011e+00 1.24349856e+00 -2.45825157e-01 -4.03339356e-01 -1.90918297e-01 7.10433185e-01 1.83190137e-01 -1.93331850e+00 -6.43452466e-01 -2.99959779e+00 6.83467567e-01 -9.29146074e-03 -1.07455701e-01 -2.89065897e-01 -8.37107096e-03 -9.33727920e-01 -4.29859191e-01 3.71588953e-02 -8.33933890e-01 1.15205586e-01 -2.09503800e-01 -3.28657813e-02 -4.39917624e-01 4.51861143e-01
1.94324091e-01 -2.43138179e-01 1.47349194e-01 1.28646123e+00 3.75129730e-01 4.37520653e-01 7.22051442e-01 -1.90194547e-01 -3.15663964e-01 1.54032288e-02 9.90003645e-02 1.13591412e-03 -5.22456408e-01 2.24176794e-01 7.44902015e-01 6.64276063e-01 -5.33295810e-01 5.07887483e-01 2.50750810e-01 -1.22485864e+00 -1.08394945e+00 -8.79785269e-02 5.16946554e-01 1.73525035e+00 -8.26981902e-01 -5.29674649e-01 4.38527256e-01 5.69643676e-01 -6.21172071e-01 -2.19796240e-01 -1.18512865e-02 8.41824472e-01
6.13740087e-02 -4.13009226e-01 2.45834082e-01 -4.19392318e-01 1.11193888e-01 -2.53847927e-01 -1.07278657e+00 1.54240459e-01 -2.33003777e-03 -4.22294140e-01 4.59157586e-01 -7.89118409e-01 7.86092639e-01 -7.36075163e-01 -3.39578576e-02 -7.87492096e-01 -3.81863385e-01 -7.90817320e-01 -1.21687971e-01 -1.45401075e-01 8.88007879e-01 -5.77600002e-01 2.65304893e-01 -3.06056112e-01 -8.47074449e-01 6.22284472e-01 1.25868082e-01 -5.90525508e-01 -2.70317376e-01 6.48155153e-01 -2.11369440e-01 9.79905277e-02
-6.20721519e-01 1.97025374e-01 3.59873772e-01 2.86255062e-01 -8.23237479e-01 -8.53499770e-02 -5.39386570e-01 2.42330998e-01 5.13263345e-01 9.35303047e-02 8.12770426e-01 7.90800026e-04 -1.92909479e-01 -2.33569980e-01 -2.91473955e-01 -1.25867343e+00 -4.08361644e-01 -1.34827292e+00 6.06237650e-01 -3.32630157e-01 -3.66904467e-01 -7.15073869e-02 -4.68183070e-01 -1.25932708e-01 -1.06661223e-01 -3.36697698e-02 2.65991300e-01 9.21721518e-01 -2.77348638e-01 -3.03043842e-01 -8.09888661e-01 5.41903675e-01
5.54601103e-02 -2.67814640e-02 -2.38040313e-01 -1.20415818e-02 -1.34294972e-01 1.57935575e-01 -8.55232701e-02 -4.33949322e-01 -1.13265604e-01 2.10899755e-01 2.96316922e-01 8.37111548e-02 2.94888347e-01 2.74057090e-02 6.61341380e-03 -3.49993825e-01 1.22009190e-02 4.64722328e-02 2.70795356e-02 -3.12967807e-01 -3.99223834e-01 7.05679581e-02 9.72260684e-02 1.76454838e-02 2.04432815e-01 2.77004570e-01 -3.63232672e-01 -4.34812695e-01 -1.53403848e-01 6.69261068e-02 -4.07343172e-02 9.13358778e-02
6.01333790e-02 3.42865684e-03 -5.32304943e-01 4.27850366e-01 5.27581155e-01 -4.60534006e-01 3.37984532e-01 5.27514100e-01 -2.36261368e-01 -5.23580611e-02 -5.46720102e-02 8.84545863e-01 2.52999544e-01 -3.92939925e-01 -7.03025758e-02 4.18780208e-01 4.34261888e-01 4.43416089e-01 -1.19582124e-01 4.16913718e-01 -1.33199549e+00 -9.88804460e-01 2.86520809e-01 3.97876024e-01 2.70008564e-01 6.96930826e-01 6.71817243e-01 3.73731852e-01 -4.49289829e-01 5.68650186e-01 3.74074399e-01 -3.47425967e-01
9.23061594e-02 2.36710440e-02 -6.41018450e-01 -1.69340476e-01 1.62965834e+00 -3.85920048e-01 -5.83649993e-01 -4.11521822e-01 -8.63813519e-01 2.90219128e-01 5.31013727e-01 1.32692397e-01 6.00926101e-01 -5.10075212e-01 3.10088038e-01 2.76464081e+00 1.83066666e-01 1.85874629e+00 -5.36365569e-01 -1.89798996e-01 1.81923643e-01 -3.54807079e-01 1.61583334e-01 3.88862967e-01 1.99011192e-02 3.03987056e-01 1.35503694e-01 -3.78148332e-02 -8.33610296e-02 2.61680454e-01 2.27933669e+00 -2.55316973e-01
-5.92516422e-01 1.67168573e-01 -1.24753289e-01 -5.04208565e-01 4.56698149e-01 -1.68729331e-02 -9.66093987e-02 3.41870636e-01 4.72217977e-01 -1.90103352e-01 3.24719884e-02 2.23930657e-01 1.55785039e-01 1.78463623e-01 -4.10651654e-01 -5.97587645e-01 3.19626659e-01 -3.37816626e-01 -3.86697084e-01 -4.97801043e-02 -6.58948898e-01 -2.50250310e-01 6.35828823e-02 -5.32627888e-02 -2.23508567e-01 -1.22582763e-01 -1.55804947e-01 2.41620183e-01 2.44279221e-01 1.83706656e-01 1.20683528e-01 8.78655072e-03
1.16831757e-01 -4.11461383e-01 -1.76663786e-01 -2.62792349e-01 -4.64325607e-01 -2.19063520e-01 -4.89099979e-01 3.16829421e-03 5.95839858e-01 3.24165463e-01 -4.24634218e-01 -2.17172503e-01 7.50728965e-01 -2.15386674e-01 -1.05779313e-01 -7.17239976e-01 -7.28468955e-01 -9.55317020e-01 1.74059749e-01 -1.33251175e-01 1.14771748e+00 -3.64227176e-01 -7.05408037e-01 2.77656317e-01 -1.68074910e-02 -1.69139698e-01 -3.33295137e-01 -6.72068000e-01 1.39486939e-01 -2.99209356e-01 5.83561659e-02 2.78933316e-01
-3.64341363e-02 -6.80718897e-03 1.73288834e+00 -9.49924529e-01 -8.17056477e-01 6.53030500e-02 1.24357291e-01 -3.42700303e-01 -1.54311165e-01 2.00465655e+00 -4.78873961e-02 -4.50729243e-02 3.67903143e-01 3.21421599e+00 -4.46361154e-02 -4.96121883e-01 3.84764701e-01 -2.49658656e+00 6.07882977e-01 -2.44946584e-01 1.71236441e-01 6.68454051e-01 -3.60524029e-01 7.86941946e-01 -1.71096742e-01 -4.85455632e-01 2.21571907e-01 -1.70412250e-02 5.69889620e-02 -4.29422036e-02 4.92444821e-02 -2.44437367e-01
-4.23927248e-01 -2.85941716e-02 9.37087476e-01 4.40406412e-01 -1.17914307e+00 4.32384223e-01 2.31551453e-01 -1.04802644e+00 5.82887948e-01 6.06030881e-01 1.50732890e-01 3.77476215e-01 -5.48752069e-01 6.03567548e-02 3.34185451e-01 -5.78608274e+00 1.12850703e-02 -6.88839293e+00 8.13214421e-01 -1.01580155e+00 -9.91095066e-01 3.88863504e-01 3.85438800e-01 -5.53485788e-02 -2.87569761e-01 -3.01517248e-01 -3.19481850e-01 9.33445811e-01 -7.30828643e-01 -3.25308502e-01 -9.26537514e-01 -2.85932720e-01
4.16428456e-03 -1.34156674e-01 -6.28172874e-01 -5.57062328e-02 -1.99848413e-01 -1.52627518e-02 2.31517956e-01 3.47823441e-01 4.39235270e-01 -1.75785497e-01 5.42376339e-01 -2.00762406e-01 3.25810403e-01 -7.98484325e-01 -3.48614454e-01 -1.41998559e-01 -2.35656649e-01 1.56345919e-01 -1.23661362e-01 1.08374692e-01 7.94632768e-04 -1.50408149e-01 3.83154154e-02 -2.07069039e-01 -1.12081110e-01 7.55717456e-01 1.48208157e-04 2.71683037e-02 -1.61991611e-01 2.67682344e-01 2.25665376e-01 3.37776601e-01
-9.65597212e-01 2.59931862e-01 -7.79052898e-02 2.73331642e-01 -1.13601975e-01 6.31448746e-01 -3.74072373e-01 -1.68730672e-02 3.94602299e-01 -2.79304653e-01 -8.14918518e-01 2.97182918e-01 2.24284545e-01 -4.29886162e-01 -3.32174689e-01 -5.86030900e-01 2.97092140e-01 -5.37425935e-01 -5.20602345e-01 3.86512399e-01 1.34131205e+00 9.69487906e-01 -2.94032469e-02 1.14372261e-01 -3.17684352e-01 1.86588004e-01 -6.60547793e-01 8.85780528e-03 9.34385777e-01 -3.12063038e-01 -6.56137913e-02 9.63656381e-02
-4.92656082e-01 -4.48164083e-02 8.97943079e-02 1.00088000e-01 -2.26225019e-01 2.19984874e-01 -8.98706436e-01 -6.76328689e-02 6.72960132e-02 5.28438187e+00 5.28991699e-01 4.60971832e-01 2.50559807e-01 2.63058472e+00 -1.78218428e-02 -1.02542443e-02 -3.98807913e-01 -1.19367845e-01 4.91376221e-02 -1.69588879e-01 -7.31378436e-01 4.42980886e-01 1.22697771e-01 2.44269103e-01 -4.21357840e-01 -3.98559421e-01 -6.68181658e-01 3.66017073e-01 -1.19891472e-01 -6.94047034e-01 3.35592926e-01 -2.14768663e-01
-3.02847251e-02 1.49138704e-01 -7.99491033e-02 3.67148034e-02 4.73747822e-03 1.83599982e-02 1.90653596e-02 -4.89628129e-02 -1.69104314e-03 -1.99888259e-01 6.49649799e-02 4.57357951e-02 4.81159873e-02 9.63723436e-02 1.16146028e-01 -4.44087666e-03 5.37454635e-02 -1.93179604e-02 -2.63080522e-02 1.03117742e-01 2.35423222e-01 1.13875039e-01 1.64519008e-02 4.17206064e-02 5.66337667e-02 2.26669777e-02 5.87753765e-02 3.12462687e-01 8.56991112e-03 -5.33867977e-04 6.36305241e-03 1.81401968e-02
2.12123618e-01 -1.04046859e-01 -5.41783631e-01 2.63111219e-02 5.29458411e-02 -2.36520469e-01 -3.04694980e-01 -3.12075585e-01 3.59727591e-01 -7.02245355e-01 3.88055183e-02 2.80169421e-03 2.27940381e-01 3.70763429e-02 -9.47607383e-02 5.98725900e-02 -2.89524078e-01 3.70342493e-01 -4.36984599e-02 9.39076006e-01 2.42233083e-01 1.33967265e-01 -4.85514939e-01 -1.48018062e-01 -1.02414794e-01 -4.11488831e-01 8.22659850e-01 -4.90248263e-01 2.30688080e-01 2.89065808e-01 -8.08218196e-02 1.79045424e-01
-2.55329996e-01 -1.05670460e-01 -3.40322405e-01 -2.13702843e-01 5.93773544e-01 1.10710654e-02 2.06255421e-01 1.31885275e-01 2.99070358e-01 -4.04366732e-01 -1.67973846e-01 -9.15577531e-01 4.82019246e-01 -2.46780232e-01 -1.53950125e-01 4.99403864e-01 -1.29538968e-01 5.47369957e-01 1.26952156e-01 -5.43979965e-02 1.22727046e-03 -2.01299280e-01 4.83565032e-01 -3.37742746e-01 2.40364254e-01 2.06694141e-01 -1.82383150e-01 2.75133461e-01 4.63688523e-02 3.47662151e-01 5.14508545e-01 1.41506791e-01
5.46337403e-02 1.88084528e-01 1.51547557e-02 7.41374120e-02 -7.59480372e-02 9.58984196e-02 -1.24880159e-02 -8.36356133e-02 5.53955883e-02 9.97355580e-02 6.53296039e-02 1.13238037e-01 -7.66958743e-02 -1.02211356e-01 1.18450902e-01 4.97268885e-01 5.49057089e-02 -2.60280848e-01 3.24064381e-02 -9.90796983e-02 -9.97933671e-02 -1.15902714e-01 -3.24143134e-02 -3.49544995e-02 3.43561508e-02 1.12050578e-01 1.02021443e-02 -6.16260106e-03 1.11539826e-01 2.09769737e-02 -1.67717375e-02 5.40161319e-02
4.57434148e-01 -2.28356212e-01 5.55525303e-01 5.82200706e-01 -5.65369427e-02 -1.37948006e-01 -6.04950845e-01 -1.16649821e-01 -4.44020092e-01 -8.36169422e-01 -4.69764099e-02 9.11367059e-01 4.55212921e-01 -4.25192803e-01 8.03192437e-01 7.26238668e-01 -1.20357484e-01 1.47017734e-02 3.85126114e-01 4.12163913e-01 -4.69738036e-01 3.28867137e-02 6.60872757e-01 2.35852689e-01 4.04521935e-02 -3.99772972e-01 1.47267371e-01 3.33344400e-01 -1.50172830e-01 -2.66957991e-02 1.97413862e-01 4.81793672e-01
2.75756717e-01 -3.86154316e-02 5.34315258e-02 1.53549075e-01 -1.03553329e-02 1.11469924e-01 9.27759051e-01 5.60618825e-02 5.48404694e-01 2.24358141e-01 3.34455669e-01 3.73202056e-01 -4.03841227e-01 -5.67517519e-01 4.37087007e-02 -1.09598339e+00 3.26515199e-03 -7.89010704e-01 -4.50697914e-02 -4.26161647e-01 -5.62548220e-01 -5.42380707e-03 1.86838463e-01 -3.33581939e-02 6.94569647e-02 -4.30495679e-01 -7.00862646e-01 4.86924946e-01 -1.24108508e-01 -1.87510341e-01 2.63884187e-01 -6.33808747e-02
2.75052954e-02 5.61441109e-03 -2.49137402e-01 3.96164477e-01 -9.95704979e-02 4.00215894e-01 4.38236982e-01 -2.35162303e-01 -3.17723423e-01 3.79398763e-01 1.05100190e-02 1.04653634e-01 4.48993385e-01 5.70353329e-01 -1.67222455e-01 -7.55750597e-01 5.67949712e-01 -3.22819382e-01 6.08775020e-03 -2.39419952e-01 -3.51652592e-01 6.12995550e-02 -3.64817798e-01 1.76645696e-01 -3.66048992e-01 -9.89688709e-02 -6.75799698e-02 -4.46402997e-01 8.22366923e-02 -1.31210849e-01 5.62055483e-02 -2.88774163e-01
7.47706711e-01 -9.70905945e-02 -3.19672704e-01 2.28956982e-01 2.22599834e-01 -4.27878410e-01 -4.75253239e-02 2.88969398e-01 2.61560619e-01 -2.71865129e+00 1.67915359e-01 1.16110303e-01 3.27489585e-01 -1.59728086e+00 1.67849258e-01 3.61915767e-01 7.69971237e-02 3.15739423e-01 -2.33442381e-01 -6.78000525e-02 5.03532708e-01 -2.73966193e-01 -2.01090649e-01 9.83108673e-03 -3.55740756e-01 -2.39720434e-01 4.74816468e-03 -1.73693448e-01 2.41591737e-01 1.67910621e-01 -3.34421426e-01 -1.91444933e-01
-1.04924262e+00 1.62584051e-01 -8.20489377e-02 1.11713424e-01 5.50910532e-02 -3.15966845e-01 1.00923336e+00 5.17639145e-02 -1.09412348e+00 7.68255711e-01 -7.25356758e-01 3.83647047e-02 1.68641582e-01 9.06428173e-02 -7.20090449e-01 1.53432226e+00 6.11953795e-01 8.81069720e-01 -1.53938484e+00 1.03530278e-02 -6.51855543e-02 3.67722183e-01 5.51539958e-01 9.53043699e-01 -2.09794834e-01 5.16056478e-01 -6.40245795e-01 -4.53204215e-01 1.16759109e+00 -4.63404000e-01 9.40372199e-02 -2.71199167e-01
-5.67573488e-01 6.06307089e-01 -2.55919620e-02 -1.45970613e-01 4.54333633e-01 1.63236767e-01 1.51151801e-02 4.99815732e-01 -2.85758257e-01 5.28560162e-01 6.67621344e-02 -1.48721084e-01 2.06979558e-01 3.00598741e-01 -5.56161702e-01 -3.91375601e-01 -1.57526642e-01 -1.31684273e-01 4.08471674e-01 -4.22208935e-01 1.60290068e-03 -2.63128608e-01 -3.76532925e-03 -4.84774321e-01 9.20595005e-02 -2.25176618e-01 -5.70854127e-01 -4.81841296e-01 1.88678399e-01 -3.70337546e-01 -2.25836173e-01 -2.67714143e-01
-1.10037453e-01 2.12206692e-01 4.45274353e-01 3.67349118e-01 -2.09030315e-01 -3.13124955e-01 -1.79472804e-01 -3.49923894e-02 3.09560597e-01 -4.68938231e-01 -5.77463508e-01 -8.41643289e-02 -2.80024052e-01 -3.58863682e-01 7.50212818e-02 7.07105756e-01 -9.41349939e-02 2.73177952e-01 3.27193350e-01 2.07887694e-01 7.12417513e-02 -7.53588378e-01 1.53784871e-01 1.02610916e-01 2.58486867e-01 1.48203582e-01 2.12645512e-02 -5.75027406e-01 -2.93428719e-01 -1.08618639e-01 4.45688777e-02 -2.21812472e-01
-7.58018792e-01 5.05612612e-01 -5.12803018e-01 -1.05380237e+00 -3.62991810e-01 -2.73574322e-01 -3.36641818e-01 3.88941884e-01 1.21499449e-01 4.53209072e-01 -1.05075464e-01 2.32077017e-01 2.18769535e-01 2.49467775e-01 -5.16583659e-02 1.04352272e+00 7.29629517e-01 1.00594521e+00 -4.64632601e-01 1.18473575e-01 4.45280254e-01 -6.70473158e-01 -6.94866776e-01 3.64626348e-01 -3.28255981e-01 -4.17346627e-01 2.39318460e-01 4.77662265e-01 4.35552090e-01 -8.57602954e-01 1.71463594e-01 -4.81319129e-02
1.01538010e-01 -5.88252366e-01 -1.27002314e-01 -6.53120279e-02 -4.90175515e-01 5.69665492e-01 1.43761143e-01 -4.86678392e-01 4.53230321e-01 1.01416981e+00 -1.72379240e-01 6.73385784e-02 5.01313388e-01 4.87207830e-01 6.72760829e-02 -9.64865804e-01 -5.00272155e-01 -9.12266254e-01 -2.35531703e-02 1.64145425e-01 2.89128095e-01 2.89677441e-01 2.09562123e-01 2.08918259e-01 2.67055511e-01 5.32592610e-02 -3.61860812e-01 -2.93326795e-01 -2.81009763e-01 -2.88594365e-01 5.08833170e-01 2.96839863e-01
-3.37375477e-02 -9.50481594e-01 3.21569204e-01 1.62232864e+00 2.17844650e-01 9.37431827e-02 -1.72528505e-01 -2.65007257e-01 -2.01477662e-01 1.91879690e-01 1.12538731e+00 -1.04398870e+00 -1.12481201e+00 -4.46206391e-01 1.86350062e-01 -9.82646570e-02 -1.18847537e+00 6.24992669e-01 6.22212112e-01 -6.99637413e-01 8.79741788e-01 1.52886286e-01 1.97405443e-02 1.77842975e-02 -1.53989419e-02 -5.17065823e-01 2.42955506e-01 -1.00162830e-02 -9.12607253e-01 1.30309629e+00 -6.25784934e-01 -5.25159528e-04
-7.22155094e-01 -1.49035528e-01 -2.73870938e-02 3.85004103e-01 2.10380718e-01 2.30042741e-01 -1.19781837e-01 -2.86928028e-01 -1.81387097e-01 -3.02761823e-01 -6.63346946e-01 -2.82709077e-02 1.91845730e-01 -9.42894351e-03 1.20712154e-01 -2.62721330e-01 3.08022082e-01 1.92979813e-01 2.16207981e-01 -4.96818125e-01 -4.83110785e-01 -1.26491845e-01 5.12655452e-02 -4.48512793e-01 9.75831747e-02 3.12421829e-01 1.36799783e-01 -6.33842349e-02 -6.12797976e-01 1.83662139e-02 -1.52970210e-01 5.13039008e-02
-2.70994127e-01 -2.92080849e-01 -8.95797238e-02 -1.86664999e-01 -3.00068885e-01 -9.15068686e-02 2.26070017e-01 2.72156686e-01 -6.58523917e-01 1.39797342e+00 -1.81835741e-01 -7.10400268e-02 -4.79339242e-01 4.62065101e-01 -1.67710334e-01 3.07384767e-02 5.67347519e-02 1.02212727e-01 -1.53806861e-02 -1.49680391e-01 2.06969380e-01 1.90848559e-01 2.82869756e-01 -6.57158159e-03 2.59307679e-02 -4.38480005e-02 -2.24116132e-01 2.05535427e-01 2.59026378e-01 2.75305957e-01 3.83989900e-01 1.32689223e-01
-8.05974528e-02 -3.23107004e-01 -3.27177197e-02 -9.22571346e-02 -3.00352812e-01 4.67264295e-01 -2.28426993e-01 -4.21875298e-01 9.06219631e-02 -4.06772256e-01 3.85064594e-02 4.19650793e-01 1.93202123e-01 3.98960799e-01 2.87973613e-01 -5.22136807e-01 -4.31361407e-01 -1.20170021e+00 -8.71436819e-02 -3.24218452e-01 -1.14872381e-01 8.52177560e-01 4.57322896e-01 6.28991783e-01 -4.64670688e-01 1.33063659e-01 1.37772366e-01 -2.38265231e-01 -3.71273458e-01 -2.53868401e-01 -1.09402567e-01 -8.58561918e-02
4.57331948e-02 -5.63664921e-02 1.38223797e-01 -9.10837576e-02 2.44852632e-01 -1.09902807e-01 3.58729362e-02 -3.43314499e-01 -1.68128043e-01 3.34587604e-01 1.49401426e-01 1.74834311e-01 8.00297111e-02 -3.02965313e-01 -6.34420812e-02 -2.93959051e-01 5.92310280e-02 1.64170697e-01 -1.35698244e-01 -5.36102474e-01 1.48930237e-01 -1.62685588e-01 -1.21966921e-01 -6.40697852e-02 8.69565294e-04 2.14465290e-01 -6.19781315e-02 -1.57892494e-03 1.07040152e-01 7.16551021e-02 1.92300079e-03 -8.47698282e-03
2.47234613e-01 -6.11894965e-01 -3.80464733e-01 8.02796841e-01 4.50498536e-02 -5.60625494e-01 2.82347739e-01 -2.11343139e-01 -4.13112849e-01 2.65668344e+00 -5.25690079e-01 9.43833530e-01 6.15302861e-01 8.35713983e-01 8.03321540e-01 4.43464965e-01 1.23011321e-02 4.42478985e-01 6.64846361e-01 3.52070689e-01 1.24080181e-01 8.64418000e-02 -1.23990916e-01 1.10496318e+00 -1.56480402e-01 9.76692960e-02 -2.61806548e-01 3.90052348e-01 -4.01023254e-02 7.25926831e-02 8.09208572e-01 1.27340689e-01
-1.44738019e-01 1.94683567e-01 1.39011651e-01 7.84273595e-02 2.11501271e-02 -3.32779214e-02 1.48393575e-03 1.22849375e-01 1.46400547e-02 -1.43951084e-02 1.61377028e-01 7.58143216e-02 8.28478411e-02 -3.47548388e-02 1.55866891e-01 2.34451115e-01 3.78395431e-02 -9.32868049e-02 -5.91613613e-02 8.56843367e-02 -1.56428009e-01 -3.55557576e-02 -5.28579690e-02 1.38412444e-02 -4.92579162e-01 -2.39857703e-01 5.14056049e-02 -1.11705676e-01 -5.38170077e-02 -5.07650934e-02 2.67150463e-03 -4.25801903e-01
-1.62489191e-02 -7.65011311e-02 -3.65769491e-02 2.80284267e-02 -2.27684915e-01 2.14098152e-02 -2.08835602e-02 1.68963462e-01 6.01621717e-02 -2.99489237e-02 -1.48353400e-02 -2.48645544e-02 -7.28333741e-02 2.65843254e-02 -6.28237948e-02 2.70720720e-01 -1.23463221e-01 -8.52130502e-02 -4.61082067e-03 3.28425109e-01 -2.33547434e-01 -8.79622176e-02 -3.33157927e-02 -1.21898018e-02 9.00968164e-03 -1.05314203e-01 -6.05980381e-02 -7.61289746e-02 -4.97769527e-02 5.77538572e-02 -6.42699236e-03 5.20118559e-03
8.51719081e-01 -2.34345272e-01 4.10459042e-01 2.86096662e-01 -5.10105133e-01 -1.21495845e-02 -4.70396906e-01 6.57013580e-02 7.55524755e-01 8.31154212e-02 -2.34259114e-01 9.65234712e-02 1.01277485e-01 2.00107247e-01 7.13888288e-01 -6.62150383e-01 -4.12657201e-01 -9.06798780e-01 3.84961218e-01 -2.24207506e-01 -7.85309672e-01 2.91451931e-01 -1.73328996e-01 1.52104422e-01 7.16101885e-01 1.39194345e-02 1.68488115e-01 -1.02917574e-01 -5.00144541e-01 1.73247740e-01 7.38397911e-02 2.05067649e-01
1.29706591e-01 -4.06538457e-01 -3.14909577e-01 3.95006508e-01 3.24084431e-01 -5.91562748e-01 1.23798512e-01 3.67485359e-02 2.24329129e-01 -2.61498541e-01 -2.44340390e-01 4.61423129e-01 3.69257718e-01 -3.00644428e-01 2.48714268e-01 -4.57007706e-01 -3.15915465e-01 -6.28407419e-01 3.15555930e-01 -3.87298197e-01 -2.43406445e-01 -7.00428709e-02 3.60717833e-01 6.37159348e-01 -1.47632748e-01 -2.99967051e-01 4.27033722e-01 -6.15707301e-02 -7.02143013e-02 -4.33122069e-01 1.15845062e-01 2.55811065e-01
1.09073102e-01 -5.64830676e-02 7.31063843e-01 1.77167952e-01 -1.31949222e+00 -3.24951053e-01 2.36187384e-01 -2.81438768e-01 9.75545526e-01 7.71766305e-01 -4.11371775e-02 -4.81947064e-01 -7.06394464e-02 7.81281173e-01 2.61747446e-02 -3.23978400e+00 -3.28166008e-01 -3.22921729e+00 3.75077099e-01 -2.96309721e-02 -7.23711848e-01 5.61368763e-01 1.61864087e-01 2.18148276e-01 1.28334969e-01 2.77301334e-02 4.10262108e-01 9.30192992e-02 -2.99306720e-01 -7.04245150e-01 -4.83644247e-01 3.13863724e-01
-1.87755242e-01 -2.34814882e-01 -2.62268037e-01 -2.65359730e-01 -2.87226021e-01 5.60735703e-01 1.75943121e-01 -1.13584444e-01 -8.91317874e-02 3.79357010e-01 -1.78980976e-01 1.46814406e-01 3.97240110e-02 -2.30934083e-01 -1.39554039e-01 -5.53260446e-01 3.02609921e-01 -6.42114282e-01 -2.87746787e-01 2.60091200e-03 -3.29498142e-01 3.74562979e-01 -1.51828274e-01 3.72146457e-01 3.52167487e-01 -5.35466433e-01 4.97276425e-01 7.33769983e-02 6.40195385e-02 1.48881227e-01 -3.89675908e-02 4.81981337e-02
4.66987222e-01 6.70684993e-01 6.82577908e-01 -3.96397710e-01 1.58607960e-01 1.57095626e-01 1.63733259e-01 -1.57392383e-01 -8.15612793e-01 9.73888755e-01 -2.80098855e-01 -2.44504705e-01 -4.48742807e-01 1.12979066e+00 1.67492017e-01 8.14817101e-02 1.59582254e-02 -9.57277894e-01 3.84368449e-01 -2.88501263e-01 5.27606979e-02 6.89686894e-01 -1.18709527e-01 -3.94867748e-01 6.27124310e-01 -7.81182051e-01 4.98095959e-01 -5.60903512e-02 -3.50866228e-01 -5.95252931e-01 -9.69511718e-02 -4.33640718e-01
-8.82720761e-03 -3.12415212e-01 2.25259230e-01 -2.10032165e-01 -3.32194865e-01 8.37090909e-02 2.21203677e-02 -2.75413781e-01 -3.42541277e-01 -3.88245881e-01 -1.40489757e-01 4.36672606e-02 -6.41679838e-02 4.61213022e-01 4.48286384e-01 1.34872735e-01 3.30547482e-01 -5.61443686e-01 8.50802511e-02 1.93037644e-01 -2.72407234e-01 3.33483130e-01 -4.01140749e-01 1.30676389e-01 -1.97061803e-02 -2.33791381e-01 3.71527404e-01 7.51298666e-01 -3.75770122e-01 -4.97683138e-01 2.20424876e-01 2.80547976e-01
-1.20891726e+00 2.23144516e-01 1.46801576e-01 -1.29154992e+00 -3.28067809e-01 -1.85791314e-01 1.98584944e-01 4.51866776e-01 2.52787530e-01 3.84110928e-01 -9.65831161e-01 7.66001344e-01 1.03841078e+00 4.80064809e-01 -8.06648433e-01 9.95888039e-02 5.54178476e-01 -5.83755553e-01 -1.92486420e-01 9.96491909e-01 -6.25956595e-01 -3.16580743e-01 -4.68004704e-01 -2.91288514e-02 5.71014881e-01 9.27069902e-01 8.76589060e-01 7.11762846e-01 4.78371024e-01 -1.01947165e+00 4.51845303e-03 2.38210455e-01
-8.70353356e-02 8.85274559e-02 2.93300062e-01 -4.76713553e-02 3.48797202e-01 -1.03069037e-01 -1.62133109e-02 2.73317024e-02 -4.35142852e-02 1.85074985e-01 2.86419559e-02 1.68548990e-02 -6.66686567e-03 -1.25698805e-01 8.64913836e-02 -1.83569804e-01 9.56113115e-02 4.53259759e-02 2.79663168e-02 -4.13455307e-01 1.34737685e-01 -1.12007938e-01 4.05993760e-02 -1.52114015e-02 1.53158888e-01 -8.14493746e-03 7.40778446e-02 1.42797709e-01 2.53866464e-02 -8.90627354e-02 1.62511207e-02 4.80693430e-02
9.44597945e-02 1.98143646e-01 5.08057736e-02 3.44814695e-02 7.23682523e-01 -5.57795577e-02 5.07605851e-01 1.91925466e-01 7.94671774e-02 -1.41890180e+00 -1.92049116e-01 3.73557389e-01 5.25804877e-01 -5.85392833e-01 -5.07921994e-01 1.20663333e+00 2.81653434e-01 3.44533384e-01 3.83360945e-02 -6.18213475e-01 8.98389101e-01 -4.74359304e-01 -5.01721501e-02 -1.24717200e+00 -1.44971907e-01 4.33158815e-01 -8.35722625e-01 -9.76280451e-01 1.15047231e-01 4.91116941e-02 -1.13380700e-01 -1.15264088e-01
5.69669068e-01 -2.86918461e-01 -2.99667984e-01 4.05573398e-01 1.70277674e-02 -4.22678106e-02 -2.64604520e-02 -4.44954261e-02 4.30821717e-01 -8.46005827e-02 -1.51257023e-01 -1.59398466e-02 7.98906267e-01 -3.60434413e-01 3.29112589e-01 -1.90320104e-01 4.05467022e-03 -3.81058633e-01 1.36395572e-02 -4.23915647e-02 -3.51915479e-01 1.43750533e-01 1.69543907e-01 1.24979980e-01 -3.48802060e-02 -1.64930627e-01 7.58514643e-01 4.87701327e-01 -2.61232436e-01 3.02714050e-01 2.36007109e-01 3.04125369e-01
-2.74200886e-01 3.54184389e-01 -1.59996569e-01 -3.28056104e-02 -6.15085900e-01 -1.75918460e-01 1.10708162e-01 4.64002907e-01 -4.52468619e-02 -5.23702800e-01 -1.74945876e-01 -3.11069246e-02 -3.60089004e-01 1.87882468e-01 2.45976254e-01 -2.20998719e-01 -8.93968791e-02 2.47813046e-01 -1.36337774e-02 3.51615816e-01 -2.14382470e-01 -4.17851582e-02 -3.86467464e-02 -3.77272330e-02 -1.32424742e-01 -1.29018128e-01 2.83366084e-01 -2.75160670e-01 1.17522001e-01 2.08785962e-02 7.77525157e-02 1.90103740e-01
1.70862284e-02 -5.10397911e-01 -7.99669996e-02 -1.13278747e-01 -1.28245577e-01 -1.28991112e-01 4.24910476e-03 -1.46132320e-01 -3.57691199e-01 5.06733119e-01 -1.98505074e-02 8.56711417e-02 3.62603486e-01 3.69387984e-01 -1.64700657e-01 -7.08144844e-01 -1.98096886e-01 -1.79032758e-01 -3.48147973e-02 4.76249866e-02 9.89936739e-02 -2.59687118e-02 5.59200406e-01 3.77767980e-02 -3.69759083e-01 2.36441478e-01 3.30244571e-01 8.48712847e-02 -4.37309779e-02 1.18236654e-01 3.90758738e-03 -2.19510630e-01
8.57008100e-01 -1.72533780e-01 -5.37410378e-01 1.42240778e-01 3.48359138e-01 2.48510107e-01 6.57664478e-01 3.01535726e-01 -4.88123208e-01 -7.75487423e-01 -9.13638353e-01 1.42029977e+00 1.49247319e-01 -8.08974028e-01 4.63010550e-01 1.35123003e+00 -1.42159402e-01 8.69046092e-01 -3.48033935e-01 1.33595467e-01 -1.31851065e+00 -2.95282930e-01 -6.49802804e-01 -2.87407547e-01 -2.77078807e-01 6.99141249e-02 1.88147232e-01 3.53607357e-01 7.69799054e-02 2.18012109e-02 6.22555017e-02 3.44948798e-01
-9.72249955e-02 1.10260993e-01 -9.90124166e-01 -3.76644428e-03 3.17419410e-01 3.10843289e-01 6.75013959e-02 -4.60637584e-02 5.27226813e-02 5.05699277e-01 -3.46678227e-01 -1.25424588e+00 3.09958369e-01 2.86595941e-01 -4.09287810e-01 7.02570081e-01 -7.27432743e-02 1.42530739e+00 -3.49178731e-01 7.05320686e-02 2.28131890e-01 -1.70226604e-01 -8.81396160e-02 7.43646979e-01 -3.87395442e-01 7.00108647e-01 -2.76459698e-02 -1.82399496e-01 7.12790666e-03 1.87236026e-01 6.77712560e-01 5.67863472e-02
-2.06961166e-02 4.48018551e-01 -1.56688109e-01 -6.10297561e-01 -1.66252553e-01 7.32014596e-01 3.39871496e-01 7.77722120e-01 4.37996566e-01 3.43271881e-01 9.55723584e-01 -2.64041364e-01 7.48725832e-02 3.45219105e-01 -1.37836784e-02 -9.05906618e-01 3.17868382e-01 -1.42578110e-01 -2.86924392e-01 -5.58539450e-01 -6.31378591e-02 -2.30667040e-01 1.86543941e-01 1.49970070e-01 -2.56432086e-01 1.49384841e-01 3.97315361e-02 2.07160674e-02 -5.63036382e-01 2.57618576e-01 -9.25806910e-02 1.40179619e-01
9.26286876e-02 -2.12456323e-02 -1.26382574e-01 -1.20268958e-02 -1.45321479e-02 4.50230241e-02 -1.68660376e-02 8.46253261e-02 -4.33287621e-02 -8.65914300e-02 -6.37117252e-02 -3.78461570e-01 2.68934786e-01 2.30544195e-01 4.02497090e-02 1.13509856e-01 3.93051989e-02 -8.30736831e-02 1.18036836e-01 2.44594321e-01 1.15611129e-01 2.84530371e-01 4.67592403e-02 2.64601588e-01 -1.12460949e-01 -2.57500857e-01 -1.97305918e-01 -1.70220152e-01 -3.06736648e-01 -1.61567390e-01 -2.45819855e-02 -2.77840316e-01
4.27456111e-01 9.64913666e-02 5.83378017e-01 3.74740064e-01 2.32607350e-01 3.86022210e-01 9.77436423e-01 -3.63951266e-01 7.81131268e-01 -6.80010617e-02 -6.35139346e-01 2.00850174e-01 -5.02472579e-01 -2.85277098e-01 -8.65780488e-02 1.39399067e-01 -5.44968843e-01 -6.00791037e-01 3.10726672e-01 9.93526913e-03 -1.50038868e-01 5.96854746e-01 1.87167168e-01 6.35753095e-01 2.02436019e-02 -1.24711834e-01 -2.51637101e-01 2.28999019e-01 1.84604496e-01 3.89704525e-01 -1.54618949e-01 5.35681564e-03
-2.32786343e-01 -4.46943313e-01 1.43804097e+00 1.02214210e-01 -8.05738986e-01 -2.27644056e-01 -1.19297194e+00 -9.97059047e-01 3.17005485e-01 1.01486158e+00 1.06963171e-02 -4.54323113e-01 -3.06193084e-01 1.02912724e+00 5.21438837e-01 -1.99355030e+00 2.05643564e-01 -2.63385868e+00 1.80643988e+00 8.39937627e-01 -6.53598011e-01 1.66807890e+00 -4.82023984e-01 2.69830406e-01 3.50425184e-01 -7.02459276e-01 -2.34283075e-01 4.41850126e-01 1.62857056e-01 4.33058515e-02 7.78531253e-01 1.35691941e-01
-2.29282328e-03 -1.93542745e-02 4.37536202e-02 4.26971242e-02 4.05416250e-01 1.26189515e-02 -1.48241380e-02 3.08829062e-02 2.90381517e-02 -3.39155756e-02 -1.80453360e-02 -7.01536834e-02 1.08310230e-01 -9.08198301e-03 -1.00552489e-03 -7.52363652e-02 1.66750289e-02 -7.75550529e-02 -8.68648216e-02 7.57730380e-02 1.15227565e-01 4.77886498e-02 1.97736081e-02 2.34357100e-02 -1.44954056e-01 -1.36329725e-01 1.68282986e-02 4.01301384e-01 -4.59999181e-02 -5.92227280e-02 1.16494922e-02 -2.45061234e-01
-4.00217205e-01 9.47100818e-02 -1.22170135e-01 -7.71047547e-02 -2.99637258e-01 -1.96680296e-02 -1.08993776e-01 7.03265190e-01 -4.28404845e-02 -5.60688600e-02 -1.79708093e-01 7.02710927e-01 5.14707327e-01 3.29167575e-01 1.68212727e-01 3.47472094e-02 -1.15913630e-01 -1.04508949e-02 -1.41940802e-01 -3.14444304e-02 -1.42141655e-01 -6.19502962e-01 -1.94137752e-01 -2.09318236e-01 -3.52446049e-01 -1.67986408e-01 -6.15541399e-01 4.31727171e-01 -2.45822459e-01 -2.60109037e-01 -2.90595561e-01 5.21370471e-01
-1.39462268e-02 -2.06164122e-01 5.39274931e-01 2.79696524e-01 -5.61335564e-01 2.55877435e-01 4.08554435e-01 -6.12163424e-01 5.16617179e-01 3.76741439e-01 -8.12465325e-02 4.15322512e-01 -1.13940813e-01 2.24758759e-01 1.78246230e-01 -2.01036501e+00 9.06872824e-02 -9.40496802e-01 3.32720578e-03 1.55386508e-01 -5.35208322e-02 1.48211911e-01 2.63053387e-01 2.02980444e-01 -1.97867602e-01 -5.57066202e-01 -5.47196344e-02 -2.15946808e-01 -4.28914279e-01 -4.68304574e-01 5.22028446e-01 -3.48532319e-01
-1.31891966e-01 8.33031759e-02 -1.61780477e-01 1.65923953e-01 -1.69715881e-01 -1.18953921e-01 2.05019608e-01 -2.32470214e-01 -4.41454351e-01 1.54782593e+00 -3.52499545e-01 -8.71309936e-02 -3.00630122e-01 1.27026367e+00 -2.81321377e-01 -4.19659317e-02 3.69069278e-02 -9.04128551e-02 -6.44714013e-02 -2.97459960e-01 4.91716806e-03 1.81078434e-01 -1.27692401e-01 -1.58250749e-01 -1.62058532e-01 3.80211622e-02 4.44943488e-01 4.76133764e-01 1.58573225e-01 -4.52387899e-01 2.83491224e-01 -7.03566223e-02
1.48453517e-02 -1.27347201e-01 6.17172182e-01 4.76896286e-01 -2.10771978e-01 -4.85914469e-01 -1.06495571e+00 2.62602065e-02 2.90173948e-01 3.58499050e-01 6.48205280e-02 -1.84799358e-02 1.06794067e-01 1.69914946e-01 -3.47649544e-01 5.98614275e-01 6.86241537e-02 1.52620181e-01 1.91959009e-01 -2.94713885e-01 6.28753722e-01 3.99829417e-01 2.22850278e-01 -5.86257279e-01 -1.37110725e-01 -1.37202558e-03 -1.99460372e-01 6.87532127e-01 -2.33059987e-01 3.20603758e-01 -2.51110822e-01 -1.31782472e-01
9.24125373e-01 -3.41516584e-01 5.65676630e-01 9.59473968e-01 -4.77202296e-01 2.18933955e-01 -1.12462223e+00 -5.98883927e-01 1.11512220e+00 -1.37841713e+00 -2.53485650e-01 6.46393120e-01 -1.22640872e+00 -4.38559592e-01 6.53713763e-01 -8.00829589e-01 -6.87454194e-02 -2.83190370e-01 6.12832785e-01 7.53266811e-01 4.50337082e-01 -4.33538705e-01 -2.12646174e+00 -5.21978259e-01 6.17869318e-01 5.47455907e-01 -8.31540644e-01 -5.42785823e-01 -3.76231186e-02 1.23900080e+00 -1.43314409e+00 -1.42870471e-01
-1.99587047e-02 1.76391125e-01 -7.28743523e-02 -4.92408276e-02 -1.60556659e-01 -1.98141541e-02 2.72408277e-02 -3.49779576e-02 -5.73045723e-02 -5.03993817e-02 4.18174416e-02 1.00858212e-01 9.15881842e-02 -4.10689116e-02 1.62760973e-01 -2.07454219e-01 1.14431903e-01 1.30467802e-01 -2.12127417e-02 -2.84622878e-01 1.17485441e-01 2.05439217e-02 1.90281477e-02 -8.86286609e-03 -3.08269799e-01 -2.92322543e-02 1.96739044e-02 -4.24961857e-02 -1.60790477e-02 -1.08784940e-02 1.41922804e-02 -2.28240699e-01
4.51600216e-02 2.92784423e-01 1.67487633e+00 4.99301761e-01 -1.47501636e+00 2.02077493e-01 -1.90276965e-01 -5.98600686e-01 8.76732469e-01 6.30936205e-01 2.00245500e-01 -3.75151575e-01 -9.47787166e-01 8.44805956e-01 8.76662061e-02 -4.19995880e+00 -2.34069988e-01 -4.96776628e+00 3.92283678e-01 6.66780397e-02 -1.21158695e+00 1.01424301e+00 3.85903001e-01 1.77278310e-01 1.58015549e-01 -2.26428300e-01 -4.71895128e-01 7.02944279e-01 -2.74325222e-01 4.37563062e-02 -7.24706501e-02 8.37014318e-02
-1.27144063e+00 -3.57695557e-02 -7.12512508e-02 -5.25221884e-01 7.84160942e-02 1.05535299e-01 -3.77202667e-02 2.83105284e-01 -3.71218860e-01 4.23861176e-01 3.30853701e-01 -5.15398502e-01 1.95596099e-01 7.25873709e-01 -1.86537564e-01 -2.10804418e-01 3.37938406e-03 1.54958025e-01 -3.41561526e-01 -5.12024648e-02 3.34501028e-01 5.28508842e-01 4.65054661e-01 -4.37559336e-02 -1.36164287e-02 4.80918027e-02 -5.01873970e-01 -1.04888044e-01 2.02565074e-01 -3.43889296e-01 1.47800431e-01 -8.87879670e-01

layers.2.bias:
-1.34512997e+00
-7.64325082e-01
1.60498768e-01
-6.22577667e-01
1.28665596e-01
-5.63616931e-01
2.89217651e-01
2.07179475e+00
5.54011166e-01
8.50143492e-01
-1.03221357e+00
-1.26589394e+00
-1.67730764e-01
8.89479697e-01
-2.48502433e-01
-6.83490634e-01
-5.93791194e-02
-7.47518241e-01
3.66290390e-01
-1.06846027e-01
-1.77705705e-01
8.23982000e-01
7.95830011e-01
-1.45104051e-01
-4.82173204e-01
9.98152435e-01
-9.72355723e-01
-1.02518547e+00
4.66505587e-01
-1.10731494e+00
2.92400899e-03
-4.33227159e-02
8.02859604e-01
1.24919012e-01
-2.06620425e-01
-5.27192578e-02
-1.61094815e-01
1.42335761e+00
1.06762171e+00
-1.40552223e-01
9.65360999e-01
-2.07906514e-01
-5.22805989e-01
1.40180099e+00
2.74858952e-01
-7.48135269e-01
1.09748447e+00
-4.07622814e-01
7.81062543e-01
1.63600004e+00
2.34247342e-01
2.80789286e-01
1.28917396e-01
-6.07871056e-01
2.78472960e-01
-1.40597736e-02
8.16374719e-01
-9.58329514e-02
-4.24211547e-02
-5.09404421e-01
5.24135292e-01
8.49916711e-02
-3.33486795e-01
4.14403349e-01

layers.4.weight:
2.80616194e-01 8.37295607e-04 -1.88106343e-01 -9.34980810e-03 1.21128233e-02 1.23601191e-01 -4.90619452e-04 -6.82408750e-01 -1.18341438e-01 -3.82874548e-01 4.58810925e-02 8.76179218e-01 -2.05174279e+00 -7.24944025e-02 2.39281990e-02 -1.51452780e+00 3.17856466e-04 6.51761442e-02 3.04006599e-02 6.80148732e-05 1.84905883e-02 -1.12356357e-01 -5.04015870e-02 2.92674214e-01 -9.41796228e-02 -2.77707074e-02 3.30368690e-02 7.04528809e-01 -3.90345275e-01 3.74595046e-01 3.92676739e-05 -1.53899908e-01 -1.70240551e-02 -3.98310920e-04 2.97828354e-02 8.84623005e-05 2.81967077e-04 -1.52145982e-01 5.73700294e-04 4.10571396e-01 -3.43503952e-02 2.35404074e-01 -8.72923527e-03 -1.11277059e-01 -6.07644732e-04 1.44284829e-01 4.05135688e-06 -2.86505278e-03 -7.82654881e-02 -6.38702512e-01 -6.55381903e-02 -4.96587604e-02 -2.23320676e-04 -6.47581741e-03 -8.31880510e-01 9.38816884e-05 -8.22346716e-04 -2.68149793e-01 -8.12790915e-02 -2.96850747e-04 -4.57976609e-02 -3.77775199e-04 1.15882838e+00 1.56061247e-03

layers.4.bias:
-1.06441140e+00

