layers.0.weight:
3.31696361e-01 -5.67613244e-01 7.97264636e-01
5.69172144e-01 -8.09445798e-01 -5.80563486e-01
-8.31293464e-02 -6.13938749e-01 -5.77727258e-01
-1.07055378e+00 1.15616508e-01 4.58123112e+00
2.67282110e-02 4.11940843e-01 1.16166264e-01
-5.79876065e-01 8.58121514e-01 -1.84879377e-01
-1.31842160e+00 4.86020595e-01 -9.88645032e-02
-6.01682402e-02 7.88846374e-01 -9.23566997e-01
6.03414774e-01 -9.26082134e-01 5.12713566e-02
-1.11527514e+00 5.86289167e-02 -1.64189592e-01
7.53551662e-01 -9.85680073e-02 1.41279221e+00
-7.16238439e-01 -1.31785080e-01 -1.29353356e+00
-4.30584475e-02 7.12955832e-01 -1.57757306e+00
-1.16726887e+00 2.10410804e-02 5.00053525e-01
-6.46977663e-01 1.09646142e+00 7.52028525e-01
-1.81771189e-01 9.48456824e-01 1.64468549e-02
5.46070874e-01 -6.33792400e-01 -1.45019031e+00
-1.15504665e-02 1.12846863e+00 1.84981868e-01
8.07071701e-02 -9.54183042e-01 5.35116851e-01
3.41117471e-01 -1.28724232e-01 -8.64976227e-01
2.23475501e-01 1.65966094e-01 -5.10879010e-02
-3.24195027e-01 -2.56797969e-01 -1.00232065e+00
-4.64660525e-01 1.65601885e+00 -4.46076952e-02
-1.56447518e+00 4.06930357e-01 1.75152493e+00
1.05132234e+00 3.79940838e-01 -7.78481364e-01
2.59609371e-01 6.71772659e-01 -1.17486012e+00
-1.16151750e-01 -2.13369340e-01 1.90187418e+00
-3.97779703e-01 -2.44972542e-01 1.92939892e-01
3.22416067e-01 7.57217348e-01 -1.46468067e+00
-1.04933763e-02 4.65525806e-01 1.70563948e+00
-2.89658904e+00 2.84448242e+00 -1.78299040e-01
-1.26738083e+00 -5.19488692e-01 1.02004325e+00

layers.0.bias:
8.77201200e-01
4.81547834e-03
-1.42384720e+00
-6.34384930e-01
7.07518518e-01
-2.04255387e-01
-3.54310095e-01
2.86240637e-01
-7.45998621e-01
-1.59115899e+00
1.64644122e-01
1.80825554e-02
2.46107668e-01
-1.21306002e+00
-2.90836543e-01
1.43946290e+00
9.34610724e-01
1.82654703e+00
-6.68276668e-01
5.78918040e-01
-1.44309163e-01
-1.35729384e+00
1.02535832e+00
-7.05530941e-02
1.36946186e-01
5.60703695e-01
8.80503118e-01
-1.57881156e-01
-4.88352716e-01
7.31267482e-02
8.91685039e-02
-6.70209900e-02

layers.2.weight:
-3.23627681e-01 2.80860662e-01 1.04537420e-01 -5.31854212e-01 -1.03185959e-01 -5.21514937e-02 1.43262282e-01 -2.13957280e-02 -1.20243698e-01 2.70249414e+00 3.60827222e-02 1.27441198e-01 -1.76141217e-01 2.36791778e+00 -2.72857070e-01 4.68894839e-01 -1.54203791e-02 6.71796918e-01 1.15772471e-01 -2.19909787e-01 1.75955296e-01 -2.96358597e-02 -5.48016071e-01 5.49284220e-01 -1.63087830e-01 6.60269618e-01 -8.35542321e-01 -8.05699229e-02 -1.61246434e-01 -2.67808527e-01 -2.67377317e-01 3.35592896e-01
-6.59548044e-02 1.49863705e-01 -8.53651762e-01 7.57455155e-02 -4.20364261e-01 1.26671091e-01 -7.71089315e-01 -5.27247071e-01 5.83122849e-01 6.59806848e-01 3.64356965e-01 -2.97757149e-01 2.18345493e-01 -2.84938067e-02 -3.11788678e-01 1.36489898e-01 -3.56321961e-01 2.78819829e-01 -3.81406814e-01 -7.83605054e-02 6.12992644e-01 -1.36188373e-01 -4.29723948e-01 -3.72751877e-02 -1.34467632e-02 -1.01704471e-01 -3.01491708e-01 -5.03226936e-01 3.47199291e-02 -1.96903080e-01 -2.27849130e-02 2.05616966e-01
-8.82343203e-02 -3.25505249e-02 8.31290558e-02 -7.88002491e-01 -6.23849809e-01 1.64120104e-02 -4.58972037e-01 3.68137419e-01 4.38297004e-01 7.91429281e-01 -5.80978751e-01 -5.85250705e-02 1.98048130e-01 6.88967258e-02 -5.84264696e-02 -6.40369117e-01 -1.03884399e-01 -4.75722641e-01 -1.51442379e-01 4.70199376e-01 -3.30128074e-01 -1.93534240e-01 4.64024127e-01 -1.27810550e+00 -6.74666241e-02 4.69993860e-01 -1.20843005e+00 -1.75360352e-01 4.81496513e-01 -4.09472942e-01 1.12722643e-01 5.57963513e-02
1.24631695e-01 -8.15372467e-02 2.40667030e-01 1.21314514e+00 1.69990674e-01 5.34056842e-01 7.96467662e-01 -8.04941058e-02 -2.11585224e-01 8.33375752e-02 2.62554735e-02 7.99076259e-02 -4.27123070e-01 3.11354220e-01 7.29321420e-01 6.29921183e-02 -1.64977506e-01 1.53066561e-01 2.28172228e-01 -9.28130209e-01 -9.12553370e-01 -1.90226957e-02 3.72128457e-01 1.50423467e+00 -7.48968065e-01 -4.09869820e-01 3.66103679e-01 5.71871221e-01 -5.26135087e-01 -3.05851996e-01 1.93801060e-01 6.35272503e-01
7.45950714e-02 -3.80972296e-01 2.79254884e-01 -4.76537406e-01 8.81024376e-02 -2.57513553e-01 -9.09703970e-01 1.73597693e-01 -1.20474301e-01 -3.97777259e-01 3.98164570e-01 -7.14075565e-01 8.34222674e-01 -7.53683746e-01 -3.92046869e-02 -7.44644642e-01 -3.35331559e-01 -8.50026846e-01 -1.52335674e-01 -8.78780037e-02 8.58772039e-01 -5.37932754e-01 3.05986553e-01 -3.59548330e-01 -8.76479268e-01 6.65209651e-01 7.19189942e-02 -5.72468877e-01 -2.67363846e-01 5.89140415e-01 -1.66567862e-01 1.39311343e-01
-4.36847031e-01 2.05242097e-01 2.61489391e-01 3.13734204e-01 -9.38232839e-01 -2.24935517e-01 -8.51631880e-01 1.90518424e-01 1.12433028e+00 -1.78580478e-01 8.03325176e-01 8.96689743e-02 -2.22842321e-01 -1.43694311e-01 -3.18570733e-01 -1.54182673e+00 -4.50491220e-01 -1.48131347e+00 7.28137255e-01 -3.85628998e-01 -4.16958988e-01 -1.84114501e-01 -6.06976390e-01 -8.45055208e-02 2.70122170e-01 -4.45573404e-02 2.90693015e-01 9.37224686e-01 -1.65534377e-01 -2.89050668e-01 -1.20339239e+00 5.40679991e-02
1.79010276e-02 2.06625715e-04 -2.12149173e-01 -6.87760161e-03 -1.48923203e-01 1.65339872e-01 -7.17690811e-02 -4.20606047e-01 -1.16782419e-01 2.29993120e-01 3.08188707e-01 4.52387035e-02 2.86604106e-01 -6.09640544e-03 -1.03233578e-02 -2.82323688e-01 8.70376080e-03 1.22501910e-01 -1.51073346e-02 -3.13855022e-01 -3.72265399e-01 9.54568088e-02 7.07762241e-02 1.11140609e-02 1.70018226e-01 2.61870950e-01 -3.59353423e-01 -4.48348522e-01 -1.39300525e-01 7.50494227e-02 -7.22031519e-02 1.37341782e-01
2.81889439e-01 1.12460054e-01 -4.32054579e-01 3.63740504e-01 3.61079961e-01 -6.30441546e-01 1.21558651e-01 5.02820075e-01 4.65520136e-02 -3.07212442e-01 -1.19944900e-01 9.51883197e-01 3.07194591e-01 -5.64818144e-01 -1.69749931e-01 2.17010573e-01 5.20704985e-01 2.20786482e-01 1.86258927e-01 4.96318549e-01 -1.44061172e+00 -9.14652705e-01 1.44351840e-01 3.12921822e-01 2.15131655e-01 7.45791256e-01 6.09923363e-01 5.11075675e-01 -5.77299893e-01 5.02590716e-01 1.97940499e-01 -2.80145913e-01
1.28891379e-01 2.12327331e-01 -6.56345069e-01 -1.42584950e-01 1.55436683e+00 -4.49588597e-01 -7.75855780e-01 -4.34440017e-01 -6.74366832e-01 2.26054505e-01 5.80609500e-01 8.19721296e-02 5.74276984e-01 -5.60960829e-01 1.58792809e-01 2.33551908e+00 2.80549616e-01 1.71866024e+00 -5.05537093e-01 -1.95764616e-01 1.38993949e-01 -3.94791275e-01 6.72796145e-02 4.51203555e-01 -2.54853209e-03 2.79775143e-01 1.60693929e-01 -5.49002690e-03 -9.27415937e-02 2.84407765e-01 2.21469522e+00 -2.50050455e-01
-6.04115903e-01 1.73584104e-01 -1.17859595e-01 -5.11629045e-01 4.40582007e-01 1.69509940e-03 -9.18571949e-02 3.57855737e-01 4.61444587e-01 -1.80874601e-01 2.35826764e-02 2.26646289e-01 1.69978157e-01 1.32546142e-01 -3.88641119e-01 -6.25993609e-01 3.51740271e-01 -3.77490014e-01 -4.01140600e-01 -4.09084558e-02 -6.54454231e-01 -2.44039729e-01 8.57008100e-02 -5.24205342e-02 -2.22548693e-01 -1.07964739e-01 -1.63246214e-01 2.41235286e-01 2.53172547e-01 1.75280482e-01 1.38240367e-01 5.80918801e-04
2.27537542e-03 -4.10191923e-01 -2.10112110e-01 -2.82897860e-01 -2.91614890e-01 -1.88915342e-01 -2.89966762e-01 8.88999030e-02 3.38500232e-01 3.26869965e-01 -4.50987667e-01 -1.93234518e-01 7.77598858e-01 -2.34876141e-01 -1.14111930e-01 -2.58655727e-01 -7.15050042e-01 -6.35599434e-01 -8.43017399e-02 -1.17289938e-01 1.12227154e+00 -3.34260046e-01 -6.69479072e-01 2.56476372e-01 -8.35016370e-02 -1.40110552e-01 -3.54325473e-01 -5.91614485e-01 2.39766181e-01 -3.18146080e-01 5.30570708e-02 3.39993477e-01
-2.02246848e-02 -5.89792943e-03 1.72305667e+00 -9.02703106e-01 -9.43505108e-01 5.15887924e-02 2.72666030e-02 -4.21166420e-01 3.56213570e-01 1.91568065e+00 -5.14110725e-04 -8.20514783e-02 3.15916538e-01 3.25239396e+00 -1.58489347e-02 -9.94674027e-01 3.60472053e-01 -2.74874330e+00 6.80931926e-01 -2.87410408e-01 2.09493205e-01 6.25271976e-01 -3.54431063e-01 8.29808593e-01 -1.35114223e-01 -5.46537638e-01 2.70095438e-01 -4.05452102e-02 1.83945894e-02 -6.04555069e-04 -2.24605113e-01 -2.85869956e-01
-4.52835381e-01 -2.01422777e-02 9.09843206e-01 4.47032303e-01 -1.22408426e+00 4.65342999e-01 1.82755485e-01 -1.04360080e+00 5.60415626e-01 6.29778981e-01 1.56631306e-01 3.96378011e-01 -5.55869102e-01 1.04738213e-01 3.31798971e-01 -6.19464159e+00 2.67804489e-02 -7.03108358e+00 7.72395015e-01 -1.02164531e+00 -9.74328279e-01 3.57915759e-01 4.19593334e-01 1.49197550e-02 -3.07272106e-01 -3.12786967e-01 -3.10862392e-01 9.37126458e-01 -7.18602777e-01 -3.28103155e-01 -8.66432190e-01 -2.98733860e-01
2.92620119e-02 -1.74915031e-01 -6.40123129e-01 -5.18433861e-02 -1.62049904e-01 -2.87847593e-02 2.70996451e-01 3.30261648e-01 3.44161659e-01 -1.91289499e-01 5.38276076e-01 -1.87983483e-01 3.19996536e-01 -8.05943370e-01 -3.13732624e-01 -6.69947118e-02 -2.51104742e-01 1.92379594e-01 -1.04129620e-01 1.09832905e-01 -3.83871980e-02 -1.52647510e-01 4.64543663e-02 -2.01498955e-01 -1.50883809e-01 7.46056557e-01 6.10805023e-03 7.00592250e-02 -1.94569021e-01 2.71757066e-01 1.74470261e-01 3.78745824e-01
-9.29311454e-01 2.06741959e-01 -3.44791934e-02 3.50138187e-01 -2.27866769e-01 6.29678726e-01 -3.93388510e-01 -1.23835988e-01 4.51284796e-01 -2.21042842e-01 -7.50652909e-01 2.24811718e-01 1.44276097e-01 -3.23205054e-01 -2.72211909e-01 -7.20018566e-01 2.20874637e-01 -7.54344702e-01 -3.52082938e-01 3.08350325e-01 1.37804532e+00 9.28725004e-01 -6.85610473e-02 1.84673935e-01 -3.49874735e-01 8.93515274e-02 -5.79985976e-01 4.67273667e-02 7.23605514e-01 -2.34902546e-01 -1.00473695e-01 1.22890592e-01
-5.17431915e-01 -6.04944751e-02 7.89736807e-02 1.01643354e-01 -1.91539258e-01 2.91123927e-01 -9.05225813e-01 -5.25122099e-02 5.07867485e-02 5.29354095e+00 5.31102657e-01 4.54488486e-01 2.53254026e-01 2.62840652e+00 -9.71346279e-04 2.32701912e-03 -4.03381824e-01 -1.13754772e-01 1.05158398e-02 -1.73796132e-01 -7.08381176e-01 4.39507753e-01 2.01240897e-01 2.48295277e-01 -3.95305753e-01 -3.91119182e-01 -6.67531371e-01 3.35100710e-01 -1.03958197e-01 -6.91646099e-01 2.69537657e-01 -2.40237072e-01
-2.87028421e-02 1.48156926e-01 -7.54320398e-02 3.64938080e-02 7.43322866e-03 2.23040190e-02 1.34532088e-02 -5.17404974e-02 1.24468729e-02 -1.92822918e-01 5.99642619e-02 4.79250886e-02 4.71957400e-02 9.09866616e-02 1.23613894e-01 -9.82168480e-04 5.90115786e-02 -9.81518626e-03 -2.00852063e-02 1.11547783e-01 2.39136398e-01 1.16815276e-01 8.67702626e-03 3.66579629e-02 5.21690995e-02 1.90294906e-02 5.89372143e-02 3.07244658e-01 5.34343161e-03 -6.86998013e-04 1.29744606e-02 2.56180130e-02
1.67520970e-01 -1.49425924e-01 -5.84048808e-01 7.08804205e-02 8.74751136e-02 -1.86506435e-01 -2.15521887e-01 -3.34780157e-01 3.11024100e-01 -6.56826258e-01 8.57737064e-02 -4.30898406e-02 1.83652848e-01 8.87695104e-02 -5.56238145e-02 6.16770349e-02 -3.31373632e-01 3.92112136e-01 -8.28213319e-02 8.90817523e-01 2.98837751e-01 8.15087929e-02 -4.73851800e-01 -1.00559995e-01 -1.31323203e-01 -4.51715410e-01 8.65474820e-01 -5.37448347e-01 2.26559937e-01 3.33584219e-01 -2.05187500e-02 2.06687465e-01
-2.54449964e-01 -8.37928355e-02 -3.45006227e-01 -2.18289211e-01 5.92408717e-01 -4.81679395e-04 1.94793880e-01 1.41578972e-01 2.80283004e-01 -4.29957181e-01 -1.72592819e-01 -9.04471815e-01 4.86837387e-01 -2.59424090e-01 -1.93383723e-01 5.50856233e-01 -1.18210658e-01 5.74625313e-01 1.16514392e-01 -3.63568775e-02 -3.19304504e-02 -1.94775537e-01 4.54179376e-01 -3.42035741e-01 2.32619032e-01 2.12144554e-01 -1.86616644e-01 3.13402742e-01 5.26983365e-02 3.41532320e-01 5.38339019e-01 1.40154392e-01
5.58587573e-02 1.79870188e-01 -2.43887655e-03 7.05350935e-02 -6.21741228e-02 1.00042105e-01 -2.24485286e-02 -7.68518075e-02 4.15148214e-02 7.82529637e-02 6.78386688e-02 1.12604119e-01 -6.79283068e-02 -7.62964413e-02 1.06947049e-01 4.72548872e-01 4.87297773e-02 -2.93587059e-01 3.49094532e-02 -1.01744860e-01 -1.09203018e-01 -1.22817755e-01 -4.67543630e-03 -2.40325779e-02 4.08919305e-02 1.26525879e-01 6.38744654e-03 4.06628614e-03 1.09292805e-01 1.67753082e-02 -2.77503636e-02 3.98224927e-02
4.32395399e-01 -2.21237168e-01 7.36175537e-01 5.38682580e-01 -3.90603989e-01 -1.51329190e-01 -7.39148676e-01 -9.34636146e-02 -2.22998276e-01 -7.63347507e-01 -8.01970586e-02 9.19727027e-01 4.91639912e-01 -4.12559986e-01 8.20281804e-01 3.71181101e-01 -1.18568704e-01 -4.09958422e-01 4.35341448e-01 4.18270707e-01 -3.47538859e-01 1.17344342e-01 5.97520471e-01 1.79708421e-01 1.61207482e-01 -3.64767194e-01 9.78910625e-02 2.31708258e-01 -7.37353414e-02 -6.70552775e-02 9.12147611e-02 3.69858921e-01
2.42837399e-01 -1.28669530e-01 4.98925447e-02 1.62900805e-01 2.34573949e-02 1.65173173e-01 9.35570955e-01 5.55949956e-02 5.06564736e-01 2.69980580e-01 3.44428629e-01 3.55916202e-01 -4.11943763e-01 -5.22564352e-01 1.31729797e-01 -1.06027973e+00 -6.25369921e-02 -7.63661921e-01 -6.38031065e-02 -4.56958294e-01 -5.12073219e-01 -6.02930272e-03 2.71420300e-01 -1.30298818e-02 8.59122723e-02 -4.38543975e-01 -6.93059862e-01 4.49667126e-01 -1.20638072e-01 -1.73916966e-01 2.71212012e-01 -8.70968699e-02
4.32582088e-02 -1.29117370e-02 -2.59647667e-01 3.85346174e-01 -7.17273280e-02 3.97374183e-01 4.24792051e-01 -2.41951153e-01 -3.44534695e-01 3.68451566e-01 -2.36761756e-03 1.15737490e-01 4.58040476e-01 5.71511209e-01 -1.47575364e-01 -6.50098145e-01 5.53314805e-01 -2.83501357e-01 9.47048515e-03 -2.42826134e-01 -3.81776154e-01 6.43955395e-02 -3.24483871e-01 1.81289241e-01 -3.77761543e-01 -9.16781053e-02 -7.64388293e-02 -3.95721644e-01 6.86250478e-02 -1.40607178e-01 1.84429884e-02 -2.88468927e-01
7.44594634e-01 -3.67174372e-02 -2.41378009e-01 2.02705324e-01 4.81466278e-02 -4.95133370e-01 -6.91527203e-02 2.87316531e-01 3.71116847e-01 -2.66178370e+00 1.45970717e-01 1.39900848e-01 3.45389485e-01 -1.62221920e+00 1.12349831e-01 2.65481025e-01 1.05960593e-01 1.80010378e-01 -1.83743358e-01 -4.28804792e-02 4.94884312e-01 -2.32734263e-01 -3.45882177e-01 -2.51091253e-02 -3.53442937e-01 -2.28588328e-01 -2.13583857e-02 -1.71278343e-01 2.47294039e-01 1.40740842e-01 -3.86739194e-01 -1.84854478e-01
-9.35315728e-01 1.80635348e-01 -8.03251714e-02 9.48001370e-02 1.98063001e-01 -3.51766735e-01 1.05788648e+00 7.87083209e-02 -1.16450441e+00 7.00172126e-01 -7.69772649e-01 7.68811777e-02 2.06803650e-01 4.36021984e-02 -7.40374565e-01 1.37256253e+00 6.33541465e-01 9.14437413e-01 -5.89595616e-01 4.39403094e-02 -3.17567259e-01 4.46115613e-01 5.48258007e-01 9.28864181e-01 -4.43087101e-01 5.52965105e-01 -6.47153318e-01 3.00924271e-01 9.30506229e-01 -4.80981618e-01 7.53331035e-02 1.18837459e-03
-5.74513137e-01 5.87984085e-01 -1.32703269e-02 -1.74622312e-01 5.21015942e-01 1.83394134e-01 2.64252033e-02 5.38450003e-01 -3.20018977e-01 5.27406275e-01 3.33559066e-02 -1.18319996e-01 2.46823415e-01 2.39900559e-01 -5.27885377e-01 -2.23810360e-01 -1.33467898e-01 -8.92836228e-02 3.72902215e-01 -3.67012382e-01 2.27571987e-02 -2.42401779e-01 2.50758119e-02 -5.42815983e-01 1.40894726e-01 -1.77250847e-01 -5.97559750e-01 -5.27741909e-01 2.01908156e-01 -3.97355825e-01 -2.01829940e-01 -3.15581173e-01
-1.43460676e-01 2.14432463e-01 4.40660745e-01 3.74874324e-01 -2.04216704e-01 -2.90373117e-01 -1.50828347e-01 -1.88812166e-02 3.01431924e-01 -4.50257689e-01 -5.65866947e-01 -9.54815745e-02 -2.85267889e-01 -3.41783881e-01 6.69254139e-02 6.98422670e-01 -8.96760821e-02 2.77926505e-01 2.99075752e-01 2.04878211e-01 1.19271860e-01 -7.59635091e-01 1.67501733e-01 9.27097723e-02 3.00407231e-01 1.48802906e-01 2.61764992e-02 -6.38943732e-01 -2.66784698e-01 -9.98366401e-02 8.77074525e-02 -2.57730007e-01
-7.20286310e-01 5.02591968e-01 -5.38917661e-01 -1.04461086e+00 -3.39985281e-01 -2.80901581e-01 -3.54836076e-01 3.69478643e-01 1.54392868e-01 4.57871318e-01 -8.90811831e-02 2.21530661e-01 2.07893968e-01 2.66418934e-01 -5.25293909e-02 9.28301334e-01 7.23900080e-01 1.02871752e+00 -4.14956987e-01 1.12466417e-01 4.76611346e-01 -7.12797523e-01 -7.02558398e-01 3.77348810e-01 -2.52222031e-01 -4.23340887e-01 2.47478992e-01 3.34750205e-01 4.71238226e-01 -8.48644674e-01 1.80731043e-01 -1.40881523e-01
1.62772670e-01 -5.38948119e-01 -3.66317630e-02 -1.31747261e-01 -6.46020591e-01 5.11926711e-01 5.79785705e-02 -4.51263726e-01 5.70283413e-01 9.00625944e-01 -2.46868074e-01 1.37732044e-01 5.67718387e-01 4.05154049e-01 1.63121708e-02 -1.05515468e+00 -4.36399311e-01 -1.15409470e+00 6.72707260e-02 2.28806809e-01 2.00169235e-01 3.77793521e-01 1.65030584e-01 1.48573980e-01 2.32324183e-01 1.15317561e-01 -4.26747501e-01 -1.90344810e-01 -2.84519136e-01 -3.54542285e-01 3.76394421e-01 3.30354899e-01
-2.04634722e-02 -9.24901247e-01 3.26338410e-01 1.62411380e+00 1.57304242e-01 6.23641461e-02 -1.73071235e-01 -2.95074016e-01 -1.74164087e-01 1.88593358e-01 1.12927103e+00 -1.03758442e+00 -1.14057648e+00 -4.23891693e-01 1.56536400e-01 -1.58848733e-01 -1.16744554e+00 5.75278103e-01 6.57508433e-01 -6.89528286e-01 8.61623108e-01 1.51869327e-01 -1.48217380e-02 1.59602556e-02 -2.35519800e-02 -5.40964603e-01 2.45046869e-01 1.48126781e-02 -9.18664634e-01 1.30213165e+00 -6.55675113e-01 9.67173371e-03
-7.10835099e-01 -9.44901705e-02 3.46969008e-01 2.91244704e-02 -1.30475685e-01 1.49520442e-01 1.71250284e-01 1.05455816e-01 -3.29535991e-01 -2.71415383e-01 -1.02408087e+00 3.44362438e-01 5.50437987e-01 1.62890814e-02 8.74582827e-02 -2.63353765e-01 4.50635701e-01 -1.55564114e-01 -1.36151344e-01 -2.49716848e-01 -6.41464174e-01 2.33002201e-01 -4.13724780e-02 -7.95792937e-01 3.33782285e-01 6.66312158e-01 -2.22134694e-01 -6.84122890e-02 -2.71147907e-01 -3.28270316e-01 -2.92583436e-01 -1.72700226e-01
-2.85856783e-01 -3.52014303e-01 -1.28730506e-01 -1.63134739e-01 -2.36386865e-01 -1.76002663e-02 2.44332954e-01 2.75432259e-01 -6.56807482e-01 1.45930552e+00 -1.61881700e-01 -9.56617072e-02 -4.92146552e-01 5.09755611e-01 -9.88278985e-02 1.21084219e-02 2.57704929e-02 1.17595643e-01 -4.75955345e-02 -1.77776471e-01 2.18703896e-01 1.66992515e-01 4.32457417e-01 2.76371390e-02 1.83315221e-02 -5.10444045e-02 -2.00980440e-01 2.03912035e-01 2.54816294e-01 2.99886674e-01 3.94571155e-01 1.36433274e-01
-4.08699960e-02 -2.88956434e-01 -1.13909822e-02 -1.10509507e-01 -3.50817353e-01 4.28288400e-01 -2.26937950e-01 -4.34891224e-01 1.50247544e-01 -4.32723761e-01 1.80434082e-02 4.45070416e-01 2.09017038e-01 3.70555460e-01 2.60043591e-01 -6.05970800e-01 -3.93074840e-01 -1.28018534e+00 -3.49021852e-02 -2.96057075e-01 -1.70056611e-01 8.65419328e-01 4.09009576e-01 6.17807269e-01 -5.15639484e-01 1.41792312e-01 1.22351646e-01 -1.81706905e-01 -3.97300690e-01 -2.74310172e-01 -1.35417774e-01 -2.97940169e-02
4.11852822e-02 -5.62021211e-02 1.46531463e-01 -9.18870717e-02 2.39506736e-01 -1.16455115e-01 3.52648944e-02 -3.44078809e-01 -1.78505510e-01 3.42091680e-01 1.51916191e-01 1.69880599e-01 7.70810470e-02 -2.86940247e-01 -6.95855245e-02 -2.60699600e-01 5.20397797e-02 1.71879768e-01 -1.44153982e-01 -5.35785973e-01 1.56406581e-01 -1.60208583e-01 -1.29337266e-01 -6.15678281e-02 1.59695651e-03 2.11603880e-01 -6.34031445e-02 -4.19379910e-03 1.10799588e-01 7.14923963e-02 -2.10491177e-02 -8.92275479e-03
2.23518208e-01 -5.03868580e-01 -2.92251766e-01 7.65982926e-01 -2.23735631e-01 -6.18875384e-01 2.03017905e-01 -1.86854824e-01 -2.82423068e-02 2.70677447e+00 -5.60329616e-01 9.86932933e-01 6.47609353e-01 8.11281145e-01 6.84399903e-01 1.45689160e-01 6.98477104e-02 1.71796814e-01 6.97833836e-01 3.83320063e-01 1.43767804e-01 1.36014879e-01 -3.53255957e-01 1.05939651e+00 -1.10069811e-01 1.28087074e-01 -3.00363392e-01 3.74571681e-01 -3.09125462e-04 3.14447433e-02 4.47392970e-01 8.42822939e-02
-1.16002291e-01 1.75299600e-01 1.24955654e-01 7.44844154e-02 3.86888050e-02 -4.63337637e-02 -1.06369029e-03 1.22668020e-01 1.31827034e-03 -2.65231989e-02 1.59041524e-01 8.79381597e-02 9.10627544e-02 -1.52221583e-02 1.59653783e-01 2.06485242e-01 1.82688814e-02 -1.27299294e-01 -3.99195589e-02 8.23859796e-02 -1.69183046e-01 -4.09177840e-02 -3.15650664e-02 1.85947698e-02 -4.65117991e-01 -2.24095747e-01 4.75056767e-02 -1.13097459e-01 -5.96777759e-02 -5.43551520e-02 -3.27104609e-03 -4.59070116e-01
-7.65463896e-03 -7.56263509e-02 -5.55547662e-02 2.75343712e-02 -2.14869067e-01 2.88809147e-02 -2.16298532e-02 1.67548716e-01 5.56796640e-02 -4.32253294e-02 -1.41661465e-02 -2.28321776e-02 -6.76698014e-02 1.71893574e-02 -5.89059331e-02 2.25140989e-01 -1.08480394e-01 -1.31666929e-01 7.94801861e-03 3.29014093e-01 -2.46887743e-01 -9.95844975e-02 5.26550459e-04 -7.91367702e-03 1.11577818e-02 -9.61488187e-02 -6.06093444e-02 -6.15844987e-02 -6.32035956e-02 5.61112873e-02 2.31343657e-02 -2.44560884e-03
8.05977464e-01 -2.50775397e-01 3.99872214e-01 2.92056799e-01 -4.99607712e-01 1.07837254e-02 -4.33661282e-01 7.67577365e-02 7.48217463e-01 1.48614526e-01 -2.24786639e-01 9.06664208e-02 1.04453355e-01 2.68631607e-01 7.30438411e-01 -6.83824837e-01 -4.26724225e-01 -8.70480657e-01 3.49789590e-01 -2.38166600e-01 -7.62032568e-01 2.73451656e-01 -1.65471479e-01 1.63570747e-01 7.28901088e-01 1.35160079e-02 1.73588231e-01 -1.18047200e-01 -4.53822047e-01 1.79574385e-01 1.28479600e-01 1.94116354e-01
1.59641966e-01 -4.10299927e-01 -2.59261161e-01 4.04872805e-01 1.35533899e-01 -6.08941138e-01 7.61232749e-02 -1.09562036e-02 3.47615540e-01 -2.41946086e-01 -2.39873797e-01 4.55008447e-01 3.54694217e-01 -2.73884743e-01 2.53923059e-01 -6.48184359e-01 -3.27523768e-01 -9.25497055e-01 5.31078935e-01 -4.00776207e-01 -2.61539072e-01 -5.18976301e-02 3.28762054e-01 6.50786221e-01 -1.75459087e-01 -3.25551808e-01 4.38484132e-01 -1.86511166e-02 -1.47396535e-01 -4.23542738e-01 5.00790998e-02 2.72394001e-01
-5.64750619e-02 -4.61096950e-02 8.50692093e-01 1.70028716e-01 -1.66980731e+00 -1.89492315e-01 2.44556904e-01 -2.54455686e-01 9.86950278e-01 9.70860422e-01 -4.27966081e-02 -5.30785501e-01 -6.14389814e-02 7.72085369e-01 6.17016740e-02 -3.96723533e+00 -3.10358405e-01 -3.89456201e+00 3.38621199e-01 -5.32120913e-02 -6.69207811e-01 6.50684118e-01 2.58301884e-01 2.30588436e-01 -2.60698739e-02 1.86860859e-02 4.02063191e-01 1.44558474e-01 -3.40453595e-01 -7.09506989e-01 -2.95673847e-01 4.82473880e-01
-1.84104145e-01 -2.45832101e-01 -2.63090730e-01 -2.75867403e-01 -2.71192461e-01 5.64518332e-01 1.57031938e-01 -1.03298634e-01 -9.68318582e-02 3.77711803e-01 -1.89249888e-01 1.58805221e-01 5.25719896e-02 -2.47213677e-01 -1.22855589e-01 -5.20428598e-01 2.98933893e-01 -6.27698183e-01 -2.99759150e-01 1.55867022e-02 -3.34482789e-01 3.80335987e-01 -1.22934870e-01 3.70243400e-01 3.54643852e-01 -5.22131741e-01 4.87433523e-01 7.64363855e-02 6.79693148e-02 1.38062701e-01 -6.30694479e-02 4.08455655e-02
4.11018312e-01 6.49856269e-01 6.48622751e-01 -3.76826167e-01 2.15492949e-01 1.98891670e-01 1.36465311e-01 -1.16610408e-01 -7.81843424e-01 9.89917517e-01 -2.53437847e-01 -2.75599390e-01 -4.62904513e-01 1.13806450e+00 1.92615673e-01 1.14096738e-01 -2.19393638e-03 -8.83586049e-01 2.71186799e-01 -3.09876770e-01 1.06959619e-01 6.74029231e-01 -7.59835839e-02 -3.72796506e-01 6.79584980e-01 -7.89905965e-01 5.15121281e-01 -1.25690848e-01 -2.80264288e-01 -5.74686170e-01 -3.37464996e-02 -4.91444141e-01
-3.94649655e-02 -3.49348098e-01 2.48090029e-01 -2.28470743e-01 -2.88163781e-01 1.28556177e-01 2.14452609e-01 -2.35239461e-01 -5.62967896e-01 -3.11114639e-01 -1.64384589e-01 7.46346340e-02 -4.36231680e-02 5.36058307e-01 4.90157396e-01 3.47890258e-01 2.96890765e-01 -4.94340122e-01 5.49514219e-03 2.01284021e-01 -2.77963430e-01 3.60490531e-01 -3.71983916e-01 1.10977106e-01 -5.89330532e-02 -2.09157363e-01 3.54469597e-01 7.59186327e-01 -3.69312286e-01 -5.15203357e-01 2.91576087e-01 3.38406116e-01
-1.26632082e+00 1.17760099e-01 1.60455123e-01 -1.32804143e+00 -1.71780646e-01 -7.99483284e-02 2.02196583e-01 5.39161205e-01 1.10901490e-01 4.07822877e-01 -1.00338864e+00 7.51727223e-01 1.09900498e+00 3.81633878e-01 -6.59637392e-01 3.03324163e-01 5.66085100e-01 -4.22878742e-01 -2.93892920e-01 1.03748214e+00 -5.50821424e-01 -2.83908308e-01 -3.50519866e-01 -7.16091022e-02 6.16983414e-01 9.99731660e-01 8.39709222e-01 6.27064228e-01 5.20063221e-01 -1.04853141e+00 1.56642020e-01 1.95892423e-01
-1.03130527e-01 9.01438147e-02 3.03242505e-01 -4.68243957e-02 3.32310170e-01 -9.87603739e-02 -9.09480266e-03 2.98958458e-02 -4.97600175e-02 1.86076000e-01 2.89661102e-02 1.34706674e-02 -1.13002565e-02 -1.00854106e-01 7.52882436e-02 -1.41286403e-01 9.03255492e-02 7.03069270e-02 1.42700225e-02 -4.16190743e-01 1.44977704e-01 -1.06477551e-01 2.20486559e-02 -1.30507676e-02 1.51336253e-01 -1.60109941e-02 7.42162019e-02 1.39615297e-01 4.04902846e-02 -8.86259750e-02 -3.27093191e-02 5.03357351e-02
3.78245264e-02 4.37537670e-01 2.16960087e-01 -8.27526525e-02 2.76653469e-01 -4.26071100e-02 6.04567945e-01 2.28429273e-01 2.27180570e-01 -1.32139087e+00 -3.08206558e-01 4.94283527e-01 6.18154585e-01 -5.26783347e-01 -6.36225998e-01 -3.18597883e-01 8.05228651e-01 -2.13955611e-01 9.43944752e-02 -4.26440597e-01 7.62994528e-01 -3.45326602e-01 -1.63614601e-01 -1.24352813e+00 -3.83020073e-01 4.60325062e-01 -9.51278508e-01 -6.82088017e-01 1.66023508e-01 -8.67873281e-02 -1.13766007e-01 7.65846670e-02
5.99191129e-01 -3.01391900e-01 -2.83190310e-01 4.29330111e-01 -5.61203808e-02 -5.79569489e-02 -6.70379773e-02 -1.17533840e-01 4.89086241e-01 -9.53553095e-02 -1.30387902e-01 -3.72930318e-02 7.70747542e-01 -3.48373950e-01 3.46691817e-01 -3.06496978e-01 -1.73394177e-02 -5.08305371e-01 1.84314206e-01 -6.42458498e-02 -3.53210151e-01 1.33463562e-01 1.47826940e-01 1.46227732e-01 -4.95477393e-02 -1.99653983e-01 7.83955872e-01 5.06454766e-01 -3.53053212e-01 3.26120108e-01 1.79835543e-01 3.11825186e-01
-2.03129649e-01 3.11513901e-01 -1.70559198e-01 -5.56581095e-02 -5.60528278e-01 -2.18023553e-01 9.25437883e-02 4.49289978e-01 -6.17115833e-02 -5.47372937e-01 -2.06261143e-01 3.16418782e-02 -3.34528059e-01 1.92111582e-01 2.89664567e-01 -1.96533382e-01 -1.03272989e-01 2.26323992e-01 4.42380644e-02 3.70592475e-01 -2.51190841e-01 -5.69804832e-02 -3.40986140e-02 -5.10654785e-02 -1.05775110e-01 -9.99083668e-02 2.64199972e-01 -2.68722296e-01 8.73519704e-02 -1.75900152e-03 7.04053640e-02 1.61109239e-01
4.10879292e-02 -5.08047640e-01 -8.76916051e-02 -1.21348366e-01 -1.06954888e-01 -1.46537200e-01 -4.80394438e-02 -1.49168298e-01 -3.49123925e-01 4.72622603e-01 -2.66008805e-02 9.17908475e-02 3.70706201e-01 3.12402606e-01 -1.67871103e-01 -6.86550081e-01 -1.78102940e-01 -1.55928284e-01 -1.85402911e-02 6.87829256e-02 7.83764273e-02 -2.30601076e-02 5.56172490e-01 4.10832167e-02 -3.78090203e-01 2.44943291e-01 3.23309213e-01 1.03490561e-01 -4.96107489e-02 1.09481826e-01 -5.01925498e-02 -2.15553328e-01
9.04467642e-01 -1.91771969e-01 -5.50836980e-01 1.19531803e-01 3.30304146e-01 2.23805219e-01 6.12426043e-01 2.63166457e-01 -4.87270623e-01 -8.06170106e-01 -9.22320247e-01 1.43684614e+00 1.67604446e-01 -8.36774170e-01 4.51573014e-01 1.47808647e+00 -3.07836145e-01 8.06283534e-01 -2.83543378e-01 9.24459100e-02 -1.37947381e+00 -3.19175661e-01 -6.63881421e-01 -2.64312029e-01 -3.07377577e-01 9.03217420e-02 1.69453800e-01 4.55737382e-01 4.33630943e-02 -6.62327232e-03 4.52934988e-02 3.54299366e-01
-8.71760994e-02 9.14191008e-02 -1.05339253e+00 4.64426493e-03 4.98377740e-01 3.04694504e-01 -4.84017804e-02 -3.73717919e-02 2.16768049e-02 4.18111950e-01 -3.28011245e-01 -1.28147042e+00 3.04270476e-01 1.46344066e-01 -4.05797541e-01 9.86735046e-01 -1.29588157e-01 1.70226896e+00 -3.77290934e-01 5.03464676e-02 2.47737736e-01 -2.07159773e-01 -4.33634631e-02 7.68651009e-01 -3.32102507e-01 7.02462137e-01 -2.16140430e-02 -2.26762578e-01 3.64904292e-02 1.98993564e-01 6.86707854e-01 -2.12045982e-02
-8.91294330e-03 4.38873976e-01 -1.75601408e-01 -6.41836464e-01 -6.00012094e-02 7.34706461e-01 3.23020905e-01 8.12825143e-01 3.18488210e-01 2.95653969e-01 9.22955751e-01 -2.26752281e-01 1.09756805e-01 2.36079469e-01 -6.58692187e-03 -7.18509376e-01 3.57817113e-01 -5.58871813e-02 -3.35745573e-01 -5.00506699e-01 -8.94232616e-02 -2.22428918e-01 2.64858305e-01 1.31219715e-01 -2.40854084e-01 1.96011826e-01 1.06359292e-02 1.66892260e-02 -5.44326425e-01 2.24444225e-01 -1.68667957e-01 1.22884959e-01
6.53049573e-02 2.15052515e-02 -1.31963193e-01 2.11442076e-03 -5.46960011e-02 6.19388036e-02 2.12254394e-02 8.46614093e-02 -1.53523600e-02 -6.64140135e-02 -5.94322495e-02 -3.76030833e-01 2.51609683e-01 2.20673993e-01 3.74407624e-03 9.68635306e-02 7.49558806e-02 -6.50709867e-02 1.02500059e-01 2.36918315e-01 1.14495441e-01 2.78306544e-01 1.79962907e-02 2.64821827e-01 -1.19656958e-01 -2.79035926e-01 -1.84423551e-01 -1.57632127e-01 -2.85384297e-01 -1.50645435e-01 5.14010573e-03 -2.68765062e-01
4.21196431e-01 5.57062365e-02 5.63457549e-01 3.96577567e-01 2.94936568e-01 4.04267341e-01 9.66279149e-01 -3.62513840e-01 7.57701397e-01 -6.58803210e-02 -6.09333813e-01 1.65701419e-01 -5.20841241e-01 -3.25560063e-01 -5.49098365e-02 2.00218961e-01 -5.66977262e-01 -5.35904408e-01 2.94132769e-01 -7.19258562e-03 -1.07908174e-01 5.79800129e-01 1.97562203e-01 6.43242180e-01 3.37136388e-02 -1.34149984e-01 -2.31287286e-01 1.79333121e-01 1.79433301e-01 4.14624333e-01 -1.69940323e-01 3.18223820e-03
-2.35264972e-01 -5.50999701e-01 1.45211816e+00 7.97301754e-02 -7.50967264e-01 -2.07655981e-01 -1.12184119e+00 -9.83222842e-01 2.24571720e-01 1.05165362e+00 -1.96411107e-02 -4.02488887e-01 -2.85850078e-01 1.10651791e+00 6.13297999e-01 -1.66243577e+00 1.29899174e-01 -2.51910853e+00 1.78716028e+00 8.32394063e-01 -6.09480202e-01 1.67558742e+00 -4.53202069e-01 2.49930948e-01 4.42497998e-01 -6.77157581e-01 -2.57566065e-01 3.73220533e-01 1.96213588e-01 2.72079948e-02 8.18801284e-01 3.30660567e-02
8.00250447e-04 -1.83208846e-02 5.85836172e-02 4.39173989e-02 3.95566136e-01 8.33304226e-03 -1.02639077e-02 2.54415143e-02 4.72402237e-02 -1.10818380e-02 -2.33539250e-02 -6.49982169e-02 1.02638468e-01 -1.38841653e-02 5.17881336e-03 -5.56310043e-02 1.32675320e-02 -5.39374463e-02 -8.34064558e-02 8.02298263e-02 1.22501925e-01 5.63572645e-02 -8.60590674e-03 1.64778046e-02 -1.46299616e-01 -1.46388575e-01 1.81120057e-02 3.91248971e-01 -4.49316725e-02 -5.71548305e-02 7.39442790e-03 -2.39253685e-01
-4.12465990e-01 1.26364663e-01 -1.24262385e-01 -7.81632587e-02 -2.22725376e-01 2.47261208e-02 -2.75887787e-01 7.14854360e-01 -8.92268901e-04 -1.00664765e-01 -1.65235579e-01 6.33184493e-01 5.06948054e-01 1.58405825e-01 1.91823557e-01 8.57287273e-02 -7.99733996e-02 6.96231201e-02 -1.83687165e-01 -3.42404150e-04 -7.67940804e-02 -6.13443136e-01 -1.26205415e-01 -2.21941382e-01 -3.24020654e-01 -1.66534588e-01 -6.17536306e-01 3.60011458e-01 -2.41336972e-01 -2.55649090e-01 -1.74390152e-01 5.02225041e-01
-9.53049734e-02 -2.26978257e-01 5.72604120e-01 2.48371109e-01 -5.12986541e-01 3.25431228e-01 4.14511144e-01 -5.46659768e-01 3.46798569e-01 4.10759807e-01 -1.14493303e-01 4.34750766e-01 -7.57878572e-02 1.95099160e-01 2.04709455e-01 -1.84829712e+00 9.78688374e-02 -8.11094105e-01 -8.66753086e-02 1.71664849e-01 -4.27404530e-02 1.96062520e-01 3.17573071e-01 1.73384860e-01 -1.60210237e-01 -5.11392534e-01 -8.91536325e-02 -2.29191974e-01 -3.44711989e-01 -4.95489448e-01 5.97514749e-01 -3.80860895e-01
-1.93933293e-01 2.06155069e-02 -1.98372945e-01 1.53297246e-01 -5.03934361e-02 -1.89145319e-02 2.98839122e-01 -1.80890769e-01 -6.03823364e-01 1.62432718e+00 -3.71203750e-01 -6.29735067e-02 -2.76197255e-01 1.30801082e+00 -2.48691186e-01 5.43834828e-02 2.34777760e-02 3.26442793e-02 -1.51839226e-01 -2.98220456e-01 2.37723514e-02 1.83522418e-01 8.84627458e-03 -1.62352279e-01 -1.29440099e-01 7.22959638e-02 4.30136293e-01 4.49072748e-01 2.13188440e-01 -4.63021338e-01 3.67496818e-01 -1.08536139e-01
-5.37260249e-02 -2.46423349e-01 5.33106506e-01 5.65679908e-01 6.90859407e-02 -4.01610672e-01 -1.14821422e+00 3.37965190e-02 2.70443738e-01 3.98846298e-01 1.77697793e-01 -1.51532054e-01 2.65916716e-02 1.30281642e-01 -2.27178648e-01 7.93084204e-01 -5.40799387e-02 4.22533691e-01 -5.85512742e-02 -3.79260868e-01 8.98332059e-01 2.93901652e-01 3.33586186e-01 -5.26793242e-01 5.66240028e-03 -5.17422967e-02 -1.17312983e-01 1.35987818e-01 -1.97611332e-01 4.20218647e-01 -1.86530367e-01 -2.52078265e-01
9.99412358e-01 -4.23763067e-01 5.04398346e-01 1.01229155e+00 -3.61787707e-01 2.24308863e-01 -9.97875273e-01 -6.51334345e-01 7.51244605e-01 -1.06676316e+00 -2.21468791e-01 6.39031112e-01 -1.27553344e+00 -2.66577810e-01 7.48806119e-01 -5.74947953e-01 -1.37254894e-01 -1.37850553e-01 6.74615026e-01 7.04610825e-01 3.90028656e-01 -4.79857206e-01 -2.05431271e+00 -4.73465860e-01 6.28494084e-01 5.14800370e-01 -7.75764763e-01 -4.64411795e-01 -9.84189659e-02 1.29257286e+00 -8.42873693e-01 -1.73781425e-01
-2.62041315e-02 1.69931799e-01 -5.54130152e-02 -5.09184860e-02 -1.66590571e-01 -1.98048372e-02 1.60260461e-02 -3.65067907e-02 -5.01603000e-02 -3.18949446e-02 3.94418761e-02 9.81291234e-02 8.90525803e-02 -3.17051969e-02 1.68463990e-01 -1.63639441e-01 1.11274675e-01 1.63805619e-01 -2.43358370e-02 -2.76741415e-01 1.28524259e-01 2.89819930e-02 -1.85792486e-03 -1.10315224e-02 -3.15047532e-01 -3.58933806e-02 1.80345681e-02 -5.47221191e-02 -1.01829721e-02 -1.18349828e-02 -1.32797090e-02 -2.16486022e-01
1.68056842e-02 2.92273521e-01 1.64143908e+00 4.97520477e-01 -1.40363920e+00 2.35291019e-01 -2.65875667e-01 -5.34766316e-01 8.83606613e-01 5.80244780e-01 2.16786578e-01 -4.16134775e-01 -9.34565187e-01 8.43993604e-01 8.69918913e-02 -4.28113413e+00 -2.48665303e-01 -4.88879347e+00 3.10663104e-01 3.65421288e-02 -1.15872443e+00 9.89816129e-01 4.30430621e-01 1.90135702e-01 2.29623780e-01 -1.92995161e-01 -4.79896992e-01 6.48895502e-01 -1.63879037e-01 3.98382246e-02 -1.00958645e-01 3.09445569e-03
-8.76315057e-01 1.91669434e-01 1.43863320e-01 -7.28082836e-01 -8.30252692e-02 -1.66448638e-01 -2.09412321e-01 4.77250695e-01 -1.00513557e-02 6.11522049e-02 1.29778132e-01 -3.13173890e-01 4.16203618e-01 4.59645450e-01 -4.03411895e-01 -2.82149881e-01 2.21506625e-01 -1.88805565e-01 -3.01368386e-01 1.71244830e-01 9.43713561e-02 7.03535974e-01 1.95104316e-01 -2.65329212e-01 -8.13549981e-02 2.85064518e-01 -7.00074673e-01 7.32351989e-02 1.21314153e-01 -5.46459913e-01 -1.45617574e-01 -7.80409932e-01

layers.2.bias:
-1.33169627e+00
-8.00790787e-01
6.41220927e-01
-6.78128302e-01
1.58165708e-01
-5.47184467e-01
2.44698122e-01
2.16840076e+00
5.95767975e-01
8.44917297e-01
-1.01581073e+00
-1.32005358e+00
-1.86433166e-01
9.20895696e-01
-3.29832882e-01
-6.97723567e-01
-6.44315258e-02
-7.90240467e-01
3.87208939e-01
-8.86218622e-02
-3.24319929e-01
7.78439581e-01
8.14193428e-01
-1.54651389e-01
-3.48638833e-01
1.01208508e+00
-9.95808542e-01
-1.02179003e+00
5.35054266e-01
-1.10512090e+00
1.26888558e-01
-5.59011698e-02
8.45295787e-01
1.13968126e-01
-2.52750814e-01
-2.60018278e-02
-1.38321981e-01
1.40737510e+00
1.04972982e+00
-2.71235257e-01
9.72868800e-01
-2.47190595e-01
-5.22313476e-01
1.36553013e+00
2.52213836e-01
-8.29241872e-01
1.07999587e+00
-3.37224364e-01
8.04202020e-01
1.66250479e+00
2.55355805e-01
3.43006790e-01
1.06253304e-01
-6.24970496e-01
2.59401321e-01
-2.88365483e-02
7.85887718e-01
-1.19480796e-01
-4.99951318e-02
-6.16444886e-01
5.84863365e-01
6.86113462e-02
-3.76842827e-01
6.92684472e-01

layers.4.weight:
2.98911065e-01 1.69835892e-02 -5.00712767e-02 1.17291454e-02 -9.69947316e-03 7.83886686e-02 2.71532335e-04 -7.15863168e-01 -1.40373141e-01 -3.97126257e-01 1.86296254e-02 9.39031601e-01 -2.13783669e+00 -1.10332400e-01 6.77254284e-03 -1.48743343e+00 -1.79691910e-04 7.07891956e-02 5.33932634e-02 -6.85686173e-05 -1.44042249e-03 -1.08267680e-01 -2.50216611e-02 2.72615135e-01 -5.62792793e-02 -4.61499095e-02 4.35805582e-02 7.46187150e-01 -3.87410074e-01 3.90458345e-01 -1.62727740e-02 -1.60647541e-01 -5.26448190e-02 4.95597953e-04 1.43661629e-02 1.06720130e-04 -1.13677794e-04 -1.74172014e-01 -1.78939421e-02 4.96374518e-01 -2.43683569e-02 2.69641995e-01 1.99522153e-02 -1.27427891e-01 1.27192528e-04 1.26862064e-01 -4.78448952e-03 -1.53131594e-04 -6.19696379e-02 -6.71352506e-01 -1.22816622e-01 -5.03874058e-03 2.06437926e-05 -1.01549097e-03 -9.34593439e-01 -3.86959946e-05 2.31633803e-05 -2.56970853e-01 -8.34827125e-02 2.75961105e-02 -4.75938134e-02 3.03595789e-05 1.11572218e+00 -2.14337725e-02

layers.4.bias:
-1.09681690e+00

