layers.0.weight:
3.31696361e-01 -5.67613244e-01 7.97264636e-01
5.69172144e-01 -8.09445798e-01 -5.80563486e-01
-8.31293464e-02 -6.13938749e-01 -5.77727258e-01
-1.07055378e+00 1.15616508e-01 4.58123112e+00
2.67282110e-02 4.11940843e-01 1.16166264e-01
-5.79876065e-01 8.58121514e-01 -1.84879377e-01
-1.31842160e+00 4.86020595e-01 -9.88645032e-02
-6.01682402e-02 7.88846374e-01 -9.23566997e-01
6.03414774e-01 -9.26082134e-01 5.12713566e-02
-1.11527514e+00 5.86289167e-02 -1.64189592e-01
7.53551662e-01 -9.85680073e-02 1.41279221e+00
-7.16238439e-01 -1.31785080e-01 -1.29353356e+00
-4.30584475e-02 7.12955832e-01 -1.57757306e+00
-1.16726887e+00 2.10410804e-02 5.00053525e-01
-6.46977663e-01 1.09646142e+00 7.52028525e-01
-1.81771189e-01 9.48456824e-01 1.64468549e-02
5.46070874e-01 -6.33792400e-01 -1.45019031e+00
-1.15504665e-02 1.12846863e+00 1.84981868e-01
8.07071701e-02 -9.54183042e-01 5.35116851e-01
3.41117471e-01 -1.28724232e-01 -8.64976227e-01
2.23475501e-01 1.65966094e-01 -5.10879010e-02
-3.24195027e-01 -2.56797969e-01 -1.00232065e+00
-4.64660525e-01 1.65601885e+00 -4.46076952e-02
-1.56447518e+00 4.06930357e-01 1.75152493e+00
1.05132234e+00 3.79940838e-01 -7.78481364e-01
2.59609371e-01 6.71772659e-01 -1.17486012e+00
-1.16151750e-01 -2.13369340e-01 1.90187418e+00
-3.97779703e-01 -2.44972542e-01 1.92939892e-01
3.22416067e-01 7.57217348e-01 -1.46468067e+00
-1.04933763e-02 4.65525806e-01 1.70563948e+00
-2.89658904e+00 2.84448242e+00 -1.78299040e-01
-1.26738083e+00 -5.19488692e-01 1.02004325e+00

layers.0.bias:
8.77201200e-01
4.81547834e-03
-1.42384720e+00
-6.34384930e-01
7.07518518e-01
-2.04255387e-01
-3.54310095e-01
2.86240637e-01
-7.45998621e-01
-1.59115899e+00
1.64644122e-01
1.80825554e-02
2.46107668e-01
-1.21306002e+00
-2.90836543e-01
1.43946290e+00
9.34610724e-01
1.82654703e+00
-6.68276668e-01
5.78918040e-01
-1.44309163e-01
-1.35729384e+00
1.02535832e+00
-7.05530941e-02
1.36946186e-01
5.60703695e-01
8.80503118e-01
-1.57881156e-01
-4.88352716e-01
7.31267482e-02
8.91685039e-02
-6.70209900e-02

layers.2.weight:
-3.57836634e-01 2.14512199e-01 6.48002177e-02 -4.95117396e-01 1.77546889e-02 3.56757566e-02 1.16445310e-01 -4.30777296e-02 -1.37802526e-01 2.82913685e+00 7.39513189e-02 7.84774274e-02 -2.09902778e-01 2.42707539e+00 -1.85276523e-01 4.61774528e-01 -6.03530481e-02 6.53918445e-01 1.19910479e-01 -2.61892408e-01 2.28509709e-01 -6.60677552e-02 -5.39407790e-01 6.01133585e-01 -1.44267514e-01 6.26800954e-01 -7.99778223e-01 -1.15456834e-01 -1.94510445e-01 -2.28404447e-01 -7.16009438e-02 3.05415660e-01
-1.04702488e-01 1.66636661e-01 -8.54942143e-01 2.28850152e-02 -3.56279224e-01 1.61138475e-01 -7.55352139e-01 -4.32824373e-01 5.10828435e-01 6.69586182e-01 3.11665297e-01 -2.45204225e-01 2.91480958e-01 -8.89110714e-02 -2.97714174e-01 2.80099243e-01 -2.95838773e-01 3.74260217e-01 -4.77375239e-01 3.42269125e-03 6.81914210e-01 -1.10596322e-01 -4.04552728e-01 -1.19868398e-01 6.16311692e-02 -1.16776181e-02 -3.53876859e-01 -6.07041299e-01 1.17043868e-01 -2.50114948e-01 -4.24856469e-02 1.33925483e-01
-2.30645806e-01 2.05110442e-02 3.66903514e-01 -5.61653316e-01 -8.21629345e-01 1.90331653e-01 -1.05395630e-01 1.28795713e-01 2.88353294e-01 1.23533857e+00 -3.57872427e-01 -2.87335038e-01 -3.11540645e-02 3.80359888e-01 -1.00131594e-01 -8.73309255e-01 -4.07571822e-01 -7.39625454e-01 6.07369207e-02 1.75241187e-01 -2.78029323e-01 -2.14178339e-01 4.55006540e-01 -1.11282825e+00 -7.80748725e-01 2.10711911e-01 -9.77160335e-01 4.13896501e-01 1.34479105e-01 -1.84595406e-01 3.88714254e-01 8.28287244e-01
7.59544671e-02 -5.89870930e-01 -1.32725224e-01 1.24017155e+00 9.14934039e-01 5.55347741e-01 7.89523005e-01 -9.08006057e-02 -3.62994552e-01 5.07600233e-02 5.26441410e-02 4.65600379e-02 -4.58170116e-01 1.80393115e-01 1.04781282e+00 1.30463076e+00 -7.75407553e-01 8.36797535e-01 1.28094837e-01 -6.00819468e-01 -2.08422571e-01 -4.18247879e-01 5.61734259e-01 2.13303113e+00 1.79149702e-01 -3.84846628e-01 3.82951736e-01 -4.74252403e-01 -5.29804707e-01 -1.76572680e-01 1.00959376e-01 -2.52256870e-01
4.40893546e-02 -4.06688392e-01 3.25169861e-01 -5.03056943e-01 9.69048887e-02 -2.02743500e-01 -9.25022900e-01 2.43194893e-01 -1.13000922e-01 -4.10325289e-01 3.71069819e-01 -7.03758657e-01 8.69338512e-01 -8.09370816e-01 1.22942477e-02 -7.53739715e-01 -3.26878518e-01 -8.50544274e-01 -2.35221326e-01 -6.62572831e-02 8.96137118e-01 -4.90435451e-01 3.60768288e-01 -3.97156030e-01 -8.22435975e-01 7.08700836e-01 4.24829014e-02 -6.42211795e-01 -2.17360556e-01 5.68233013e-01 -9.88717899e-02 9.91310924e-02
-4.45911407e-01 1.98038131e-01 6.72827721e-01 1.50433913e-01 -1.10907745e+00 -1.84773311e-01 -1.18655019e-01 1.85403913e-01 3.51854712e-01 5.15790768e-02 6.76233351e-01 1.38447165e-01 -7.98834264e-02 6.09698184e-02 -2.02469409e-01 -1.41317499e+00 -3.73674929e-01 -1.86693156e+00 8.56699646e-01 -2.29837030e-01 -5.66850364e-01 1.09131262e-01 -4.74734813e-01 -1.81258693e-01 -3.86066973e-01 2.68808249e-02 1.48919687e-01 1.24985695e+00 -4.77510273e-01 -4.39446330e-01 -7.95019686e-01 7.66562283e-01
3.80653962e-02 1.38623407e-02 -2.10312590e-01 -1.07228635e-02 -1.71118483e-01 1.59238294e-01 -9.67235938e-02 -4.45517182e-01 -1.03722356e-01 2.32090816e-01 2.96893090e-01 7.88991079e-02 2.78556705e-01 2.95792297e-02 -3.48873548e-02 -3.24217707e-01 2.27049664e-02 6.56732544e-02 1.02159325e-02 -3.19749594e-01 -4.06654030e-01 8.61634910e-02 7.05021694e-02 3.26411389e-02 1.84337735e-01 2.47844830e-01 -3.62345010e-01 -4.28082496e-01 -1.47771224e-01 6.66692331e-02 -1.41738513e-02 1.09239094e-01
3.47665638e-01 1.17425658e-01 -3.88162494e-01 3.61287773e-01 2.78310239e-01 -6.45141542e-01 1.82664663e-01 4.96657908e-01 5.61728477e-02 -2.37139210e-01 -1.37409508e-01 9.69293535e-01 3.04544449e-01 -5.37313044e-01 -1.70261994e-01 1.78257734e-01 5.07053614e-01 1.56373963e-01 1.90509319e-01 4.86690134e-01 -1.47359514e+00 -9.06446636e-01 1.49831146e-01 3.04276645e-01 1.69491366e-01 7.29688585e-01 6.09482706e-01 5.60300410e-01 -6.30456865e-01 4.99926209e-01 1.10298470e-01 -2.36814320e-01
1.67809680e-01 -4.20898339e-03 -6.94739997e-01 -1.64239556e-01 1.80864215e+00 -4.52169240e-01 -6.81704581e-01 -4.15673375e-01 -9.77121830e-01 1.97715312e-01 5.18221259e-01 1.85947672e-01 5.96481204e-01 -7.60383785e-01 3.96369934e-01 2.79764414e+00 1.71578452e-01 2.02121258e+00 -5.64897239e-01 -1.38736874e-01 2.65139192e-01 -3.98236990e-01 1.69685006e-01 3.31881583e-01 1.81059688e-01 3.27108234e-01 1.39637366e-01 -2.03181580e-01 -3.89190018e-02 2.71162927e-01 2.22146845e+00 -4.05692130e-01
-6.12056673e-01 1.34797633e-01 -1.11059994e-01 -5.21108389e-01 4.62368131e-01 1.99806746e-02 -5.86129390e-02 3.66739690e-01 4.28859711e-01 -1.60036400e-01 7.85937905e-03 2.42536962e-01 1.74487576e-01 1.64700612e-01 -3.67580861e-01 -5.85563898e-01 3.41122836e-01 -3.48568708e-01 -4.19662297e-01 -3.49109843e-02 -6.53328598e-01 -2.34629437e-01 1.00330435e-01 -6.90802038e-02 -2.26607308e-01 -1.08235389e-01 -1.72623888e-01 2.40195006e-01 2.54345715e-01 1.66709542e-01 1.31752357e-01 9.19036381e-03
3.79449844e-01 -2.12408409e-01 1.86972693e-01 -4.36294854e-01 -9.61025417e-01 -5.50709009e-01 -3.24567735e-01 1.58586204e-01 6.02684081e-01 3.63683403e-01 -6.01796448e-01 -4.20452394e-02 9.22564864e-01 -3.14758748e-01 -2.69783199e-01 -4.25632536e-01 -5.63649952e-01 -1.20163250e+00 6.96861297e-02 3.70005630e-02 9.52685654e-01 -1.58873796e-01 -1.29405546e+00 9.65038165e-02 -3.78154963e-01 -1.15934461e-02 -5.03081441e-01 -3.78718883e-01 2.07583666e-01 -4.72698957e-01 -1.36339560e-01 6.98748648e-01
-1.08219370e-01 -1.40893623e-01 1.60266733e+00 -7.70219624e-01 -7.51810610e-01 1.82378218e-01 -1.21950485e-01 -4.44931656e-01 6.95553124e-01 1.86481035e+00 1.54682040e-01 -2.69700795e-01 1.97477400e-01 3.31186366e+00 4.19068635e-02 -8.95584464e-01 1.92750871e-01 -2.50365257e+00 5.89317262e-01 -4.53220665e-01 3.35425913e-01 5.07258236e-01 -2.18075559e-01 9.48157847e-01 -1.47912819e-02 -6.28724098e-01 3.89791638e-01 -1.54683635e-01 9.56452638e-02 1.39255628e-01 -1.65701043e-02 -4.12748069e-01
-6.04001641e-01 -9.00400206e-02 7.59899557e-01 6.34997249e-01 -7.60506988e-01 6.30495965e-01 2.58964419e-01 -1.06091344e+00 5.59729457e-01 7.19074309e-01 3.69053811e-01 1.33412644e-01 -7.22069919e-01 -3.42628025e-02 4.64737386e-01 -5.37576962e+00 -7.42044076e-02 -6.30867386e+00 6.54780805e-01 -1.17974377e+00 -6.81543529e-01 2.30690926e-01 5.95998228e-01 6.68787956e-02 -2.13466257e-01 -4.39590663e-01 -1.39203772e-01 6.19586945e-01 -6.87679410e-01 -1.19333930e-01 -8.97265136e-01 -3.06604087e-01
5.41656336e-04 -1.10684410e-01 -5.82618833e-01 -9.81347263e-02 -2.27680877e-01 4.13337210e-03 2.34681651e-01 3.79298598e-01 4.19158280e-01 -1.54475376e-01 4.84566987e-01 -1.35397106e-01 3.68343562e-01 -8.27715576e-01 -3.72796893e-01 -1.59796894e-01 -2.05846995e-01 1.11257702e-01 -1.39597252e-01 1.51866719e-01 -9.31250118e-03 -1.08162746e-01 2.75769811e-02 -2.51216888e-01 -1.01740770e-01 7.94453025e-01 -3.96835394e-02 3.18494365e-02 -1.57387123e-01 2.23985374e-01 1.72937855e-01 3.28880757e-01
-9.48416233e-01 2.64308125e-01 -6.83159828e-02 2.94797719e-01 -7.13481158e-02 6.53032899e-01 -3.60674858e-01 -6.67148158e-02 4.21698511e-01 -1.72681287e-01 -8.03008974e-01 2.82568753e-01 1.99138701e-01 -3.72497112e-01 -3.28705400e-01 -6.64365649e-01 2.71788239e-01 -6.43114507e-01 -4.25269634e-01 3.61896753e-01 1.32031667e+00 9.94448543e-01 -1.00612743e-02 1.45906791e-01 -3.45061421e-01 1.50828838e-01 -6.36363328e-01 5.62384874e-02 8.37744415e-01 -2.91036516e-01 -8.39269459e-02 1.12313271e-01
-5.48210740e-01 -7.05967993e-02 6.80825785e-02 1.41498476e-01 -2.69753307e-01 3.43645036e-01 -9.48511779e-01 -9.02714506e-02 8.42759609e-02 5.22730064e+00 5.75125813e-01 4.12981957e-01 2.08741441e-01 2.64951515e+00 -1.44231331e-03 -2.58538648e-02 -4.38586920e-01 -8.90083313e-02 2.57117022e-02 -2.12947994e-01 -6.76485002e-01 4.09900069e-01 3.44307095e-01 2.72562385e-01 -3.65165681e-01 -4.32935685e-01 -6.28463328e-01 3.09152484e-01 -9.33358520e-02 -6.53174520e-01 2.37252608e-01 -2.68151194e-01
-3.58001217e-02 1.53521657e-01 -6.63614348e-02 3.50362025e-02 6.57737115e-03 4.18488234e-02 6.34435331e-03 -5.12222163e-02 -4.58554877e-03 -1.95263878e-01 5.82940653e-02 4.53204066e-02 4.83803190e-02 8.04669484e-02 9.60104913e-02 1.86038464e-02 4.94374409e-02 7.25434022e-03 -7.96235446e-03 9.86037999e-02 2.32122779e-01 1.27244264e-01 -1.39106829e-02 5.84011637e-02 6.03842773e-02 9.86930542e-03 5.70171885e-02 3.03764284e-01 7.33239716e-03 -1.59234356e-03 1.27652213e-02 1.47084026e-02
8.27629566e-02 -1.54900610e-01 -6.44279659e-01 6.54404536e-02 1.89004332e-01 -1.77032188e-01 -2.11810246e-01 -3.05812269e-01 2.36827299e-01 -6.56167984e-01 8.84887353e-02 -4.98301499e-02 1.93261310e-01 8.33203644e-02 -5.23652360e-02 2.35018551e-01 -3.24883878e-01 5.26387513e-01 -1.54415697e-01 8.96594048e-01 3.39303464e-01 6.93200380e-02 -4.44991708e-01 -1.06404558e-01 -1.52846694e-01 -4.50424820e-01 8.58361483e-01 -5.89483857e-01 2.60887325e-01 3.28379035e-01 -4.06223312e-02 2.39480406e-01
-2.80166179e-01 -4.46182117e-02 -3.79728079e-01 -2.09643930e-01 5.79337180e-01 3.31377387e-02 2.29632497e-01 1.57294214e-01 2.09698245e-01 -3.92045230e-01 -1.61649808e-01 -9.07721102e-01 4.80998069e-01 -2.51506746e-01 -2.09793583e-01 4.66701627e-01 -7.24484250e-02 5.08853734e-01 5.43366596e-02 -3.35147344e-02 -4.82215732e-02 -2.20865935e-01 5.13877928e-01 -3.24679732e-01 1.58820033e-01 2.10425675e-01 -1.77262068e-01 3.47968608e-01 4.74514291e-02 3.44372839e-01 7.83070862e-01 2.32242733e-01
6.58084676e-02 1.69152781e-01 -1.49574140e-02 7.31837973e-02 -3.37584503e-02 8.42034966e-02 -1.24197034e-02 -7.07366690e-02 5.90175316e-02 6.99828491e-02 6.98309243e-02 1.09876022e-01 -6.43137693e-02 -1.17594019e-01 1.52631924e-01 4.62995291e-01 5.35380207e-02 -3.07983607e-01 1.86021104e-02 -8.88475701e-02 -9.01413038e-02 -1.35028824e-01 1.40052345e-02 -4.89251725e-02 2.86143087e-02 1.39402255e-01 9.70868580e-03 -1.14799021e-02 1.03616253e-01 2.05349438e-02 -2.56028795e-03 6.79863170e-02
5.74129403e-01 -1.79705590e-01 6.55711710e-01 5.55106223e-01 -2.23685533e-01 -2.97258347e-01 -7.54857957e-01 -1.45740733e-01 -2.47592539e-01 -9.54417408e-01 -5.79366274e-02 9.23118293e-01 4.76845115e-01 -5.45272470e-01 7.66858160e-01 5.36790490e-01 -8.91280249e-02 -3.17085445e-01 5.37400603e-01 4.58484501e-01 -4.43454474e-01 5.45865782e-02 4.18294847e-01 1.75891057e-01 1.28465340e-01 -3.61466229e-01 1.19681984e-01 2.90181130e-01 -1.30957454e-01 -5.39090745e-02 8.15247521e-02 4.04022425e-01
2.72351384e-01 -6.92778528e-02 5.79467602e-02 1.40734419e-01 8.94012824e-02 1.37506276e-01 8.46056998e-01 8.07555690e-02 4.87818003e-01 2.00647265e-01 3.21691751e-01 3.70390445e-01 -3.88312459e-01 -6.44280791e-01 7.43330345e-02 -9.25876200e-01 -2.10160054e-02 -6.64348960e-01 -1.01377994e-01 -4.12503004e-01 -5.26464403e-01 1.03659956e-02 2.61759490e-01 -5.63012362e-02 1.34743169e-01 -4.03370857e-01 -7.13615656e-01 4.02650505e-01 -1.14403792e-01 -1.95192203e-01 2.23601788e-01 -1.29613176e-01
5.06204478e-02 2.23844096e-01 -1.89984784e-01 3.45357209e-01 -2.39996612e-01 3.58585685e-01 3.80681038e-01 -2.19334260e-01 -7.16405213e-02 3.63229454e-01 -4.55434807e-02 1.73518434e-01 4.94303554e-01 6.19701743e-01 -3.66391778e-01 -9.31754529e-01 6.91867292e-01 -4.38766807e-01 5.32279313e-02 -1.92783386e-01 -4.32681561e-01 1.08221553e-01 -5.15096545e-01 1.35879293e-01 -3.30877453e-01 -6.01454638e-02 -1.16290830e-01 -3.86248112e-01 1.04683600e-01 -1.88094333e-01 -9.21003148e-02 -3.42222691e-01
7.60559618e-01 -1.13679737e-01 -3.23613614e-01 2.27859333e-01 2.01235682e-01 -4.64841455e-01 -4.96626683e-02 2.72080570e-01 2.41128772e-01 -2.59289551e+00 1.68826163e-01 1.12855904e-01 3.19744915e-01 -1.55766737e+00 1.99579760e-01 3.70319933e-01 7.05477074e-02 3.06540579e-01 -1.97297692e-01 -7.19592571e-02 5.02768695e-01 -2.70039469e-01 -2.71617174e-01 1.92699227e-02 -3.58090818e-01 -2.53676355e-01 2.42162915e-03 -1.56877458e-01 2.24846795e-01 1.68315977e-01 -1.47430291e-02 -1.97344705e-01
-1.12269080e+00 2.65691094e-02 -1.91748127e-01 2.38508642e-01 2.21755520e-01 -1.62477359e-01 9.48244989e-01 -1.35370865e-01 -1.19176936e+00 8.57508063e-01 -6.04398966e-01 -8.83263201e-02 4.50212993e-02 2.31471136e-01 -5.77365994e-01 8.30767214e-01 4.80537027e-01 8.26519489e-01 -3.10680985e-01 -1.25080094e-01 4.03742529e-02 2.25347966e-01 7.52364337e-01 1.08826268e+00 -1.96875483e-01 3.84403527e-01 -5.11688888e-01 -3.28394204e-01 9.75660026e-01 -3.35368603e-01 2.93921292e-01 -2.97817439e-01
-5.81758440e-01 6.42390072e-01 2.22714199e-03 -1.74374700e-01 4.47615385e-01 1.77634746e-01 6.28744662e-02 5.00962675e-01 -2.59630740e-01 5.52694619e-01 2.82741077e-02 -1.07326567e-01 2.31890962e-01 3.12689841e-01 -5.71654797e-01 -3.67808938e-01 -8.94328356e-02 -1.41933069e-01 4.34709221e-01 -4.11810160e-01 -3.84108908e-02 -2.38309652e-01 -3.43220346e-02 -4.97401565e-01 5.99877797e-02 -2.35369906e-01 -5.98018229e-01 -4.44237828e-01 1.93054572e-01 -4.00431037e-01 -2.16380835e-01 -2.37569392e-01
-1.63856700e-01 6.53180256e-02 3.86221886e-01 4.16586936e-01 -1.05472989e-01 -2.58429885e-01 -7.81431496e-02 -2.44613346e-02 1.29526973e-01 -4.22668993e-01 -5.23650229e-01 -1.41330793e-01 -3.20017546e-01 -2.77808607e-01 1.96009412e-01 8.44524860e-01 -1.97173819e-01 3.81404638e-01 2.62133002e-01 1.36806145e-01 1.41740113e-01 -7.96845913e-01 2.50027925e-01 1.57504007e-01 2.45655045e-01 1.15599558e-01 6.63278624e-02 -6.31524265e-01 -2.82308877e-01 -5.39897345e-02 1.08150408e-01 -2.06259504e-01
-1.00281239e+00 4.58851248e-01 -8.23455036e-01 -1.01693702e+00 1.88000441e-01 -1.33130789e-01 -3.25295150e-01 6.24743283e-01 -1.33329287e-01 5.75610340e-01 -3.15907411e-02 1.71873137e-01 2.03779429e-01 3.62592369e-01 -2.62346864e-02 1.90517771e+00 7.06140280e-01 1.92034721e+00 -1.77920973e+00 9.19144675e-02 7.28797257e-01 -8.57784808e-01 -5.18853068e-01 4.00040090e-01 6.85436875e-02 -3.68913651e-01 2.61404604e-01 -1.70926243e-01 9.58173156e-01 -8.20611894e-01 5.29203653e-01 -4.67589647e-01
2.28335589e-01 -4.99656647e-01 9.79282483e-02 -1.39631063e-01 -8.54556084e-01 4.65282857e-01 3.87727842e-02 -5.07080019e-01 5.97675979e-01 8.95838737e-01 -2.53269017e-01 1.44241318e-01 5.67917407e-01 3.75859022e-01 -8.34775902e-03 -1.20027602e+00 -4.27769661e-01 -1.34234512e+00 2.36263126e-01 2.38701358e-01 1.78304672e-01 4.06389147e-01 9.77839753e-02 1.19755097e-01 2.23444417e-01 1.16056912e-01 -4.33109760e-01 -1.05537169e-01 -3.45953882e-01 -3.62885416e-01 3.72346163e-01 3.35133791e-01
-4.76964042e-02 -9.86217439e-01 3.32077414e-01 1.61366069e+00 1.89329103e-01 1.03990108e-01 -1.53444767e-01 -2.45313838e-01 -2.30204463e-01 2.02815682e-01 1.11575067e+00 -1.03310764e+00 -1.10780442e+00 -3.92947525e-01 2.08708555e-01 -7.14212582e-02 -1.25455928e+00 5.94676614e-01 6.07779443e-01 -7.02882230e-01 8.90059233e-01 1.61140442e-01 3.62693891e-02 8.69128015e-03 3.54046514e-03 -4.94577557e-01 2.34909117e-01 -1.68480854e-02 -9.00052905e-01 1.29424739e+00 -6.07366621e-01 -2.22825333e-02
-6.74013674e-01 -1.71233490e-01 3.95569056e-01 1.09521128e-01 -2.08242163e-01 2.50480980e-01 2.88528353e-01 7.42782792e-03 -4.57607687e-01 -2.35277519e-01 -1.00121486e+00 3.09210658e-01 4.73306060e-01 7.72094876e-02 1.70689881e-01 -2.97951072e-01 3.57727557e-01 -3.93298537e-01 4.73672673e-02 -3.41938704e-01 -8.51402998e-01 2.61935920e-01 3.15473974e-02 -6.95787489e-01 1.66816905e-01 5.78430891e-01 -1.34428561e-01 3.99205267e-01 -5.13252199e-01 -2.45909020e-01 -1.80072784e-01 -1.42080504e-02
-3.28825921e-01 -3.92564863e-01 -1.46786675e-01 -1.33593455e-01 -2.30369508e-01 7.30947033e-02 2.49460235e-01 2.63564646e-01 -6.87784851e-01 1.51338863e+00 -1.31956115e-01 -1.22274242e-01 -5.29934168e-01 5.38608432e-01 -6.83478042e-02 4.65327278e-02 -1.53195709e-02 1.85908347e-01 -1.16304837e-01 -2.17401266e-01 2.24825650e-01 1.54566929e-01 6.25230312e-01 7.37520456e-02 1.99566595e-02 -8.29370469e-02 -1.73898727e-01 1.90711692e-01 2.82321990e-01 3.29966158e-01 4.21097130e-01 1.41886503e-01
-9.43351239e-02 -3.39147151e-01 7.94261545e-02 -1.41602457e-01 -4.21609581e-01 5.01933813e-01 -2.99770355e-01 -3.96714479e-01 1.59277797e-01 -3.98218393e-01 -1.22844009e-02 4.56367344e-01 2.36704871e-01 3.41108263e-01 3.26005608e-01 -6.70606613e-01 -4.27624732e-01 -1.34805262e+00 -9.39027593e-02 -2.89778799e-01 -6.10396899e-02 9.22740877e-01 4.80776250e-01 5.60956299e-01 -3.34709674e-01 1.80070624e-01 8.72267485e-02 -3.15457135e-01 -3.36876541e-01 -2.99112380e-01 -1.97744474e-01 -2.29042977e-01
5.14721349e-02 -5.87249994e-02 1.27667367e-01 -8.71220231e-02 2.55167961e-01 -1.32232979e-01 4.82159927e-02 -3.34781498e-01 -1.56382486e-01 3.48803371e-01 1.55298635e-01 1.71467647e-01 7.99605697e-02 -3.05584908e-01 -4.28912267e-02 -2.87913918e-01 5.40188700e-02 1.48916513e-01 -1.61957011e-01 -5.27140081e-01 1.70874178e-01 -1.74985796e-01 -1.29144832e-01 -8.26958045e-02 -4.82074544e-03 2.23943889e-01 -5.79534248e-02 -2.08517127e-02 1.08975992e-01 7.63155371e-02 9.48210061e-03 9.89560131e-03
5.10092415e-02 -4.87957478e-01 -2.20407531e-01 7.49418318e-01 -3.50245357e-01 -5.11762381e-01 1.04936361e-01 -1.56799152e-01 3.60547379e-02 2.99949884e+00 -5.68641365e-01 9.92318273e-01 6.59583807e-01 8.51439655e-01 6.79555595e-01 2.29258612e-02 8.13889429e-02 7.10346773e-02 6.57167256e-01 3.81923586e-01 2.41465196e-01 1.76010281e-01 -3.75009537e-01 1.05091238e+00 9.76106059e-03 1.40933618e-01 -3.22367996e-01 2.86713511e-01 1.11386776e-01 1.66192185e-02 8.50208819e-01 -4.15462740e-02
-1.14033870e-01 1.69455811e-01 1.15026541e-01 7.31349736e-02 4.47830483e-02 -5.21994978e-02 -1.10680824e-02 1.26236930e-01 1.63060948e-02 -2.79612634e-02 1.60470515e-01 8.57114494e-02 9.25714895e-02 -1.68389045e-02 1.72896951e-01 1.88736796e-01 2.66061351e-02 -1.50712058e-01 -5.69162183e-02 8.97151157e-02 -1.70656130e-01 -5.70066459e-02 -1.90131888e-02 1.97396670e-02 -4.75176930e-01 -2.19225019e-01 4.60048690e-02 -1.09904200e-01 -5.85228018e-02 -5.58578111e-02 1.37734544e-02 -4.44068670e-01
-4.42690169e-03 -8.40546116e-02 -6.22018278e-02 2.85743698e-02 -2.08786666e-01 1.17887678e-02 -2.07278114e-02 1.72009632e-01 7.49052987e-02 -4.00715731e-02 -1.12609044e-02 -2.40132753e-02 -6.70652464e-02 2.34052595e-02 -4.30619419e-02 2.18130529e-01 -1.09653749e-01 -1.34881824e-01 -8.77790712e-03 3.38485003e-01 -2.35825807e-01 -1.05638012e-01 1.67852249e-02 -2.24831998e-02 4.44814609e-03 -8.70173723e-02 -5.95437996e-02 -6.90347999e-02 -6.18715137e-02 5.77914044e-02 1.10118827e-02 1.25699779e-02
1.08131206e+00 -1.91623136e-01 4.23862994e-01 2.60848671e-01 -4.95184958e-01 -1.26653299e-01 -4.91056144e-01 2.14835871e-02 8.67137432e-01 -2.75312066e-02 -2.75247872e-01 1.40721604e-01 1.04403116e-01 1.50054350e-01 6.83320224e-01 -7.97997117e-01 -3.88728440e-01 -9.37847137e-01 5.76641560e-01 -2.03749806e-01 -8.91623139e-01 2.88206041e-01 -2.63065010e-01 1.30674362e-01 6.95220709e-01 -1.22572426e-02 1.47931233e-01 -3.40409912e-02 -6.21448994e-01 1.47418693e-01 -2.83482999e-01 2.19273105e-01
2.48872265e-01 -4.08403993e-01 -1.95070267e-01 4.06977266e-01 3.62647623e-02 -6.52033329e-01 1.33243473e-02 -1.26445904e-01 4.12424743e-01 -3.20099592e-01 -2.43861035e-01 4.60222572e-01 3.31204295e-01 -3.13134044e-01 2.60410666e-01 -8.67671847e-01 -3.40505689e-01 -1.01531172e+00 7.90915728e-01 -4.12422895e-01 -3.04009765e-01 -4.06627394e-02 3.06474000e-01 6.65083468e-01 -1.19828798e-01 -3.64272445e-01 4.42214638e-01 1.87592655e-02 -2.22337738e-01 -4.21584725e-01 -1.00657605e-01 2.03712761e-01
6.18416369e-02 -7.29290694e-02 9.66619074e-01 1.58796683e-01 -2.11587572e+00 -3.30447435e-01 3.55555356e-01 -3.06882679e-01 9.51096833e-01 6.98867679e-01 -1.00014701e-01 -4.30012554e-01 -5.62833250e-02 5.32402635e-01 1.02349646e-01 -3.23182249e+00 -3.37258518e-01 -4.38196135e+00 4.93209541e-01 -3.31362113e-02 -7.68249333e-01 7.18330562e-01 1.22382589e-01 1.27784044e-01 8.21306482e-02 3.66819389e-02 3.92087519e-01 2.79467613e-01 -3.65742207e-01 -7.18950629e-01 -1.07548797e+00 3.54056627e-01
-2.25352958e-01 -2.23230839e-01 -2.10966244e-01 -3.28534245e-01 -2.76603788e-01 5.97482681e-01 1.60803482e-01 -5.69017678e-02 -1.22948423e-01 3.98490250e-01 -2.46135250e-01 2.08468989e-01 9.58378837e-02 -2.91251659e-01 -1.37419388e-01 -4.86814409e-01 3.40044469e-01 -6.17239177e-01 -3.61498982e-01 6.15426078e-02 -3.07973236e-01 4.39228505e-01 -8.69254097e-02 3.15230846e-01 4.25993353e-01 -4.78865623e-01 4.33853954e-01 2.34696530e-02 1.14242747e-01 8.65278915e-02 -7.00484514e-02 -3.52290384e-02
4.25605118e-01 6.83399260e-01 6.88582778e-01 -4.07996982e-01 1.04602300e-01 1.32992133e-01 1.87919632e-01 -1.21804811e-01 -7.81269848e-01 9.72011507e-01 -2.85303950e-01 -2.41399199e-01 -4.34648216e-01 1.14418924e+00 1.51890218e-01 9.24185812e-02 3.43298763e-02 -1.00256002e+00 3.39542061e-01 -2.74668187e-01 3.42732854e-02 7.15198219e-01 -1.75640479e-01 -3.92196625e-01 5.56061029e-01 -7.72848606e-01 4.86556262e-01 -2.05974467e-02 -3.54311436e-01 -6.06957436e-01 -6.28742436e-03 -3.56255829e-01
-2.53110752e-02 -3.66029918e-01 2.34654784e-01 -2.05371812e-01 -2.27210298e-01 1.01715684e-01 4.16697375e-02 -2.78191805e-01 -4.41337258e-01 -3.72306883e-01 -1.34410366e-01 2.95694787e-02 -6.82575107e-02 3.79108042e-01 5.32921791e-01 3.09837967e-01 3.06971580e-01 -4.68150795e-01 6.71511218e-02 1.96109638e-01 -2.28544131e-01 3.36595625e-01 -3.76523912e-01 1.33974880e-01 -9.04059038e-03 -2.35040173e-01 3.75601649e-01 6.85764372e-01 -3.84494036e-01 -4.88989025e-01 2.75204122e-01 2.92666852e-01
-1.13241720e+00 -3.41626942e-01 -8.17720592e-02 -1.09225690e+00 2.33129635e-01 6.95841163e-02 6.89280868e-01 5.37982821e-01 -3.92872125e-01 1.00941992e+00 -1.01055706e+00 9.18390512e-01 9.27098274e-01 7.76948273e-01 -3.87777030e-01 5.68540573e-01 2.30539754e-01 -2.43483499e-01 -4.01643604e-01 7.12130964e-01 -8.14904153e-01 -5.19796133e-01 -3.16853583e-01 1.63166627e-01 3.76389295e-01 8.21734369e-01 1.07549036e+00 9.00068581e-01 2.83815116e-01 -8.08227897e-01 1.47952080e-01 4.33741748e-01
-8.39593410e-02 9.02053267e-02 3.00235391e-01 -4.40568998e-02 3.42744797e-01 -1.35351047e-01 7.08301086e-03 2.95831915e-02 -3.24451327e-02 2.05415547e-01 3.26118059e-02 1.29778329e-02 -1.39517467e-02 -1.17322445e-01 9.92147177e-02 -1.49855256e-01 8.18547830e-02 4.87930998e-02 -1.19623274e-03 -4.08843368e-01 1.63100749e-01 -1.14428185e-01 1.39242187e-02 -3.70675921e-02 1.47900134e-01 -7.12346658e-03 7.73768052e-02 1.16091110e-01 3.23073752e-02 -8.33926573e-02 -1.63209508e-03 6.61266148e-02
3.03908382e-02 1.40116230e-01 1.04535490e-01 -3.31123569e-03 4.41442579e-01 9.84787121e-02 5.51838577e-01 4.46722239e-01 -6.67952299e-02 -1.35454655e+00 -2.29908541e-01 4.17895019e-01 5.58164299e-01 -5.28697610e-01 -3.90470117e-01 2.33814731e-01 4.62716967e-01 -3.43882479e-02 -1.88550696e-01 -6.55535221e-01 1.02788258e+00 -4.35778469e-01 1.38170227e-01 -1.16850865e+00 -2.33322941e-02 7.03257561e-01 -8.74876857e-01 -9.89889503e-01 1.77932784e-01 6.06602174e-04 -7.20676407e-02 -2.83672303e-01
6.82510078e-01 -2.83572048e-01 -1.68205887e-01 4.24945980e-01 -3.29446495e-01 -1.32430792e-01 -1.76161692e-01 -2.89522201e-01 7.42609441e-01 -1.38026446e-01 -1.39089510e-01 -2.76867338e-02 7.29100227e-01 -3.46571177e-01 3.40975165e-01 -7.88658619e-01 -1.84532925e-02 -8.89889002e-01 7.25599587e-01 -8.45571235e-02 -3.86969626e-01 1.61841199e-01 7.73542896e-02 1.42180964e-01 -1.58715732e-02 -2.76964515e-01 7.79833674e-01 5.63146651e-01 -4.89339769e-01 3.21327835e-01 -8.19651708e-02 2.67198145e-01
-2.53130287e-01 3.30095112e-01 -1.76459402e-01 -4.41539623e-02 -5.72237253e-01 -1.74787536e-01 1.22188635e-01 4.71538037e-01 -9.93666574e-02 -5.60912967e-01 -1.86939359e-01 -1.08778561e-02 -3.35301846e-01 1.64966121e-01 2.53436327e-01 -1.81294411e-01 -8.23191255e-02 2.63077021e-01 3.88467424e-02 3.63683850e-01 -2.47528225e-01 -4.42236103e-02 -4.19198945e-02 -3.77756804e-02 -1.16991132e-01 -1.05874680e-01 2.73285776e-01 -2.52469271e-01 1.09806374e-01 8.06295406e-03 2.11088806e-02 1.70873642e-01
6.33293167e-02 -4.75587428e-01 -8.54137912e-02 -1.17484994e-01 -1.11528739e-01 -1.77249998e-01 -1.17633566e-01 -1.68300316e-01 -3.13810736e-01 4.32812423e-01 -1.99015643e-02 8.36848393e-02 3.59118849e-01 2.65702754e-01 -2.10085317e-01 -6.68877900e-01 -1.82569370e-01 -1.56602383e-01 -3.20630241e-03 6.34137690e-02 7.33997300e-02 -3.04369405e-02 5.51367521e-01 4.59257364e-02 -3.20618093e-01 2.34753713e-01 3.26609969e-01 7.60472193e-02 -5.15903980e-02 1.13359116e-01 -1.13832720e-01 -2.78378367e-01
8.06443870e-01 5.22775911e-02 -4.21286941e-01 4.18301560e-02 1.53954243e-02 3.30047697e-01 6.70408189e-01 3.98164302e-01 -2.69082576e-01 -7.34922171e-01 -1.00405073e+00 1.51571167e+00 2.67524689e-01 -8.00322473e-01 3.05557430e-01 3.50113779e-01 2.05767810e-01 3.08683783e-01 -2.05682859e-01 1.23283386e-01 -1.47635329e+00 -2.23835886e-01 -8.48286331e-01 -1.89091936e-01 -3.32420856e-01 1.36718646e-01 9.03319120e-02 6.10200405e-01 7.02352449e-02 -9.65737626e-02 1.57169670e-01 3.43805254e-01
-1.43883958e-01 4.52352129e-02 -1.10804617e+00 5.25588682e-03 6.95473731e-01 4.13135022e-01 -4.57123294e-02 -2.03351420e-03 -1.60798639e-01 4.72545326e-01 -3.28514427e-01 -1.29506886e+00 3.09107780e-01 1.74188539e-02 -3.43007296e-01 1.28024328e+00 -4.34121601e-02 1.97465467e+00 -4.58244979e-01 1.06989667e-01 3.15492362e-01 -2.11819157e-01 1.31820351e-01 7.51586854e-01 -3.01513493e-01 7.18428373e-01 -2.21146923e-02 -3.17542553e-01 7.73277059e-02 2.03033671e-01 8.80599082e-01 -3.87048982e-02
-3.96917798e-02 4.57019985e-01 -1.34768337e-01 -6.41166747e-01 -1.65952206e-01 7.48622775e-01 3.55539382e-01 7.95187294e-01 4.00937080e-01 3.60125571e-01 9.26483929e-01 -2.36958146e-01 9.60425138e-02 3.32262754e-01 -5.23734838e-02 -8.53602171e-01 3.34251851e-01 -1.47742122e-01 -3.14506710e-01 -5.35495162e-01 -7.68687204e-02 -2.02745423e-01 2.14247629e-01 1.43477648e-01 -2.63447315e-01 1.66153118e-01 9.47028212e-03 3.50865759e-02 -5.55039585e-01 2.25327820e-01 -2.24678978e-01 1.40990198e-01
7.46250525e-02 2.47545131e-02 -9.76085141e-02 -7.89611135e-03 -9.21399221e-02 5.82011156e-02 -3.76403728e-03 7.04368204e-02 -2.51772348e-02 -5.65131828e-02 -6.56210184e-02 -3.73725951e-01 2.51195282e-01 2.68415660e-01 -1.99513659e-02 9.36027244e-02 5.89692295e-02 -8.87334272e-02 1.24749318e-01 2.29437217e-01 9.46756080e-02 3.00269425e-01 -2.96213524e-03 2.86105871e-01 -1.16307333e-01 -2.88691729e-01 -1.93598464e-01 -1.40978545e-01 -3.00171822e-01 -1.60650447e-01 -1.39747662e-02 -2.87800521e-01
4.12485421e-01 -1.49765611e-02 5.44282317e-01 4.16317999e-01 3.52047682e-01 4.24604326e-01 9.46128309e-01 -3.74002576e-01 7.25412965e-01 -5.99856824e-02 -5.89482844e-01 1.39358774e-01 -5.37138581e-01 -3.43950242e-01 2.40959618e-02 2.64037222e-01 -6.34571552e-01 -4.75284785e-01 2.85736233e-01 -4.91927788e-02 -7.84269348e-02 5.63866735e-01 2.81281471e-01 6.73502803e-01 3.84679511e-02 -1.51658624e-01 -2.13455796e-01 1.55594811e-01 1.82716921e-01 4.38180208e-01 -1.12057105e-01 -5.99571853e-04
-3.04403991e-01 -5.01006901e-01 1.59700358e+00 1.34685338e-01 -1.36206365e+00 -2.17213914e-01 -9.81020689e-01 -1.09820092e+00 3.82032812e-01 9.50484753e-01 -1.25445388e-02 -4.12648410e-01 -3.51400048e-01 8.10358107e-01 6.46168411e-01 -3.11282563e+00 1.52418718e-01 -3.48877072e+00 1.94234240e+00 7.87988901e-01 -6.78234994e-01 1.77431059e+00 -4.82889414e-01 1.69691309e-01 2.27758259e-01 -7.63637960e-01 -1.98437780e-01 6.39083982e-01 1.55653656e-02 7.32893050e-02 1.66431576e-01 3.16895455e-01
-8.03818274e-03 -1.99478120e-03 7.19316304e-02 4.18277681e-02 3.74902815e-01 2.58344933e-02 -1.78606510e-02 1.76635981e-02 1.92057285e-02 -5.82841644e-03 -2.51078084e-02 -6.78881258e-02 9.74895135e-02 1.01228587e-04 -3.30122188e-02 -5.11051677e-02 1.30498530e-02 -5.36868088e-02 -7.28495643e-02 6.77941367e-02 1.04122624e-01 6.77935854e-02 -1.05424598e-02 3.67959999e-02 -1.40452459e-01 -1.61462203e-01 1.56475790e-02 4.04627830e-01 -4.73199897e-02 -6.00547791e-02 -7.05531146e-03 -2.56602585e-01
-4.08077925e-01 1.91357508e-01 -9.55402181e-02 -1.05732985e-01 -3.31866324e-01 1.41589465e-02 -1.30430594e-01 7.32725799e-01 5.36394306e-02 -3.49406861e-02 -2.18102813e-01 7.46843219e-01 5.32547235e-01 3.51646274e-01 8.17438364e-02 -3.59151978e-03 -7.49752373e-02 -1.53224086e-02 -1.72660097e-01 -4.34682379e-03 -1.45829558e-01 -5.92777848e-01 -2.85347670e-01 -2.35394016e-01 -3.35629970e-01 -1.50861308e-01 -6.43156588e-01 4.35665160e-01 -2.29255512e-01 -2.89502114e-01 -2.35940561e-01 5.00893593e-01
-6.93632336e-03 -2.24245235e-01 7.05418706e-01 2.49473378e-01 -8.47322524e-01 2.52412051e-01 4.00345922e-01 -6.81987226e-01 5.21211326e-01 3.66958380e-01 -1.15052380e-01 4.42192167e-01 -9.28741917e-02 1.75351009e-01 2.17494741e-01 -2.50403357e+00 8.28740895e-02 -1.32362127e+00 2.58932531e-01 1.66465774e-01 -4.19317856e-02 2.15921164e-01 2.52417058e-01 1.38826072e-01 -5.00911474e-02 -5.34673274e-01 -8.57834890e-02 -2.56492585e-01 -4.59753096e-01 -4.94285256e-01 2.41123736e-01 -5.03912508e-01
-2.75952190e-01 -5.82408197e-02 -1.75805673e-01 1.83139607e-01 -1.32664055e-01 1.00508228e-01 1.30284861e-01 -1.94957823e-01 -4.76495892e-01 1.69724238e+00 -3.36955547e-01 -1.22643642e-01 -3.05768043e-01 1.32742643e+00 -1.04432121e-01 -6.75785094e-02 -4.39636931e-02 -4.53783246e-03 -1.65212795e-01 -3.57497633e-01 1.72951192e-01 1.76664159e-01 1.91973388e-01 -1.54786840e-01 1.11486139e-02 4.46132272e-02 4.53877509e-01 3.26816410e-01 2.80744404e-01 -4.27602172e-01 4.36643571e-01 -2.47693315e-01
-1.45673826e-01 -2.36388445e-01 5.30846238e-01 5.37705541e-01 -5.51787242e-02 -3.42171371e-01 -1.07946551e+00 1.14815407e-01 2.12897718e-01 4.49796557e-01 1.47071913e-01 -1.15472965e-01 7.51700178e-02 2.06133515e-01 -2.09941253e-01 6.72698736e-01 -1.97748207e-02 3.30597162e-01 -1.56363696e-01 -3.65099907e-01 9.33623433e-01 3.08913797e-01 3.73632640e-01 -5.56740999e-01 3.44979856e-03 -5.94645133e-03 -1.46401539e-01 2.18265384e-01 -1.21980935e-01 3.88469726e-01 -1.80238605e-01 -2.61990875e-01
1.31105864e+00 -3.76392573e-01 5.21759212e-01 9.51400995e-01 -3.18563730e-01 6.55485615e-02 -5.55345297e-01 -7.40376711e-01 5.04351795e-01 -1.08697820e+00 -3.12297285e-01 7.55343676e-01 -1.23657227e+00 -3.80776823e-01 7.03330934e-01 -5.03712773e-01 -7.03581274e-02 -2.16449067e-01 8.20331097e-01 7.85678685e-01 1.27666041e-01 -4.28522289e-01 -1.97941601e+00 -5.58787227e-01 3.36535007e-01 5.03247440e-01 -8.21205735e-01 -1.71916649e-01 -3.94373775e-01 1.22951210e+00 -1.11499035e+00 9.70346779e-02
-2.90898290e-02 1.88721299e-01 -4.84668911e-02 -4.84649763e-02 -1.76993787e-01 -4.67054034e-03 1.78443920e-02 -4.18994017e-02 -7.26001933e-02 -2.65979469e-02 3.84506322e-02 9.86485556e-02 8.41083080e-02 -4.34484221e-02 1.36603951e-01 -1.58966243e-01 1.10574886e-01 1.78839877e-01 -7.12408638e-03 -2.91309714e-01 1.16291210e-01 3.70507203e-02 -2.45550722e-02 5.07626403e-03 -3.00740063e-01 -5.05313165e-02 2.00284701e-02 -5.11655696e-02 -1.02005592e-02 -9.88912396e-03 5.95841231e-03 -2.39630565e-01
-1.08930282e-01 2.08769113e-01 1.75661397e+00 5.49701810e-01 -1.53341794e+00 2.88269967e-01 -3.22805792e-01 -5.73006988e-01 8.87808919e-01 4.83011335e-01 2.39590093e-01 -4.79014456e-01 -9.88725662e-01 5.69925487e-01 2.12861940e-01 -4.43587065e+00 -3.28182071e-01 -4.98517990e+00 3.07046711e-01 -1.31275319e-02 -1.11770892e+00 1.11376727e+00 5.07135153e-01 1.48735717e-01 5.96889295e-02 -2.62956887e-01 -4.29907441e-01 7.26997912e-01 -2.93997139e-01 1.05496265e-01 -3.16944510e-01 2.56637394e-01
-9.77151155e-01 1.40014976e-01 1.61911890e-01 -7.03794420e-01 -1.24790661e-01 -5.45102842e-02 -1.29780933e-01 3.45471352e-01 3.52981538e-02 2.62055159e-01 1.60252869e-01 -3.40194225e-01 3.60390991e-01 6.66303873e-01 -3.50664556e-01 -4.31325704e-01 1.47924349e-01 -2.44504362e-01 -2.04619050e-01 5.34568578e-02 1.42834187e-01 6.93337798e-01 2.44421422e-01 -1.26819357e-01 -7.04579130e-02 1.31939545e-01 -6.79645777e-01 6.26003519e-02 1.15994997e-01 -5.23510218e-01 -1.14103049e-01 -8.43838573e-01

layers.2.bias:
-1.38416326e+00
-8.05395067e-01
3.43705237e-01
-4.64491665e-01
1.51355177e-01
-4.73623425e-01
2.59252340e-01
2.18202710e+00
6.11003458e-01
8.37889194e-01
-8.81642222e-01
-1.45066810e+00
-3.90075415e-01
8.94913137e-01
-2.76894629e-01
-7.38794506e-01
-7.44438022e-02
-8.13169658e-01
4.05668855e-01
-7.50497580e-02
-1.57580420e-01
8.31985056e-01
8.16940427e-01
-1.59753025e-01
-5.90841889e-01
9.90032554e-01
-1.01766682e+00
-1.10445178e+00
5.36380708e-01
-1.11489260e+00
1.51758626e-01
-8.90748873e-02
7.49276757e-01
1.30976781e-01
-3.81910682e-01
-8.05532653e-03
-1.29640818e-01
1.50285363e+00
1.05917096e+00
-2.15367153e-01
9.51873124e-01
-2.04698458e-01
-5.39451540e-01
1.61559284e+00
2.65733749e-01
-7.46601701e-01
1.03173828e+00
-3.67519438e-01
8.19751322e-01
1.58640206e+00
2.28871420e-01
2.76666790e-01
9.56381038e-02
-6.46033883e-01
1.40533134e-01
-3.95879522e-02
8.07024539e-01
-1.39260575e-01
-2.22239360e-01
-6.56845510e-01
8.03502560e-01
5.77030852e-02
-5.03636718e-01
5.04517794e-01

layers.4.weight:
3.11359614e-01 1.79130323e-02 -7.51474127e-02 3.53032090e-02 8.45481921e-03 1.00007109e-01 -1.01285208e-04 -6.99996948e-01 -1.89425990e-01 -4.33392674e-01 8.11488852e-02 9.04854178e-01 -1.74023914e+00 -8.61868113e-02 -1.49291214e-02 -1.47696817e+00 -1.22752634e-03 1.15315862e-01 1.57079428e-01 1.82835400e-04 1.13767544e-02 -1.02259547e-01 -1.17281035e-01 2.61289001e-01 -8.19605514e-02 -6.36939853e-02 5.16802371e-02 1.11676371e+00 -4.39112216e-01 4.12679493e-01 -3.75698581e-02 -1.79952189e-01 -1.20305002e-01 5.95404475e-04 5.04752323e-02 -8.80929758e-04 2.23282568e-05 -2.46699348e-01 -8.01564306e-02 4.70085740e-01 -1.12008572e-01 2.46162325e-01 2.84661539e-02 -1.59281567e-01 4.09310829e-04 1.36359394e-01 -6.00143895e-02 -4.26244194e-04 -6.32789060e-02 -6.61750793e-01 -1.98211581e-01 -4.98963520e-02 8.49887001e-05 2.24951888e-03 -1.38188899e+00 -3.63660016e-04 -2.91269757e-02 -4.03909445e-01 -9.29443464e-02 2.41864678e-02 -1.23391613e-01 -5.05158445e-04 1.02596319e+00 -4.36821505e-02

layers.4.bias:
-1.08086038e+00

