layers.0.weight:
3.31696361e-01 -5.67613244e-01 7.97264636e-01
5.69172144e-01 -8.09445798e-01 -5.80563486e-01
-8.31293464e-02 -6.13938749e-01 -5.77727258e-01
-1.07055378e+00 1.15616508e-01 4.58123112e+00
2.67282110e-02 4.11940843e-01 1.16166264e-01
-5.79876065e-01 8.58121514e-01 -1.84879377e-01
-1.31842160e+00 4.86020595e-01 -9.88645032e-02
-6.01682402e-02 7.88846374e-01 -9.23566997e-01
6.03414774e-01 -9.26082134e-01 5.12713566e-02
-1.11527514e+00 5.86289167e-02 -1.64189592e-01
7.53551662e-01 -9.85680073e-02 1.41279221e+00
-7.16238439e-01 -1.31785080e-01 -1.29353356e+00
-4.30584475e-02 7.12955832e-01 -1.57757306e+00
-1.16726887e+00 2.10410804e-02 5.00053525e-01
-6.46977663e-01 1.09646142e+00 7.52028525e-01
-1.81771189e-01 9.48456824e-01 1.64468549e-02
5.46070874e-01 -6.33792400e-01 -1.45019031e+00
-1.15504665e-02 1.12846863e+00 1.84981868e-01
8.07071701e-02 -9.54183042e-01 5.35116851e-01
3.41117471e-01 -1.28724232e-01 -8.64976227e-01
2.23475501e-01 1.65966094e-01 -5.10879010e-02
-3.24195027e-01 -2.56797969e-01 -1.00232065e+00
-4.64660525e-01 1.65601885e+00 -4.46076952e-02
-1.56447518e+00 4.06930357e-01 1.75152493e+00
1.05132234e+00 3.79940838e-01 -7.78481364e-01
2.59609371e-01 6.71772659e-01 -1.17486012e+00
-1.16151750e-01 -2.13369340e-01 1.90187418e+00
-3.97779703e-01 -2.44972542e-01 1.92939892e-01
3.22416067e-01 7.57217348e-01 -1.46468067e+00
-1.04933763e-02 4.65525806e-01 1.70563948e+00
-2.89658904e+00 2.84448242e+00 -1.78299040e-01
-1.26738083e+00 -5.19488692e-01 1.02004325e+00

layers.0.bias:
8.77201200e-01
4.81547834e-03
-1.42384720e+00
-6.34384930e-01
7.07518518e-01
-2.04255387e-01
-3.54310095e-01
2.86240637e-01
-7.45998621e-01
-1.59115899e+00
1.64644122e-01
1.80825554e-02
2.46107668e-01
-1.21306002e+00
-2.90836543e-01
1.43946290e+00
9.34610724e-01
1.82654703e+00
-6.68276668e-01
5.78918040e-01
-1.44309163e-01
-1.35729384e+00
1.02535832e+00
-7.05530941e-02
1.36946186e-01
5.60703695e-01
8.80503118e-01
-1.57881156e-01
-4.88352716e-01
7.31267482e-02
8.91685039e-02
-6.70209900e-02

layers.2.weight:
-3.67113739e-01 2.27939099e-01 8.42651650e-02 -5.07316291e-01 -2.13090368e-02 1.22872060e-02 1.09994113e-01 -4.30520475e-02 -1.27302215e-01 2.84375978e+00 6.45909011e-02 8.87827203e-02 -2.02923268e-01 2.41632819e+00 -1.93212405e-01 4.51726913e-01 -4.96166870e-02 6.38248265e-01 1.28658816e-01 -2.49726057e-01 2.30695769e-01 -5.32998703e-02 -5.60365617e-01 5.91617882e-01 -1.36362895e-01 6.31573737e-01 -8.12308073e-01 -1.17139868e-01 -1.78832114e-01 -2.40274042e-01 -3.31624448e-02 2.99530029e-01
-1.08447291e-01 2.12685317e-01 -8.53235424e-01 -7.47729931e-03 -3.38534355e-01 1.31900698e-01 -8.63578260e-01 -4.08376694e-01 6.03384376e-01 6.43065691e-01 2.85550594e-01 -2.19385430e-01 3.08807850e-01 -1.16940185e-01 -3.25258940e-01 2.76801437e-01 -2.37514719e-01 3.79454941e-01 -5.18148780e-01 5.10261618e-02 7.23529756e-01 -1.11283533e-01 -4.23708200e-01 -1.66249231e-01 1.58513233e-01 1.07016349e-02 -3.85455608e-01 -7.19871700e-01 1.58663660e-01 -2.81198323e-01 -7.74596035e-02 4.27342840e-02
2.65713692e-01 2.28474215e-01 3.22777539e-01 -6.21467888e-01 -9.64534342e-01 -5.07319987e-01 -9.28780079e-01 1.69772446e-01 7.40007520e-01 9.34436798e-01 -3.82198155e-01 -2.37967670e-01 2.75654979e-02 2.72312462e-01 -2.41624743e-01 -9.41451073e-01 -3.27346236e-01 -8.64621401e-01 9.57349688e-02 2.60944188e-01 -1.59447834e-01 -3.05508405e-01 1.45054422e-02 -1.14352238e+00 -2.28282377e-01 2.78189838e-01 -1.03997111e+00 -2.61779428e-01 2.32327491e-01 -2.54977018e-01 -4.08185393e-01 3.08646590e-01
1.73920065e-01 3.32231037e-02 -5.39034545e-01 1.27473962e+00 9.57029283e-01 6.37027383e-01 7.05880165e-01 -4.80653569e-02 -3.72364014e-01 -2.75246739e-01 8.98738354e-02 9.70299169e-03 -4.70010012e-01 -2.36101434e-01 2.68056303e-01 1.05954266e+00 -3.02875578e-01 1.04288757e+00 9.43678096e-02 -3.71613562e-01 -6.49399698e-01 -4.79540110e-01 7.17411518e-01 1.83287644e+00 -2.06815377e-01 -3.44060093e-01 4.27784026e-01 -7.28713870e-02 -5.29410243e-01 -1.42065570e-01 1.24236628e-01 2.65739352e-01
3.94267775e-02 -3.91317129e-01 3.37115318e-01 -5.07818878e-01 6.32662326e-02 -2.10351214e-01 -1.01275182e+00 2.28683874e-01 -7.08652511e-02 -4.14163113e-01 3.71510237e-01 -7.08543360e-01 8.68978918e-01 -8.23953390e-01 6.92850910e-03 -8.17135036e-01 -3.13084006e-01 -9.06361341e-01 -2.19060034e-01 -5.99434301e-02 9.22434628e-01 -4.87792343e-01 3.73223335e-01 -4.04701293e-01 -7.85978317e-01 7.09349930e-01 3.71977463e-02 -6.80330753e-01 -2.11511165e-01 5.62370539e-01 -7.36234933e-02 6.41637146e-02
-5.01581013e-01 1.94057524e-01 6.76898956e-01 1.56249404e-01 -1.12698448e+00 -1.62293300e-01 -1.65778734e-02 2.00048551e-01 3.20551693e-01 1.03818975e-01 6.85645819e-01 1.28022373e-01 -8.32277089e-02 4.41546217e-02 -2.07578763e-01 -1.42972565e+00 -3.81404698e-01 -1.87988091e+00 8.18377614e-01 -2.39355266e-01 -5.43162584e-01 1.06149472e-01 -4.84011799e-01 -1.93961680e-01 -4.20313388e-01 2.97303945e-02 1.52561188e-01 1.22561693e+00 -4.59832042e-01 -4.33531582e-01 -8.94792080e-01 8.27135086e-01
4.47385088e-02 1.85030997e-02 -2.07917213e-01 -6.88733440e-03 -1.90679356e-01 1.55303702e-01 -8.27754810e-02 -4.44487303e-01 -8.99828151e-02 2.42579222e-01 3.00082773e-01 7.90467188e-02 2.81559348e-01 3.95387076e-02 -4.10965793e-02 -3.64395767e-01 2.41608974e-02 2.83701103e-02 2.16289703e-02 -3.19406152e-01 -4.07648653e-01 8.23688582e-02 5.68823181e-02 2.66750418e-02 1.83953583e-01 2.54385680e-01 -3.58084261e-01 -4.21061754e-01 -1.47537902e-01 7.02611059e-02 -2.34544035e-02 1.10073976e-01
3.73670101e-01 1.42937511e-01 -3.38878095e-01 3.72171164e-01 1.62156343e-01 -6.97126865e-01 1.99480727e-01 4.81271058e-01 1.12395383e-01 -1.81937367e-01 -1.27172500e-01 9.60746229e-01 2.98790872e-01 -4.97777224e-01 -1.97646484e-01 1.26957804e-01 4.97529298e-01 1.11396946e-01 2.49610022e-01 4.73661095e-01 -1.49505472e+00 -8.74334335e-01 1.24260083e-01 2.98653364e-01 1.19855165e-01 7.20317423e-01 6.21067762e-01 6.23392701e-01 -6.47068322e-01 5.07991314e-01 5.53323068e-02 -1.93150267e-01
1.56151637e-01 1.99146811e-02 -7.37062991e-01 -1.67265967e-01 1.92011273e+00 -4.38475519e-01 -5.87211549e-01 -3.97613943e-01 -1.11097813e+00 1.66937202e-01 5.09499013e-01 1.96337327e-01 6.02023184e-01 -7.98525512e-01 3.73168647e-01 2.95897794e+00 1.96743935e-01 2.17959809e+00 -5.99370718e-01 -1.29554033e-01 2.45163932e-01 -4.00425375e-01 2.19609573e-01 3.10831994e-01 1.96560979e-01 3.36973667e-01 1.36514097e-01 -2.08282009e-01 -2.31966097e-02 2.67904252e-01 2.18123531e+00 -4.19756711e-01
-6.10287666e-01 1.26920179e-01 -1.22156568e-01 -5.12888253e-01 4.92445767e-01 2.87465248e-02 -7.43455216e-02 3.79931897e-01 4.19160932e-01 -1.65825814e-01 1.49177099e-02 2.29493544e-01 1.78874284e-01 1.24335520e-01 -3.57019067e-01 -5.56983173e-01 3.29305589e-01 -3.27565551e-01 -4.28204358e-01 -3.41148861e-02 -6.40414953e-01 -2.43665874e-01 1.05958216e-01 -6.41801730e-02 -2.17820808e-01 -9.59801078e-02 -1.64460063e-01 2.20480308e-01 2.53473729e-01 1.75957307e-01 1.56374469e-01 -1.80676710e-04
3.67506295e-01 -2.20401704e-01 1.39814243e-01 -4.30801839e-01 -9.08818424e-01 -5.08764982e-01 -3.17358643e-01 1.59001946e-01 5.78783333e-01 3.46733779e-01 -5.97415984e-01 -4.61275615e-02 9.17850852e-01 -3.03603858e-01 -2.71322697e-01 -4.04613644e-01 -5.62395871e-01 -1.17592192e+00 6.49049133e-02 3.42093557e-02 9.48941469e-01 -1.68060839e-01 -1.19839132e+00 1.05413526e-01 -3.22862238e-01 -1.59075838e-02 -4.97889012e-01 -3.87848765e-01 2.05536291e-01 -4.67428476e-01 -2.42873833e-01 6.31097555e-01
-1.09356493e-01 -1.52293533e-01 1.59870541e+00 -7.65462399e-01 -7.52170980e-01 1.87108681e-01 -1.07159257e-01 -4.48808610e-01 6.15235865e-01 1.88061500e+00 1.56405360e-01 -2.58198321e-01 1.92479029e-01 3.32352185e+00 4.74661477e-02 -8.94462645e-01 1.85917303e-01 -2.50383091e+00 5.89513004e-01 -4.58962172e-01 3.37441951e-01 5.02632558e-01 -2.14948356e-01 9.53097105e-01 -1.10465121e-02 -6.33754313e-01 3.94668251e-01 -1.56259254e-01 9.55227092e-02 1.43583745e-01 -2.46277601e-02 -4.16734725e-01
-6.00212455e-01 -8.64118412e-02 7.54925966e-01 6.30739510e-01 -7.48673439e-01 6.28963411e-01 2.56035954e-01 -1.06458652e+00 5.63593507e-01 7.14676201e-01 3.66753876e-01 1.32841483e-01 -7.18355477e-01 -2.56045777e-02 4.61645186e-01 -5.29434967e+00 -7.78954551e-02 -6.29034615e+00 6.57299459e-01 -1.17616355e+00 -6.76798642e-01 2.27573961e-01 5.95364213e-01 5.79634905e-02 -2.05413014e-01 -4.35410559e-01 -1.42983824e-01 6.12439990e-01 -6.88848615e-01 -1.23488925e-01 -8.99303079e-01 -3.14551771e-01
6.46190858e-03 -1.22211456e-01 -5.84000587e-01 -9.48937237e-02 -2.33187944e-01 -1.35003896e-02 2.49664500e-01 3.67299229e-01 4.00127172e-01 -1.63644940e-01 4.90457833e-01 -1.38403565e-01 3.64016712e-01 -8.29092443e-01 -3.51430565e-01 -1.56944171e-01 -2.10788354e-01 1.07966758e-01 -1.22376494e-01 1.51371852e-01 -1.50953401e-02 -1.10138051e-01 3.82538848e-02 -2.47842401e-01 -1.10416070e-01 7.86966562e-01 -3.62940282e-02 3.89116108e-02 -1.62115484e-01 2.27207705e-01 1.45886287e-01 3.37286919e-01
-7.64468849e-01 3.17556739e-01 8.28200728e-02 3.25962156e-01 -4.76361960e-01 5.39094567e-01 -3.96958649e-01 -1.16242602e-01 5.05010366e-01 -1.87810466e-01 -7.71865845e-01 2.52870083e-01 1.66228563e-01 -3.48713040e-01 -3.74657512e-01 -7.37230778e-01 2.52275735e-01 -7.65242040e-01 -3.42486978e-01 3.35729957e-01 1.29352677e+00 1.01779652e+00 -1.01067670e-01 1.35402113e-01 -4.39611763e-01 1.13085493e-01 -6.02336109e-01 1.66607261e-01 7.56824195e-01 -2.64689982e-01 -1.79554865e-01 2.05139101e-01
-5.52473903e-01 -6.34050220e-02 6.93389326e-02 1.42076164e-01 -2.61667848e-01 3.69960219e-01 -9.43941712e-01 -8.20922926e-02 7.80579671e-02 5.23726797e+00 5.73181033e-01 4.15106565e-01 2.13495657e-01 2.65266776e+00 -1.86959915e-02 -2.10841093e-02 -4.35045362e-01 -8.07095170e-02 9.39013716e-03 -2.13040411e-01 -6.82163119e-01 4.15087491e-01 3.60165745e-01 2.63669908e-01 -3.74935448e-01 -4.26679283e-01 -6.27550066e-01 3.16068083e-01 -9.22332034e-02 -6.53964579e-01 2.13937536e-01 -2.58543730e-01
-3.17393467e-02 1.54118568e-01 -6.97593838e-02 3.55251767e-02 4.47155861e-03 3.36997621e-02 1.43566262e-02 -5.48148230e-02 -1.15434183e-02 -1.96894705e-01 6.09362721e-02 4.21930999e-02 4.67079058e-02 8.27219561e-02 9.75452065e-02 1.40890963e-02 5.18314764e-02 6.21931255e-03 -7.64798233e-03 9.93110761e-02 2.35051572e-01 1.22686811e-01 -6.42409874e-03 5.18818237e-02 6.24473132e-02 1.18110422e-02 5.73199019e-02 3.04174185e-01 7.64615042e-03 -8.63672758e-04 5.73458709e-03 9.42662638e-03
1.04209669e-01 -1.32467717e-01 -5.98636508e-01 4.03546430e-02 1.06588244e-01 -1.94173932e-01 -2.15930700e-01 -3.06848556e-01 2.46200860e-01 -6.70227468e-01 5.43113872e-02 -1.40507100e-02 2.07572520e-01 6.69004545e-02 -7.10774958e-02 2.12557122e-01 -2.99618870e-01 4.91361260e-01 -1.41793504e-01 9.19507861e-01 2.78300107e-01 1.10310525e-01 -4.76556659e-01 -1.33225471e-01 -1.49379581e-01 -4.43107396e-01 8.33967626e-01 -5.10885060e-01 2.71584570e-01 3.03544104e-01 -3.80819105e-02 2.27215201e-01
-2.88854241e-01 -3.94505672e-02 -3.92732710e-01 -2.06516981e-01 6.14731073e-01 4.10919450e-02 2.17296585e-01 1.66554570e-01 1.79408193e-01 -3.93276483e-01 -1.57798141e-01 -9.11614835e-01 4.79506880e-01 -2.46112928e-01 -2.22046092e-01 5.15214324e-01 -6.66394606e-02 5.52545726e-01 2.84268353e-02 -3.49684581e-02 -5.32964282e-02 -2.24597305e-01 5.18435538e-01 -3.14836025e-01 1.57331258e-01 2.12351725e-01 -1.74042925e-01 3.49833578e-01 5.71831018e-02 3.46831381e-01 8.22171450e-01 2.29757458e-01
5.63332811e-02 1.57120571e-01 -2.62959246e-02 7.18761384e-02 3.47940847e-02 9.48531404e-02 -8.46431870e-03 -6.81351125e-02 -3.39136869e-02 7.10217506e-02 6.62460849e-02 1.09398834e-01 -6.69391528e-02 -1.50036320e-01 1.65210545e-01 5.86053550e-01 5.75582795e-02 -2.23255694e-01 -5.27133793e-03 -7.91992471e-02 -8.49712044e-02 -1.29838735e-01 5.51437177e-02 -5.39060161e-02 3.10626123e-02 1.37904853e-01 8.89461581e-03 -3.13815400e-02 9.87391397e-02 2.04097684e-02 1.53070930e-02 7.53899366e-02
5.86459219e-01 -1.56575724e-01 6.44282758e-01 5.37548482e-01 -1.58181280e-01 -3.20863008e-01 -7.05627382e-01 -1.44211680e-01 -3.01892161e-01 -9.93768513e-01 -8.37297514e-02 9.51660752e-01 4.83976364e-01 -5.43582618e-01 7.46748686e-01 5.95499218e-01 -6.47672936e-02 -2.55262613e-01 5.17726660e-01 4.77996528e-01 -4.88025755e-01 6.11285642e-02 4.27543610e-01 1.49304613e-01 1.12789087e-01 -3.61300111e-01 1.03359058e-01 3.23135257e-01 -1.35203123e-01 -7.14391097e-02 7.10674450e-02 4.16820586e-01
2.57850021e-01 -9.50821564e-02 7.12335333e-02 1.42858103e-01 7.87925273e-02 1.58857986e-01 8.89671445e-01 7.78449699e-02 4.76761609e-01 2.30673164e-01 3.25674087e-01 3.62594962e-01 -3.88412803e-01 -6.40315950e-01 1.01295061e-01 -9.40293849e-01 -3.00687533e-02 -6.83213711e-01 -9.03492197e-02 -4.17534590e-01 -5.01228929e-01 1.74381435e-02 2.77826667e-01 -5.79607822e-02 1.31966516e-01 -4.03135210e-01 -7.11808026e-01 3.88764411e-01 -1.16170958e-01 -1.91542849e-01 2.30688050e-01 -1.23048425e-01
4.41499464e-02 2.04030767e-01 -1.92786768e-01 3.46580118e-01 -2.40236685e-01 3.70310783e-01 3.61098498e-01 -2.15159014e-01 -4.00431380e-02 3.70440364e-01 -4.07793373e-02 1.62737250e-01 4.97859806e-01 5.75873077e-01 -3.56369138e-01 -9.48424876e-01 6.84331000e-01 -4.46753651e-01 5.22797219e-02 -1.92739308e-01 -4.15017784e-01 1.01279229e-01 -5.08706927e-01 1.37588143e-01 -3.42973709e-01 -5.65429740e-02 -1.15525045e-01 -3.89396548e-01 1.05340205e-01 -1.86734274e-01 -8.96699280e-02 -3.32120955e-01
7.56909668e-01 -1.15449123e-01 -3.17764282e-01 2.30099142e-01 1.68421775e-01 -4.83181775e-01 -7.37141669e-02 2.58835524e-01 2.66681194e-01 -2.59037328e+00 1.75146043e-01 1.07024334e-01 3.11281919e-01 -1.55717969e+00 2.05844492e-01 3.48794639e-01 6.72113746e-02 2.90884554e-01 -1.80338368e-01 -7.41651729e-02 5.17481863e-01 -2.72333950e-01 -2.83857733e-01 2.59915777e-02 -3.40595186e-01 -2.63426691e-01 4.12368169e-03 -1.68020844e-01 2.31369048e-01 1.70904696e-01 1.19463420e-02 -2.15148985e-01
-1.11385429e+00 8.67232506e-04 -2.40335882e-01 2.37966254e-01 3.73506963e-01 -4.88723889e-02 1.03887391e+00 -3.94764505e-02 -1.38420296e+00 8.28388989e-01 -5.97224832e-01 -1.08210199e-01 6.98399693e-02 1.72531947e-01 -5.42655349e-01 1.04555619e+00 4.73928332e-01 9.78720307e-01 -4.56900269e-01 -1.02918558e-01 6.68331385e-02 2.17717335e-01 9.05808926e-01 1.07987833e+00 -2.10281983e-01 4.61142302e-01 -5.11012673e-01 -3.61338794e-01 9.66705561e-01 -3.33522350e-01 3.40639591e-01 -2.79060125e-01
-5.90330124e-01 6.47500753e-01 8.52271821e-03 -1.79917932e-01 4.64158952e-01 1.91341430e-01 6.32915273e-02 5.05418599e-01 -2.55023420e-01 5.58928251e-01 2.22064443e-02 -1.03681579e-01 2.44408444e-01 2.90919125e-01 -5.74970722e-01 -3.46567243e-01 -9.25429314e-02 -1.50592431e-01 4.34389144e-01 -4.07204479e-01 -3.86596657e-02 -2.32189462e-01 -3.39233316e-02 -4.99177068e-01 5.74666597e-02 -2.35844150e-01 -6.03573501e-01 -4.48965877e-01 2.00928673e-01 -4.05531228e-01 -1.76519603e-01 -2.35965610e-01
-1.53097674e-01 1.41763180e-01 3.82889271e-01 3.95106137e-01 -7.85678551e-02 -2.87099808e-01 -1.25291646e-01 -3.54209892e-03 1.44744992e-01 -4.54965413e-01 -5.49852848e-01 -1.06307857e-01 -2.98505485e-01 -3.15655679e-01 1.29328206e-01 9.11472976e-01 -1.44896775e-01 4.19093192e-01 2.33104199e-01 1.81091562e-01 1.22182257e-01 -7.85504997e-01 2.10415453e-01 1.32371858e-01 2.85416156e-01 1.41724601e-01 4.43471670e-02 -6.50872707e-01 -2.63870478e-01 -7.68475235e-02 6.96320161e-02 -2.43463084e-01
-9.89948094e-01 4.56877083e-01 -8.13500166e-01 -1.01699781e+00 1.08400136e-01 -1.32752717e-01 -3.11461955e-01 5.88269114e-01 -9.83033255e-02 5.77991843e-01 -3.61028574e-02 1.77957565e-01 1.99976549e-01 3.80178064e-01 -2.30698716e-02 1.70549488e+00 7.01759756e-01 1.84590197e+00 -1.50102592e+00 8.15877169e-02 7.02181458e-01 -8.57582986e-01 -5.29061675e-01 4.11741078e-01 5.62593155e-02 -3.91776025e-01 2.61893183e-01 -1.70044348e-01 9.37313318e-01 -8.20884705e-01 5.16151428e-01 -4.56075132e-01
2.30258077e-01 -4.99633133e-01 8.49566087e-02 -1.39324710e-01 -8.47120881e-01 4.66005921e-01 3.02033331e-02 -5.05526304e-01 6.05518281e-01 8.76261234e-01 -2.53266901e-01 1.44335747e-01 5.68077743e-01 3.67394775e-01 -1.28184706e-02 -1.19995236e+00 -4.27026242e-01 -1.33609283e+00 2.37809494e-01 2.38655031e-01 1.77287772e-01 4.07147467e-01 1.10058703e-01 1.16294585e-01 2.28619099e-01 1.17305517e-01 -4.32957351e-01 -1.01564534e-01 -3.36939186e-01 -3.62857491e-01 3.56447548e-01 3.28356743e-01
-3.82986218e-01 -7.51617074e-01 5.20633817e-01 1.44901693e+00 -1.39601022e-01 -1.39674112e-01 -3.07809800e-01 -3.32623832e-02 -5.68370754e-03 6.22676238e-02 1.02731097e+00 -1.07055509e+00 -7.14556932e-01 -5.46687961e-01 -1.21170068e-02 -4.52147424e-01 -9.68876779e-01 2.66971409e-01 7.96855986e-01 -4.75199729e-01 1.12459409e+00 3.24908108e-01 -2.39913300e-01 -1.56900704e-01 1.54713169e-01 -8.77928287e-02 6.92311823e-02 -2.79714078e-01 -6.92454100e-01 1.11803102e+00 -7.75089145e-01 -1.65286392e-01
-7.16413736e-01 -1.82058036e-01 3.16472173e-01 1.24235146e-01 -2.00698785e-02 2.80632377e-01 2.95160145e-01 4.25346941e-02 -5.33831656e-01 -2.40651220e-01 -9.94191110e-01 2.95584142e-01 4.71123904e-01 8.61182883e-02 1.74546853e-01 -1.67142421e-01 3.48563939e-01 -2.69527286e-01 -6.46689311e-02 -3.51046890e-01 -8.29148293e-01 2.18650565e-01 9.04278234e-02 -6.85323238e-01 1.64604902e-01 5.81746519e-01 -1.19482510e-01 3.54608268e-01 -5.23172677e-01 -2.31099099e-01 -1.99620754e-01 -1.17569780e-02
-2.97418803e-01 -3.96346927e-01 -1.70596361e-01 -1.26215860e-01 -1.71489373e-01 1.00804828e-01 2.59085119e-01 3.20508420e-01 -7.50326753e-01 1.43978858e+00 -1.30370334e-01 -1.12876154e-01 -5.11921704e-01 4.84064341e-01 -7.29675889e-02 1.04688823e-01 -2.26793345e-02 2.27492675e-01 -1.59940988e-01 -2.14345828e-01 2.21823633e-01 1.48669794e-01 6.01000488e-01 8.32548589e-02 6.65901527e-02 -2.64818519e-02 -1.65344417e-01 1.66697368e-01 2.86161572e-01 3.35799068e-01 4.18743759e-01 9.22751129e-02
-8.44977573e-02 -3.51214558e-01 8.38508010e-02 -1.35455340e-01 -4.12040383e-01 5.08191645e-01 -2.62657404e-01 -3.87026280e-01 1.20729141e-01 -3.94651473e-01 -6.60145003e-03 4.49678361e-01 2.39656344e-01 3.39472681e-01 3.36454123e-01 -6.61892831e-01 -4.39640582e-01 -1.36206758e+00 -9.04378891e-02 -2.97430992e-01 -6.45567849e-02 9.24838722e-01 4.88816440e-01 5.65950155e-01 -3.54209125e-01 1.89956769e-01 9.39361304e-02 -3.00637335e-01 -3.49653900e-01 -2.92320251e-01 -1.84390053e-01 -2.05480084e-01
4.49296981e-02 -5.57264239e-02 1.31361410e-01 -8.77594054e-02 2.56421328e-01 -1.30051717e-01 4.33274098e-02 -3.39503735e-01 -1.58506244e-01 3.56540561e-01 1.52447224e-01 1.74809471e-01 7.52761364e-02 -2.98062265e-01 -4.61950228e-02 -2.80427337e-01 5.74701056e-02 1.51005849e-01 -1.65812030e-01 -5.29272139e-01 1.64706692e-01 -1.69276044e-01 -1.21078379e-01 -8.03209096e-02 -3.83602432e-03 2.16551706e-01 -5.84054105e-02 -1.48404865e-02 1.02641597e-01 7.53035396e-02 -4.70228464e-04 9.01172776e-03
5.11778668e-02 -4.87818837e-01 -2.12074950e-01 7.47323453e-01 -3.96633416e-01 -5.01348495e-01 1.19495794e-01 -1.51043773e-01 3.66726220e-02 3.04955196e+00 -5.69209158e-01 9.92832184e-01 6.57938421e-01 8.60039473e-01 6.78711355e-01 1.10078631e-02 7.96690658e-02 5.31762615e-02 6.38675869e-01 3.81163865e-01 2.38194451e-01 1.81699380e-01 -3.87642205e-01 1.05006897e+00 6.81494421e-05 1.40387192e-01 -3.25245917e-01 2.95194596e-01 1.19500600e-01 1.47086876e-02 8.97192359e-01 -3.08834650e-02
-1.17084377e-01 1.66762307e-01 1.19646050e-01 7.63804018e-02 4.52409685e-02 -5.69600612e-02 1.86402479e-03 1.24141596e-01 1.31628616e-02 -2.30659470e-02 1.60931796e-01 8.42121691e-02 9.07135382e-02 -2.49318071e-02 1.84139296e-01 1.98427543e-01 2.84506157e-02 -1.51923269e-01 -4.62694727e-02 9.18286219e-02 -1.61477342e-01 -4.91744429e-02 -1.53058609e-02 3.65674146e-03 -4.74411875e-01 -2.17927217e-01 4.98192050e-02 -1.14928164e-01 -6.56676888e-02 -5.23773022e-02 -6.57886360e-03 -4.38426077e-01
-9.82917193e-03 -8.95179212e-02 -5.92814386e-02 2.73415502e-02 -2.06859767e-01 1.37696182e-02 -2.35547405e-02 1.73753381e-01 7.90252388e-02 -4.22252491e-02 -1.39054013e-02 -2.09378842e-02 -6.61566854e-02 2.64171530e-02 -4.14038524e-02 2.26553231e-01 -1.15770236e-01 -1.31039202e-01 -6.90440508e-03 3.36993665e-01 -2.34923691e-01 -1.00566432e-01 8.12416896e-03 -2.17658356e-02 4.12282301e-03 -8.77096131e-02 -6.06848300e-02 -7.20357969e-02 -6.13377988e-02 5.65081649e-02 7.92107172e-03 1.65328402e-02
1.10272980e+00 -2.03477606e-01 4.31215078e-01 2.67613828e-01 -5.39733231e-01 -1.17181830e-01 -4.98590976e-01 3.70808616e-02 1.01677728e+00 -5.95013909e-02 -2.61094213e-01 1.27178818e-01 1.26520634e-01 1.47694096e-01 6.95460558e-01 -8.65878701e-01 -4.04103190e-01 -9.88345325e-01 6.63166225e-01 -2.16171831e-01 -8.49634528e-01 2.82613754e-01 -2.73589075e-01 1.45825073e-01 7.27336049e-01 8.26991163e-03 1.53562233e-01 -6.68921769e-02 -5.96317470e-01 1.54293403e-01 -2.81522185e-01 1.94713861e-01
2.33075261e-01 -3.97907913e-01 -1.76225781e-01 3.99387747e-01 4.72807996e-02 -6.35525286e-01 2.54984107e-02 -1.16265260e-01 4.54900533e-01 -3.13506603e-01 -2.51180738e-01 4.66171563e-01 3.48401219e-01 -3.07835191e-01 2.49331430e-01 -8.83068204e-01 -3.33433837e-01 -1.06621468e+00 7.91418850e-01 -4.12488908e-01 -2.97239482e-01 -2.46049836e-02 2.88910329e-01 6.63878322e-01 -1.38457045e-01 -3.56466115e-01 4.34051931e-01 3.94336879e-02 -2.21467718e-01 -4.29173231e-01 -7.56640807e-02 2.24757537e-01
5.67136295e-02 -7.90415034e-02 9.84477162e-01 1.56002700e-01 -2.17590904e+00 -3.31185430e-01 3.19488674e-01 -3.12011510e-01 9.38066602e-01 6.79390192e-01 -1.08079962e-01 -4.27816719e-01 -5.47605976e-02 5.23285210e-01 1.10536128e-01 -3.22857976e+00 -3.41761172e-01 -4.43494892e+00 5.01616001e-01 -3.53044085e-02 -7.78828204e-01 7.35281229e-01 1.21913597e-01 1.17637753e-01 8.16057846e-02 3.59971263e-02 3.90215784e-01 3.04021209e-01 -3.80303830e-01 -7.21990466e-01 -1.05473423e+00 3.47429633e-01
-2.07878038e-01 -2.33048573e-01 -2.33496934e-01 -3.13692033e-01 -2.45172366e-01 5.99326909e-01 1.25106037e-01 -4.44142483e-02 -1.13966800e-01 3.81154716e-01 -2.26744294e-01 1.88252479e-01 9.71267000e-02 -3.16076010e-01 -1.28775254e-01 -4.84828740e-01 3.29657733e-01 -6.07421935e-01 -3.64650577e-01 5.58072180e-02 -2.84282207e-01 4.15099114e-01 -8.92121494e-02 3.31717849e-01 4.39786315e-01 -4.65064406e-01 4.48936641e-01 -1.11291762e-02 1.12038165e-01 1.01523176e-01 -6.20540492e-02 -4.63052988e-02
4.30550873e-01 6.94729269e-01 7.00729609e-01 -4.20865417e-01 1.21706612e-01 1.41808644e-01 2.25329325e-01 -1.08559281e-01 -8.23414981e-01 9.95107591e-01 -3.01876485e-01 -2.24571943e-01 -4.21770573e-01 1.13740766e+00 1.44547537e-01 1.28438622e-01 4.53519896e-02 -9.83605981e-01 3.18170369e-01 -2.61977255e-01 1.85515396e-02 7.25570261e-01 -1.64315388e-01 -4.06420976e-01 5.30062079e-01 -7.61112273e-01 4.74202812e-01 -4.82359575e-03 -3.58384758e-01 -6.19549990e-01 6.86537893e-03 -3.25908154e-01
-1.30918017e-02 -3.47178698e-01 2.62437433e-01 -2.30456501e-01 -2.74143487e-01 8.53282139e-02 9.36827958e-02 -2.69082814e-01 -4.55446154e-01 -3.81146878e-01 -1.59424499e-01 6.08107261e-02 -4.95331548e-02 3.95141363e-01 5.24410367e-01 2.81130642e-01 3.21738154e-01 -5.31789005e-01 5.36682829e-02 2.15568319e-01 -2.51208931e-01 3.61853272e-01 -3.89533907e-01 1.06143072e-01 -3.38894874e-02 -2.17592373e-01 3.51944715e-01 7.14676857e-01 -3.85763109e-01 -5.15063703e-01 2.68046677e-01 3.28673542e-01
-1.13446510e+00 -2.99510658e-01 -8.59854668e-02 -1.09376240e+00 2.36401513e-01 1.19188190e-01 5.99878848e-01 6.17406249e-01 -3.19431752e-01 6.92982912e-01 -9.54404473e-01 7.73546219e-01 9.48946118e-01 7.00598121e-01 -3.64594460e-01 6.02240205e-01 2.44098246e-01 -1.97286323e-01 -4.62936461e-01 7.36408710e-01 -7.58517563e-01 -5.19649327e-01 -2.00070605e-01 1.62770912e-01 3.94120485e-01 9.07658935e-01 1.07365990e+00 8.17921221e-01 2.91654944e-01 -8.07662427e-01 2.42087260e-01 4.19020802e-01
-9.42994654e-02 9.22546908e-02 3.02934140e-01 -4.38484997e-02 3.42822820e-01 -1.25969797e-01 1.72786461e-03 3.18942964e-02 -3.28394137e-02 2.11746678e-01 3.14826742e-02 1.41116586e-02 -1.41932145e-02 -1.13385260e-01 9.12464783e-02 -1.42881632e-01 8.35408568e-02 5.52209243e-02 -1.54691259e-03 -4.12069291e-01 1.60556883e-01 -1.08596891e-01 1.04123615e-02 -2.99128462e-02 1.47880688e-01 -1.09866476e-02 7.76385888e-02 1.20379560e-01 3.31060663e-02 -8.37763846e-02 -1.23828016e-02 6.61184266e-02
4.25673090e-02 2.05389515e-01 8.34241211e-02 -1.27689810e-02 4.57554221e-01 -3.89732514e-03 5.53838253e-01 4.07983989e-01 -1.32212797e-02 -1.36860657e+00 -2.39052340e-01 4.27456260e-01 5.50302029e-01 -5.51234543e-01 -4.40332353e-01 2.23486111e-01 5.27231395e-01 -2.54299417e-02 -1.39201358e-01 -5.31782210e-01 9.53673422e-01 -4.37983960e-01 8.11519399e-02 -1.25247693e+00 -3.91728394e-02 6.46418810e-01 -8.82665277e-01 -9.74021435e-01 1.46668658e-01 -1.02918055e-02 -1.26832172e-01 -2.56912291e-01
7.09829271e-01 -2.90595174e-01 -1.70740351e-01 4.33377683e-01 -3.27426136e-01 -1.22013427e-01 -1.84676081e-01 -2.81705737e-01 7.81963527e-01 -1.67469054e-01 -1.31803855e-01 -3.59296873e-02 7.47789025e-01 -3.75349998e-01 3.48893255e-01 -8.41116548e-01 -2.68344413e-02 -9.47802663e-01 8.03592026e-01 -8.05563182e-02 -3.77979368e-01 1.55657277e-01 7.64652863e-02 1.44286945e-01 -2.22098548e-02 -2.54822284e-01 7.89561570e-01 5.74831426e-01 -4.82774734e-01 3.29872161e-01 -1.00605249e-01 2.77812898e-01
-2.41271168e-01 3.28558922e-01 -1.76720262e-01 -4.78456430e-02 -5.76536417e-01 -1.89464957e-01 1.28963396e-01 4.64752674e-01 -9.29222777e-02 -5.70689440e-01 -1.89611390e-01 -8.35992210e-03 -3.39335173e-01 1.64291158e-01 2.61043847e-01 -1.84480205e-01 -8.56256634e-02 2.59701282e-01 3.54652219e-02 3.64308774e-01 -2.49222949e-01 -4.68303971e-02 -3.71752419e-02 -4.40612808e-02 -1.12775840e-01 -1.07739925e-01 2.69111067e-01 -2.52651274e-01 1.07468560e-01 5.40660648e-03 3.66526023e-02 1.65805310e-01
5.22684939e-02 -4.82692033e-01 -7.43846521e-02 -1.22606337e-01 -1.28933936e-01 -1.55892164e-01 -9.51563790e-02 -1.53411582e-01 -3.02130818e-01 4.52384800e-01 -2.45437287e-02 8.82758275e-02 3.71461004e-01 2.73834765e-01 -2.03903094e-01 -6.97943568e-01 -1.85468465e-01 -1.77473679e-01 -2.87591806e-03 6.45684451e-02 8.50014314e-02 -2.17538364e-02 5.50049067e-01 4.34810892e-02 -3.17124575e-01 2.47447431e-01 3.21187913e-01 7.12279826e-02 -3.78412530e-02 1.08470507e-01 -9.50942412e-02 -2.84457743e-01
8.46722364e-01 2.39091087e-02 -4.35861617e-01 9.59147215e-02 -5.89432381e-03 3.38892967e-01 6.38548672e-01 3.66648048e-01 -2.95126587e-01 -7.63263106e-01 -9.54164743e-01 1.46852076e+00 2.00695515e-01 -7.97040701e-01 3.36892754e-01 3.16172302e-01 1.86630979e-01 2.89168239e-01 -1.98367432e-01 8.86762291e-02 -1.49130094e+00 -2.49137849e-01 -8.09076309e-01 -1.79390207e-01 -3.99808794e-01 1.24776609e-01 1.42800882e-01 6.52466178e-01 4.74073887e-02 -4.24944758e-02 1.83634251e-01 4.14065570e-01
-1.36354819e-01 4.95617725e-02 -1.11810088e+00 -1.91981578e-03 7.59715855e-01 4.06686515e-01 -1.06785104e-01 7.89120048e-03 -1.63787916e-01 4.63388622e-01 -3.33690047e-01 -1.29527974e+00 3.16928953e-01 -8.26080889e-02 -3.37356567e-01 1.34239233e+00 -1.30283702e-02 2.06220317e+00 -4.72607911e-01 1.33149683e-01 3.30073416e-01 -2.15364575e-01 1.33543402e-01 7.39652693e-01 -2.99652636e-01 7.29329169e-01 -2.93414369e-02 -3.48888993e-01 8.97870138e-02 1.96706370e-01 9.44725215e-01 -3.18702199e-02
-3.39973122e-02 4.43710864e-01 -1.45872608e-01 -6.35050714e-01 -1.58236250e-01 7.74242401e-01 3.60046268e-01 8.08582246e-01 3.77817661e-01 3.52957368e-01 9.32729840e-01 -2.42249951e-01 1.03907436e-01 3.08289945e-01 -5.95355704e-02 -8.51550698e-01 3.28125656e-01 -1.39389411e-01 -3.09840322e-01 -5.43560386e-01 -8.58918950e-02 -2.10442767e-01 2.10880816e-01 1.66867927e-01 -2.73048431e-01 1.73909739e-01 1.59419738e-02 4.87320386e-02 -5.52437603e-01 2.30571523e-01 -1.74929172e-01 1.41908899e-01
8.16438124e-02 3.15417610e-02 -8.85764658e-02 -4.66844207e-03 -1.36032924e-01 4.87264916e-02 -1.12534296e-02 7.03653693e-02 3.80453765e-02 -5.72768785e-02 -5.91151342e-02 -3.80093962e-01 2.54343063e-01 2.77777910e-01 -2.24356707e-02 4.31297667e-06 5.39119244e-02 -1.57964423e-01 1.42089263e-01 2.24813178e-01 1.00177556e-01 2.95251608e-01 -3.58603150e-02 2.85535812e-01 -1.18447088e-01 -2.84204721e-01 -1.90631405e-01 -1.34897724e-01 -2.96172053e-01 -1.57723844e-01 -3.01523507e-02 -2.91021258e-01
4.21345651e-01 -6.34861961e-02 5.39876699e-01 4.20769662e-01 3.57777417e-01 4.16231900e-01 9.53297615e-01 -3.85171592e-01 7.01407671e-01 -7.04528987e-02 -5.82651317e-01 1.35969922e-01 -5.48765242e-01 -3.32551152e-01 3.94852012e-02 2.83903211e-01 -6.58217251e-01 -4.68320966e-01 2.83437014e-01 -5.48718609e-02 -7.73503706e-02 5.59627175e-01 2.89999694e-01 6.70891643e-01 4.36128899e-02 -1.59286723e-01 -2.09104717e-01 1.48702338e-01 1.75557598e-01 4.43036377e-01 -1.20548874e-01 1.51260901e-04
-3.17297757e-01 -5.01206458e-01 1.60742795e+00 1.36725456e-01 -1.39136422e+00 -2.10439458e-01 -9.66167271e-01 -1.10211384e+00 3.90041471e-01 9.41006541e-01 -1.01487404e-02 -4.19643879e-01 -3.53707433e-01 8.02011251e-01 6.52802527e-01 -3.12900496e+00 1.54619858e-01 -3.53273630e+00 1.94628787e+00 7.87782252e-01 -6.66368365e-01 1.78077459e+00 -4.75447267e-01 1.59949645e-01 2.22879246e-01 -7.66003847e-01 -1.96473449e-01 6.34510696e-01 9.01768729e-03 7.54455999e-02 1.21961474e-01 3.31572413e-01
-1.73095393e-03 2.85045127e-03 7.32637793e-02 4.25879322e-02 3.56798887e-01 2.53038369e-02 -1.12683875e-02 2.10863538e-02 2.86586471e-02 -8.60590022e-03 -2.26544477e-02 -7.02200457e-02 1.02927402e-01 1.30995584e-03 -3.80277336e-02 -8.40982199e-02 1.45928953e-02 -7.49611780e-02 -6.24213368e-02 6.52240589e-02 1.02752909e-01 6.42119423e-02 -2.36936156e-02 3.94779034e-02 -1.44990832e-01 -1.55741289e-01 1.63572822e-02 4.13991958e-01 -4.40271422e-02 -5.95380962e-02 2.97061820e-03 -2.56107897e-01
-4.06806141e-01 2.10860252e-01 -9.53765810e-02 -1.06625624e-01 -3.38274002e-01 6.47984631e-03 -1.46910444e-01 7.26728022e-01 6.53091967e-02 -4.30636108e-02 -2.15195462e-01 7.44404435e-01 5.33042848e-01 3.13956946e-01 7.91826174e-02 -1.78075153e-02 -6.37731031e-02 -2.42947154e-02 -1.67215273e-01 3.76224983e-04 -1.43873811e-01 -5.92551947e-01 -2.78169245e-01 -2.35550106e-01 -3.39989811e-01 -1.52178302e-01 -6.44060791e-01 4.32702929e-01 -2.27705508e-01 -2.90417284e-01 -2.64990211e-01 5.03687382e-01
-5.35736140e-03 -2.23468408e-01 7.05348670e-01 2.52064735e-01 -8.49800766e-01 2.44349554e-01 4.06233966e-01 -6.82106316e-01 5.16915321e-01 3.48353654e-01 -1.15574844e-01 4.42651033e-01 -9.53540578e-02 1.64787591e-01 2.16376081e-01 -2.49044132e+00 7.96681792e-02 -1.32817185e+00 2.66161591e-01 1.64651006e-01 -5.33863604e-02 2.21216381e-01 2.45160013e-01 1.37207925e-01 -6.56144693e-02 -5.38166344e-01 -8.28901529e-02 -2.23290786e-01 -4.69328880e-01 -4.91842419e-01 2.01291725e-01 -4.89257842e-01
-2.60652423e-01 -4.03414108e-02 -1.81109220e-01 1.77741587e-01 -1.32296234e-01 8.91728476e-02 1.49187624e-01 -1.92234725e-01 -4.83432949e-01 1.67769837e+00 -3.44011813e-01 -1.09630302e-01 -3.01567048e-01 1.30523324e+00 -1.36380106e-01 -6.09413274e-02 -3.01734675e-02 4.15428891e-04 -1.72310233e-01 -3.44628960e-01 1.51144385e-01 1.78652212e-01 1.79380417e-01 -1.63965628e-01 -4.48230375e-03 5.02610877e-02 4.49674278e-01 3.41077387e-01 2.72796780e-01 -4.34554607e-01 4.00925726e-01 -2.34567732e-01
-1.70603082e-01 -1.99824929e-01 5.98617315e-01 5.06608546e-01 -1.18727602e-01 -3.89523506e-01 -1.01688063e+00 2.69276034e-02 2.34359607e-01 4.90581989e-01 1.10598356e-01 -8.01610723e-02 6.90697432e-02 2.36270443e-01 -2.52243161e-01 6.53653920e-01 1.47347553e-02 2.70979911e-01 -1.00018747e-01 -3.48310441e-01 8.61642420e-01 3.74101162e-01 3.27970058e-01 -5.94634712e-01 -8.04268718e-02 -7.25192130e-02 -1.77591652e-01 3.19367796e-01 -1.32332698e-01 3.57821494e-01 -2.22896039e-01 -1.68912962e-01
1.21763659e+00 -3.94618094e-01 5.84591746e-01 9.35878873e-01 -3.64813149e-01 1.70169786e-01 -5.97305119e-01 -6.69765472e-01 5.19196391e-01 -8.96870494e-01 -3.19339275e-01 7.42341816e-01 -1.20241463e+00 -3.52217138e-01 7.56792784e-01 -5.65945387e-01 -7.58538395e-02 -2.79792160e-01 7.04906404e-01 8.20019007e-01 1.84187353e-01 -3.97091508e-01 -1.89807463e+00 -5.66022635e-01 3.80713284e-01 5.84834993e-01 -8.34431589e-01 -2.53659129e-01 -4.23871666e-01 1.21807289e+00 -1.10139513e+00 5.00539243e-02
-2.76194010e-02 2.14894012e-01 -3.80990133e-02 -4.48365621e-02 -2.46589169e-01 -8.47797282e-03 2.57894993e-02 -4.88105007e-02 -4.72186599e-03 -1.14077292e-02 4.44304757e-02 9.34019089e-02 8.11598673e-02 -2.14230213e-02 1.11608841e-01 -2.75056839e-01 1.23213045e-01 1.01807736e-01 1.32606253e-02 -2.97169179e-01 1.07105501e-01 3.47952172e-02 -4.80647422e-02 9.57667269e-03 -3.12705249e-01 -5.51957823e-02 2.33462546e-02 -2.31046900e-02 -1.30401505e-02 -7.82143045e-03 -5.50429290e-03 -2.37228990e-01
-1.18871495e-01 2.11004615e-01 1.75687218e+00 5.48943520e-01 -1.53277516e+00 2.94516593e-01 -3.23986530e-01 -5.75612068e-01 8.96009386e-01 4.77642149e-01 2.42087230e-01 -4.89782453e-01 -9.88374472e-01 5.66748142e-01 2.14058235e-01 -4.45772219e+00 -3.25537860e-01 -4.98822689e+00 3.06183577e-01 -9.96929593e-03 -1.10315549e+00 1.11330509e+00 5.14499247e-01 1.37451053e-01 4.75599244e-02 -2.63028532e-01 -4.30493355e-01 7.17664540e-01 -2.95740217e-01 1.05583139e-01 -3.33806276e-01 2.79874682e-01
-8.61670732e-01 1.86953947e-01 1.73220053e-01 -7.41751373e-01 -8.29636678e-02 -6.33204728e-02 -1.73661321e-01 3.75532269e-01 5.44564798e-02 8.20726231e-02 1.16208822e-01 -2.97510564e-01 4.24170256e-01 5.36253452e-01 -3.96586061e-01 -3.70123506e-01 1.89982891e-01 -2.39997953e-01 -2.49746829e-01 7.12101981e-02 8.55085403e-02 7.20640957e-01 1.86406761e-01 -1.31156653e-01 -1.01451352e-01 1.83797196e-01 -7.14378476e-01 9.03588906e-02 1.20679915e-01 -5.62068701e-01 -1.46315873e-01 -7.72411346e-01

layers.2.bias:
-1.39103937e+00
-8.03567946e-01
4.07865852e-01
-9.91662145e-02
1.30050391e-01
-4.97663319e-01
2.63887763e-01
2.15244770e+00
6.32001162e-01
8.46770346e-01
-8.76136839e-01
-1.45433843e+00
-3.88794094e-01
8.97065699e-01
-3.05821210e-01
-7.36742139e-01
-7.62998909e-02
-7.88273573e-01
4.11555409e-01
-6.86468333e-02
-1.25936896e-01
8.04646730e-01
8.05907905e-01
-1.79490775e-01
-5.48256576e-01
9.85329270e-01
-9.81937468e-01
-1.10095537e+00
5.37084103e-01
-1.28035116e+00
1.63098916e-01
-4.46730964e-02
7.54142106e-01
1.30955398e-01
-3.84602815e-01
-1.21890316e-02
-1.30851686e-01
1.47946131e+00
1.04049075e+00
-2.19146520e-01
9.60426092e-01
-1.86574802e-01
-5.28301418e-01
1.60938704e+00
2.63301432e-01
-7.25193977e-01
1.05249965e+00
-3.68067086e-01
8.05971980e-01
1.61771548e+00
2.40896001e-01
2.91287094e-01
8.87406692e-02
-6.43516243e-01
1.27494872e-01
-4.02623489e-02
8.06364298e-01
-1.35984823e-01
-1.94590658e-01
-6.91077232e-01
8.02855790e-01
4.89819832e-02
-5.13860881e-01
5.86508632e-01

layers.4.weight:
3.12084973e-01 3.86028849e-02 -8.88277367e-02 3.44836488e-02 1.36395423e-02 9.80120227e-02 -4.35432943e-04 -6.97318316e-01 -1.97495565e-01 -4.28545564e-01 5.96502945e-02 9.02936876e-01 -1.72595453e+00 -8.45833346e-02 -1.22791706e-02 -1.47928309e+00 -1.51645974e-04 1.06330387e-01 1.80898219e-01 1.04039209e-03 2.01848578e-02 -1.00725524e-01 -1.19670399e-01 2.65009582e-01 -1.04489140e-01 -6.24223389e-02 5.60655184e-02 1.10870159e+00 -4.49475139e-01 4.09881592e-01 -3.59164178e-02 -1.82879329e-01 -1.34484023e-01 -8.70090676e-04 5.54310121e-02 2.43378527e-04 5.17740671e-04 -2.55546302e-01 -8.42967778e-02 4.83789980e-01 -1.08153939e-01 2.43941650e-01 4.38645296e-02 -1.55294612e-01 -3.31686460e-04 1.19569071e-01 -6.79061934e-02 -5.91889722e-04 -6.92666471e-02 -6.72840834e-01 -2.21893057e-01 -6.41460642e-02 -3.22125474e-04 6.64287619e-03 -1.41670907e+00 -2.64734321e-04 -2.52421815e-02 -4.14787769e-01 -8.47705752e-02 3.66422459e-02 -1.17361553e-01 -8.41748901e-04 1.02643132e+00 -4.08965833e-02

layers.4.bias:
-1.07815564e+00

