layers.0.weight:
3.31696361e-01 -5.67613244e-01 7.97264636e-01
5.69172144e-01 -8.09445798e-01 -5.80563486e-01
-8.31293464e-02 -6.13938749e-01 -5.77727258e-01
-1.07055378e+00 1.15616508e-01 4.58123112e+00
2.67282110e-02 4.11940843e-01 1.16166264e-01
-5.79876065e-01 8.58121514e-01 -1.84879377e-01
-1.31842160e+00 4.86020595e-01 -9.88645032e-02
-6.01682402e-02 7.88846374e-01 -9.23566997e-01
6.03414774e-01 -9.26082134e-01 5.12713566e-02
-1.11527514e+00 5.86289167e-02 -1.64189592e-01
7.53551662e-01 -9.85680073e-02 1.41279221e+00
-7.16238439e-01 -1.31785080e-01 -1.29353356e+00
-4.30584475e-02 7.12955832e-01 -1.57757306e+00
-1.16726887e+00 2.10410804e-02 5.00053525e-01
-6.46977663e-01 1.09646142e+00 7.52028525e-01
-1.81771189e-01 9.48456824e-01 1.64468549e-02
5.46070874e-01 -6.33792400e-01 -1.45019031e+00
-1.15504665e-02 1.12846863e+00 1.84981868e-01
8.07071701e-02 -9.54183042e-01 5.35116851e-01
3.41117471e-01 -1.28724232e-01 -8.64976227e-01
2.23475501e-01 1.65966094e-01 -5.10879010e-02
-3.24195027e-01 -2.56797969e-01 -1.00232065e+00
-4.64660525e-01 1.65601885e+00 -4.46076952e-02
-1.56447518e+00 4.06930357e-01 1.75152493e+00
1.05132234e+00 3.79940838e-01 -7.78481364e-01
2.59609371e-01 6.71772659e-01 -1.17486012e+00
-1.16151750e-01 -2.13369340e-01 1.90187418e+00
-3.97779703e-01 -2.44972542e-01 1.92939892e-01
3.22416067e-01 7.57217348e-01 -1.46468067e+00
-1.04933763e-02 4.65525806e-01 1.70563948e+00
-2.89658904e+00 2.84448242e+00 -1.78299040e-01
-1.26738083e+00 -5.19488692e-01 1.02004325e+00

layers.0.bias:
8.77201200e-01
4.81547834e-03
-1.42384720e+00
-6.34384930e-01
7.07518518e-01
-2.04255387e-01
-3.54310095e-01
2.86240637e-01
-7.45998621e-01
-1.59115899e+00
1.64644122e-01
1.80825554e-02
2.46107668e-01
-1.21306002e+00
-2.90836543e-01
1.43946290e+00
9.34610724e-01
1.82654703e+00
-6.68276668e-01
5.78918040e-01
-1.44309163e-01
-1.35729384e+00
1.02535832e+00
-7.05530941e-02
1.36946186e-01
5.60703695e-01
8.80503118e-01
-1.57881156e-01
-4.88352716e-01
7.31267482e-02
8.91685039e-02
-6.70209900e-02

layers.2.weight:
-3.24398398e-01 2.64746547e-01 1.04804590e-01 -5.52581966e-01 -6.18045032e-02 -5.68049289e-02 1.83526441e-01 -1.69493153e-03 -1.80456504e-01 2.67096925e+00 7.80430110e-03 1.75923973e-01 -1.54620647e-01 2.33506370e+00 -2.68043160e-01 5.29024959e-01 -4.78852307e-03 7.07009912e-01 1.04951493e-01 -1.98772058e-01 1.78302974e-01 -1.50581645e-02 -5.72736263e-01 5.25385499e-01 -1.44730464e-01 6.84878290e-01 -8.56009007e-01 -9.25546214e-02 -1.43387556e-01 -2.87368596e-01 -3.11267316e-01 3.19961011e-01
-9.64069441e-02 1.87685102e-01 -8.33565772e-01 5.27461059e-02 -4.50994164e-01 1.49319246e-01 -6.99907541e-01 -5.06944656e-01 5.98474443e-01 6.98084891e-01 3.35721284e-01 -2.67476261e-01 2.39287421e-01 6.93600550e-02 -3.30799788e-01 1.38919577e-01 -3.55098635e-01 2.96567619e-01 -3.94470215e-01 -7.79433846e-02 6.14839375e-01 -1.04873426e-01 -4.49147731e-01 -5.14343157e-02 -6.85666036e-03 -8.97101685e-02 -3.24532539e-01 -4.93554652e-01 5.42466119e-02 -2.18553647e-01 -1.95513293e-02 1.99492648e-01
-2.57370085e-01 -2.67569244e-01 4.51641828e-01 -4.82033461e-01 -1.56301773e+00 2.01223224e-01 -1.47270158e-01 -1.72061287e-02 3.40431482e-01 1.17000759e+00 -3.47307891e-01 -3.26291144e-01 -1.18352801e-01 4.15690243e-01 1.76562399e-01 -1.21192551e+00 -4.39901829e-01 -1.44575047e+00 3.61326039e-01 1.19835705e-01 -4.66728330e-01 -1.24112308e-01 4.42556530e-01 -9.92037594e-01 -7.03078806e-01 1.26955271e-01 -8.95448983e-01 9.29209352e-01 -1.88765675e-02 -1.05184205e-01 2.11747304e-01 6.99448884e-01
5.51213995e-02 -3.32780123e-01 2.61099070e-01 1.15260911e+00 5.05761743e-01 5.77168226e-01 8.48539352e-01 -4.92930450e-02 -3.90954375e-01 1.61467627e-01 -3.05710230e-02 1.14789605e-01 -3.84093493e-01 3.10952693e-01 8.40669334e-01 2.02406597e+00 -7.31630683e-01 9.05889928e-01 1.11223444e-01 -8.76448691e-01 -5.60234606e-01 5.69272339e-02 5.81545115e-01 1.25273335e+00 -2.98709810e-01 -3.55284631e-01 3.04718971e-01 1.48382857e-02 -4.75899577e-01 -3.33516955e-01 1.63912192e-01 2.80072987e-01
7.13554695e-02 -4.12130713e-01 2.80718207e-01 -4.31224912e-01 3.93553749e-02 -2.54521847e-01 -9.19139266e-01 1.54934004e-01 -3.83862145e-02 -4.08847749e-01 4.39722091e-01 -7.48730719e-01 7.91777730e-01 -6.57995045e-01 -2.23255605e-02 -8.79067898e-01 -3.75210702e-01 -9.22433734e-01 -1.47776514e-01 -1.43282890e-01 8.67621124e-01 -5.57096720e-01 3.13004881e-01 -3.18562806e-01 -8.25285614e-01 6.28644764e-01 1.13763765e-01 -5.73812842e-01 -2.59561121e-01 6.30419612e-01 -1.64801210e-01 7.64691159e-02
-5.92514157e-01 1.68444768e-01 3.12842160e-01 3.98941368e-01 -8.54736447e-01 -6.88211173e-02 -8.95122051e-01 1.86935544e-01 8.03708255e-01 -5.07209897e-02 9.48049903e-01 -1.23304293e-01 -2.98526049e-01 -3.38991165e-01 -3.03064436e-01 -1.49607015e+00 -4.97234046e-01 -1.48576403e+00 5.83391428e-01 -4.38761950e-01 -1.45432889e-01 -1.76660374e-01 -3.52668643e-01 -1.92822348e-02 1.13792799e-01 -9.22704935e-02 3.67795259e-01 7.15569258e-01 -2.21548840e-01 -1.96169540e-01 -1.27603030e+00 2.94549018e-01
5.56255095e-02 -2.91730394e-03 -2.09491670e-01 -1.03502581e-02 -1.45100489e-01 1.56809121e-01 -8.45399797e-02 -4.47741359e-01 -9.17616040e-02 2.27629870e-01 2.98101187e-01 7.90063739e-02 2.84237832e-01 -1.59393623e-02 -2.89542996e-03 -3.19578111e-01 2.58769784e-02 4.99059372e-02 6.93475828e-03 -2.95390517e-01 -3.93228740e-01 8.88339803e-02 1.37975678e-01 1.11503834e-02 1.79772884e-01 2.60609210e-01 -3.60673845e-01 -4.51278448e-01 -1.73518911e-01 6.86941892e-02 -1.25459079e-02 1.40771985e-01
6.03981987e-02 -2.21041013e-02 -4.66180176e-01 4.42461282e-01 4.09006804e-01 -4.48849797e-01 3.81833017e-01 5.06706774e-01 -2.66863555e-01 -8.16329122e-02 -6.35969415e-02 8.70861530e-01 2.40562305e-01 -3.94632697e-01 -3.99856865e-02 6.38398468e-01 4.08696622e-01 3.50187957e-01 -2.59599425e-02 3.86565775e-01 -1.40152752e+00 -9.01853323e-01 2.99557209e-01 3.99216622e-01 1.26683667e-01 6.72705114e-01 6.85977042e-01 8.85295868e-01 -6.24590874e-01 5.84351242e-01 3.21015060e-01 -2.19472721e-01
2.41038233e-01 3.07436645e-01 -6.44441724e-01 -3.04829508e-01 1.57801807e+00 -6.14647865e-01 -6.11342847e-01 -3.60096306e-01 -7.24848330e-01 6.88863099e-02 4.06018108e-01 2.93213904e-01 7.26382077e-01 -4.31861639e-01 1.74268716e-04 2.65828133e+00 3.89943749e-01 1.77070606e+00 -5.11315048e-01 1.60758365e-02 -6.81126118e-02 -3.16174150e-01 -9.20678750e-02 2.69656301e-01 1.69076771e-02 4.27278638e-01 1.16508175e-02 6.97046593e-02 -4.62354757e-02 1.11176014e-01 1.95424271e+00 -2.65394330e-01
-6.04416549e-01 1.53538927e-01 -1.21535614e-01 -5.09076118e-01 4.75829273e-01 2.48555979e-03 -1.03940807e-01 3.62043917e-01 4.48442906e-01 -1.87401116e-01 2.73320917e-02 2.18027294e-01 1.69832990e-01 1.38432980e-01 -3.81943226e-01 -5.63590646e-01 3.53814483e-01 -3.42326045e-01 -4.08982515e-01 -3.28914262e-02 -6.39477670e-01 -2.46200860e-01 9.61647779e-02 -6.02999628e-02 -2.08549380e-01 -1.03900447e-01 -1.60767570e-01 2.17532128e-01 2.51790553e-01 1.78870380e-01 1.12788461e-01 -4.51473054e-03
2.29143411e-01 -3.28655988e-01 5.04960073e-04 -3.18303466e-01 -7.47716188e-01 -3.41179371e-01 -3.53112847e-01 6.17081113e-02 7.37439573e-01 2.94106662e-01 -4.85247493e-01 -1.58015728e-01 8.06420267e-01 -3.09651405e-01 -1.78634793e-01 -5.74118257e-01 -6.54302359e-01 -1.18782973e+00 1.22872680e-01 -7.03153536e-02 1.03027976e+00 -2.74646968e-01 -9.45066512e-01 2.13614836e-01 -2.74092913e-01 -1.16561465e-01 -3.86697203e-01 -3.57175082e-01 2.04640627e-01 -3.56297523e-01 -1.44054249e-01 5.71621060e-01
-6.97604567e-02 8.89309272e-02 1.67104065e+00 -8.61949325e-01 -8.67064595e-01 9.98089537e-02 -3.08580138e-03 -4.14013237e-01 9.47911739e-01 1.87107599e+00 4.52503301e-02 -1.15739942e-01 2.80478358e-01 3.25957489e+00 -1.50059462e-01 -8.49910378e-01 3.28670382e-01 -2.64242530e+00 6.09102964e-01 -3.32911789e-01 2.35541284e-01 5.84789813e-01 -3.20084006e-01 8.67470324e-01 -9.89812016e-02 -5.66652775e-01 3.07339370e-01 -7.82477930e-02 7.48268142e-02 4.14317995e-02 -4.40149494e-02 -3.18592191e-01
-4.25083041e-01 -1.75953209e-02 8.56307209e-01 4.72715557e-01 -1.03827107e+00 4.27826822e-01 3.50788474e-01 -1.04247749e+00 5.54698706e-01 5.69375634e-01 1.47589639e-01 4.78569418e-01 -5.76776385e-01 -7.69044831e-02 3.56811225e-01 -5.50395155e+00 3.21127586e-02 -6.67702341e+00 7.61308193e-01 -1.02823830e+00 -9.62155104e-01 3.28023404e-01 3.95021319e-01 -7.70518556e-02 -2.44095668e-01 -3.10240149e-01 -2.89596289e-01 8.66585851e-01 -6.84854627e-01 -2.98388809e-01 -1.05340850e+00 -2.99795389e-01
1.62258130e-02 -1.58328399e-01 -6.24111056e-01 -6.08731844e-02 -1.79704681e-01 -1.87337827e-02 2.15273321e-01 3.39944720e-01 3.82531375e-01 -1.93576396e-01 5.34935713e-01 -1.95469588e-01 3.29341501e-01 -8.17501605e-01 -3.35114181e-01 -9.64334086e-02 -2.43909359e-01 1.79158881e-01 -1.12912968e-01 1.19551189e-01 -1.14101609e-02 -1.44526958e-01 5.07546961e-02 -2.12964728e-01 -1.19042344e-01 7.57218003e-01 -3.81096313e-03 4.00800966e-02 -1.75093070e-01 2.62257218e-01 1.24779515e-01 3.45545948e-01
-9.85848069e-01 2.69203812e-01 -1.42540351e-01 2.71624088e-01 6.28089672e-03 6.31352901e-01 -3.31239402e-01 -2.35839356e-02 3.56772929e-01 -2.65799880e-01 -8.22835922e-01 3.03140551e-01 2.26326168e-01 -4.02818948e-01 -3.43325108e-01 -5.88947058e-01 2.95061350e-01 -5.57011127e-01 -4.98726338e-01 3.85890543e-01 1.33941817e+00 9.74037766e-01 1.16012245e-02 1.19041152e-01 -1.93180621e-01 1.80961996e-01 -6.60988033e-01 -1.12370819e-01 8.72549176e-01 -3.12141836e-01 -6.88013211e-02 -2.47074179e-02
-4.59890395e-01 -1.98395848e-02 1.18725970e-01 6.38490170e-02 -2.20385417e-01 1.96059644e-01 -8.59610140e-01 -4.20402698e-02 1.31812599e-02 5.32132578e+00 4.88831252e-01 4.98537451e-01 2.85476863e-01 2.61585665e+00 6.67986972e-03 3.39814164e-02 -3.67214561e-01 -1.12130575e-01 3.26168798e-02 -1.33935288e-01 -7.65708506e-01 4.77624685e-01 1.06081396e-01 2.10973561e-01 -4.64562029e-01 -3.67306292e-01 -7.03031540e-01 4.06010598e-01 -1.35900274e-01 -7.30274916e-01 4.56007808e-01 -1.72865570e-01
-3.32273468e-02 1.38451338e-01 -6.82587102e-02 3.88898440e-02 1.49572166e-02 1.88526195e-02 1.59432385e-02 -5.79866059e-02 -4.78445971e-03 -1.95130914e-01 6.23164698e-02 4.36042510e-02 4.23988700e-02 7.90389851e-02 1.25855356e-01 1.72692481e-02 4.86718118e-02 2.66177906e-03 -1.22246994e-02 1.12070322e-01 2.47465953e-01 1.23988941e-01 2.20553088e-03 3.57861556e-02 6.86578676e-02 1.49009870e-02 6.05780818e-02 2.92402148e-01 5.54326316e-03 2.57380214e-03 -7.88729731e-03 1.00883888e-02
1.80031061e-01 -9.35714692e-02 -5.22538900e-01 2.32287608e-02 -1.33345220e-02 -2.34495580e-01 -2.62139380e-01 -3.12741697e-01 3.81819516e-01 -6.68966174e-01 3.99260744e-02 5.99520281e-03 2.26333186e-01 5.22568598e-02 -1.13063984e-01 2.81756986e-02 -2.83672720e-01 3.25611889e-01 -5.83723411e-02 9.37142432e-01 2.74204850e-01 1.38744235e-01 -5.42029858e-01 -1.51209950e-01 -1.24273010e-01 -4.17976558e-01 8.18329275e-01 -4.98263836e-01 2.52177656e-01 2.85291463e-01 -8.46834183e-02 2.04544783e-01
-2.88088173e-01 -7.03577921e-02 -2.90981948e-01 -2.30503678e-01 4.24910456e-01 3.07807382e-02 1.28660187e-01 1.39135510e-01 4.09965903e-01 -3.98536444e-01 -1.77381799e-01 -9.15638447e-01 4.96354878e-01 -2.24149019e-01 -1.75165161e-01 1.85194120e-01 -1.04208574e-01 3.42586845e-01 1.37338951e-01 -4.39205281e-02 1.82956103e-02 -1.72839209e-01 4.61403072e-01 -3.44885230e-01 2.56917804e-01 2.15349689e-01 -1.99601576e-01 2.92998821e-01 6.06204644e-02 3.27974021e-01 4.88245338e-01 1.07462764e-01
5.40449917e-02 1.85496584e-01 -2.35649366e-02 7.55713508e-02 -5.90532385e-02 9.88999531e-02 -1.23676304e-02 -6.58503324e-02 3.89395319e-02 8.11404735e-02 6.87828735e-02 1.10644735e-01 -6.97190315e-02 -9.29697603e-02 1.12628825e-01 4.58280087e-01 5.44943102e-02 -2.76647389e-01 7.81853404e-03 -1.01382874e-01 -1.06881276e-01 -1.36451751e-01 9.92184505e-04 -2.53177322e-02 3.88047621e-02 1.27025977e-01 1.16345892e-02 6.79736724e-04 1.18326932e-01 2.22868361e-02 -2.75543872e-02 4.14325371e-02
5.91391563e-01 -1.04364842e-01 6.14017963e-01 5.23112297e-01 -1.40065148e-01 -3.23484123e-01 -6.95781648e-01 -1.27846837e-01 -2.79736906e-01 -9.72978830e-01 -1.03564635e-01 9.92435336e-01 5.01176894e-01 -4.91595000e-01 6.66554749e-01 6.32411718e-01 -3.73682976e-02 -1.42063126e-01 5.01893044e-01 4.89724159e-01 -5.27383685e-01 5.39771505e-02 4.87044036e-01 1.70233756e-01 9.15031955e-02 -3.57983708e-01 8.92462209e-02 3.56974751e-01 -1.12372853e-01 -8.95026624e-02 8.50538984e-02 4.28221464e-01
1.79045975e-01 -1.50234327e-01 1.16749845e-01 1.06246442e-01 6.46540523e-02 2.17943504e-01 9.16221499e-01 1.37525201e-01 4.23521698e-01 2.93516785e-01 2.93995529e-01 3.83158147e-01 -3.50373238e-01 -5.97658217e-01 1.89869076e-01 -9.29437399e-01 -4.87896241e-02 -6.92643940e-01 -1.63530275e-01 -4.11418736e-01 -4.13612813e-01 6.32407963e-02 3.24934155e-01 -8.73242468e-02 1.93942755e-01 -3.68482262e-01 -7.51981556e-01 3.04937094e-01 -4.03618217e-02 -2.25568488e-01 3.06643426e-01 -1.83454081e-01
7.46085821e-03 8.57057497e-02 -2.12722212e-01 3.74645352e-01 -1.61264971e-01 4.16472733e-01 4.34661955e-01 -2.26831526e-01 -1.52738854e-01 4.12097186e-01 -1.52611481e-02 1.32682368e-01 4.70177442e-01 6.80065215e-01 -2.39812687e-01 -8.36399317e-01 6.15794420e-01 -3.87001395e-01 3.47762443e-02 -2.37640917e-01 -3.50363046e-01 8.94386470e-02 -4.35305774e-01 1.58240780e-01 -3.21848422e-01 -8.21879059e-02 -8.99184272e-02 -4.30385947e-01 9.96991545e-02 -1.54749513e-01 -2.43981574e-02 -3.40219200e-01
7.58090913e-01 -1.60003603e-01 -3.16906422e-01 2.63130009e-01 1.63862407e-01 -4.64691818e-01 -5.11785112e-02 2.55027503e-01 2.88326234e-01 -2.73652458e+00 2.15984643e-01 4.16488126e-02 2.88605183e-01 -1.59303451e+00 2.27062553e-01 3.47592652e-01 2.32606549e-02 2.94662535e-01 -1.90436900e-01 -1.13017000e-01 5.00396252e-01 -2.96221465e-01 -2.53975779e-01 3.64179462e-02 -3.60479802e-01 -2.75787711e-01 3.50408964e-02 -1.69176564e-01 2.33420774e-01 2.06256494e-01 -2.98591495e-01 -1.82828471e-01
-8.53946328e-01 2.26080660e-02 -1.36903793e-01 2.49776378e-01 1.02984779e-01 -2.51240551e-01 1.09298372e+00 -2.25956440e-01 -1.13304448e+00 7.44357049e-01 -5.92350245e-01 -9.62867290e-02 3.50117646e-02 1.66797385e-01 -5.67822874e-01 4.40268010e-01 4.74972129e-01 5.62810898e-01 1.89799264e-01 -1.01617195e-01 -9.12405401e-02 2.19384044e-01 7.50988960e-01 1.08390617e+00 -4.54974353e-01 3.97103310e-01 -4.92001355e-01 -1.22098133e-01 7.75689185e-01 -3.24819863e-01 2.61146456e-01 2.07592007e-02
-5.18937409e-01 6.16560578e-01 -8.09333771e-02 -1.03072315e-01 5.95984221e-01 1.34171352e-01 -2.15672124e-02 4.77684975e-01 -2.81313777e-01 4.73991096e-01 1.05697781e-01 -1.94276065e-01 1.77704945e-01 2.11126715e-01 -5.70560575e-01 -1.78100049e-01 -1.58496231e-01 -2.42088009e-02 4.21846718e-01 -4.37311739e-01 -2.10932232e-02 -3.10948640e-01 -8.80246516e-03 -4.60464031e-01 7.75184929e-02 -2.45314226e-01 -5.26859343e-01 -4.89857405e-01 1.37165591e-01 -3.25305074e-01 -2.73222208e-01 -2.42571861e-01
-1.17826112e-01 2.20056623e-01 4.51414317e-01 3.68126392e-01 -2.79445171e-01 -3.10075581e-01 -4.33762372e-02 -2.70750187e-02 2.67349750e-01 -4.42746997e-01 -5.85285425e-01 -5.23467511e-02 -2.81375349e-01 -2.22117811e-01 6.15904965e-02 6.02663577e-01 -9.91317257e-02 2.02133298e-01 3.15978080e-01 1.93795115e-01 1.83550250e-02 -7.49354243e-01 1.57673419e-01 1.11555658e-01 2.31861383e-01 1.44827306e-01 2.23313328e-02 -4.92517352e-01 -2.84708470e-01 -1.10894009e-01 1.03404589e-01 -2.06795394e-01
-7.15583205e-01 4.98196691e-01 -5.62403917e-01 -1.03018737e+00 -3.31167012e-01 -2.89094388e-01 -3.30882549e-01 3.49866033e-01 1.41017109e-01 4.46256369e-01 -7.47993886e-02 2.08319351e-01 1.92622885e-01 2.73169637e-01 -5.54963723e-02 9.70698059e-01 7.12735176e-01 1.06605983e+00 -3.73926312e-01 9.58170816e-02 4.39124167e-01 -7.28933215e-01 -7.29615271e-01 3.98408741e-01 -3.32852066e-01 -4.44970280e-01 2.62737185e-01 4.45062757e-01 4.49945956e-01 -8.35245669e-01 1.65764540e-01 -6.70228451e-02
9.80050638e-02 -5.91967404e-01 -1.00734070e-01 -6.23399206e-02 -5.18844008e-01 5.85004389e-01 9.10141766e-02 -4.93010253e-01 4.65160131e-01 9.76001143e-01 -1.70340613e-01 5.74044399e-02 4.99593318e-01 4.71640915e-01 7.73875043e-02 -9.88646090e-01 -5.10171175e-01 -9.49523091e-01 -3.83284166e-02 1.57291159e-01 3.05778325e-01 3.06351900e-01 2.28203520e-01 2.03428298e-01 2.93589145e-01 5.48680164e-02 -3.59292477e-01 -3.07694763e-01 -2.83323497e-01 -2.85460711e-01 4.95103240e-01 2.65532583e-01
-4.55100909e-02 -9.76432562e-01 3.54302943e-01 1.59833097e+00 1.16654836e-01 8.58245715e-02 -1.35326385e-01 -2.72366673e-01 -2.15662658e-01 2.15607673e-01 1.10223711e+00 -1.00500810e+00 -1.11578774e+00 -3.45679462e-01 1.89203218e-01 -1.28821254e-01 -1.26236320e+00 5.42952955e-01 6.36574209e-01 -7.07130075e-01 8.62728298e-01 1.78479210e-01 5.73207112e-03 3.97399394e-03 -6.94269920e-03 -5.17835259e-01 2.19172701e-01 3.06068435e-02 -8.92748713e-01 1.27605116e+00 -6.31531417e-01 -1.67329498e-02
-5.65671980e-01 -2.48363584e-01 5.53998947e-02 2.16918424e-01 3.75479043e-01 1.22445710e-01 1.05999038e-01 2.94919670e-01 -4.85535532e-01 -4.81861889e-01 -8.33143055e-01 1.33821100e-01 5.68635464e-01 -4.91387881e-02 2.28786275e-01 8.49514455e-02 2.85424620e-01 1.16032533e-01 -3.47809672e-01 -3.54994208e-01 -5.29138267e-01 -6.08918294e-02 4.99212593e-02 -6.83815837e-01 3.27598780e-01 8.85969698e-01 -2.95350868e-02 -2.45186463e-01 -3.72450113e-01 -1.37706995e-01 -3.71108323e-01 -1.46072686e-01
-2.96979547e-01 -3.56269449e-01 -8.96860436e-02 -1.77646056e-01 -2.57260561e-01 -1.84802599e-02 2.10510090e-01 2.81865180e-01 -6.52101219e-01 1.44377065e+00 -1.69892207e-01 -1.15181193e-01 -4.78743464e-01 4.83361602e-01 2.56851260e-02 8.98694061e-03 3.18871029e-02 9.25169662e-02 -4.04948033e-02 -1.69955164e-01 2.44039595e-01 1.92453742e-01 4.67919111e-01 5.40539483e-03 3.26223224e-02 -4.08021659e-02 -2.15832815e-01 1.79454580e-01 2.59920448e-01 2.86390215e-01 3.34852248e-01 1.26846910e-01
-8.59956667e-02 -3.64557296e-01 -2.60854792e-02 -9.50030610e-02 -3.10382634e-01 4.81609583e-01 -1.78973749e-01 -4.24188972e-01 6.51008561e-02 -3.80652219e-01 3.44872065e-02 4.26934808e-01 1.96515039e-01 4.54103291e-01 3.22081238e-01 -5.19098520e-01 -4.56935376e-01 -1.19676733e+00 -7.14744478e-02 -3.30848873e-01 -1.09914362e-01 8.53519320e-01 4.61760908e-01 6.23326480e-01 -4.58818048e-01 1.33223012e-01 1.34926349e-01 -2.36219168e-01 -3.68054390e-01 -2.56909460e-01 -6.49215356e-02 -9.40077677e-02
4.16040458e-02 -5.42739108e-02 1.33475810e-01 -9.60851535e-02 2.32128441e-01 -1.09866247e-01 3.52696441e-02 -3.39511335e-01 -1.70788139e-01 3.58784705e-01 1.46348998e-01 1.75720558e-01 8.28248635e-02 -2.90047944e-01 -6.45069107e-02 -2.90073723e-01 5.96659370e-02 1.70788035e-01 -1.42626554e-01 -5.30938804e-01 1.51154116e-01 -1.64456755e-01 -1.37303099e-01 -6.68306500e-02 -2.29848493e-02 2.13739902e-01 -6.64105415e-02 7.82449730e-03 1.07676268e-01 6.66885674e-02 -3.63876857e-03 1.34289423e-02
1.92402631e-01 -1.04044521e+00 -3.21494609e-01 7.30040014e-01 3.46460342e-01 -4.69337016e-01 -2.64767647e-01 -1.52576387e-01 -9.24233556e-01 2.41637492e+00 -5.39864182e-01 6.54230535e-01 6.78034723e-01 4.06136841e-01 1.94597363e+00 8.86402369e-01 -6.67407066e-02 8.69955242e-01 5.22053957e-01 4.68734920e-01 3.71257365e-01 1.70355037e-01 2.32837602e-01 9.93702888e-01 -4.25912477e-02 1.72487378e-01 -3.36600363e-01 1.39059886e-01 1.71423666e-02 3.59211192e-02 1.06546688e+00 4.65324000e-02
-1.34229958e-01 1.63990811e-01 1.33120880e-01 7.42095113e-02 3.13471071e-02 -3.40022817e-02 -9.06125456e-03 1.17795058e-01 -1.65318027e-02 -3.52799594e-02 1.57878891e-01 8.26120377e-02 9.07153860e-02 -2.50874218e-02 1.76930100e-01 2.07511082e-01 3.12204584e-02 -1.26644835e-01 -1.29296090e-02 8.58210027e-02 -1.74136639e-01 -3.71917002e-02 -4.85275723e-02 1.71541814e-02 -4.71669853e-01 -2.29129374e-01 4.67276163e-02 -9.36739221e-02 -5.71634322e-02 -5.61639629e-02 -1.16161222e-03 -4.63691801e-01
-1.46494852e-02 -7.43604079e-02 -6.53574392e-02 2.89507955e-02 -2.19026506e-01 2.56176479e-02 -2.13087704e-02 1.81910023e-01 6.02376834e-02 -4.44379561e-02 -1.30345095e-02 -2.45529469e-02 -6.55766353e-02 3.32152806e-02 -6.83586523e-02 2.27467060e-01 -1.16326109e-01 -1.14156634e-01 -6.12415327e-03 3.21295142e-01 -2.46638060e-01 -1.04464263e-01 -1.80005357e-02 -5.13904030e-03 9.05070454e-03 -9.19222310e-02 -5.98705187e-02 -5.78648821e-02 -4.42010947e-02 5.82975335e-02 1.78249665e-02 -4.14435379e-03
6.93944395e-01 -2.32759640e-01 4.70944971e-01 2.28595749e-01 -5.49575925e-01 9.33335796e-02 -2.98203766e-01 1.98076949e-01 6.30153954e-01 1.79414123e-01 -2.97186166e-01 1.64208114e-01 1.75689310e-01 3.53836447e-01 7.44877219e-01 -7.06155002e-01 -3.81538063e-01 -8.45365345e-01 1.83792084e-01 -2.02326193e-01 -7.25305796e-01 3.64261955e-01 -2.50967257e-02 1.02045476e-01 8.38287115e-01 9.18041393e-02 1.07158639e-01 -1.39543802e-01 -3.53431851e-01 1.14907272e-01 1.93511620e-01 7.90222138e-02
9.85910967e-02 -4.34711397e-01 -3.06346953e-01 4.35494035e-01 2.50930160e-01 -5.65919757e-01 1.13996148e-01 -1.95925236e-02 2.23174736e-01 -2.19407171e-01 -2.09888056e-01 4.25114423e-01 3.25051874e-01 -2.42634997e-01 2.74713188e-01 -5.41023552e-01 -3.58701587e-01 -6.81205511e-01 4.20038253e-01 -4.33501840e-01 -2.29982078e-01 -8.15829635e-02 3.78764898e-01 6.83874369e-01 -1.50881946e-01 -3.52701455e-01 4.67977941e-01 -9.66976397e-03 -1.16743997e-01 -3.93524975e-01 1.28305316e-01 2.35071763e-01
1.05828948e-01 -9.39746872e-02 6.53676808e-01 2.13264391e-01 -1.17520523e+00 -3.18547070e-01 -1.21467439e-02 -2.55153477e-01 9.93768036e-01 6.43326342e-01 -9.70832258e-03 -5.10082781e-01 -9.80395302e-02 7.31436014e-01 6.57960624e-02 -3.12103963e+00 -3.77428234e-01 -3.08106589e+00 2.85880655e-01 -7.99492598e-02 -6.72055364e-01 5.03980041e-01 2.07765028e-01 2.29999259e-01 3.41076165e-01 3.00966203e-02 4.38942611e-01 1.80560555e-02 -1.88890532e-01 -6.66016579e-01 -5.01250207e-01 6.77844658e-02
-2.06291422e-01 -2.59510100e-01 -2.42947251e-01 -2.81315386e-01 -2.48781398e-01 5.77520847e-01 1.42941922e-01 -8.81798342e-02 -1.17084093e-01 3.78789634e-01 -1.91796124e-01 1.47322416e-01 5.99374101e-02 -2.73482144e-01 -1.06455848e-01 -4.75355983e-01 2.99109727e-01 -6.08321726e-01 -3.20380986e-01 2.55188458e-02 -2.92429388e-01 3.97536486e-01 -1.14706002e-01 3.52344096e-01 3.95352960e-01 -5.09921253e-01 4.80768412e-01 2.00072713e-02 8.11702311e-02 1.34634703e-01 -8.34204182e-02 1.09918583e-02
4.71907735e-01 6.89708173e-01 6.84473515e-01 -4.04558659e-01 1.51846692e-01 1.32036492e-01 2.11333826e-01 -1.38169006e-01 -7.83999920e-01 9.51227188e-01 -2.84236372e-01 -2.39255488e-01 -4.40083236e-01 1.10798585e+00 1.46625504e-01 7.41790608e-02 3.23421285e-02 -9.61392045e-01 3.43443036e-01 -2.76350588e-01 1.90735757e-02 6.99021637e-01 -1.45510659e-01 -4.05294985e-01 5.66834807e-01 -7.72813678e-01 4.89984632e-01 -1.49040632e-02 -3.26910496e-01 -6.03655934e-01 -6.20014220e-02 -3.55689555e-01
-1.12027042e-02 -3.52106422e-01 2.62302458e-01 -2.52123952e-01 -2.52442002e-01 9.78774577e-02 1.27642736e-01 -2.48985156e-01 -5.13421655e-01 -3.38561684e-01 -1.85156852e-01 8.50798264e-02 -2.69115604e-02 3.67287219e-01 5.04379749e-01 3.11124474e-01 3.18036377e-01 -4.78677988e-01 3.67387496e-02 2.37957284e-01 -2.80152351e-01 3.80227476e-01 -3.48667204e-01 9.08447802e-02 -7.32937828e-02 -1.96742415e-01 3.32715124e-01 7.45466113e-01 -3.89190346e-01 -5.35798132e-01 2.50784159e-01 3.64133179e-01
-1.11744630e+00 -2.92829927e-02 4.09752354e-02 -1.17347503e+00 -2.50059456e-01 -2.15237826e-01 6.09686255e-01 4.02058482e-01 -6.22994313e-03 5.23882210e-01 -8.87241066e-01 8.04479897e-01 9.51887846e-01 6.70048654e-01 -7.88865626e-01 9.03157964e-02 3.74886572e-01 -6.42643452e-01 -1.50022969e-01 8.41529548e-01 -7.38209128e-01 -4.30540591e-01 -5.27735174e-01 8.24479610e-02 4.63331968e-01 8.56541395e-01 9.94466484e-01 8.14704597e-01 3.68164152e-01 -9.02808011e-01 -2.08233356e-01 3.48207176e-01
-9.12396833e-02 9.42477658e-02 3.19834143e-01 -4.78423461e-02 3.31728965e-01 -1.02593906e-01 -2.96208821e-03 1.61369815e-02 -5.18017523e-02 1.98425949e-01 2.75319200e-02 1.67840309e-02 -1.37962895e-02 -1.22161567e-01 8.29496682e-02 -1.46068141e-01 9.44585502e-02 4.84547392e-02 2.44916752e-02 -4.08830881e-01 1.44907817e-01 -9.54778641e-02 3.62847336e-02 -1.74437445e-02 1.48108065e-01 -2.09577605e-02 7.41592050e-02 1.33887649e-01 1.64731145e-02 -8.99959058e-02 -1.71622224e-02 6.13401867e-02
1.04258977e-01 2.05399051e-01 6.31000400e-02 3.60139199e-02 5.48553824e-01 7.06730857e-02 4.67362076e-01 3.70585084e-01 8.26538503e-02 -1.43370891e+00 -1.88838691e-01 3.71040016e-01 5.64687014e-01 -5.72967708e-01 -4.46894079e-01 3.90840322e-01 4.67823088e-01 6.05567768e-02 -6.01347312e-02 -5.19023061e-01 1.01570642e+00 -4.82346505e-01 2.53411215e-02 -1.27667093e+00 -9.08350125e-02 6.47783637e-01 -8.34001184e-01 -1.00935626e+00 1.40940934e-01 4.33954895e-02 -8.92182663e-02 -1.77899629e-01
5.54417551e-01 -3.52911592e-01 -3.43244761e-01 4.84986514e-01 1.25483293e-02 -4.95857792e-03 -6.19958229e-02 -1.66985586e-01 4.42109346e-01 -5.09971753e-02 -7.39588886e-02 -9.28965136e-02 7.15973616e-01 -2.93563455e-01 3.97489995e-01 -2.89201289e-01 -7.19705299e-02 -4.13599879e-01 1.64567962e-01 -1.19070284e-01 -2.92683959e-01 7.30818361e-02 2.02344805e-01 2.00879797e-01 -1.08989039e-02 -2.52185106e-01 8.39205086e-01 4.63423073e-01 -3.75076115e-01 3.81251544e-01 2.40651459e-01 2.57360846e-01
-2.54562527e-01 3.24013650e-01 -1.92022681e-01 -4.49409261e-02 -5.60806155e-01 -2.00045973e-01 1.00545414e-01 4.82275903e-01 -9.21753123e-02 -5.49874306e-01 -1.86627716e-01 -1.48092434e-02 -3.39097232e-01 1.92356586e-01 2.60845363e-01 -1.61005154e-01 -1.05718978e-01 3.12234282e-01 9.15553048e-03 3.51361454e-01 -2.32151344e-01 -5.81142008e-02 -9.43607688e-02 -4.35683839e-02 -1.10024899e-01 -1.02522954e-01 2.71287948e-01 -2.65901536e-01 1.38853282e-01 1.03208553e-02 2.19224188e-02 1.48542538e-01
6.58628866e-02 -5.32001138e-01 -1.30812615e-01 -6.30691722e-02 -2.80723665e-02 -1.67459935e-01 -8.27746540e-02 -1.92110956e-01 -3.73518080e-01 4.48590934e-01 3.51243131e-02 2.36671083e-02 3.14198941e-01 2.95823097e-01 -1.59468561e-01 -5.76236784e-01 -2.17892572e-01 -9.81624722e-02 -5.24861459e-03 3.55507284e-02 1.09077699e-01 -7.59320408e-02 5.69161594e-01 8.07124823e-02 -3.59941751e-01 1.98651746e-01 3.80513489e-01 5.28692640e-02 -9.12177190e-02 1.69822693e-01 -7.57614449e-02 -2.14039013e-01
9.14395392e-01 3.75351399e-01 -4.40915048e-01 2.01665506e-01 -2.73915917e-01 1.66541874e-01 6.78405941e-01 1.16414540e-01 1.07010096e-01 -7.28161812e-01 -8.71284664e-01 1.39875424e+00 5.10533415e-02 -5.89440465e-01 -5.18966839e-02 7.85688683e-02 2.72823304e-01 1.33997366e-01 9.00595561e-02 6.71151951e-02 -1.57169652e+00 -2.80225456e-01 -1.26542485e+00 -2.30682939e-01 -3.39598864e-01 -2.42494643e-02 2.49634802e-01 8.22598755e-01 -5.47508113e-02 5.59508540e-02 1.55834168e-01 3.22220445e-01
-8.70358348e-02 3.44305187e-02 -1.00488675e+00 -1.68352518e-02 3.72887284e-01 3.07684362e-01 9.87492278e-02 -3.39554250e-02 -5.50103076e-02 4.93602961e-01 -3.63023013e-01 -1.22854447e+00 3.23153973e-01 2.46436223e-01 -3.58247846e-01 8.51876915e-01 -1.35916591e-01 1.52359831e+00 -3.64679098e-01 7.18790665e-02 2.16559455e-01 -1.72467664e-01 -8.01615342e-02 7.41751075e-01 -3.75858665e-01 7.15128481e-01 -4.04971503e-02 -1.77753463e-01 2.59339605e-02 1.77192733e-01 6.79791510e-01 3.25647779e-02
-2.71675121e-02 3.99196416e-01 -1.65880054e-01 -6.16882861e-01 -8.69216546e-02 7.55270898e-01 3.20863932e-01 7.98498869e-01 3.72648418e-01 3.32879424e-01 9.51701760e-01 -2.65337080e-01 8.54006037e-02 3.40184480e-01 3.08868773e-02 -7.72361577e-01 3.14466178e-01 -8.52490813e-02 -3.27790260e-01 -5.38500726e-01 -3.21812928e-02 -2.29646206e-01 2.58182168e-01 1.44252524e-01 -2.06998006e-01 1.73540965e-01 3.30129340e-02 -2.66467538e-02 -5.51207185e-01 2.52150267e-01 -1.43958747e-01 9.66338143e-02
8.78566355e-02 1.10748485e-02 -7.72493780e-02 -1.08335661e-02 -7.51442015e-02 4.56419475e-02 1.15170786e-02 6.19141571e-02 -5.37116313e-03 -5.96355200e-02 -6.41407892e-02 -3.74258667e-01 2.58152068e-01 2.40148887e-01 1.95965469e-02 9.77752879e-02 6.09335192e-02 -1.28512472e-01 1.49859846e-01 2.43610531e-01 1.12655565e-01 3.10169548e-01 4.23502643e-03 2.59246618e-01 -1.32429391e-01 -2.78464258e-01 -1.96048319e-01 -1.51846498e-01 -3.18769097e-01 -1.62914306e-01 9.31519642e-03 -2.48967707e-01
4.19093490e-01 5.85262198e-03 5.59940934e-01 3.94946992e-01 3.30419600e-01 4.18372512e-01 9.55793381e-01 -3.62150788e-01 7.22963274e-01 -6.19502068e-02 -6.11679912e-01 1.64688617e-01 -5.21379530e-01 -3.92254800e-01 -4.96485876e-03 2.44015574e-01 -6.23161256e-01 -4.83782291e-01 2.78188795e-01 -2.29539294e-02 -1.00029595e-01 5.81555247e-01 2.36033022e-01 6.52699471e-01 2.81408504e-02 -1.34508654e-01 -2.33255476e-01 1.73828095e-01 1.82647482e-01 4.16120172e-01 -1.43587038e-01 3.50513682e-03
-2.16494724e-01 -3.46025348e-01 1.46199667e+00 8.28161985e-02 -1.03654706e+00 -2.54271448e-01 -1.07589090e+00 -1.02731216e+00 3.77857625e-01 1.08763683e+00 -3.10828257e-02 -3.65743637e-01 -2.94499159e-01 1.01841736e+00 4.22947854e-01 -2.46562123e+00 2.89328426e-01 -2.97429729e+00 1.86021829e+00 8.76956344e-01 -7.23332465e-01 1.68187094e+00 -5.46448052e-01 2.55808622e-01 2.13419691e-01 -7.06539571e-01 -2.46359199e-01 5.39898753e-01 9.94205028e-02 1.05163772e-02 7.59916663e-01 2.87549347e-01
-9.29168542e-04 -2.52651963e-02 6.63023666e-02 4.27959077e-02 3.97668481e-01 5.74629987e-03 -8.79181083e-03 1.80321597e-02 3.05287372e-02 -1.22294175e-02 -2.25587692e-02 -6.83944225e-02 1.00862682e-01 -2.08690763e-02 5.77335386e-03 -4.60288040e-02 7.84424413e-03 -5.37763014e-02 -7.63191134e-02 8.41015875e-02 1.29148766e-01 6.14034608e-02 -5.67412982e-03 1.40486993e-02 -1.37611672e-01 -1.49120733e-01 1.69265382e-02 3.78553063e-01 -5.15616275e-02 -5.80159351e-02 -8.55495129e-03 -2.45307297e-01
-3.71603549e-01 3.85794416e-02 -1.36947528e-01 -6.95694238e-02 -2.37377077e-01 -1.77860949e-02 -1.33194074e-01 6.95046246e-01 -1.15707152e-01 -7.74812996e-02 -1.74324617e-01 7.03292131e-01 4.98609334e-01 2.57323265e-01 2.07443774e-01 1.26006439e-01 -1.34968117e-01 5.17984293e-02 -1.50402635e-01 -3.11094075e-02 -1.55069888e-01 -6.31963372e-01 -1.83854789e-01 -2.01599747e-01 -3.62142920e-01 -1.78793952e-01 -6.07326686e-01 4.33526665e-01 -2.60750532e-01 -2.52149612e-01 -2.00148836e-01 5.32388806e-01
4.90258150e-02 -1.31540999e-01 7.32718229e-01 1.60237908e-01 -8.14281344e-01 1.87831745e-01 3.55810463e-01 -5.22994936e-01 5.58818102e-01 3.31568331e-01 -2.08741605e-01 5.36684632e-01 5.21570351e-03 1.27662182e-01 1.11600973e-01 -2.17464375e+00 1.82585135e-01 -1.22539294e+00 8.98776576e-02 2.58087814e-01 -1.39771312e-01 3.04252625e-01 1.75804943e-01 8.85987207e-02 -1.83281019e-01 -4.42060262e-01 -1.74437419e-01 -1.72041416e-01 -3.79904330e-01 -5.85351944e-01 4.77276713e-01 -3.44049722e-01
-1.74425125e-01 -7.72703886e-02 -1.77060023e-01 1.45704344e-01 -1.54523160e-02 -5.19635901e-02 4.56827879e-01 -1.82083741e-01 -8.15550804e-01 1.64266276e+00 -3.84733021e-01 -4.51587290e-02 -2.67761916e-01 1.29328859e+00 -1.20580643e-01 1.69020966e-01 -1.45488735e-02 1.06283404e-01 -1.35809034e-01 -2.94219345e-01 1.16106961e-02 1.97264031e-01 -3.85950767e-02 -1.74472958e-01 -1.52112216e-01 7.78388679e-02 4.24358428e-01 4.60482448e-01 1.92213431e-01 -4.67012554e-01 2.48562396e-01 -8.00568983e-02
-5.02669476e-02 -2.12374985e-01 5.50543666e-01 5.27682185e-01 -6.10488467e-02 -3.98849785e-01 -1.07651258e+00 5.36512509e-02 2.52186954e-01 4.14232492e-01 1.32811934e-01 -9.30963308e-02 6.17704578e-02 1.92044213e-01 -2.38964781e-01 6.14617050e-01 -1.47725968e-03 2.28012651e-01 -4.28690426e-02 -3.41856420e-01 8.30016673e-01 3.23454887e-01 3.74773264e-01 -5.55518568e-01 -2.28733607e-02 -2.18983218e-02 -1.52464718e-01 3.18960607e-01 -2.08827108e-01 3.76551598e-01 -1.64196640e-01 -2.24415720e-01
9.62761402e-01 -4.08371627e-01 4.72764939e-01 1.00230670e+00 -2.66257495e-01 2.09458381e-01 -1.22320592e+00 -5.79506099e-01 7.07916141e-01 -1.33537889e+00 -1.80374250e-01 5.07957637e-01 -1.25660408e+00 -4.17181045e-01 7.55782723e-01 -4.59518939e-01 -1.21257111e-01 -3.53478128e-03 5.11371732e-01 7.34208763e-01 4.76343960e-01 -4.91992980e-01 -1.84162652e+00 -4.90379184e-01 7.07519710e-01 5.57669222e-01 -7.90974677e-01 -5.76586306e-01 1.22596615e-03 1.28618050e+00 -8.08071971e-01 -2.59305298e-01
-2.85612941e-02 1.70037925e-01 -4.22837436e-02 -5.10369800e-02 -1.66466504e-01 -1.80550329e-02 1.56302191e-02 -4.82278988e-02 -6.10174797e-02 -2.27454752e-02 3.94267179e-02 9.37868431e-02 8.61462951e-02 -6.27092272e-02 1.75136015e-01 -1.53277814e-01 1.11672089e-01 1.76719308e-01 2.86136894e-03 -2.76494026e-01 1.33581981e-01 3.99813987e-02 -2.09426563e-02 -1.87115446e-02 -3.13745439e-01 -4.27475125e-02 1.77130718e-02 -5.79835922e-02 -1.90422945e-02 -1.16595477e-02 4.40857932e-03 -2.19127879e-01
2.99738292e-02 3.94245476e-01 1.69906998e+00 4.75783765e-01 -1.48007691e+00 2.06556961e-01 -8.98207277e-02 -5.42934954e-01 8.60978246e-01 6.73968017e-01 1.98836669e-01 -4.19273376e-01 -9.15907085e-01 7.58005738e-01 1.29341800e-03 -4.30510139e+00 -1.29385248e-01 -4.94809914e+00 3.53188217e-01 1.12622291e-01 -1.21319020e+00 1.05899537e+00 3.70658368e-01 1.60593003e-01 4.19511124e-02 -2.00596631e-01 -4.97929901e-01 7.07216859e-01 -2.60939449e-01 2.21266281e-02 -5.11320494e-02 2.28829563e-01
-1.01261926e+00 -7.00914040e-02 -1.56178743e-01 -4.51745331e-01 2.23973379e-01 7.23073781e-02 -1.03403084e-01 3.42480540e-01 -2.33131483e-01 2.29638591e-01 3.83036971e-01 -5.68522274e-01 1.62814796e-01 7.18700349e-01 -1.55404121e-01 -1.14240728e-01 -5.43347858e-02 5.16963154e-02 -3.86535585e-01 -1.07841127e-01 3.27762246e-01 4.23894018e-01 4.27360892e-01 1.46665806e-02 -2.35776287e-02 5.78199774e-02 -4.25145328e-01 -1.18146151e-01 7.73806218e-03 -2.73399740e-01 6.66635185e-02 -8.94538879e-01

layers.2.bias:
-1.32210064e+00
-8.31538141e-01
3.45509142e-01
-7.95265794e-01
1.33514941e-01
-7.06694305e-01
2.91436821e-01
2.02586865e+00
8.02039981e-01
8.45294178e-01
-9.63098466e-01
-1.33801711e+00
-1.64122447e-01
9.00679648e-01
-2.48296872e-01
-6.50801480e-01
-6.59391880e-02
-7.78694987e-01
3.15021187e-01
-9.29471180e-02
-8.02104995e-02
7.30513215e-01
7.60809362e-01
-1.45458773e-01
-4.48099822e-01
1.06410921e+00
-9.65758085e-01
-1.01249373e+00
4.41324890e-01
-1.13118601e+00
3.70730162e-01
-7.80549571e-02
7.87741482e-01
1.11658670e-01
-3.34092170e-01
-2.94692963e-02
-1.46489173e-01
1.35673535e+00
1.01590526e+00
-1.63058713e-01
9.58662391e-01
-1.81974426e-01
-5.04111409e-01
1.51925337e+00
2.60410637e-01
-7.48623013e-01
1.02542615e+00
-3.81789505e-01
8.14208388e-01
1.59810197e+00
2.49537155e-01
2.82583416e-01
1.11912832e-01
-6.31787121e-01
3.16745996e-01
-2.66256817e-02
8.42945158e-01
-2.92274393e-02
-3.66178304e-02
-6.06173038e-01
5.77855289e-01
6.31564483e-02
-3.11918467e-01
4.78231847e-01

layers.4.weight:
2.85636693e-01 -1.16347177e-02 -5.33078201e-02 -3.15685347e-02 -6.23761211e-03 1.45847887e-01 -1.18489738e-03 -6.96315169e-01 -1.54190481e-01 -3.66647124e-01 5.25761023e-02 9.00992393e-01 -2.00395441e+00 -9.12145153e-02 3.45631987e-02 -1.51891994e+00 4.26134618e-04 5.67644238e-02 -1.97736942e-03 -5.95933408e-04 2.24614348e-02 -4.11451794e-02 -9.35121849e-02 3.08546543e-01 -1.48215843e-02 -1.82797611e-02 -3.73093272e-03 7.40821242e-01 -3.94880623e-01 3.63791764e-01 1.60314962e-02 -1.65005118e-01 -1.51067469e-02 2.06205426e-04 1.12280533e-01 5.03848307e-04 1.25927574e-04 -1.41687289e-01 -1.84828024e-02 2.67452359e-01 -3.00312415e-02 2.62424052e-01 2.38071401e-02 -9.90545824e-02 -3.63306375e-04 1.56600982e-01 -2.11427994e-02 8.48867639e-04 -7.91264921e-02 -6.53378904e-01 -8.31259862e-02 -3.60498093e-02 1.45684869e-04 1.06386386e-03 -1.01956296e+00 -3.91816466e-05 1.83922369e-02 -2.71128386e-01 -8.44895095e-02 -8.07554089e-03 -4.10446189e-02 9.46336717e-04 1.05813479e+00 4.23271628e-03

layers.4.bias:
-1.07726586e+00

