layers.0.weight:
3.31696361e-01 -5.67613244e-01 7.97264636e-01
5.69172144e-01 -8.09445798e-01 -5.80563486e-01
-8.31293464e-02 -6.13938749e-01 -5.77727258e-01
-1.07055378e+00 1.15616508e-01 4.58123112e+00
2.67282110e-02 4.11940843e-01 1.16166264e-01
-5.79876065e-01 8.58121514e-01 -1.84879377e-01
-1.31842160e+00 4.86020595e-01 -9.88645032e-02
-6.01682402e-02 7.88846374e-01 -9.23566997e-01
6.03414774e-01 -9.26082134e-01 5.12713566e-02
-1.11527514e+00 5.86289167e-02 -1.64189592e-01
7.53551662e-01 -9.85680073e-02 1.41279221e+00
-7.16238439e-01 -1.31785080e-01 -1.29353356e+00
-4.30584475e-02 7.12955832e-01 -1.57757306e+00
-1.16726887e+00 2.10410804e-02 5.00053525e-01
-6.46977663e-01 1.09646142e+00 7.52028525e-01
-1.81771189e-01 9.48456824e-01 1.64468549e-02
5.46070874e-01 -6.33792400e-01 -1.45019031e+00
-1.15504665e-02 1.12846863e+00 1.84981868e-01
8.07071701e-02 -9.54183042e-01 5.35116851e-01
3.41117471e-01 -1.28724232e-01 -8.64976227e-01
2.23475501e-01 1.65966094e-01 -5.10879010e-02
-3.24195027e-01 -2.56797969e-01 -1.00232065e+00
-4.64660525e-01 1.65601885e+00 -4.46076952e-02
-1.56447518e+00 4.06930357e-01 1.75152493e+00
1.05132234e+00 3.79940838e-01 -7.78481364e-01
2.59609371e-01 6.71772659e-01 -1.17486012e+00
-1.16151750e-01 -2.13369340e-01 1.90187418e+00
-3.97779703e-01 -2.44972542e-01 1.92939892e-01
3.22416067e-01 7.57217348e-01 -1.46468067e+00
-1.04933763e-02 4.65525806e-01 1.70563948e+00
-2.89658904e+00 2.84448242e+00 -1.78299040e-01
-1.26738083e+00 -5.19488692e-01 1.02004325e+00

layers.0.bias:
8.77201200e-01
4.81547834e-03
-1.42384720e+00
-6.34384930e-01
7.07518518e-01
-2.04255387e-01
-3.54310095e-01
2.86240637e-01
-7.45998621e-01
-1.59115899e+00
1.64644122e-01
1.80825554e-02
2.46107668e-01
-1.21306002e+00
-2.90836543e-01
1.43946290e+00
9.34610724e-01
1.82654703e+00
-6.68276668e-01
5.78918040e-01
-1.44309163e-01
-1.35729384e+00
1.02535832e+00
-7.05530941e-02
1.36946186e-01
5.60703695e-01
8.80503118e-01
-1.57881156e-01
-4.88352716e-01
7.31267482e-02
8.91685039e-02
-6.70209900e-02

layers.2.weight:
-3.38430405e-01 2.55768001e-01 1.13230355e-01 -5.64402997e-01 -6.70605600e-02 -3.60115767e-02 1.73771471e-01 1.49365347e-02 -1.97260514e-01 2.68953800e+00 -4.98154480e-03 1.76557660e-01 -1.38385862e-01 2.32415557e+00 -2.23539248e-01 5.21087229e-01 -4.98162396e-03 6.97163820e-01 8.60080719e-02 -1.90478668e-01 1.92955822e-01 -5.48362173e-03 -5.47441900e-01 5.13666868e-01 -1.35375351e-01 7.00157166e-01 -8.67807508e-01 -1.06335610e-01 -1.32774815e-01 -2.97790974e-01 -2.54069000e-01 3.10810089e-01
-6.76675066e-02 1.34589031e-01 -8.46083999e-01 3.96230780e-02 -4.15624797e-01 1.25703633e-01 -6.67361140e-01 -5.02501845e-01 5.10478497e-01 6.69742703e-01 3.18479121e-01 -2.33543873e-01 2.51973808e-01 6.78472668e-02 -3.10570985e-01 2.24016055e-01 -3.85665447e-01 3.44217032e-01 -3.94164443e-01 -6.77167177e-02 5.66231668e-01 -1.11340992e-01 -4.55706418e-01 -5.09686172e-02 -2.47909073e-02 -7.77251124e-02 -3.35796058e-01 -4.55389112e-01 5.79261705e-02 -2.33165264e-01 -2.88629550e-02 2.06019729e-01
-2.41746441e-01 -2.32303172e-01 4.63725150e-01 -4.94856983e-01 -1.57937384e+00 1.74536750e-01 -8.85980427e-02 -9.58014373e-03 3.40861827e-01 1.16269743e+00 -3.39180142e-01 -3.26470137e-01 -1.06116824e-01 4.24746543e-01 1.46289304e-01 -1.21811926e+00 -4.45521116e-01 -1.46422994e+00 3.59295279e-01 1.22299984e-01 -4.31097358e-01 -1.23239450e-01 4.36662078e-01 -9.95527983e-01 -7.03810811e-01 1.39812291e-01 -9.08735812e-01 9.67333376e-01 -6.20012218e-03 -1.16979480e-01 2.80212849e-01 6.97261930e-01
9.92946029e-02 -3.69308710e-01 2.32826933e-01 1.19765949e+00 5.67019343e-01 5.43222487e-01 8.30570519e-01 -8.69274363e-02 -4.03334081e-01 1.33467138e-01 1.07116997e-02 8.55127349e-02 -4.26844984e-01 3.92069399e-01 8.32756341e-01 2.14201999e+00 -9.49044228e-01 1.06205404e+00 1.42624050e-01 -1.11363173e+00 -6.28557563e-01 2.43414547e-02 5.54937661e-01 1.29026616e+00 -3.32211047e-01 -3.93985987e-01 3.49818766e-01 1.21822990e-01 -5.18789947e-01 -2.86283404e-01 1.24508239e-01 3.06890965e-01
2.03106329e-02 -3.90056610e-01 3.16692203e-01 -4.70357776e-01 1.87356919e-02 -2.03951046e-01 -9.24115062e-01 2.11537659e-01 -5.57507575e-02 -3.68772477e-01 4.03062165e-01 -7.19018877e-01 8.36183608e-01 -7.27758527e-01 -9.36588459e-03 -9.02542472e-01 -3.29738855e-01 -9.51975763e-01 -2.12227851e-01 -9.98849571e-02 9.27328885e-01 -5.18281877e-01 3.53032649e-01 -3.59264284e-01 -7.73976803e-01 6.77906692e-01 7.42173195e-02 -6.43316329e-01 -2.12844282e-01 5.93173921e-01 -1.03832558e-01 3.04053947e-02
-5.36266267e-01 1.56955600e-01 2.66183347e-01 3.68435234e-01 -6.11217082e-01 -1.13010302e-01 -8.51381242e-01 1.91113874e-01 5.79184890e-01 -3.11179519e-01 9.41931903e-01 -1.75909832e-01 -2.69873321e-01 -3.83322090e-01 -2.36627743e-01 -1.13839006e+00 -4.68783110e-01 -1.15422130e+00 6.05530262e-01 -3.77235979e-01 -1.86955377e-01 -1.69930190e-01 -2.79692292e-01 -6.15900084e-02 9.20830145e-02 -6.81238249e-02 3.40782225e-01 7.26454556e-01 -2.28602216e-01 -2.16554731e-01 -9.77216184e-01 3.17111939e-01
4.96230237e-02 9.78102791e-04 -2.15311885e-01 -1.11149643e-02 -1.43357709e-01 1.59706101e-01 -8.74966681e-02 -4.47309464e-01 -1.00293063e-01 2.28191376e-01 2.96546251e-01 7.89697841e-02 2.85465270e-01 -1.26145110e-02 -9.26445983e-03 -3.22557032e-01 2.69439779e-02 4.63476889e-02 1.45263132e-03 -2.96766311e-01 -3.91155809e-01 8.81769955e-02 1.40744075e-01 7.64857000e-03 1.70473993e-01 2.60789990e-01 -3.60729575e-01 -4.48463231e-01 -1.79142103e-01 6.71220496e-02 -1.47012901e-02 1.50610745e-01
4.02086601e-02 -3.51911932e-02 -5.44497192e-01 4.60742146e-01 5.59206724e-01 -4.29525703e-01 3.59273493e-01 5.43235123e-01 -2.63243556e-01 -6.11744225e-02 -3.46401744e-02 8.51304471e-01 2.26982370e-01 -3.66683632e-01 -2.84319296e-02 8.44004691e-01 3.93540561e-01 5.20630300e-01 -3.82731974e-01 3.72273028e-01 -1.30001581e+00 -9.81243789e-01 3.19359720e-01 4.21136141e-01 2.73571342e-01 6.73167586e-01 7.01177537e-01 4.56456065e-01 -5.21245599e-01 6.00569963e-01 3.51990402e-01 -3.93372267e-01
1.55022785e-01 3.49100083e-01 -5.35425425e-01 -4.06225860e-01 1.35198820e+00 -5.14687240e-01 -6.91615164e-01 -2.49034435e-01 -7.90009856e-01 1.12759836e-01 3.04942757e-01 3.80794883e-01 8.30227375e-01 -4.02846187e-01 8.25143456e-02 1.93349409e+00 4.69393462e-01 1.45961297e+00 -6.06239974e-01 4.46398631e-02 1.16648832e-02 -2.20511869e-01 3.46693434e-02 1.56929865e-01 1.95624039e-01 5.34619689e-01 -9.44523215e-02 -1.03551447e-02 8.65828767e-02 1.00952191e-02 2.48630738e+00 -4.50537562e-01
-6.02162898e-01 1.52518049e-01 -1.25720128e-01 -5.08904934e-01 4.87214327e-01 9.21463128e-04 -1.10432066e-01 3.57773095e-01 4.46441621e-01 -1.91189721e-01 2.86376979e-02 2.12188706e-01 1.67636037e-01 8.76486897e-02 -3.80629718e-01 -5.32208204e-01 3.49044621e-01 -3.04009616e-01 -3.98822635e-01 -3.05154733e-02 -6.42099202e-01 -2.46974826e-01 7.63724148e-02 -5.50813153e-02 -2.23226860e-01 -1.09502852e-01 -1.60634696e-01 2.24313706e-01 2.51242161e-01 1.79997355e-01 1.01486079e-01 5.28597971e-03
1.87518194e-01 -3.49506259e-01 -2.78152488e-02 -3.20575684e-01 -7.20246613e-01 -3.06928068e-01 -3.03514600e-01 7.76301771e-02 6.70907497e-01 3.04537117e-01 -4.89697039e-01 -1.51717141e-01 8.10456514e-01 -2.77245730e-01 -1.67346373e-01 -5.03945291e-01 -6.69244170e-01 -1.16280985e+00 1.15960903e-01 -7.58292601e-02 1.03337312e+00 -2.74624765e-01 -8.77043307e-01 2.13357165e-01 -2.45440632e-01 -1.10343650e-01 -3.89658064e-01 -3.36885124e-01 2.19086334e-01 -3.57638150e-01 -7.75092393e-02 5.35199165e-01
-7.23100007e-02 9.00323614e-02 1.67542636e+00 -8.60363424e-01 -9.01188374e-01 1.01296991e-01 8.32766667e-03 -4.14174497e-01 9.90657508e-01 1.90130150e+00 4.46328297e-02 -1.01630092e-01 2.79157579e-01 3.26832151e+00 -1.66555122e-01 -9.05775309e-01 3.25700074e-01 -2.69356394e+00 6.09756172e-01 -3.38141888e-01 2.36633718e-01 5.84857166e-01 -3.22533101e-01 8.68307054e-01 -9.47213694e-02 -5.67526877e-01 3.08410257e-01 -7.83686340e-02 7.65728727e-02 4.19701561e-02 -6.32453486e-02 -3.23538184e-01
-4.23695743e-01 -1.79421771e-02 8.56823981e-01 4.71395522e-01 -1.06036270e+00 4.27063972e-01 3.28527093e-01 -1.03956139e+00 5.40695965e-01 5.65274537e-01 1.46832332e-01 4.76972938e-01 -5.75311482e-01 -5.80473766e-02 3.57544839e-01 -5.59721136e+00 3.33704203e-02 -6.71449471e+00 7.59128213e-01 -1.02600706e+00 -9.81031537e-01 3.27301055e-01 3.93765807e-01 -6.30788207e-02 -2.54817337e-01 -3.09968740e-01 -2.90660352e-01 8.92423511e-01 -6.81550682e-01 -3.01371932e-01 -1.02674770e+00 -2.97130972e-01
1.94458459e-02 -1.71062663e-01 -6.26959622e-01 -6.16611503e-02 -1.74411312e-01 -2.34891511e-02 2.32127979e-01 3.40172917e-01 3.69099915e-01 -1.90314323e-01 5.31908095e-01 -1.85157970e-01 3.29941899e-01 -8.18528235e-01 -3.32838982e-01 -8.20696428e-02 -2.51513749e-01 1.91456988e-01 -1.10438019e-01 1.19289294e-01 -1.44662475e-02 -1.45348310e-01 3.50936055e-02 -2.11746708e-01 -1.20641880e-01 7.57351100e-01 -4.43618232e-03 4.16004136e-02 -1.73995495e-01 2.61309028e-01 8.51817727e-02 3.45485687e-01
-1.00100946e+00 2.64777303e-01 -1.61039919e-01 2.75969684e-01 2.04082597e-02 6.44730031e-01 -3.23235780e-01 -3.20155025e-02 3.43040705e-01 -2.56650031e-01 -8.20788264e-01 3.00467819e-01 2.20043615e-01 -3.98173541e-01 -3.41404080e-01 -5.91566205e-01 2.93183297e-01 -5.56621194e-01 -4.91437912e-01 3.82457167e-01 1.33817577e+00 9.74709213e-01 3.13504636e-02 1.22841865e-01 -2.19673723e-01 1.73794761e-01 -6.56365812e-01 -1.06550120e-01 8.61889780e-01 -3.07808459e-01 -5.13560884e-02 -6.70741824e-03
-4.58711207e-01 -1.96721051e-02 1.19355470e-01 6.04978763e-02 -2.17867315e-01 2.00730026e-01 -8.56476963e-01 -4.30827625e-02 5.53092360e-03 5.32521200e+00 4.84602123e-01 5.06700277e-01 2.84670889e-01 2.61359191e+00 1.24503039e-02 3.83524187e-02 -3.64149928e-01 -1.09393321e-01 2.86184642e-02 -1.30104989e-01 -7.67076194e-01 4.80071932e-01 1.44637465e-01 2.08013043e-01 -4.63615805e-01 -3.68678451e-01 -7.06177473e-01 4.07128483e-01 -1.34050384e-01 -7.33542800e-01 4.52248782e-01 -1.73844814e-01
-2.97330823e-02 1.36107966e-01 -7.04010129e-02 3.73456813e-02 1.93534866e-02 1.96531322e-02 9.09415167e-03 -5.79678901e-02 4.85437951e-04 -1.89823702e-01 5.84565885e-02 4.76045795e-02 4.40927930e-02 7.73317814e-02 1.27703398e-01 2.24434938e-02 4.18100134e-02 5.78526082e-03 -1.44025721e-02 1.08574308e-01 2.50381082e-01 1.25113294e-01 -4.27062297e-03 3.77864689e-02 6.61064461e-02 1.60336103e-02 5.94786070e-02 2.90792555e-01 2.92420760e-03 1.35745294e-03 -2.49912823e-03 1.37576973e-02
1.59332916e-01 -1.08590744e-01 -5.14453411e-01 3.64171676e-02 -3.78890522e-02 -2.20103517e-01 -2.29436770e-01 -3.34913999e-01 3.68223369e-01 -6.45231247e-01 5.28262667e-02 -1.04229543e-02 2.11760089e-01 6.79807514e-02 -9.65994298e-02 6.37992937e-03 -2.97276288e-01 3.01468343e-01 -3.00635491e-02 9.21248436e-01 2.69929588e-01 1.41478047e-01 -5.26337683e-01 -1.36734068e-01 -1.58147693e-01 -4.36997831e-01 8.31504226e-01 -4.62804407e-01 2.27793559e-01 2.98785478e-01 -6.21444620e-02 2.41833583e-01
-2.67265975e-01 -1.27238080e-01 -3.14395398e-01 -2.20754698e-01 5.15866637e-01 2.58175842e-02 1.52442187e-01 1.31992340e-01 3.00582170e-01 -4.19434845e-01 -1.68874368e-01 -9.23670769e-01 4.87119019e-01 -2.46768937e-01 -1.20309085e-01 3.37408930e-01 -1.39985800e-01 4.36891109e-01 1.29361257e-01 -4.84215803e-02 1.20586241e-02 -1.87693715e-01 5.07807851e-01 -3.28948230e-01 2.53195494e-01 2.09629193e-01 -1.89447135e-01 2.85866737e-01 4.95029539e-02 3.40034187e-01 5.31047344e-01 1.13170929e-01
5.73137663e-02 1.80183083e-01 -1.83535963e-02 7.58132935e-02 -7.99490586e-02 9.19196159e-02 -1.72940642e-03 -6.41331673e-02 3.98421213e-02 8.11512247e-02 7.03389496e-02 1.13251790e-01 -6.92059323e-02 -8.31169188e-02 1.13518827e-01 4.46889222e-01 4.99297194e-02 -2.89304465e-01 2.30959356e-02 -1.03091329e-01 -1.14247277e-01 -1.37242436e-01 -1.87426228e-02 -2.25237031e-02 4.27112728e-02 1.27628952e-01 1.11679975e-02 8.99394322e-03 1.27672046e-01 2.25264952e-02 -2.58282144e-02 3.33781615e-02
5.71444809e-01 -8.56547728e-02 6.18130803e-01 5.10972261e-01 -1.57339364e-01 -3.08792233e-01 -6.91496670e-01 -1.16343752e-01 -3.03003937e-01 -9.68365729e-01 -1.16154909e-01 1.00043797e+00 5.14483988e-01 -4.96554643e-01 6.57852292e-01 6.05733812e-01 -1.31386574e-02 -1.71404779e-01 4.89671618e-01 5.07786036e-01 -5.25493443e-01 6.66145086e-02 5.24872899e-01 1.54505879e-01 1.03265539e-01 -3.45747024e-01 7.72336498e-02 3.51827532e-01 -1.00480445e-01 -1.02354802e-01 1.18933722e-01 4.16366190e-01
1.68896705e-01 -1.54573008e-01 1.34675667e-01 9.97822732e-02 4.90486957e-02 2.28744313e-01 9.25660133e-01 1.47139981e-01 4.29736823e-01 3.14048409e-01 2.87264049e-01 3.91832083e-01 -3.44062507e-01 -5.89971185e-01 1.98011488e-01 -9.40665066e-01 -5.17757311e-02 -7.09843814e-01 -1.75102219e-01 -4.11244243e-01 -4.01641160e-01 7.40020424e-02 3.19654882e-01 -9.07945931e-02 2.06665516e-01 -3.61675501e-01 -7.58567095e-01 2.92943239e-01 -2.94966921e-02 -2.32005700e-01 2.89726973e-01 -1.97369486e-01
2.10069213e-02 1.01085164e-01 -2.18739808e-01 3.76412392e-01 -1.40779153e-01 4.09058899e-01 3.67201835e-01 -2.35186204e-01 -1.17106035e-01 3.91745836e-01 -9.80309304e-03 1.20195143e-01 4.66391981e-01 5.94123244e-01 -2.37065122e-01 -8.15115571e-01 6.33154631e-01 -3.59251678e-01 4.52666990e-02 -2.26940259e-01 -3.47102165e-01 8.26660395e-02 -4.39377218e-01 1.56303361e-01 -3.26037914e-01 -8.67225602e-02 -8.79671574e-02 -4.28116739e-01 9.59677175e-02 -1.54085562e-01 -1.19279446e-02 -3.38940561e-01
7.59161055e-01 -1.61823943e-01 -3.20553720e-01 2.65497059e-01 1.68346897e-01 -4.73639578e-01 -4.82831337e-02 2.55537868e-01 2.81428218e-01 -2.74254227e+00 2.18161508e-01 3.49693261e-02 2.90505499e-01 -1.59164417e+00 2.28254423e-01 3.53073537e-01 1.78016666e-02 2.98785478e-01 -1.86457977e-01 -1.15769513e-01 4.99948055e-01 -2.98704624e-01 -2.71203488e-01 3.80289555e-02 -3.62937093e-01 -2.73122758e-01 3.74141186e-02 -1.68630540e-01 2.30357751e-01 2.08851606e-01 -2.86075979e-01 -1.80452406e-01
-8.25114250e-01 1.67162307e-02 -1.58853471e-01 2.42901325e-01 1.76125929e-01 -2.45213941e-01 1.13865423e+00 -2.09690168e-01 -1.18621206e+00 7.29362547e-01 -6.00917757e-01 -8.53836238e-02 4.07522172e-02 1.62903264e-01 -5.52944541e-01 5.52865446e-01 4.76997137e-01 6.31516993e-01 1.17785409e-01 -9.28146988e-02 -1.16877966e-01 2.11983845e-01 8.16668749e-01 1.07782376e+00 -4.70745027e-01 4.03041571e-01 -4.97815341e-01 -1.11286052e-01 7.76145816e-01 -3.31168801e-01 3.25895995e-01 3.88493165e-02
-5.25776029e-01 6.12811267e-01 -7.23333657e-02 -1.11256622e-01 5.60938597e-01 1.42228633e-01 1.75784864e-02 4.79854107e-01 -2.83435017e-01 4.88048851e-01 9.59960073e-02 -1.80638552e-01 1.83695644e-01 2.63346314e-01 -5.70030928e-01 -2.11367607e-01 -1.67205393e-01 -2.66769174e-02 4.35833871e-01 -4.52117562e-01 -3.81138995e-02 -3.02165985e-01 -4.81815748e-02 -4.57518876e-01 5.80651164e-02 -2.46003851e-01 -5.35026491e-01 -4.53827024e-01 1.46414384e-01 -3.33861440e-01 -2.67727971e-01 -2.37071365e-01
-1.35552675e-01 2.17580408e-01 4.45938855e-01 3.66762757e-01 -2.49247894e-01 -3.01805526e-01 -1.04502477e-01 -1.31393308e-02 2.61963516e-01 -4.43707734e-01 -5.80742896e-01 -6.86547682e-02 -2.77094185e-01 -3.01416218e-01 6.35047778e-02 6.41640425e-01 -9.68334153e-02 2.39602804e-01 2.94535041e-01 2.01945528e-01 6.41083717e-02 -7.48346865e-01 1.66119471e-01 1.08688265e-01 2.58107692e-01 1.54109001e-01 1.95232704e-02 -5.58868110e-01 -2.70616680e-01 -1.09515682e-01 9.90805775e-02 -2.27606177e-01
-7.37885237e-01 4.98383075e-01 -5.45126855e-01 -1.04271340e+00 -3.13309163e-01 -2.75377035e-01 -3.36034954e-01 3.78011256e-01 1.32335901e-01 4.56505239e-01 -8.78567025e-02 2.19108537e-01 2.07177833e-01 2.56557226e-01 -4.73664030e-02 1.01801467e+00 7.19795644e-01 1.05824375e+00 -4.60346431e-01 1.10553525e-01 4.78701055e-01 -7.09906757e-01 -6.89055562e-01 3.78532022e-01 -2.78992653e-01 -4.23438847e-01 2.49388710e-01 3.46722245e-01 4.70159709e-01 -8.46489608e-01 1.83051467e-01 -9.73298252e-02
9.40676257e-02 -5.90499759e-01 -9.13493186e-02 -6.83467612e-02 -5.33477128e-01 5.88494539e-01 1.06033333e-01 -4.94011432e-01 4.62812215e-01 9.89993572e-01 -1.76000684e-01 6.40997365e-02 5.02756953e-01 4.72561777e-01 7.75046200e-02 -1.00350940e+00 -5.04485786e-01 -9.64587092e-01 -4.08268720e-02 1.62429735e-01 3.02478850e-01 3.15769583e-01 2.31560245e-01 1.97958693e-01 2.92977124e-01 5.64964339e-02 -3.65202248e-01 -3.01936060e-01 -2.82212645e-01 -2.91777760e-01 4.89177376e-01 2.63291150e-01
-2.86934841e-02 -9.39197302e-01 3.28744560e-01 1.61975610e+00 1.67235166e-01 7.25769401e-02 -1.59041017e-01 -2.84779131e-01 -1.87499240e-01 1.92990527e-01 1.12397778e+00 -1.03490067e+00 -1.13238811e+00 -4.01707798e-01 1.68154582e-01 -1.22205071e-01 -1.18084574e+00 5.97670972e-01 6.48173511e-01 -6.83632731e-01 8.68190289e-01 1.55828312e-01 -6.90543419e-03 3.31366877e-03 -1.81887299e-02 -5.32970905e-01 2.40813047e-01 7.67299673e-03 -9.13919091e-01 1.29839158e+00 -6.45215452e-01 3.43584944e-03
-9.06567574e-01 -1.79223657e-01 7.79697075e-02 1.80614829e-01 4.21074301e-01 2.02570140e-01 1.66633070e-01 4.96320248e-01 -3.94244194e-01 -3.80155802e-01 -9.01688159e-01 1.38955444e-01 8.83189619e-01 4.82226871e-02 1.57847703e-01 1.93080734e-02 3.48411053e-01 6.20119534e-02 -3.22762996e-01 -3.50017518e-01 -4.66266930e-01 -3.95384096e-02 -3.32522281e-02 -6.85134947e-01 3.04735035e-01 1.04475176e+00 -6.58348054e-02 -3.51504743e-01 -3.21165234e-01 -1.72793582e-01 -2.90607125e-01 -1.02765515e-01
-3.04376185e-01 -3.25733423e-01 -6.90766275e-02 -1.88060254e-01 -2.88726568e-01 5.32816024e-03 1.97863191e-01 2.95473307e-01 -6.04778886e-01 1.46563935e+00 -1.79962218e-01 -1.04957387e-01 -4.68484282e-01 4.78575498e-01 -4.44538929e-02 -3.17447186e-02 5.02665639e-02 5.35470061e-02 -6.15125708e-02 -1.58410743e-01 2.53379613e-01 2.06486896e-01 4.78499502e-01 -5.41872345e-03 3.57516408e-02 -2.82574091e-02 -2.25908577e-01 1.74281165e-01 2.68059820e-01 2.74939388e-01 2.16302276e-01 1.24455750e-01
-8.62062424e-02 -3.53726357e-01 -3.12296860e-02 -9.03073549e-02 -3.04134190e-01 4.71601337e-01 -2.08873555e-01 -4.24149096e-01 7.91061148e-02 -3.85729849e-01 3.98761444e-02 4.21199143e-01 1.93336993e-01 4.19013023e-01 3.04854959e-01 -5.13563633e-01 -4.50572044e-01 -1.19050336e+00 -6.70837685e-02 -3.27355295e-01 -1.09216534e-01 8.48651528e-01 4.38208669e-01 6.28162503e-01 -4.62379158e-01 1.30948618e-01 1.39559433e-01 -2.42453441e-01 -3.68701458e-01 -2.52343535e-01 -7.50128627e-02 -8.76748338e-02
4.55082916e-02 -5.55388667e-02 1.37977019e-01 -9.43203121e-02 2.31972232e-01 -1.15096442e-01 3.87044549e-02 -3.39924186e-01 -1.71202913e-01 3.49634647e-01 1.49321198e-01 1.72793999e-01 8.10565799e-02 -2.86107570e-01 -6.59412071e-02 -2.87593216e-01 5.80299757e-02 1.64521024e-01 -1.40920058e-01 -5.29648364e-01 1.45653546e-01 -1.63236961e-01 -1.28560796e-01 -6.49632439e-02 -1.17528504e-02 2.13672981e-01 -6.51271716e-02 8.80952179e-03 1.11081548e-01 6.90279454e-02 -1.80061313e-03 4.09629138e-04
1.80297092e-01 -9.74671185e-01 -3.18536311e-01 7.28320837e-01 2.72252530e-01 -4.70352203e-01 -1.99352801e-01 -1.32089734e-01 -8.05337429e-01 2.39871502e+00 -5.40681779e-01 6.62856638e-01 6.88672781e-01 4.99807268e-01 1.81668460e+00 7.88209975e-01 -4.64898646e-02 8.11905146e-01 5.65761209e-01 4.60803509e-01 3.51479799e-01 1.69985160e-01 7.13852867e-02 9.89200473e-01 -2.22443640e-02 1.91840380e-01 -3.38953584e-01 1.73185989e-01 3.93608287e-02 3.08336839e-02 9.99194443e-01 2.41585542e-03
-1.37812793e-01 1.79253757e-01 1.10385366e-01 7.84278512e-02 3.76842581e-02 -3.67821455e-02 3.55624151e-03 1.38370275e-01 -1.13141667e-02 -1.94913093e-02 1.66670993e-01 6.94177896e-02 9.08140913e-02 -2.40470394e-02 1.63212851e-01 2.24575639e-01 2.61158030e-02 -8.32473859e-02 -5.10229245e-02 8.03339407e-02 -1.53590694e-01 -5.32330871e-02 -6.09968156e-02 2.24801749e-02 -4.68099415e-01 -2.24285454e-01 5.01118302e-02 -1.18271716e-01 -3.72376293e-02 -4.85327505e-02 -1.75791010e-02 -4.61595654e-01
-1.03213815e-02 -7.49413520e-02 -5.74536473e-02 2.94810180e-02 -2.22876653e-01 2.42521595e-02 -1.94998439e-02 1.78787991e-01 6.25927895e-02 -3.98928970e-02 -1.19326990e-02 -2.71070320e-02 -6.65891394e-02 1.83141045e-02 -6.05939925e-02 2.26518646e-01 -1.12714291e-01 -1.14000320e-01 6.56086300e-03 3.24502945e-01 -2.46379241e-01 -1.02196850e-01 -2.66286600e-02 -6.30641123e-03 9.19091329e-03 -9.35107544e-02 -5.95910214e-02 -6.05866276e-02 -4.34453078e-02 5.97549304e-02 3.18744890e-02 -3.06291739e-03
7.19827652e-01 -2.27607146e-01 4.42611128e-01 2.43510142e-01 -5.27906537e-01 8.04367363e-02 -3.12029719e-01 1.80175662e-01 6.30249023e-01 1.47679389e-01 -2.81043261e-01 1.47331417e-01 1.59145385e-01 3.41451705e-01 7.29783177e-01 -6.87379956e-01 -3.85275811e-01 -7.98312724e-01 2.07820743e-01 -2.19382495e-01 -7.64133692e-01 3.40514153e-01 -6.22178577e-02 1.19173355e-01 7.97376215e-01 6.83799982e-02 1.22281104e-01 -8.72568637e-02 -3.63401681e-01 1.29085541e-01 1.85464665e-01 1.04200348e-01
8.27549323e-02 -4.36768413e-01 -2.91704267e-01 4.30082083e-01 2.31057853e-01 -5.54755569e-01 1.33586392e-01 -6.32622372e-03 2.20193237e-01 -2.04792604e-01 -2.14898571e-01 4.30293977e-01 3.31849754e-01 -2.31047750e-01 2.78405100e-01 -5.67902446e-01 -3.59307885e-01 -7.03962743e-01 3.97216529e-01 -4.34622884e-01 -2.27764189e-01 -7.22446889e-02 3.78783047e-01 6.84408963e-01 -1.47477075e-01 -3.47246140e-01 4.62064862e-01 -1.29382918e-02 -9.85319167e-02 -3.98781896e-01 1.41734138e-01 2.25945801e-01
1.32232353e-01 -9.25221220e-02 6.32314503e-01 2.28741601e-01 -1.15087724e+00 -3.42836142e-01 -5.30248433e-02 -2.76423603e-01 1.03569806e+00 5.80782592e-01 1.44465799e-02 -5.41255116e-01 -1.13875926e-01 7.80205071e-01 4.64902557e-02 -3.12419915e+00 -3.91566485e-01 -3.09412241e+00 3.11778337e-01 -9.15693790e-02 -6.63733184e-01 4.77971047e-01 1.88634485e-01 2.23439828e-01 3.55563223e-01 1.73562765e-02 4.53937829e-01 -2.65497202e-03 -1.99701056e-01 -6.49460614e-01 -5.55005550e-01 5.97891025e-02
-1.97553277e-01 -2.54415274e-01 -2.46042177e-01 -2.78944135e-01 -2.54213035e-01 5.67101359e-01 1.33273348e-01 -9.25532207e-02 -9.47335139e-02 3.73535335e-01 -1.89047962e-01 1.45454228e-01 5.68739139e-02 -2.75369257e-01 -1.16444997e-01 -4.85504210e-01 2.97101051e-01 -6.02444053e-01 -3.05791408e-01 1.79653969e-02 -3.05637449e-01 3.94066244e-01 -1.54296651e-01 3.60838443e-01 3.79899621e-01 -5.16049683e-01 4.83005583e-01 3.78936529e-02 8.05315375e-02 1.36533737e-01 -1.13052085e-01 1.90749727e-02
4.46439981e-01 6.95348978e-01 7.04021394e-01 -4.18370068e-01 1.46170765e-01 1.51721239e-01 2.04698592e-01 -1.23675063e-01 -7.97420025e-01 9.60262656e-01 -2.96847254e-01 -2.33960539e-01 -4.25733715e-01 1.08907425e+00 1.49402738e-01 7.89121687e-02 4.36681584e-02 -9.63776410e-01 3.33823532e-01 -2.63868868e-01 3.56195606e-02 7.20639527e-01 -1.26397565e-01 -4.19504702e-01 5.60166180e-01 -7.59199262e-01 4.75782841e-01 -2.62883678e-02 -3.21311265e-01 -6.16426766e-01 -3.04547977e-02 -3.44662607e-01
-2.55094636e-02 -3.35087776e-01 2.87465155e-01 -2.63126761e-01 -3.25610250e-01 1.08865909e-01 2.28141576e-01 -2.40310594e-01 -4.98830825e-01 -3.09864551e-01 -1.98278263e-01 1.06880516e-01 -1.54155316e-02 4.58266824e-01 5.02102494e-01 2.18931362e-01 3.29093933e-01 -5.67346215e-01 3.62112671e-02 2.38443956e-01 -2.87205428e-01 3.96405399e-01 -3.43140781e-01 7.74960518e-02 -6.51290268e-02 -1.86560124e-01 3.21331352e-01 7.62284875e-01 -3.80485892e-01 -5.48925340e-01 3.12351495e-01 3.55955809e-01
-1.10802817e+00 -5.04236035e-02 3.78275588e-02 -1.16409898e+00 -2.82619417e-01 -2.25054756e-01 6.73431575e-01 3.92157584e-01 -1.21297855e-02 5.34146488e-01 -8.82545888e-01 8.21400702e-01 9.42354381e-01 7.35373914e-01 -7.91897774e-01 5.75842485e-02 3.45426202e-01 -6.93818927e-01 -1.38404191e-01 8.16393733e-01 -7.59243488e-01 -4.38260168e-01 -5.42766929e-01 9.69338566e-02 4.50671613e-01 8.46300125e-01 1.00356901e+00 8.39109421e-01 3.58865559e-01 -8.94837558e-01 -2.41826221e-01 3.58636916e-01
-9.55462009e-02 9.26553831e-02 3.14536661e-01 -4.87072021e-02 3.39548916e-01 -1.01917721e-01 -8.98299646e-03 1.87776498e-02 -5.50442748e-02 1.90928996e-01 2.62185708e-02 1.86760612e-02 -1.22873839e-02 -1.03819430e-01 7.82202408e-02 -1.41818047e-01 8.95570666e-02 4.49287780e-02 1.71689615e-02 -4.11950111e-01 1.44623846e-01 -9.59035307e-02 4.20476049e-02 -1.68158114e-02 1.47959605e-01 -1.88155621e-02 7.32449591e-02 1.36949822e-01 1.66605562e-02 -9.13325027e-02 -3.01071797e-02 5.90253882e-02
7.22766891e-02 2.44825602e-01 1.06135264e-01 -1.24091143e-02 5.63423872e-01 -1.88101102e-02 5.01393914e-01 2.19140843e-01 1.39353737e-01 -1.39370251e+00 -2.36646459e-01 4.16986555e-01 5.61437428e-01 -5.50863683e-01 -4.99969602e-01 4.37506020e-01 5.46767175e-01 4.77073267e-02 4.42537069e-02 -5.07286131e-01 8.97043407e-01 -4.33016121e-01 6.87410636e-03 -1.22890818e+00 -2.27896303e-01 4.77829456e-01 -8.83736968e-01 -9.13788259e-01 1.31110206e-01 -4.01366502e-03 -1.73855871e-01 -4.43971902e-02
5.53072989e-01 -3.48757267e-01 -3.37054521e-01 4.78634179e-01 6.75752014e-03 -6.69099949e-03 -4.80419062e-02 -1.61857933e-01 4.39202785e-01 -4.70186211e-02 -8.00823569e-02 -8.66642296e-02 7.22150683e-01 -2.94130534e-01 3.93517554e-01 -2.91478813e-01 -6.64699674e-02 -4.16805863e-01 1.58430681e-01 -1.13908865e-01 -2.98464507e-01 7.99696669e-02 1.98471442e-01 1.95906565e-01 -1.47382263e-02 -2.47098833e-01 8.32786798e-01 4.67789352e-01 -3.70882928e-01 3.74950379e-01 2.36887366e-01 2.61088371e-01
-2.44501799e-01 3.16512644e-01 -1.86602235e-01 -4.46878634e-02 -5.63932300e-01 -2.06080854e-01 1.03533521e-01 4.81094867e-01 -7.90869519e-02 -5.51666558e-01 -1.86357185e-01 -1.28531801e-02 -3.39804649e-01 1.92636624e-01 2.72017539e-01 -1.60355896e-01 -1.10846728e-01 3.11530441e-01 1.31392851e-02 3.51602048e-01 -2.34210327e-01 -5.76626062e-02 -9.55565125e-02 -4.12793420e-02 -9.87845063e-02 -1.01850450e-01 2.71029472e-01 -2.71369934e-01 1.42160743e-01 1.16890026e-02 2.20904779e-02 1.38420820e-01
4.48527709e-02 -5.37142575e-01 -1.02718696e-01 -8.21442157e-02 -1.12837836e-01 -1.45852670e-01 -2.31476109e-02 -1.79564685e-01 -3.71892124e-01 4.78422761e-01 1.35385329e-02 5.08411825e-02 3.32285404e-01 4.03352886e-01 -1.51664943e-01 -6.87623262e-01 -2.16645479e-01 -1.54735148e-01 1.15255825e-02 1.78927388e-02 7.77687356e-02 -5.49421012e-02 5.18636584e-01 7.91882649e-02 -3.96846473e-01 2.04192117e-01 3.61446232e-01 1.30654082e-01 -7.17744455e-02 1.48361549e-01 -5.93136288e-02 -2.03197882e-01
9.06009793e-01 1.98473677e-01 -4.38663423e-01 1.41822308e-01 -2.10156545e-01 1.17449202e-01 6.77357197e-01 1.43383399e-01 -1.22564532e-01 -7.72184849e-01 -9.10802364e-01 1.43735874e+00 9.60103646e-02 -6.92182124e-01 1.65545791e-01 2.54246384e-01 2.00299636e-01 2.26143464e-01 2.18937756e-03 1.02911443e-01 -1.59588945e+00 -2.56891340e-01 -9.47378457e-01 -2.33953372e-01 -4.57259178e-01 -8.16542506e-02 1.89745978e-01 9.18595314e-01 3.63039249e-03 2.08706548e-03 -4.68109734e-02 4.42930549e-01
-8.00979137e-02 2.43638624e-02 -1.00536180e+00 -1.88298188e-02 4.24711019e-01 2.99540937e-01 1.69136971e-02 -3.30858678e-02 -1.44094639e-02 4.79692310e-01 -3.61617982e-01 -1.24007440e+00 3.25040013e-01 1.25151992e-01 -3.30223680e-01 9.09700513e-01 -1.34353504e-01 1.58964849e+00 -3.67163688e-01 9.25349593e-02 2.64678806e-01 -1.75798133e-01 -8.88425633e-02 7.28719473e-01 -3.35924923e-01 7.20179200e-01 -4.29745130e-02 -2.42754310e-01 3.15526910e-02 1.78562164e-01 6.34604335e-01 -1.00421265e-03
-2.00424343e-02 4.38311845e-01 -1.70477152e-01 -6.10389233e-01 -1.06932662e-01 7.47722149e-01 3.12225908e-01 7.89693117e-01 4.22084510e-01 3.23605627e-01 9.58230853e-01 -2.72257358e-01 7.95478150e-02 3.52763474e-01 -1.10985404e-02 -8.07456374e-01 3.21574658e-01 -9.00450572e-02 -3.01707238e-01 -5.56839228e-01 -6.00064844e-02 -2.35924587e-01 1.98365510e-01 1.58530429e-01 -2.43930474e-01 1.61288559e-01 3.95302065e-02 1.67547558e-02 -5.57119131e-01 2.57371932e-01 -1.86305389e-01 1.21429689e-01
8.56465772e-02 1.46382488e-02 -8.53543133e-02 -1.18600205e-02 -5.57576008e-02 5.08491956e-02 2.76947906e-03 6.11747205e-02 -1.70072969e-02 -6.35766238e-02 -6.57806620e-02 -3.75588208e-01 2.58969486e-01 2.27896273e-01 1.62604731e-02 1.09173983e-01 6.55294061e-02 -1.16077431e-01 1.33279949e-01 2.47184142e-01 1.14131570e-01 3.06292146e-01 2.55380385e-02 2.55536467e-01 -1.35477319e-01 -2.77255386e-01 -1.96420997e-01 -1.52393907e-01 -3.24977040e-01 -1.63962618e-01 1.13280108e-02 -2.43982628e-01
4.21623439e-01 5.15215918e-02 5.60013235e-01 3.93016428e-01 3.30364168e-01 4.14767474e-01 9.29027379e-01 -3.58305842e-01 7.54566014e-01 -7.68281966e-02 -6.11305654e-01 1.62074417e-01 -5.18503726e-01 -4.01520699e-01 -3.38774100e-02 2.22263664e-01 -5.92513323e-01 -5.03293872e-01 2.66948581e-01 -6.32325513e-03 -9.43050385e-02 5.81501901e-01 2.54492730e-01 6.41408801e-01 4.14989591e-02 -1.28584877e-01 -2.34807134e-01 1.57824934e-01 1.82825074e-01 4.13619220e-01 -1.47079378e-01 -4.14139125e-03
-2.16364458e-01 -3.40357512e-01 1.46644890e+00 8.10675845e-02 -1.08048451e+00 -2.55913824e-01 -1.09966552e+00 -1.03621340e+00 3.88169676e-01 1.08888507e+00 -3.58559750e-02 -3.60280812e-01 -2.94943959e-01 9.90996838e-01 4.22026813e-01 -2.58476663e+00 2.89626807e-01 -3.04823565e+00 1.86878979e+00 8.72140229e-01 -7.37837851e-01 1.68393576e+00 -5.50734401e-01 2.78523713e-01 1.82421401e-01 -7.10975528e-01 -2.46349022e-01 5.70910871e-01 8.43704268e-02 6.38622697e-03 7.68963873e-01 3.09359729e-01
8.09241785e-04 -2.66037118e-02 6.26503751e-02 4.15295027e-02 4.01667863e-01 8.79026949e-03 -1.34655824e-02 1.50493225e-02 3.64247821e-02 -1.00500183e-02 -2.57403944e-02 -6.36369735e-02 1.00884445e-01 -1.69125311e-02 5.23233786e-03 -4.44699228e-02 4.46610525e-03 -5.42264394e-02 -7.87977576e-02 8.19973871e-02 1.30072966e-01 6.10416047e-02 -3.76402307e-03 1.56696457e-02 -1.38048694e-01 -1.50112331e-01 1.62262861e-02 3.78745705e-01 -5.70179299e-02 -5.95165566e-02 -7.59483827e-03 -2.43198276e-01
-3.84176254e-01 5.74392937e-02 -1.27022892e-01 -7.61511922e-02 -2.64274985e-01 -4.60516196e-03 -9.27508324e-02 7.03788459e-01 -9.80478302e-02 -6.48182109e-02 -1.81324169e-01 7.09755421e-01 5.06763875e-01 3.18203360e-01 2.06184462e-01 8.90132114e-02 -1.18390538e-01 1.52019039e-02 -1.64550185e-01 -2.51001157e-02 -1.41950920e-01 -6.23281181e-01 -1.53723612e-01 -2.14748636e-01 -3.40985209e-01 -1.68442771e-01 -6.14070237e-01 4.20620114e-01 -2.52395421e-01 -2.58926690e-01 -1.22381225e-01 5.15987039e-01
3.44045199e-02 -1.39876455e-01 7.29337990e-01 1.62328154e-01 -7.93760419e-01 1.97646752e-01 3.50443870e-01 -5.17073274e-01 5.42946935e-01 3.30961317e-01 -2.07124680e-01 5.34216583e-01 3.95853817e-03 1.29138902e-01 1.20069571e-01 -2.13962865e+00 1.75172672e-01 -1.19193220e+00 6.77518621e-02 2.52190620e-01 -1.31280333e-01 3.04613948e-01 1.89869821e-01 9.45261121e-02 -1.67579845e-01 -4.41931009e-01 -1.72913998e-01 -1.91343278e-01 -3.70883822e-01 -5.82753897e-01 4.78559703e-01 -3.68514776e-01
-1.79248720e-01 -7.02717602e-02 -1.67093635e-01 1.43644959e-01 -6.44433871e-02 -3.93292122e-02 6.27826035e-01 -1.83597341e-01 -7.95733154e-01 1.69802153e+00 -3.95308226e-01 -5.46171097e-03 -2.67287046e-01 1.38371599e+00 -1.41887009e-01 1.19393356e-01 -1.65462103e-02 5.92711717e-02 -1.24501422e-01 -3.07528406e-01 -9.54274926e-03 2.05310762e-01 -6.65749609e-02 -1.76788196e-01 -1.56186432e-01 7.48220086e-02 4.22014266e-01 4.85737592e-01 1.95653901e-01 -4.71764296e-01 3.21937263e-01 -7.80836791e-02
-3.48337032e-02 -1.85869858e-01 5.34425735e-01 5.29761732e-01 -5.30887246e-02 -4.29946423e-01 -1.10194230e+00 4.87633236e-02 2.43266001e-01 3.79791737e-01 1.33818075e-01 -8.99406895e-02 5.99393658e-02 1.60527557e-01 -2.79668301e-01 6.63405001e-01 7.04321917e-03 2.71453381e-01 -3.68950106e-02 -3.40394139e-01 7.76161373e-01 3.13704520e-01 3.11274171e-01 -5.40483177e-01 -6.24994077e-02 -2.85492372e-02 -1.49589971e-01 3.75934690e-01 -2.09532171e-01 3.77191186e-01 -2.05729559e-01 -1.99797347e-01
1.00775898e+00 -4.46058601e-01 4.45176840e-01 1.00568628e+00 -1.88440591e-01 2.36824393e-01 -1.13961148e+00 -5.84728837e-01 5.91609359e-01 -1.35643935e+00 -1.95136607e-01 5.44948578e-01 -1.25965583e+00 -3.88450593e-01 8.19191337e-01 -3.62062842e-01 -1.39184996e-01 6.95536062e-02 4.90656823e-01 7.28604972e-01 4.24481869e-01 -5.06906211e-01 -1.63881266e+00 -4.84877110e-01 6.68760777e-01 5.53306699e-01 -7.85253406e-01 -5.36782384e-01 -1.91457849e-02 1.29048824e+00 -6.74385786e-01 -2.18076289e-01
-2.01104339e-02 1.63663030e-01 -4.79100198e-02 -4.97932136e-02 -1.70178682e-01 -4.09164689e-02 2.96357088e-02 -3.57433334e-02 -4.65416759e-02 -5.34778973e-03 4.23040129e-02 9.22434926e-02 8.71158540e-02 -4.75271940e-02 1.72253594e-01 -1.37521237e-01 8.73990282e-02 2.14500844e-01 -9.21903271e-03 -2.82891303e-01 1.45260006e-01 3.23922262e-02 -6.33537322e-02 -1.51802422e-02 -3.00161242e-01 -3.78724784e-02 1.82674881e-02 -7.78896436e-02 6.41624443e-03 -6.47093495e-03 -6.01758901e-03 -2.31437400e-01
3.40431407e-02 3.95536542e-01 1.70335162e+00 4.79765296e-01 -1.50169575e+00 1.98991239e-01 -7.95246139e-02 -5.44389129e-01 8.55680823e-01 6.58717453e-01 2.00564891e-01 -4.21582013e-01 -9.18089151e-01 8.09301198e-01 -4.90093464e-03 -4.40471983e+00 -1.31653577e-01 -4.97903156e+00 3.57982874e-01 1.07768990e-01 -1.22940385e+00 1.06582785e+00 3.62443030e-01 1.37438312e-01 4.14381400e-02 -2.03533858e-01 -4.95024323e-01 7.27284789e-01 -2.69758284e-01 2.79417634e-02 -6.31128401e-02 2.34288797e-01
-6.62458658e-01 -1.50375990e-02 -2.22998276e-01 -4.06898201e-01 2.64312744e-01 -1.72153905e-01 -2.87673116e-01 8.89545977e-02 5.20519614e-02 9.58778635e-02 4.33912843e-01 -5.84666133e-01 7.89200291e-02 5.26936352e-01 -1.83918223e-01 -2.40890011e-01 -2.01882236e-02 1.16531357e-01 7.86516592e-02 -7.68902004e-02 1.48289010e-01 3.44894886e-01 2.13645324e-01 4.54409420e-02 -3.51187438e-01 -5.06660827e-02 -3.70330065e-01 2.37848505e-01 -2.86870271e-01 -2.31906027e-01 -3.04933591e-03 -5.07890642e-01

layers.2.bias:
-1.33527267e+00
-7.84496903e-01
3.45469654e-01
-7.65912890e-01
9.21110883e-02
-6.05771065e-01
2.88120687e-01
2.01087976e+00
7.07864523e-01
8.45756471e-01
-9.69053328e-01
-1.34373188e+00
-1.57421038e-01
9.04888809e-01
-2.50883549e-01
-6.50113940e-01
-6.76890761e-02
-7.98335254e-01
3.40802044e-01
-9.06692296e-02
-9.03700888e-02
7.16742992e-01
7.66667962e-01
-1.43290505e-01
-4.14356351e-01
1.05452156e+00
-9.78674173e-01
-1.02479911e+00
4.40793097e-01
-1.10931265e+00
3.31028283e-01
-9.23438966e-02
7.93919265e-01
1.16637118e-01
-3.37191045e-01
-4.74403128e-02
-1.46082073e-01
1.38148618e+00
1.00776875e+00
-1.49718523e-01
9.64292526e-01
-1.95941687e-01
-5.18260896e-01
1.52817130e+00
2.60145932e-01
-7.98070252e-01
1.02948391e+00
-3.76542360e-01
7.89250672e-01
1.60701013e+00
2.37923399e-01
2.89657056e-01
1.12189904e-01
-6.25445247e-01
3.15764427e-01
-2.69540381e-02
8.29619348e-01
-3.69746462e-02
-3.59580815e-02
-5.67730784e-01
6.40937924e-01
4.79997210e-02
-3.04307640e-01
6.31640315e-01

layers.4.weight:
2.82890111e-01 -2.71169614e-04 -5.42670861e-02 -3.88285406e-02 1.70526523e-02 9.20323133e-02 -7.08401552e-04 -6.95521891e-01 -1.12373374e-01 -3.69302422e-01 3.75769287e-02 9.01145279e-01 -1.99158692e+00 -8.87505114e-02 3.07114106e-02 -1.51922369e+00 -1.32930028e-04 5.23287766e-02 3.66370231e-02 2.90645316e-04 2.26752963e-02 -4.29164208e-02 -8.72420073e-02 3.09410125e-01 -2.28019319e-02 -1.78190246e-02 1.71180349e-02 7.32290685e-01 -3.95105898e-01 3.67592633e-01 1.30096478e-02 -1.60322323e-01 -8.07479303e-03 1.51590692e-04 1.03532396e-01 -1.64531783e-04 2.12430459e-04 -1.49036929e-01 -1.49629069e-02 2.99591690e-01 -3.06930523e-02 2.57974744e-01 3.69681455e-02 -1.04209460e-01 1.55671689e-04 1.51955113e-01 -1.51397903e-02 -2.35220767e-04 -7.48148859e-02 -6.51557744e-01 -8.81768167e-02 -6.27781898e-02 2.68631848e-04 -2.54425802e-03 -1.00725746e+00 -1.09859378e-04 1.68312306e-03 -2.65060604e-01 -1.04830660e-01 1.43054361e-03 -4.17495742e-02 -3.79105419e-04 1.07705009e+00 -1.09850072e-04

layers.4.bias:
-1.07653892e+00

