layers.0.weight:
3.31696361e-01 -5.67613244e-01 7.97264636e-01
5.69172144e-01 -8.09445798e-01 -5.80563486e-01
-8.31293464e-02 -6.13938749e-01 -5.77727258e-01
-1.07055378e+00 1.15616508e-01 4.58123112e+00
2.67282110e-02 4.11940843e-01 1.16166264e-01
-5.79876065e-01 8.58121514e-01 -1.84879377e-01
-1.31842160e+00 4.86020595e-01 -9.88645032e-02
-6.01682402e-02 7.88846374e-01 -9.23566997e-01
6.03414774e-01 -9.26082134e-01 5.12713566e-02
-1.11527514e+00 5.86289167e-02 -1.64189592e-01
7.53551662e-01 -9.85680073e-02 1.41279221e+00
-7.16238439e-01 -1.31785080e-01 -1.29353356e+00
-4.30584475e-02 7.12955832e-01 -1.57757306e+00
-1.16726887e+00 2.10410804e-02 5.00053525e-01
-6.46977663e-01 1.09646142e+00 7.52028525e-01
-1.81771189e-01 9.48456824e-01 1.64468549e-02
5.46070874e-01 -6.33792400e-01 -1.45019031e+00
-1.15504665e-02 1.12846863e+00 1.84981868e-01
8.07071701e-02 -9.54183042e-01 5.35116851e-01
3.41117471e-01 -1.28724232e-01 -8.64976227e-01
2.23475501e-01 1.65966094e-01 -5.10879010e-02
-3.24195027e-01 -2.56797969e-01 -1.00232065e+00
-4.64660525e-01 1.65601885e+00 -4.46076952e-02
-1.56447518e+00 4.06930357e-01 1.75152493e+00
1.05132234e+00 3.79940838e-01 -7.78481364e-01
2.59609371e-01 6.71772659e-01 -1.17486012e+00
-1.16151750e-01 -2.13369340e-01 1.90187418e+00
-3.97779703e-01 -2.44972542e-01 1.92939892e-01
3.22416067e-01 7.57217348e-01 -1.46468067e+00
-1.04933763e-02 4.65525806e-01 1.70563948e+00
-2.89658904e+00 2.84448242e+00 -1.78299040e-01
-1.26738083e+00 -5.19488692e-01 1.02004325e+00

layers.0.bias:
8.77201200e-01
4.81547834e-03
-1.42384720e+00
-6.34384930e-01
7.07518518e-01
-2.04255387e-01
-3.54310095e-01
2.86240637e-01
-7.45998621e-01
-1.59115899e+00
1.64644122e-01
1.80825554e-02
2.46107668e-01
-1.21306002e+00
-2.90836543e-01
1.43946290e+00
9.34610724e-01
1.82654703e+00
-6.68276668e-01
5.78918040e-01
-1.44309163e-01
-1.35729384e+00
1.02535832e+00
-7.05530941e-02
1.36946186e-01
5.60703695e-01
8.80503118e-01
-1.57881156e-01
-4.88352716e-01
7.31267482e-02
8.91685039e-02
-6.70209900e-02

layers.2.weight:
-3.71539205e-01 2.15941384e-01 6.20317981e-02 -4.96793121e-01 7.60015659e-03 1.82969868e-02 1.18909724e-01 -2.33779550e-02 -1.31916389e-01 2.82073832e+00 6.92599639e-02 8.14551339e-02 -1.85648650e-01 2.42919660e+00 -1.88198045e-01 4.61245269e-01 -5.70469163e-02 6.56053960e-01 1.30995050e-01 -2.60226429e-01 2.30089918e-01 -6.61999583e-02 -5.48831761e-01 6.01112068e-01 -1.46161601e-01 6.53014362e-01 -8.01053762e-01 -1.21399976e-01 -1.89118981e-01 -2.30337441e-01 -6.46721944e-02 3.08734268e-01
-1.27169296e-01 1.51933357e-01 -8.48538041e-01 2.65446510e-02 -3.48035872e-01 1.97493717e-01 -7.59228706e-01 -4.14984614e-01 5.03830135e-01 6.86635911e-01 3.17381591e-01 -2.59059548e-01 2.95600384e-01 -1.10525310e-01 -2.68570572e-01 2.65361398e-01 -2.93827683e-01 3.60277355e-01 -5.11588871e-01 1.96122899e-04 7.26975083e-01 -1.07521236e-01 -3.65524948e-01 -1.17993213e-01 8.02516714e-02 -2.47611664e-03 -3.51288915e-01 -6.57136977e-01 1.24696292e-01 -2.45179549e-01 6.99863723e-03 1.20019831e-01
-2.26496965e-01 2.12120377e-02 3.86538833e-01 -5.53851902e-01 -9.25312757e-01 2.23265439e-01 -1.82052061e-01 1.19360752e-01 3.15707803e-01 1.28956914e+00 -3.45765501e-01 -2.99555302e-01 -3.91213819e-02 3.94921720e-01 -1.26338735e-01 -8.97093773e-01 -4.18328434e-01 -7.90783048e-01 8.30390081e-02 1.67506501e-01 -2.47412622e-01 -2.30616897e-01 4.36120510e-01 -1.11628377e+00 -7.71960378e-01 2.04462498e-01 -9.69898582e-01 4.03910011e-01 1.31983384e-01 -1.77154571e-01 2.49367118e-01 8.35125983e-01
7.92671442e-02 -5.32934725e-01 -1.95416823e-01 1.23608816e+00 9.78803754e-01 5.70833981e-01 7.83179104e-01 -7.60138258e-02 -3.66036505e-01 5.22968732e-03 4.94360775e-02 4.96801883e-02 -4.50315773e-01 9.88299698e-02 1.02508664e+00 1.27655315e+00 -4.81677771e-01 8.71468961e-01 1.14626892e-01 -4.57610875e-01 -4.04510230e-01 -3.96731406e-01 5.77502191e-01 1.91237962e+00 4.72828001e-02 -3.68015945e-01 3.81677568e-01 -3.62868905e-01 -5.19315779e-01 -1.99940905e-01 1.10646889e-01 -1.09297112e-01
2.78336126e-02 -3.17835510e-01 3.62896413e-01 -4.90933836e-01 -1.05331600e-01 -2.58037686e-01 -9.36202586e-01 1.56751946e-01 1.16920725e-01 -3.21203530e-01 3.89737815e-01 -7.06751168e-01 8.24815810e-01 -7.07832813e-01 -1.03185482e-01 -1.06558239e+00 -2.91191936e-01 -1.07102084e+00 -1.02601729e-01 -8.28948915e-02 8.48650396e-01 -4.83594537e-01 2.31225014e-01 -3.68724376e-01 -8.54926765e-01 6.41655564e-01 5.44798560e-02 -5.01571119e-01 -2.31558681e-01 5.71736515e-01 -1.11749202e-01 1.07955679e-01
-4.47641462e-01 1.85007915e-01 6.71885908e-01 1.47834465e-01 -1.12589824e+00 -1.90624133e-01 -1.40593573e-01 1.92443863e-01 3.82084906e-01 3.31737325e-02 6.78643644e-01 1.32111639e-01 -7.64251426e-02 1.06898218e-01 -1.95816994e-01 -1.44159114e+00 -3.79503071e-01 -1.90550160e+00 8.51056933e-01 -2.35523552e-01 -5.64560115e-01 1.00447163e-01 -4.76381481e-01 -1.80599093e-01 -3.91338259e-01 3.19237672e-02 1.45657957e-01 1.24881458e+00 -4.67454106e-01 -4.42736745e-01 -8.36101651e-01 7.67488003e-01
4.20053080e-02 1.02609256e-02 -2.05437839e-01 -1.09774675e-02 -1.95612445e-01 1.46194994e-01 -9.48227048e-02 -4.51532066e-01 -1.20544933e-01 2.17737183e-01 3.07367474e-01 6.89471364e-02 2.76747674e-01 1.33774877e-02 -3.16044576e-02 -3.38064790e-01 2.03243457e-02 4.73872684e-02 1.55504672e-02 -3.09609592e-01 -3.94077390e-01 9.02653635e-02 7.40492120e-02 3.09500396e-02 1.82159230e-01 2.58858204e-01 -3.62426519e-01 -4.38592166e-01 -1.49644300e-01 6.64347038e-02 -5.53315738e-03 1.18297525e-01
4.12994683e-01 8.42690617e-02 -4.30488169e-01 3.98507774e-01 3.13970149e-01 -6.14260018e-01 2.19486713e-01 4.66029435e-01 2.10870169e-02 -2.44163528e-01 -1.03037089e-01 9.39971089e-01 2.63601303e-01 -4.89638835e-01 -1.36600345e-01 2.17049718e-01 4.71285492e-01 1.94799572e-01 1.62176892e-01 4.54160720e-01 -1.51622009e+00 -9.48229790e-01 1.91301748e-01 3.37304354e-01 1.24081694e-01 6.88417912e-01 6.47609472e-01 6.06126368e-01 -6.79697692e-01 5.37165165e-01 1.43286392e-01 -1.93116814e-01
1.62130475e-01 7.88123754e-04 -7.05728292e-01 -1.64770365e-01 1.83597326e+00 -4.46536094e-01 -6.44851804e-01 -4.08618361e-01 -1.02548182e+00 1.98237836e-01 5.13736546e-01 1.94981053e-01 5.98037004e-01 -7.46980667e-01 3.88733476e-01 2.84786725e+00 1.81806579e-01 2.06861544e+00 -5.75678945e-01 -1.38360426e-01 2.53070801e-01 -3.97796154e-01 1.79592565e-01 3.23170483e-01 1.82799116e-01 3.28621566e-01 1.39001071e-01 -2.04237252e-01 -3.54429446e-02 2.70056367e-01 2.21977377e+00 -4.03677702e-01
-5.95776916e-01 1.32203758e-01 -1.17553055e-01 -5.16251326e-01 4.67681348e-01 2.22463533e-02 -5.63291237e-02 3.51341039e-01 4.25107896e-01 -1.60206646e-01 1.18289348e-02 2.40471482e-01 1.55081958e-01 1.84400886e-01 -3.64823192e-01 -5.75594366e-01 3.28791440e-01 -3.41990680e-01 -4.20001745e-01 -4.16544564e-02 -6.70298517e-01 -2.39928454e-01 1.04024850e-01 -6.50446489e-02 -2.36877903e-01 -1.29664049e-01 -1.67677507e-01 2.62020350e-01 2.43924662e-01 1.71932638e-01 1.30928233e-01 1.58953741e-02
3.62198293e-01 -2.23140702e-01 2.65236646e-01 -4.37635243e-01 -1.08750689e+00 -5.58477342e-01 -2.66141087e-01 1.60892069e-01 5.68084240e-01 4.32876587e-01 -6.05020225e-01 -3.93109024e-02 9.23838019e-01 -2.95806915e-01 -2.59900898e-01 -4.20746267e-01 -5.73910356e-01 -1.23075867e+00 7.37395734e-02 3.11516747e-02 9.44790781e-01 -1.41667709e-01 -1.38338780e+00 9.17235091e-02 -4.32499796e-01 -1.28835011e-02 -5.04338622e-01 -3.34722370e-01 1.92272872e-01 -4.72977877e-01 -1.48868278e-01 7.48881996e-01
-1.14554361e-01 -1.43586472e-01 1.59935391e+00 -7.65494823e-01 -7.37798274e-01 1.87380210e-01 -1.17057852e-01 -4.43600297e-01 6.69411957e-01 1.86566472e+00 1.60065606e-01 -2.73517072e-01 1.93343028e-01 3.31028748e+00 4.49087843e-02 -8.80684018e-01 1.87030971e-01 -2.48634434e+00 5.82698941e-01 -4.58488554e-01 3.37059766e-01 5.03560126e-01 -2.14915738e-01 9.51848567e-01 -1.16711408e-02 -6.30934000e-01 3.93887728e-01 -1.59442663e-01 1.01371273e-01 1.44699603e-01 -5.19776426e-04 -4.14422214e-01
-5.99656820e-01 -8.97080228e-02 7.54788637e-01 6.29097104e-01 -7.40751266e-01 6.28095984e-01 2.52382636e-01 -1.06228900e+00 5.58250487e-01 7.18604803e-01 3.64843428e-01 1.32260725e-01 -7.16398954e-01 -3.68283018e-02 4.64564115e-01 -5.30927181e+00 -7.58422613e-02 -6.28020048e+00 6.56560302e-01 -1.17721736e+00 -6.77718639e-01 2.29022652e-01 5.95604241e-01 5.61750606e-02 -2.11648807e-01 -4.33505625e-01 -1.44789115e-01 6.12320065e-01 -6.89808011e-01 -1.24280892e-01 -8.98430169e-01 -3.05892438e-01
2.14624945e-02 -1.45950779e-01 -6.07378006e-01 -7.83713236e-02 -1.94216400e-01 3.63567136e-02 2.70262897e-01 3.82088244e-01 3.74997258e-01 -1.76060230e-01 5.03752589e-01 -1.60736740e-01 3.50180566e-01 -8.10004771e-01 -3.29116493e-01 -1.29304290e-01 -2.31411770e-01 1.34869590e-01 -1.73813760e-01 1.30381703e-01 -2.34529562e-02 -1.30907238e-01 6.82522878e-02 -2.31906459e-01 -1.25730515e-01 7.81146109e-01 -1.77202038e-02 4.35588546e-02 -1.80765688e-01 2.44857341e-01 1.98351741e-01 3.53163898e-01
-9.14253473e-01 2.63102114e-01 -6.02733381e-02 2.98967272e-01 -1.13620646e-01 6.29047394e-01 -3.90245378e-01 -6.96901232e-02 4.44733858e-01 -1.99415848e-01 -7.98351169e-01 2.77698070e-01 1.95161119e-01 -3.74113292e-01 -3.24912280e-01 -6.68110132e-01 2.68457025e-01 -6.40471995e-01 -4.23263818e-01 3.58663708e-01 1.33115506e+00 9.83169496e-01 -3.38155963e-02 1.46382108e-01 -3.21083069e-01 1.47617310e-01 -6.32363498e-01 3.61115597e-02 8.37952793e-01 -2.86837459e-01 -1.22371510e-01 9.14356932e-02
-5.45138896e-01 -5.76003566e-02 8.52619857e-02 1.34936422e-01 -2.67580986e-01 3.67296875e-01 -9.61853862e-01 -7.69097432e-02 9.77679491e-02 5.24072504e+00 5.69365323e-01 4.13468480e-01 2.14968979e-01 2.63829970e+00 -9.02643241e-03 -4.21888307e-02 -4.34158832e-01 -1.11496732e-01 -4.10421006e-03 -2.08181515e-01 -6.62089348e-01 4.19284284e-01 3.36546391e-01 2.62497991e-01 -3.58303994e-01 -4.24774915e-01 -6.35183632e-01 2.96700865e-01 -9.09513906e-02 -6.59337699e-01 2.00780675e-01 -2.74444818e-01
-4.90296073e-02 1.64169610e-01 -7.30511621e-02 3.88412140e-02 8.64679553e-03 5.83125316e-02 2.21991725e-02 -4.19843309e-02 2.04805825e-02 -1.75254494e-01 4.92883250e-02 5.30405380e-02 5.14771193e-02 1.06965348e-01 8.09099302e-02 -4.54519177e-03 4.80091423e-02 2.45770742e-03 -2.30106395e-02 7.96421170e-02 2.22250745e-01 1.20717414e-01 -2.31281538e-02 5.40914088e-02 5.87941334e-02 -3.78978526e-04 6.01691380e-02 3.18265915e-01 1.17876455e-02 2.91336421e-03 -4.04545926e-02 7.36057991e-03
5.04302271e-02 -1.52723595e-01 -6.11781240e-01 6.71570376e-02 1.28815517e-01 -1.84119374e-01 -2.25659162e-01 -3.02933365e-01 2.71815687e-01 -5.91785192e-01 8.85292739e-02 -5.60781509e-02 2.09820539e-01 8.12425837e-02 -5.44338264e-02 1.64533570e-01 -3.26577634e-01 4.68161136e-01 -1.05106741e-01 8.91087651e-01 3.68893087e-01 8.65851045e-02 -4.67542827e-01 -1.04581930e-01 -1.40185669e-01 -4.34493333e-01 8.59592438e-01 -5.96184313e-01 2.68083662e-01 3.30119878e-01 -2.98474450e-02 2.24862695e-01
-2.83830494e-01 -6.31614998e-02 -3.78068805e-01 -2.00085297e-01 5.76078236e-01 4.29620519e-02 2.59934604e-01 1.50641605e-01 1.95340186e-01 -3.67942899e-01 -1.53008685e-01 -9.15939987e-01 4.71693128e-01 -2.31057048e-01 -1.93600520e-01 4.57233280e-01 -8.70900527e-02 5.04037797e-01 5.68017960e-02 -4.54470441e-02 -4.34291586e-02 -2.22815126e-01 5.17088056e-01 -3.13816518e-01 1.53216258e-01 2.01214969e-01 -1.67909294e-01 3.44631374e-01 4.01893780e-02 3.54911387e-01 8.35421860e-01 2.35963508e-01
5.80375530e-02 1.70542225e-01 -1.74152683e-02 7.41250217e-02 -3.57731432e-02 1.01184860e-01 1.01888822e-02 -6.90687746e-02 4.83581461e-02 8.83513168e-02 6.61634654e-02 1.16957642e-01 -6.53081536e-02 -9.04034600e-02 1.40680879e-01 4.64590639e-01 6.20949604e-02 -3.06335121e-01 2.04555038e-02 -8.94941613e-02 -1.09714530e-01 -1.34357169e-01 6.40493864e-03 -4.46741618e-02 1.92412157e-02 1.34585574e-01 1.07944021e-02 1.32052787e-02 1.04004584e-01 2.03919522e-02 -4.41654446e-03 7.26041198e-02
5.33707082e-01 -1.49974048e-01 6.85994387e-01 5.30529678e-01 -2.62913674e-01 -3.12743723e-01 -7.48907745e-01 -1.38366461e-01 -2.41140053e-01 -9.13976908e-01 -8.39643478e-02 9.50872481e-01 5.03462195e-01 -5.56178391e-01 7.35388756e-01 5.16266465e-01 -6.00350611e-02 -3.39555383e-01 5.59264004e-01 4.82138008e-01 -4.37529176e-01 8.60805139e-02 4.05670434e-01 1.54559955e-01 1.49549171e-01 -3.40784550e-01 9.48659852e-02 2.79875994e-01 -9.99875069e-02 -7.92431235e-02 5.77271692e-02 3.84117872e-01
2.51273185e-01 -7.99152032e-02 7.71855190e-02 1.16525561e-01 1.09557524e-01 1.85912699e-01 8.81435037e-01 1.13800898e-01 4.43087399e-01 2.28588074e-01 2.91378856e-01 3.98503512e-01 -3.69689971e-01 -6.36225402e-01 9.89184231e-02 -8.80254388e-01 -1.49549041e-02 -6.40736699e-01 -1.58543989e-01 -3.99548590e-01 -5.09921730e-01 3.21187600e-02 3.10952872e-01 -8.20509791e-02 1.57427683e-01 -3.88868183e-01 -7.38424063e-01 3.81770104e-01 -8.71694162e-02 -2.16973722e-01 2.44301751e-01 -1.54950589e-01
5.06677479e-02 2.17464164e-01 -1.89820975e-01 3.40537697e-01 -2.21812576e-01 3.65093648e-01 3.63519251e-01 -2.10695997e-01 -8.49699229e-02 3.57884258e-01 -4.85199988e-02 1.75973192e-01 4.98185009e-01 6.00247562e-01 -3.59535873e-01 -9.05289471e-01 6.85933292e-01 -4.29002970e-01 2.37136465e-02 -1.85185030e-01 -4.16125357e-01 1.06179133e-01 -5.06177187e-01 1.26424730e-01 -3.16319764e-01 -5.27262911e-02 -1.20962717e-01 -4.09818649e-01 1.08507343e-01 -1.92587569e-01 -1.08963907e-01 -3.53861958e-01
7.13304460e-01 -1.05609804e-01 -3.10788184e-01 2.21592933e-01 1.67021468e-01 -4.73081172e-01 -8.28221813e-02 2.83391953e-01 2.68998533e-01 -2.56270194e+00 1.64571866e-01 1.15660854e-01 3.35804313e-01 -1.56482422e+00 1.87047631e-01 3.43096375e-01 7.87783116e-02 2.90916622e-01 -1.74023658e-01 -6.76712841e-02 5.35216749e-01 -2.62120277e-01 -2.82379299e-01 1.39275268e-02 -3.20643485e-01 -2.36818299e-01 -4.93477006e-03 -1.89483508e-01 2.60898888e-01 1.61768004e-01 1.75411592e-03 -2.36133888e-01
-1.10039747e+00 4.31748927e-02 -1.51449725e-01 2.10861295e-01 2.26041302e-01 -1.60682902e-01 9.16551471e-01 -1.22880563e-01 -1.15358663e+00 8.49561810e-01 -6.29908562e-01 -7.11759999e-02 6.79132044e-02 2.32105792e-01 -5.81292987e-01 8.04526567e-01 5.01400590e-01 7.74536371e-01 -2.15651304e-01 -1.01997308e-01 8.42873007e-02 2.61408389e-01 7.81523466e-01 1.05586374e+00 -2.23385692e-01 4.09174711e-01 -5.38904190e-01 -3.24444175e-01 9.63414788e-01 -3.61438304e-01 2.42013767e-01 -2.54708230e-01
-5.86124778e-01 6.50098264e-01 2.11166553e-02 -1.93264410e-01 4.38129634e-01 1.66727394e-01 4.17163111e-02 4.90998864e-01 -2.50507653e-01 5.64668953e-01 1.23967491e-02 -9.00600404e-02 2.31923729e-01 2.93536067e-01 -5.78647673e-01 -3.65934521e-01 -8.27848986e-02 -1.55371577e-01 4.40758020e-01 -3.85489970e-01 -2.71283686e-02 -2.19334304e-01 -3.90868634e-02 -5.26454508e-01 8.49258155e-02 -2.39284620e-01 -6.16958022e-01 -4.48974401e-01 2.09758133e-01 -4.19078082e-01 -2.35192463e-01 -2.63459086e-01
-1.96485117e-01 1.05271734e-01 4.17384952e-01 3.96224767e-01 -1.62311986e-01 -2.74432540e-01 -1.03459001e-01 -1.83292907e-02 1.83302253e-01 -4.01759505e-01 -5.40485203e-01 -1.25301078e-01 -2.94218570e-01 -2.98954785e-01 1.63844213e-01 7.71272600e-01 -1.61699578e-01 3.23829293e-01 3.01284879e-01 1.59411430e-01 1.67128518e-01 -7.71901131e-01 2.12295249e-01 1.38454422e-01 2.73475468e-01 1.39530525e-01 4.55033705e-02 -6.47973120e-01 -2.57310003e-01 -7.36330524e-02 1.03116110e-01 -2.35357091e-01
-9.80274796e-01 4.58273977e-01 -8.24208736e-01 -1.01212692e+00 1.92846075e-01 -1.63623914e-01 -3.57097864e-01 5.92789352e-01 -1.57409206e-01 5.51440418e-01 -1.49156721e-02 1.54099256e-01 1.95052966e-01 3.22054863e-01 -2.46648006e-02 1.90512764e+00 7.06260860e-01 1.91630912e+00 -1.78830874e+00 1.07666887e-01 7.40466595e-01 -8.59233856e-01 -5.12398064e-01 4.16364402e-01 7.38768354e-02 -3.54719281e-01 2.67235458e-01 -1.69331416e-01 9.42668855e-01 -8.15936923e-01 5.35402000e-01 -4.45874035e-01
2.32027099e-01 -5.00461578e-01 1.01421431e-01 -1.46995112e-01 -8.77119839e-01 4.68617350e-01 3.39896306e-02 -5.10404468e-01 6.08269453e-01 8.99768651e-01 -2.60494858e-01 1.51621163e-01 5.74412942e-01 3.82505953e-01 -1.30722569e-02 -1.21911430e+00 -4.20840800e-01 -1.36642838e+00 2.56124437e-01 2.45290607e-01 1.67734250e-01 4.17334616e-01 1.03559971e-01 1.21188566e-01 2.13248610e-01 1.21200830e-01 -4.40128803e-01 -8.93973187e-02 -3.51761073e-01 -3.70186836e-01 3.79865557e-01 3.46164674e-01
-3.57697383e-02 -1.00564122e+00 3.16368848e-01 1.63009977e+00 1.90757483e-01 1.27302438e-01 -1.29801452e-01 -2.21140370e-01 -2.52761096e-01 1.84687480e-01 1.13369048e+00 -1.04753220e+00 -1.10369253e+00 -3.81265044e-01 2.32797563e-01 -8.15371946e-02 -1.24336410e+00 6.06753767e-01 5.84153831e-01 -7.11220205e-01 8.90015781e-01 1.44898549e-01 6.04798645e-02 2.32585315e-02 -8.15558247e-03 -4.67440665e-01 2.51361459e-01 -3.61234918e-02 -9.15879428e-01 1.31028092e+00 -5.83614409e-01 -9.10866540e-03
-6.25852764e-01 -1.57549471e-01 3.40429217e-01 9.29919034e-02 -6.11631759e-02 2.46345282e-01 2.79517889e-01 -2.38648755e-03 -4.63660449e-01 -2.39379168e-01 -1.02218652e+00 3.35484594e-01 4.44356054e-01 6.71704561e-02 1.51686728e-01 -2.74535179e-01 3.77753198e-01 -3.41887534e-01 -3.65793146e-03 -3.19999337e-01 -8.72856855e-01 2.18877077e-01 5.06378077e-02 -7.11290956e-01 1.80720821e-01 5.52345812e-01 -1.49923325e-01 4.17584121e-01 -5.05387425e-01 -2.62728691e-01 -2.02152297e-01 -2.90322285e-02
-3.33711743e-01 -3.79888058e-01 -1.27283499e-01 -1.44622281e-01 -2.52608418e-01 4.12487537e-02 2.45136574e-01 2.49589458e-01 -6.73721790e-01 1.53939593e+00 -1.45254105e-01 -1.04632050e-01 -5.29980779e-01 5.55290341e-01 -7.80088380e-02 2.87079811e-02 -6.99113449e-03 1.66243523e-01 -8.73611569e-02 -2.14799389e-01 2.31338799e-01 1.69355303e-01 5.99658668e-01 6.01998530e-02 2.73290463e-02 -8.84651393e-02 -1.85303599e-01 1.96895629e-01 2.81371057e-01 3.18805516e-01 4.32180226e-01 1.33704409e-01
-7.71751329e-02 -3.51072997e-01 7.98826516e-02 -1.40933707e-01 -4.12731171e-01 5.23641646e-01 -2.68500477e-01 -4.02133942e-01 1.40610933e-01 -3.78592402e-01 -1.86985545e-02 4.64697003e-01 2.25080639e-01 3.65501165e-01 3.41740638e-01 -6.59234703e-01 -4.36695129e-01 -1.34206557e+00 -1.10986605e-01 -2.98976034e-01 -8.01004246e-02 9.22165394e-01 5.01899958e-01 5.61288178e-01 -3.55339229e-01 1.62604585e-01 8.76588225e-02 -2.85308361e-01 -3.45117778e-01 -2.97104627e-01 -1.92910403e-01 -2.10766748e-01
4.77992408e-02 -6.89544827e-02 1.27977148e-01 -8.28233287e-02 2.44921252e-01 -1.28028616e-01 7.50600994e-02 -3.44277173e-01 -1.81821957e-01 3.52107435e-01 1.63134351e-01 1.67582065e-01 7.22739100e-02 -3.06916356e-01 -3.51307429e-02 -2.90233046e-01 6.10249937e-02 1.45442009e-01 -1.45285070e-01 -5.19832432e-01 1.67845160e-01 -1.71531036e-01 -1.32018194e-01 -7.50303641e-02 -1.37681942e-02 2.24528104e-01 -5.33625148e-02 -1.51561629e-02 1.01775341e-01 7.95757100e-02 3.57322395e-02 2.40833126e-02
1.46423234e-02 -4.85548735e-01 -1.85550183e-01 7.37920344e-01 -4.13920015e-01 -5.05949616e-01 9.52168703e-02 -1.17165960e-01 8.77469927e-02 3.05918097e+00 -5.79982698e-01 9.97491062e-01 6.85622275e-01 8.48250926e-01 6.77744329e-01 -3.54632437e-02 8.49895179e-02 2.58414517e-03 6.36843204e-01 3.84752721e-01 2.64135748e-01 1.94627002e-01 -4.06997353e-01 1.03707254e+00 3.23604457e-02 1.72871932e-01 -3.35433424e-01 2.60089159e-01 1.45290419e-01 6.28799945e-03 7.83247173e-01 -6.22725897e-02
-1.21079467e-01 1.76604539e-01 1.09466650e-01 7.97325075e-02 5.55390157e-02 -4.57003228e-02 1.25769246e-02 1.32540256e-01 1.79511085e-02 -1.90084502e-02 1.60572201e-01 8.41272697e-02 9.36107114e-02 -4.82226256e-03 1.70441642e-01 1.78516760e-01 3.54463458e-02 -1.53583318e-01 -5.46708778e-02 8.83613303e-02 -1.61350444e-01 -6.02077059e-02 -2.76708771e-02 7.45564094e-03 -4.71967876e-01 -2.18694165e-01 5.28046377e-02 -1.09614924e-01 -5.90102300e-02 -4.93181422e-02 -1.91260055e-02 -4.48111445e-01
-1.42798824e-02 -7.62624368e-02 -6.13383576e-02 2.89038401e-02 -1.95174053e-01 3.21468785e-02 -2.82546710e-02 1.80684119e-01 9.64568928e-02 -2.15083808e-02 -2.05094498e-02 -1.72744486e-02 -6.23658039e-02 4.40075472e-02 -5.26168682e-02 2.21034721e-01 -1.07523575e-01 -1.20193258e-01 -7.36841280e-03 3.20722669e-01 -2.43996784e-01 -1.07892528e-01 -1.25209820e-02 -1.95807256e-02 1.01810331e-02 -1.02691084e-01 -5.95639758e-02 -5.71764223e-02 -5.76615855e-02 5.81877865e-02 -1.35497442e-02 -5.90586942e-03
1.10774982e+00 -2.16673851e-01 3.65480781e-01 2.83327639e-01 -4.49516535e-01 -8.64512026e-02 -4.31168705e-01 5.24512529e-02 8.16587985e-01 -3.32026072e-02 -2.74533063e-01 1.44409865e-01 8.48155171e-02 1.95779487e-01 7.05350697e-01 -7.24462152e-01 -4.12523508e-01 -8.65364909e-01 5.47364295e-01 -2.35523283e-01 -9.15741503e-01 2.46137902e-01 -2.22275078e-01 1.44404724e-01 6.65969908e-01 -4.05622199e-02 1.70548260e-01 -4.67982143e-03 -6.48741126e-01 1.69705749e-01 -2.58580089e-01 2.35549420e-01
2.83272952e-01 -4.17356759e-01 -2.17688337e-01 4.20879364e-01 5.04675284e-02 -6.40068948e-01 5.19279502e-02 -1.50142878e-01 4.05469716e-01 -3.05177152e-01 -2.38077670e-01 4.62622643e-01 3.02363336e-01 -2.85448164e-01 2.70346254e-01 -8.50349545e-01 -3.50393295e-01 -1.00462949e+00 7.98809469e-01 -4.23663437e-01 -3.33251029e-01 -6.05938993e-02 3.15180242e-01 6.67632103e-01 -1.64152145e-01 -3.98206204e-01 4.57031727e-01 7.03887269e-02 -2.61184871e-01 -4.07981128e-01 -1.05758965e-01 2.46850684e-01
5.67532517e-02 -7.08289370e-02 9.65863228e-01 1.57238662e-01 -2.10439277e+00 -3.25966895e-01 3.52156371e-01 -3.05283457e-01 9.49544013e-01 7.05490351e-01 -9.93154794e-02 -4.30200726e-01 -5.54317571e-02 5.49656332e-01 9.83729586e-02 -3.23427749e+00 -3.32573712e-01 -4.35911274e+00 4.87893760e-01 -2.77413949e-02 -7.66222060e-01 7.17091918e-01 1.25146970e-01 1.22077048e-01 8.00185725e-02 3.66544425e-02 3.91119093e-01 2.71367222e-01 -3.68267030e-01 -7.21329868e-01 -1.04091382e+00 3.56459439e-01
-1.98936403e-01 -2.38787845e-01 -2.36330956e-01 -3.22263658e-01 -2.36835390e-01 6.18064940e-01 1.83847576e-01 -5.28794676e-02 -1.57267183e-01 3.89965326e-01 -2.46166766e-01 2.11585388e-01 8.37298632e-02 -2.72708535e-01 -1.20718978e-01 -4.40889686e-01 3.28068614e-01 -5.73810637e-01 -3.98367554e-01 5.32644540e-02 -3.31016809e-01 4.20525551e-01 -5.83497845e-02 3.22072953e-01 4.09087420e-01 -4.92174894e-01 4.40480858e-01 4.04559970e-02 1.03988692e-01 9.38630998e-02 -6.03390671e-02 -1.93975642e-02
4.41195756e-01 6.99191749e-01 6.97779000e-01 -4.12211299e-01 1.03873476e-01 1.09759592e-01 1.86024919e-01 -1.26070127e-01 -7.74469078e-01 9.60071802e-01 -2.92553991e-01 -2.32626900e-01 -4.31765407e-01 1.12922764e+00 1.39912546e-01 1.03323415e-01 4.11893837e-02 -9.98825967e-01 3.50647509e-01 -2.68068194e-01 1.95784420e-02 7.17389107e-01 -1.90635040e-01 -4.02516425e-01 5.44046462e-01 -7.72356212e-01 4.82877851e-01 -1.81135058e-03 -3.63609791e-01 -6.11533642e-01 -3.11267506e-02 -3.43732834e-01
3.78093906e-02 -2.90780395e-01 1.95601866e-01 -1.90034077e-01 -1.82513922e-01 1.80425998e-02 -2.77656019e-02 -3.05161357e-01 -3.73109162e-01 -4.72364902e-01 -1.12798743e-01 5.00186253e-03 -7.74173662e-02 2.44329631e-01 4.55124229e-01 3.43306661e-01 3.50757778e-01 -4.23622578e-01 1.07321322e-01 2.21723557e-01 -2.72550583e-01 3.11221242e-01 -4.53252524e-01 1.41542703e-01 -7.59241953e-02 -2.40160838e-01 3.94126356e-01 7.07099855e-01 -4.30999815e-01 -4.76000786e-01 2.11062267e-01 3.77226591e-01
-1.13734019e+00 -3.49938124e-01 -9.81118903e-02 -1.09382200e+00 2.99446732e-01 1.98298872e-01 6.36149108e-01 6.19607627e-01 -3.88534576e-01 1.31632602e+00 -1.13685393e+00 1.11075664e+00 9.32372749e-01 7.59146869e-01 -2.97787100e-01 6.59853399e-01 2.22273961e-01 -1.67031914e-01 -5.04349232e-01 7.00355530e-01 -8.56473267e-01 -5.26461661e-01 -1.52751759e-01 1.62484616e-01 3.73734355e-01 8.13405335e-01 1.07520056e+00 9.31586146e-01 2.73374557e-01 -8.06752801e-01 1.97323084e-01 4.33909595e-01
-7.59317651e-02 8.56320933e-02 3.05279136e-01 -4.44019586e-02 3.33124399e-01 -1.51464507e-01 -6.53126789e-03 1.91522427e-02 -5.69007806e-02 1.85150489e-01 4.69263718e-02 8.20935355e-04 -1.81264877e-02 -1.42240897e-01 1.03769429e-01 -1.37240410e-01 8.86220038e-02 4.87166159e-02 1.85275320e-02 -3.84917259e-01 1.77766383e-01 -1.09012909e-01 2.46901512e-02 -2.89162714e-02 1.51324362e-01 9.88042913e-03 7.74695650e-02 1.00205757e-01 3.01109944e-02 -8.48822370e-02 5.22675887e-02 7.49208480e-02
1.00020856e-01 9.99837220e-02 2.83978600e-02 5.57005964e-02 5.21532059e-01 1.23688936e-01 5.65757334e-01 4.57751453e-01 -1.22787677e-01 -1.42601907e+00 -1.70810640e-01 3.59318078e-01 5.44063926e-01 -5.33670247e-01 -3.38555574e-01 3.07656229e-01 4.22453433e-01 4.18781377e-02 -2.51566112e-01 -6.34836078e-01 9.66481388e-01 -5.00270724e-01 2.01948121e-01 -1.15397155e+00 -3.70966345e-02 6.99667573e-01 -8.14900517e-01 -1.00618136e+00 1.42794654e-01 5.94623685e-02 -1.58874243e-02 -2.67942429e-01
7.31607080e-01 -2.94806570e-01 -1.87074780e-01 4.39306289e-01 -3.11048359e-01 -1.26762331e-01 -1.53003976e-01 -3.12438905e-01 7.35064089e-01 -1.37158319e-01 -1.32745385e-01 -2.54505873e-02 7.00016677e-01 -3.31261426e-01 3.54325444e-01 -7.75876284e-01 -3.13367099e-02 -8.82639706e-01 7.32986391e-01 -9.32614803e-02 -4.15789783e-01 1.42310441e-01 8.47385302e-02 1.44892618e-01 -5.06943054e-02 -3.06770146e-01 7.95229316e-01 6.11961722e-01 -5.26323736e-01 3.35419297e-01 -8.95354748e-02 2.99497604e-01
-2.61102021e-01 3.14253777e-01 -1.77275956e-01 -4.76517603e-02 -5.76479614e-01 -1.67360693e-01 1.56213388e-01 4.72934157e-01 -1.06237948e-01 -5.41090965e-01 -1.88453019e-01 -8.71030241e-03 -3.36497366e-01 1.85370505e-01 2.70088732e-01 -1.67662352e-01 -9.03319940e-02 2.84557521e-01 2.38192864e-02 3.64978045e-01 -2.53406793e-01 -3.13036218e-02 -1.13150822e-02 -5.03188185e-02 -1.45241082e-01 -9.93347391e-02 2.70028234e-01 -2.29568899e-01 1.06114879e-01 5.09973057e-03 1.46417795e-02 2.03610972e-01
6.75829202e-02 -4.62675363e-01 -7.94368982e-02 -1.23268791e-01 -1.23725697e-01 -1.92524776e-01 -1.59170926e-01 -1.68543309e-01 -2.75793344e-01 4.35205549e-01 -2.67944001e-02 9.12649632e-02 3.61154526e-01 2.75649220e-01 -2.26626098e-01 -6.83816671e-01 -1.73784167e-01 -1.64910138e-01 4.92673181e-03 7.02650696e-02 7.17067197e-02 -2.76067369e-02 5.27840376e-01 3.63167711e-02 -3.09931159e-01 2.33353958e-01 3.20669681e-01 8.22058693e-02 -4.43209074e-02 1.07483447e-01 -1.59050480e-01 -2.92067975e-01
8.16628337e-01 7.67922252e-02 -4.11600888e-01 4.24067751e-02 -2.54373737e-02 3.15425724e-01 6.39361262e-01 3.30978155e-01 -2.47996956e-01 -7.31387973e-01 -1.00256371e+00 1.51496589e+00 2.36475170e-01 -8.30066621e-01 2.81709015e-01 3.00265729e-01 2.36926079e-01 3.08177829e-01 -1.97504729e-01 1.46540254e-01 -1.48889220e+00 -2.15403423e-01 -8.85074794e-01 -1.99070409e-01 -3.27957124e-01 8.20234865e-02 9.00810137e-02 5.85509717e-01 6.48721680e-02 -9.57254022e-02 1.55571580e-01 3.50303650e-01
-1.38585672e-01 6.84211254e-02 -1.10197127e+00 1.12493918e-03 6.83069944e-01 4.01120991e-01 -9.57716405e-02 -9.39937891e-04 -1.05900250e-01 4.69569951e-01 -3.30312222e-01 -1.29409885e+00 3.12798798e-01 2.31139436e-02 -3.53734761e-01 1.20264149e+00 -2.22481079e-02 1.94874930e+00 -4.54696327e-01 1.18053868e-01 3.28438610e-01 -2.12139949e-01 1.12646811e-01 7.44877219e-01 -2.84785688e-01 7.22079754e-01 -2.62156352e-02 -3.36858809e-01 7.91596770e-02 1.98183015e-01 8.78700137e-01 -5.30878343e-02
-5.18802889e-02 4.80917037e-01 -1.13638289e-01 -6.58910155e-01 -1.87185243e-01 7.35685766e-01 3.21418762e-01 8.02558780e-01 4.26173419e-01 3.79557371e-01 9.08344328e-01 -2.18542516e-01 1.11049660e-01 3.33136827e-01 -6.92756101e-02 -8.73256028e-01 3.53866398e-01 -1.68061689e-01 -3.07238370e-01 -5.13585567e-01 -6.45404086e-02 -1.84266970e-01 2.02217430e-01 1.18804134e-01 -2.43269175e-01 1.78263560e-01 -8.07963032e-03 2.75043212e-02 -5.40435314e-01 2.07498461e-01 -2.50493288e-01 1.20661236e-01
8.01954344e-02 3.32536213e-02 -9.75569189e-02 -9.57177952e-03 -8.68278369e-02 5.32996915e-02 -3.28235999e-02 7.40717724e-02 3.91909294e-03 -6.04497455e-02 -6.87456578e-02 -3.74897867e-01 2.54255116e-01 2.61318058e-01 -2.01690309e-02 8.94114748e-02 5.31452149e-02 -8.78891274e-02 1.16549172e-01 2.25814924e-01 1.01884730e-01 2.96692044e-01 -3.04783345e-03 2.82471955e-01 -1.11617953e-01 -2.88756400e-01 -1.95505962e-01 -1.47190735e-01 -2.97206223e-01 -1.61317915e-01 -2.85905190e-02 -2.94072688e-01
4.25367653e-01 -6.11424521e-02 5.22106588e-01 4.37033176e-01 3.87009442e-01 4.07743067e-01 9.18013334e-01 -3.83519560e-01 7.07170546e-01 -9.42941532e-02 -5.65612137e-01 1.09798059e-01 -5.46396434e-01 -3.87453347e-01 2.86108777e-02 3.01223814e-01 -6.79897308e-01 -4.45799619e-01 2.96733022e-01 -7.08039850e-02 -8.40774029e-02 5.42698443e-01 2.77263761e-01 6.97731674e-01 1.27353277e-02 -1.57864138e-01 -1.92820325e-01 1.55736819e-01 1.66881219e-01 4.59444374e-01 -1.20783582e-01 2.62825750e-02
-3.07544678e-01 -4.98262823e-01 1.60151720e+00 1.32336229e-01 -1.36717844e+00 -2.16473058e-01 -9.88339245e-01 -1.09447467e+00 3.91692877e-01 9.49261844e-01 -1.24403210e-02 -4.17372227e-01 -3.48515868e-01 8.16537380e-01 6.41090453e-01 -3.13246155e+00 1.52139962e-01 -3.50047421e+00 1.94257379e+00 7.87211239e-01 -6.72504544e-01 1.77789736e+00 -4.83246207e-01 1.69601694e-01 2.26851806e-01 -7.61044979e-01 -2.01064974e-01 6.28831923e-01 1.54717937e-02 7.14842975e-02 1.59497097e-01 3.18656415e-01
-6.03957055e-03 9.80998296e-03 6.97974339e-02 3.64103727e-02 3.95221293e-01 2.46231705e-02 -5.18764146e-02 2.93998681e-02 4.78852801e-02 -1.15271276e-02 -3.35306153e-02 -6.39381260e-02 1.06400512e-01 -1.21058431e-02 -4.05373164e-02 -3.99681032e-02 1.29195908e-02 -3.98285761e-02 -9.44042131e-02 6.54170513e-02 1.10343345e-01 6.43623397e-02 -4.69483668e-03 2.96020415e-02 -1.33253261e-01 -1.62298322e-01 9.87483375e-03 3.92905891e-01 -3.78149562e-02 -6.42494857e-02 -2.57161055e-02 -2.66282409e-01
-3.68407965e-01 1.49082452e-01 -1.34696707e-01 -6.87953532e-02 -2.85133928e-01 3.61349620e-02 -1.11418143e-01 7.12120891e-01 1.53113417e-02 -6.69188797e-02 -1.80078313e-01 7.04921603e-01 4.92272258e-01 3.82537782e-01 1.16752319e-01 2.46836003e-02 -1.17907345e-01 7.41301943e-03 -1.99904248e-01 -4.70342599e-02 -1.77037418e-01 -6.30738556e-01 -2.36738756e-01 -1.94683596e-01 -3.73591244e-01 -1.86053619e-01 -6.06237590e-01 4.67423469e-01 -2.67605841e-01 -2.51449168e-01 -2.12815180e-01 5.37397861e-01
8.67128745e-03 -2.25017890e-01 6.92049384e-01 2.53568143e-01 -8.27508688e-01 2.46710554e-01 3.94326061e-01 -6.75895274e-01 5.38754344e-01 3.74186724e-01 -1.07579507e-01 4.37071621e-01 -9.61588398e-02 1.82222620e-01 2.16917068e-01 -2.52482963e+00 7.81977326e-02 -1.30888319e+00 2.57687807e-01 1.62629068e-01 -2.69048810e-02 2.03250408e-01 2.46468008e-01 1.48385093e-01 -3.00520379e-02 -5.35848677e-01 -8.23113099e-02 -2.85659254e-01 -4.37478215e-01 -4.90199655e-01 2.54912347e-01 -5.25867164e-01
-2.79144377e-01 -1.98066961e-02 -1.48761705e-01 1.56499192e-01 -1.77552342e-01 6.89923242e-02 1.34178981e-01 -1.87957525e-01 -4.40937012e-01 1.73136652e+00 -3.67847025e-01 -8.50632042e-02 -2.88210481e-01 1.36357832e+00 -1.50856286e-01 -1.05608843e-01 -1.33620799e-02 -5.11842556e-02 -1.40704080e-01 -3.30747098e-01 1.50161013e-01 2.02553362e-01 1.30734906e-01 -1.81748360e-01 1.27497166e-02 4.82449830e-02 4.28276539e-01 3.74304622e-01 2.87275970e-01 -4.55245733e-01 3.82773608e-01 -2.51100123e-01
-1.50374100e-01 -2.68571228e-01 5.47732413e-01 5.45860410e-01 -6.83006421e-02 -3.15534890e-01 -1.05012953e+00 1.17271431e-01 1.95736513e-01 4.59239841e-01 1.54689535e-01 -1.25961527e-01 7.51072019e-02 2.09746346e-01 -1.75604701e-01 6.42955065e-01 -4.32988331e-02 2.95678794e-01 -1.58484995e-01 -3.83913696e-01 9.50990200e-01 3.14025134e-01 3.90854210e-01 -5.47829926e-01 -6.67602662e-03 -1.54512585e-03 -1.38347775e-01 1.99117303e-01 -1.31542966e-01 3.97387534e-01 -1.18372202e-01 -2.49552354e-01
1.21583414e+00 -3.77450287e-01 5.74403763e-01 9.34290409e-01 -3.44090730e-01 7.12471008e-02 -6.41888797e-01 -7.39779592e-01 5.54706693e-01 -1.00376105e+00 -3.19306642e-01 7.44461417e-01 -1.22875667e+00 -3.52227896e-01 7.30806351e-01 -5.36693692e-01 -6.54334575e-02 -2.57404089e-01 7.28421748e-01 8.05849195e-01 1.39954850e-01 -4.07225490e-01 -1.93014407e+00 -5.55667341e-01 3.41121256e-01 5.10382175e-01 -8.38648677e-01 -2.16607332e-01 -3.63865048e-01 1.21530652e+00 -9.52569425e-01 1.05112366e-01
-2.05861870e-02 1.73731059e-01 -4.48856838e-02 -5.18263988e-02 -1.87172234e-01 -2.44074222e-02 2.13545952e-02 -4.54626866e-02 -9.13415030e-02 -5.24442233e-02 4.68412079e-02 9.15346071e-02 8.61507356e-02 -6.70598373e-02 1.54399693e-01 -1.56268552e-01 1.02914229e-01 1.62000522e-01 -5.91289951e-03 -2.74379343e-01 1.27911121e-01 4.11014147e-02 -8.04306567e-03 5.64940693e-03 -3.13414544e-01 -3.10425255e-02 1.71069857e-02 -6.66915849e-02 -1.37775801e-02 -1.29131991e-02 3.49287353e-02 -2.11438924e-01
-1.07857116e-01 2.10693985e-01 1.74444830e+00 5.51731288e-01 -1.52582693e+00 2.88242370e-01 -3.32302898e-01 -5.80739021e-01 8.89923632e-01 4.79163170e-01 2.40757033e-01 -4.84052122e-01 -9.92173553e-01 5.88503778e-01 2.09699452e-01 -4.40828800e+00 -3.26195776e-01 -4.98844147e+00 3.13181192e-01 -1.03458473e-02 -1.11829603e+00 1.10495734e+00 5.06507158e-01 1.41513512e-01 6.43618107e-02 -2.68563896e-01 -4.26211447e-01 7.30086923e-01 -3.00919145e-01 1.06607184e-01 -3.06842357e-01 2.50914782e-01
-9.06367004e-01 1.71426058e-01 2.04018861e-01 -7.09756076e-01 -1.89319372e-01 -1.23831488e-01 -1.88604295e-01 3.59434366e-01 1.20327726e-01 2.12784171e-01 1.51765943e-01 -3.30653816e-01 3.71420115e-01 6.27383053e-01 -3.78793806e-01 -4.58228171e-01 1.58279359e-01 -2.77564585e-01 -1.63627714e-01 7.37055466e-02 1.22259997e-01 7.10252285e-01 2.17447981e-01 -1.63133845e-01 -8.55684429e-02 1.56994954e-01 -6.84546292e-01 9.72452164e-02 9.96848941e-02 -5.31565964e-01 -1.97251260e-01 -8.20536315e-01

layers.2.bias:
-1.37673557e+00
-8.29646647e-01
3.38464528e-01
-3.96747023e-01
9.24511477e-02
-4.75992531e-01
2.56508648e-01
2.22660518e+00
6.17238522e-01
8.43946278e-01
-8.90883982e-01
-1.44947767e+00
-3.86348158e-01
9.20802236e-01
-2.80374557e-01
-7.52377987e-01
-7.79531300e-02
-8.48070383e-01
3.98739427e-01
-7.47368336e-02
-1.81312799e-01
8.16855669e-01
8.14285755e-01
-1.93595976e-01
-6.16247892e-01
9.69991982e-01
-1.05218017e+00
-1.09303296e+00
5.43582618e-01
-1.09842634e+00
1.74626485e-01
-1.12995282e-01
7.52211452e-01
1.25725746e-01
-4.01833206e-01
-1.51087735e-02
-1.33209094e-01
1.53479028e+00
1.07103312e+00
-2.14028835e-01
9.80964363e-01
-1.92113295e-01
-4.65129584e-01
1.64786148e+00
2.61709005e-01
-6.75470352e-01
1.04999423e+00
-3.80236298e-01
8.15291524e-01
1.58573341e+00
2.26780653e-01
2.59001613e-01
9.81970727e-02
-6.26035511e-01
1.40308633e-01
-3.44095193e-02
8.43873382e-01
-1.36709243e-01
-2.29113117e-01
-6.71804965e-01
7.85096049e-01
6.02375269e-02
-5.03435254e-01
5.37448823e-01

layers.4.weight:
3.20071459e-01 1.75756719e-02 -6.34414703e-02 3.71456891e-02 -2.33892305e-03 1.03051305e-01 -3.19373474e-04 -7.04679787e-01 -1.77638039e-01 -4.32063848e-01 7.15104491e-02 9.08540845e-01 -1.73102784e+00 -8.63703564e-02 -1.69507451e-02 -1.47053397e+00 5.65356459e-04 1.15009874e-01 1.76675513e-01 -1.86858524e-04 1.19274417e-02 -9.84702706e-02 -1.03334412e-01 2.57427990e-01 -9.47187692e-02 -6.63830638e-02 6.45133182e-02 1.10975063e+00 -4.44256216e-01 4.14841175e-01 -3.70387286e-02 -1.80701211e-01 -1.22709602e-01 7.42275780e-03 6.22303560e-02 -1.81311480e-04 3.14058212e-04 -2.46653020e-01 -7.94980675e-02 4.71964180e-01 -1.15786590e-01 2.53575653e-01 2.14510914e-02 -1.39000341e-01 -2.75151018e-04 1.31851420e-01 -6.67585731e-02 1.34674218e-02 -6.84722811e-02 -6.64856851e-01 -1.84889436e-01 -5.13202697e-02 -4.16285795e-04 -9.94703081e-03 -1.38801539e+00 -1.22446921e-02 -3.44661735e-02 -4.02148157e-01 -1.15286805e-01 1.68380402e-02 -1.03337348e-01 -4.15031624e-04 1.03135502e+00 -4.59074900e-02

layers.4.bias:
-1.08554804e+00

