layers.0.weight:
3.31696361e-01 -5.67613244e-01 7.97264636e-01
5.69172144e-01 -8.09445798e-01 -5.80563486e-01
-8.31293464e-02 -6.13938749e-01 -5.77727258e-01
-1.07055378e+00 1.15616508e-01 4.58123112e+00
2.67282110e-02 4.11940843e-01 1.16166264e-01
-5.79876065e-01 8.58121514e-01 -1.84879377e-01
-1.31842160e+00 4.86020595e-01 -9.88645032e-02
-6.01682402e-02 7.88846374e-01 -9.23566997e-01
6.03414774e-01 -9.26082134e-01 5.12713566e-02
-1.11527514e+00 5.86289167e-02 -1.64189592e-01
7.53551662e-01 -9.85680073e-02 1.41279221e+00
-7.16238439e-01 -1.31785080e-01 -1.29353356e+00
-4.30584475e-02 7.12955832e-01 -1.57757306e+00
-1.16726887e+00 2.10410804e-02 5.00053525e-01
-6.46977663e-01 1.09646142e+00 7.52028525e-01
-1.81771189e-01 9.48456824e-01 1.64468549e-02
5.46070874e-01 -6.33792400e-01 -1.45019031e+00
-1.15504665e-02 1.12846863e+00 1.84981868e-01
8.07071701e-02 -9.54183042e-01 5.35116851e-01
3.41117471e-01 -1.28724232e-01 -8.64976227e-01
2.23475501e-01 1.65966094e-01 -5.10879010e-02
-3.24195027e-01 -2.56797969e-01 -1.00232065e+00
-4.64660525e-01 1.65601885e+00 -4.46076952e-02
-1.56447518e+00 4.06930357e-01 1.75152493e+00
1.05132234e+00 3.79940838e-01 -7.78481364e-01
2.59609371e-01 6.71772659e-01 -1.17486012e+00
-1.16151750e-01 -2.13369340e-01 1.90187418e+00
-3.97779703e-01 -2.44972542e-01 1.92939892e-01
3.22416067e-01 7.57217348e-01 -1.46468067e+00
-1.04933763e-02 4.65525806e-01 1.70563948e+00
-2.89658904e+00 2.84448242e+00 -1.78299040e-01
-1.26738083e+00 -5.19488692e-01 1.02004325e+00

layers.0.bias:
8.77201200e-01
4.81547834e-03
-1.42384720e+00
-6.34384930e-01
7.07518518e-01
-2.04255387e-01
-3.54310095e-01
2.86240637e-01
-7.45998621e-01
-1.59115899e+00
1.64644122e-01
1.80825554e-02
2.46107668e-01
-1.21306002e+00
-2.90836543e-01
1.43946290e+00
9.34610724e-01
1.82654703e+00
-6.68276668e-01
5.78918040e-01
-1.44309163e-01
-1.35729384e+00
1.02535832e+00
-7.05530941e-02
1.36946186e-01
5.60703695e-01
8.80503118e-01
-1.57881156e-01
-4.88352716e-01
7.31267482e-02
8.91685039e-02
-6.70209900e-02

layers.2.weight:
-3.52729768e-01 2.97820121e-01 1.35562375e-01 -5.65468669e-01 -1.15340486e-01 -3.43308523e-02 1.44816145e-01 8.21073819e-03 -1.42790571e-01 2.71954489e+00 4.48829541e-03 1.52479976e-01 -1.43497199e-01 2.32949042e+00 -2.73679882e-01 4.65444803e-01 1.29575068e-02 6.51921451e-01 8.91481712e-02 -1.88754410e-01 1.93234921e-01 3.99742881e-03 -5.08798718e-01 5.15646756e-01 -1.40007123e-01 6.92041576e-01 -8.69609535e-01 -1.03964172e-01 -1.28575534e-01 -3.00208807e-01 -3.02225828e-01 3.16174328e-01
-7.93571845e-02 9.47765186e-02 -8.60647142e-01 7.07827136e-02 -3.79085124e-01 1.37716159e-01 -7.62027979e-01 -5.17386317e-01 5.05461156e-01 6.65816784e-01 3.59673083e-01 -2.97453642e-01 2.23531798e-01 -6.51942119e-02 -2.81593621e-01 2.37782598e-01 -4.00439024e-01 3.65407377e-01 -3.94078642e-01 -9.10756811e-02 6.23867691e-01 -1.30057156e-01 -4.21198308e-01 -3.74050289e-02 -3.20771150e-02 -1.01038665e-01 -3.06823075e-01 -5.07431448e-01 4.14363928e-02 -1.98999122e-01 -5.30201606e-02 2.20291138e-01
1.01010405e-01 2.07849085e-01 5.23903668e-01 -7.44795382e-01 -1.59480762e+00 -1.75241679e-01 -5.62965453e-01 2.80819744e-01 5.84239721e-01 7.79612005e-01 -5.38380265e-01 -9.75761563e-02 1.49552882e-01 2.20425263e-01 -1.37911737e-01 -9.24356997e-01 -1.69852391e-01 -9.42096055e-01 -2.44003981e-02 3.76011550e-01 -5.62496960e-01 1.08659513e-01 2.77543664e-01 -1.67611909e+00 -3.98718894e-01 4.08973068e-01 -1.15318060e+00 3.73870462e-01 3.53562504e-01 -4.20987129e-01 -1.90521646e-02 3.46680701e-01
1.95691124e-01 -4.55658466e-01 8.40915814e-02 1.29632664e+00 7.00818896e-01 4.77082491e-01 7.24019408e-01 -1.27035886e-01 -4.98410016e-01 -1.36314714e-02 1.07771434e-01 -1.71335065e-03 -5.13455808e-01 2.09585637e-01 9.13066208e-01 1.23915970e+00 -8.68927479e-01 4.55546767e-01 3.41398269e-02 -1.34889591e+00 -8.56701732e-01 -1.22303843e-01 9.02276218e-01 1.88442981e+00 -6.31042302e-01 -4.01490092e-01 4.48345155e-01 4.24575627e-01 -6.06331229e-01 -2.05519810e-01 2.61628274e-02 5.04123867e-01
7.08765462e-02 -4.04478699e-01 2.27367401e-01 -4.21686262e-01 1.27001658e-01 -2.52292752e-01 -1.15772128e+00 1.48613170e-01 1.46733867e-02 -4.48611826e-01 4.57171351e-01 -7.84726977e-01 7.81420887e-01 -7.55438030e-01 -4.06799205e-02 -7.96005785e-01 -3.76207680e-01 -8.03295255e-01 -1.45874783e-01 -1.42228946e-01 9.11371529e-01 -5.96686304e-01 2.80528575e-01 -3.08446109e-01 -8.05324078e-01 6.22923255e-01 1.24151513e-01 -6.32152557e-01 -2.59155929e-01 6.42552137e-01 -1.76197410e-01 4.93866168e-02
-3.98588061e-01 2.23040104e-01 4.51702565e-01 1.48698777e-01 -9.05148029e-01 -2.73418635e-01 -7.42272496e-01 2.92628586e-01 8.81726861e-01 -1.51629567e-01 6.63365483e-01 1.60289407e-01 -6.37323558e-02 -1.69843987e-01 -2.72390544e-01 -1.25827527e+00 -3.84971768e-01 -1.45691836e+00 6.86867774e-01 -2.60128379e-01 -5.10829747e-01 -1.13075913e-03 -6.44378483e-01 -1.93708882e-01 -3.03259101e-02 9.07336026e-02 1.32916749e-01 1.08657610e+00 -1.99422538e-01 -4.43805903e-01 -1.12094128e+00 3.87224108e-01
9.58293676e-03 7.63029791e-03 -2.12813511e-01 -2.27976544e-03 -1.50051951e-01 1.66643068e-01 -6.60938472e-02 -4.23284084e-01 -1.27951577e-01 2.32356966e-01 3.08762997e-01 5.31769395e-02 2.80986726e-01 -1.35540608e-02 -1.43972384e-02 -2.80427575e-01 1.68334451e-02 1.22193500e-01 -1.71308499e-02 -3.07475090e-01 -3.68933052e-01 9.35286060e-02 6.61740378e-02 1.18474225e-02 1.72985166e-01 2.55436540e-01 -3.54840517e-01 -4.57043827e-01 -1.40926644e-01 7.93389305e-02 -7.37312362e-02 1.34021923e-01
2.97486007e-01 1.19995877e-01 -4.57599163e-01 3.64317954e-01 4.22410935e-01 -6.41055524e-01 1.65570006e-01 5.09955704e-01 -2.11771671e-02 -3.21509570e-01 -1.22810028e-01 9.62148786e-01 3.09271932e-01 -5.63125134e-01 -1.80843130e-01 3.18939328e-01 5.34190834e-01 2.99518526e-01 1.68878451e-01 5.12660682e-01 -1.46444714e+00 -9.25856590e-01 1.46191403e-01 3.13586384e-01 1.79055423e-01 7.48911023e-01 6.11795962e-01 5.34988284e-01 -5.83604038e-01 5.01852036e-01 2.28693590e-01 -2.36804590e-01
1.87406898e-01 4.55722868e-01 -6.33356631e-01 -2.97089189e-01 1.61852872e+00 -5.92345059e-01 -8.50774586e-01 -3.33366781e-01 -5.90491295e-01 -4.24471684e-02 4.54302162e-01 1.88729405e-01 7.24099159e-01 -5.53009272e-01 -1.08057618e-01 2.69614410e+00 4.83807564e-01 1.84419584e+00 -5.48566341e-01 2.80055888e-02 7.14729959e-03 -3.11165303e-01 -7.39134997e-02 2.95051813e-01 -1.77627951e-02 4.22930658e-01 1.59783214e-02 5.41487783e-02 -2.40821578e-02 1.18590705e-01 1.80363035e+00 -2.36812010e-01
-6.01368546e-01 1.22944936e-01 -1.20893858e-01 -5.06199002e-01 4.46178854e-01 5.10525191e-03 -5.77779301e-02 3.59634191e-01 4.31380510e-01 -1.79578528e-01 2.67553944e-02 2.28469014e-01 1.67712346e-01 2.18991533e-01 -3.77904862e-01 -5.83598971e-01 2.95110941e-01 -3.86390239e-01 -4.07224387e-01 -6.01647273e-02 -6.62286639e-01 -2.49039188e-01 9.44670960e-02 -4.79718186e-02 -2.19323501e-01 -1.07110687e-01 -1.57856539e-01 2.50080019e-01 2.48858064e-01 1.80321395e-01 1.37818798e-01 -8.84602021e-04
1.57038584e-01 -3.27008277e-01 -1.61901504e-01 -3.48325193e-01 -3.62045765e-01 -3.14198732e-01 -4.29140627e-01 1.44929931e-01 5.25794208e-01 1.71572328e-01 -5.14975488e-01 -1.28917485e-01 8.42694819e-01 -3.51648152e-01 -1.89556047e-01 -3.02141517e-01 -6.45020723e-01 -7.38584101e-01 -5.55169433e-02 -4.62386385e-02 1.08038914e+00 -2.91762203e-01 -7.77187347e-01 1.76292658e-01 2.25820914e-02 -6.82902038e-02 -4.20652062e-01 -6.17465615e-01 3.39477360e-01 -3.83762211e-01 -1.98702991e-01 2.45370641e-01
5.56484377e-03 -2.35561095e-02 1.73543108e+00 -9.35139179e-01 -8.50593686e-01 9.22058299e-02 2.57087070e-02 -3.87767196e-01 5.86736463e-02 1.91596282e+00 -3.04030608e-02 -6.96500465e-02 3.49588633e-01 3.20594239e+00 1.51614286e-02 -7.23047495e-01 3.70003939e-01 -2.56270218e+00 7.41152048e-01 -2.58594632e-01 2.34280661e-01 6.56072259e-01 -3.10061812e-01 7.96463728e-01 -1.13893323e-01 -5.10432482e-01 2.36785635e-01 -7.15791807e-02 -4.80882376e-02 -2.78835334e-02 -1.16891801e-01 -3.04759204e-01
-4.68034357e-01 -5.86105995e-02 9.30522084e-01 4.37931806e-01 -1.12357068e+00 4.73878711e-01 2.83292741e-01 -1.03078783e+00 5.93322396e-01 6.21471882e-01 1.72373891e-01 3.47748011e-01 -5.45809269e-01 5.70105799e-02 3.63703847e-01 -5.88566971e+00 -1.43530369e-02 -6.86385345e+00 7.61254311e-01 -1.01158869e+00 -8.80723238e-01 3.74610484e-01 4.38718945e-01 -5.77074736e-02 -2.70496279e-01 -2.92969108e-01 -3.23397517e-01 8.07953656e-01 -6.96515679e-01 -3.25149000e-01 -1.08850801e+00 -2.81812012e-01
3.39224674e-02 -1.76869914e-01 -6.68201923e-01 -3.69691253e-02 -1.09494597e-01 -2.80294586e-02 3.08860838e-01 3.31084609e-01 3.10929537e-01 -1.87014133e-01 5.54834485e-01 -2.05026105e-01 3.07916075e-01 -7.95178115e-01 -3.18196684e-01 1.22074620e-03 -2.61014879e-01 2.55046099e-01 -1.19388349e-01 9.96045470e-02 -4.39880267e-02 -1.72468781e-01 4.08465862e-02 -1.86759681e-01 -1.73139587e-01 7.36712277e-01 2.05593687e-02 7.78123885e-02 -1.97662592e-01 2.86736429e-01 1.73217624e-01 4.05647814e-01
-9.56269920e-01 2.10403502e-01 -8.12713504e-02 3.63205135e-01 -1.50072634e-01 6.31993830e-01 -4.07959789e-01 -1.29096657e-01 4.52184945e-01 -1.84160054e-01 -7.37369895e-01 2.13786870e-01 1.31607458e-01 -3.12327921e-01 -2.70031095e-01 -7.10079134e-01 2.06822664e-01 -6.91063762e-01 -3.73214662e-01 2.95666397e-01 1.38540494e+00 9.24709022e-01 -4.46742103e-02 2.01090574e-01 -3.59543324e-01 8.29262212e-02 -5.67635000e-01 2.49989647e-02 7.59597242e-01 -2.22516015e-01 -1.59904748e-01 1.39296785e-01
-5.04059434e-01 -4.36262675e-02 9.71860215e-02 9.37267914e-02 -1.81831717e-01 2.63670653e-01 -8.95409942e-01 -4.04178947e-02 4.87830825e-02 5.30063105e+00 5.22725642e-01 4.62555468e-01 2.61911601e-01 2.62301183e+00 -1.30848950e-02 3.72032262e-03 -3.94109130e-01 -1.12883858e-01 -1.17665129e-02 -1.65725261e-01 -7.21802831e-01 4.48746711e-01 1.42405212e-01 2.38711238e-01 -4.17752832e-01 -3.81778240e-01 -6.75210059e-01 3.55267048e-01 -1.09643169e-01 -6.99849069e-01 3.04284155e-01 -2.19631642e-01
-2.56583933e-02 1.35049477e-01 -6.03402741e-02 3.38122956e-02 2.06584446e-02 1.36333257e-02 2.61384668e-03 -5.44243976e-02 3.52615002e-03 -1.66213274e-01 6.00586943e-02 4.60216589e-02 4.82178703e-02 8.39087591e-02 1.30030259e-01 3.88901532e-02 4.59135771e-02 1.12742977e-03 -1.82665847e-02 1.20778032e-01 2.57641762e-01 1.24282666e-01 -9.08881519e-03 3.86707336e-02 5.02256006e-02 2.04217490e-02 5.66207916e-02 2.78591126e-01 -3.34332907e-03 -7.67009042e-04 -5.68824122e-03 3.71277705e-02
1.68805495e-01 -1.04554750e-01 -5.24560094e-01 3.64887118e-02 -5.95120192e-02 -2.38740191e-01 -2.98023731e-01 -3.28856289e-01 3.73796970e-01 -6.89694881e-01 4.97431159e-02 -6.08491153e-03 2.10603178e-01 4.92063202e-02 -1.01060726e-01 -1.28249228e-02 -2.95811415e-01 2.88826525e-01 -3.80141512e-02 9.25189555e-01 2.74715573e-01 1.33164898e-01 -5.33152819e-01 -1.35937914e-01 -1.03657566e-01 -4.31168139e-01 8.31479013e-01 -5.11212885e-01 2.41469294e-01 2.98274308e-01 -5.44669777e-02 1.72540560e-01
-2.02999353e-01 -5.47864810e-02 -3.71173322e-01 -1.86000451e-01 5.45090914e-01 -5.00287823e-02 1.70678332e-01 9.41082910e-02 3.89795691e-01 -4.64667857e-01 -1.39094323e-01 -9.27840292e-01 4.51960653e-01 -2.02435628e-01 -2.30765134e-01 3.85234714e-01 -1.21734314e-01 4.90670204e-01 1.81861430e-01 -6.56964183e-02 -8.76405090e-02 -2.33788028e-01 3.84407610e-01 -2.94980764e-01 1.59806773e-01 1.71338141e-01 -1.52425185e-01 3.94147635e-01 1.61268422e-03 3.69451582e-01 4.75648165e-01 2.12124795e-01
5.62006496e-02 1.81725442e-01 -1.52223893e-02 7.00877905e-02 -6.28850162e-02 1.08232871e-01 -2.93483492e-02 -7.61231408e-02 4.87684272e-02 6.93434998e-02 6.59612343e-02 1.15311712e-01 -6.65812641e-02 -7.05348551e-02 1.07331090e-01 4.45846140e-01 5.79950064e-02 -3.05973500e-01 3.57527882e-02 -1.07737705e-01 -1.22253470e-01 -1.30765557e-01 1.31373741e-02 -2.08919197e-02 3.89696471e-02 1.28397912e-01 6.01268886e-03 2.22796351e-02 1.12166449e-01 1.44070005e-02 -1.61212534e-02 3.61726396e-02
3.45988810e-01 -1.46718517e-01 7.64567196e-01 5.58795989e-01 -5.21337569e-01 -1.23604067e-01 -6.68915808e-01 -9.58183631e-02 -2.10898429e-01 -7.01945603e-01 -6.27995878e-02 9.15924251e-01 4.67862785e-01 -4.04293060e-01 7.32519984e-01 3.24002683e-01 -8.29222500e-02 -4.83876228e-01 4.17483360e-01 4.15395290e-01 -3.83291632e-01 1.34176120e-01 5.96337259e-01 2.08752632e-01 1.26324743e-01 -3.95194918e-01 1.18276514e-01 2.68926203e-01 -6.50019869e-02 -5.22391014e-02 9.20432061e-02 3.96337092e-01
2.57920086e-01 -8.38750377e-02 3.68974768e-02 1.58163428e-01 3.50856893e-02 1.44641280e-01 9.59770143e-01 6.42648041e-02 5.21172106e-01 2.52285451e-01 3.38934779e-01 3.73919725e-01 -4.04606789e-01 -5.18353462e-01 8.87499750e-02 -1.02544880e+00 -2.82507669e-02 -7.65404940e-01 -6.99534193e-02 -4.33112711e-01 -5.31982183e-01 -1.89684406e-02 2.51864612e-01 -2.61684433e-02 9.46299508e-02 -4.27974373e-01 -6.96802855e-01 4.59693551e-01 -1.15418106e-01 -1.82630464e-01 2.45517388e-01 -9.04785544e-02
4.11935337e-02 -3.41057107e-02 -2.90999115e-01 3.98201823e-01 4.73005176e-02 4.10054564e-01 3.93877953e-01 -2.43289486e-01 -3.44361365e-01 3.69115174e-01 1.69427916e-02 8.91998187e-02 4.48598832e-01 5.26146889e-01 -1.26350135e-01 -5.55727363e-01 5.40793419e-01 -1.88797235e-01 -9.74361226e-03 -2.43497312e-01 -3.01962554e-01 3.26804034e-02 -2.92361140e-01 1.74310371e-01 -3.27593982e-01 -9.10693035e-02 -6.44443110e-02 -5.42863250e-01 6.78692013e-02 -1.23488091e-01 3.26334275e-02 -3.11240703e-01
7.13225543e-01 -4.85159680e-02 -2.20595762e-01 1.83268115e-01 2.85290889e-02 -4.49488312e-01 -1.02160543e-01 3.05535704e-01 3.93048644e-01 -2.63779759e+00 1.29446790e-01 1.49013996e-01 3.62971455e-01 -1.65247381e+00 1.45549715e-01 2.23542869e-01 1.14183702e-01 1.47514626e-01 -2.07375064e-01 -2.92885862e-02 5.42322874e-01 -2.13342279e-01 -2.54645914e-01 -4.68831845e-02 -3.08061570e-01 -2.10282952e-01 -4.25601974e-02 -2.11416081e-01 2.77454317e-01 1.23469628e-01 -3.62456501e-01 -2.34404072e-01
-7.65620768e-01 1.52264714e-01 -1.74135551e-01 1.31283015e-01 3.56095195e-01 -3.75066727e-01 9.43376541e-01 -3.21530402e-02 -1.03408420e+00 6.49568915e-01 -7.16882885e-01 4.31081839e-02 1.65160596e-01 6.16219379e-02 -7.05402434e-01 1.12372696e+00 5.98610878e-01 9.32058990e-01 -2.18766972e-01 1.81376003e-02 -1.80702135e-01 2.61337459e-01 5.59585869e-01 9.64270055e-01 -2.73035973e-01 5.34318924e-01 -6.12352729e-01 -2.20572129e-01 9.69928145e-01 -4.45004433e-01 1.07252613e-01 -1.74224332e-01
-5.59790373e-01 5.81135690e-01 -4.11018096e-02 -1.47920519e-01 5.77824414e-01 1.83663905e-01 2.38464382e-02 5.29948175e-01 -3.36531550e-01 5.11826456e-01 6.03007413e-02 -1.50685504e-01 2.26412416e-01 2.29920238e-01 -5.25854886e-01 -1.66463882e-01 -1.56500876e-01 -5.00882715e-02 3.72029722e-01 -3.86652261e-01 1.97507516e-02 -2.67693132e-01 2.48980988e-02 -5.25203466e-01 1.27820402e-01 -1.93644881e-01 -5.71134150e-01 -5.32977402e-01 1.80507421e-01 -3.69874477e-01 -1.88719854e-01 -2.89661109e-01
-1.16178818e-01 2.34249026e-01 4.64547664e-01 3.61292213e-01 -2.90357590e-01 -3.24031442e-01 -1.60091713e-01 -2.91649029e-02 3.22480410e-01 -4.68571275e-01 -5.84687710e-01 -7.25496039e-02 -2.75817841e-01 -3.09195101e-01 5.04040010e-02 5.81084311e-01 -8.54829848e-02 2.13912383e-01 3.34889859e-01 2.00472280e-01 4.35685180e-02 -7.39400625e-01 1.05851233e-01 9.80378762e-02 2.45423660e-01 1.47898972e-01 1.46907140e-02 -5.24590969e-01 -2.80298114e-01 -1.16119027e-01 4.11080904e-02 -2.23320499e-01
-6.77866697e-01 5.38117290e-01 -4.91546094e-01 -1.06871319e+00 -4.45991606e-01 -3.22247326e-01 -4.25450027e-01 3.48672539e-01 2.36559093e-01 4.09035653e-01 -1.14530392e-01 2.45983914e-01 2.26885021e-01 2.20220834e-01 -8.46415460e-02 7.52043605e-01 7.56151795e-01 9.05288875e-01 -2.90801674e-01 1.41596600e-01 4.36630011e-01 -6.81022823e-01 -7.49028027e-01 3.54920030e-01 -2.38949105e-01 -4.07581598e-01 2.24531084e-01 3.92229080e-01 4.58979666e-01 -8.73293221e-01 1.47539705e-01 -1.59431219e-01
9.43457112e-02 -5.51427662e-01 -9.97080281e-02 -1.15915388e-01 -4.53677505e-01 5.48693955e-01 1.61972478e-01 -4.22627121e-01 4.34952885e-01 9.46909428e-01 -2.27114663e-01 1.19384490e-01 5.57113528e-01 4.32455719e-01 2.76133176e-02 -9.05026674e-01 -4.51765716e-01 -9.02225733e-01 -9.17667896e-02 2.12647796e-01 2.36238807e-01 3.43514025e-01 1.81559324e-01 1.63307935e-01 2.45501965e-01 1.08804032e-01 -4.12171453e-01 -2.46910974e-01 -2.44784504e-01 -3.38786781e-01 4.28057075e-01 3.16711575e-01
-3.53603065e-02 -9.64242637e-01 3.38177264e-01 1.60739458e+00 1.70672044e-01 7.47148767e-02 -1.45952940e-01 -2.84514338e-01 -2.06136197e-01 2.08091885e-01 1.11158156e+00 -1.01696205e+00 -1.12644768e+00 -3.94079298e-01 1.80663571e-01 -8.54287073e-02 -1.20691919e+00 6.40398979e-01 6.46584511e-01 -6.93182230e-01 8.71306539e-01 1.68549970e-01 -1.69070007e-03 7.11680437e-03 -1.16937393e-02 -5.29075623e-01 2.28443041e-01 7.91682117e-03 -9.02899206e-01 1.28756475e+00 -6.40706837e-01 -3.42006725e-03
-6.51581824e-01 -2.37512127e-01 2.44252563e-01 1.77443445e-01 -5.96154435e-03 2.24846303e-01 3.30444217e-01 3.69569752e-03 -4.93707389e-01 -2.30231062e-01 -8.91489089e-01 2.01094434e-01 4.23779845e-01 1.41263455e-01 2.23493993e-01 -1.95185810e-01 3.01052004e-01 -1.10764481e-01 -3.62759344e-02 -3.95053327e-01 -6.86953783e-01 1.15602538e-01 2.06976552e-02 -6.38376772e-01 1.57246262e-01 5.47648072e-01 -7.16480538e-02 7.00720549e-02 -4.43577111e-01 -1.76825479e-01 -1.56916767e-01 1.47396186e-02
-2.67231822e-01 -3.18083048e-01 -1.65681377e-01 -1.59143940e-01 -1.99771181e-01 -6.86129108e-02 2.78005958e-01 2.71842808e-01 -7.07484126e-01 1.39395797e+00 -1.61714956e-01 -7.89694712e-02 -4.93631989e-01 5.08020163e-01 -1.96759641e-01 6.82015419e-02 4.36403155e-02 1.56504899e-01 -2.83175558e-02 -1.69398740e-01 1.73192352e-01 1.45954654e-01 3.49075377e-01 3.32860351e-02 1.14290370e-03 -5.23181520e-02 -1.95901573e-01 2.32293174e-01 2.47361064e-01 3.00923407e-01 2.00848758e-01 1.52837276e-01
-4.65724096e-02 -2.52559721e-01 -3.45935747e-02 -1.20250784e-01 -2.78848410e-01 4.29465860e-01 -2.31639832e-01 -4.08455521e-01 1.04509264e-01 -4.49598521e-01 8.26350320e-03 4.50209945e-01 2.22152516e-01 3.02555233e-01 2.21749365e-01 -4.72197175e-01 -3.65581065e-01 -1.17784154e+00 -7.71240070e-02 -2.68360168e-01 -1.75098777e-01 8.65189970e-01 4.16836649e-01 6.04701996e-01 -5.04261315e-01 1.59209237e-01 1.12907112e-01 -1.94896087e-01 -3.78694117e-01 -2.83804685e-01 -1.11382023e-01 -3.89422365e-02
4.34205607e-02 -4.94645387e-02 1.40701488e-01 -9.05154198e-02 2.23020911e-01 -1.09120302e-01 2.24020965e-02 -3.45624626e-01 -1.73446611e-01 3.20887506e-01 1.50424585e-01 1.77411973e-01 7.63303414e-02 -2.77958423e-01 -7.20542222e-02 -2.96925664e-01 6.13624230e-02 1.53788850e-01 -1.43861577e-01 -5.30729413e-01 1.35491356e-01 -1.61524400e-01 -9.99963358e-02 -5.93888164e-02 -1.32495828e-03 2.10615367e-01 -6.15425855e-02 2.46529896e-02 1.13582864e-01 7.03033432e-02 3.14663630e-05 -1.56482309e-02
2.55607694e-01 -4.98326093e-01 -3.24759543e-01 7.72415459e-01 -1.68241277e-01 -6.45464003e-01 2.52350599e-01 -2.09379360e-01 -1.23242639e-01 2.68713546e+00 -5.58130443e-01 9.97262955e-01 6.36388361e-01 8.27236712e-01 6.78496778e-01 2.15030864e-01 7.87642449e-02 2.43441299e-01 7.20004678e-01 3.89585763e-01 1.01179510e-01 1.19625315e-01 -3.41383100e-01 1.07348692e+00 -1.55549645e-01 1.11852959e-01 -2.91176140e-01 4.18313742e-01 -2.91682929e-02 3.59697677e-02 4.80891466e-01 1.28860652e-01
-1.19497396e-01 1.68060035e-01 1.21045068e-01 7.12330416e-02 4.12403494e-02 -3.48993316e-02 -3.25709675e-03 1.22126259e-01 7.82603957e-03 -3.17036733e-02 1.57813042e-01 8.48851204e-02 9.48524848e-02 -1.02806091e-02 1.63440004e-01 2.03269377e-01 2.80485265e-02 -1.31768405e-01 -2.97090877e-02 8.07335526e-02 -1.74502805e-01 -4.89021800e-02 -2.65223198e-02 1.94271188e-02 -4.69693661e-01 -2.19797865e-01 4.40898053e-02 -1.08443670e-01 -5.58103248e-02 -5.79860136e-02 9.98614822e-03 -4.52425361e-01
-9.48006567e-03 -8.01086575e-02 -6.12486340e-02 2.40597390e-02 -2.10794210e-01 3.26313674e-02 -2.15431806e-02 1.71253696e-01 4.76477779e-02 -5.20770289e-02 -1.77245792e-02 -2.07807478e-02 -6.35558739e-02 2.47027446e-02 -6.13336600e-02 2.18461797e-01 -1.11354262e-01 -1.31126568e-01 4.30769008e-03 3.21214586e-01 -2.55249143e-01 -9.93507951e-02 1.11775352e-02 -8.83079506e-03 7.75708258e-03 -9.18747783e-02 -6.39612600e-02 -5.26595451e-02 -5.99829443e-02 5.18395677e-02 2.45859846e-02 -7.14118369e-06
1.01330483e+00 -2.29484171e-01 3.90379786e-01 3.03746790e-01 -4.56590414e-01 -7.76988268e-02 -5.81866622e-01 1.91414468e-02 9.72957373e-01 1.34228950e-03 -2.18574658e-01 8.47300813e-02 9.11478996e-02 1.81027859e-01 7.06038296e-01 -6.81312025e-01 -4.17525023e-01 -8.96363199e-01 5.65317929e-01 -2.27557719e-01 -8.07242990e-01 2.58361518e-01 -2.13958964e-01 1.66855201e-01 7.20803499e-01 2.30955076e-03 1.89054191e-01 -8.50547031e-02 -5.60976326e-01 1.89951256e-01 8.08974355e-03 2.04755455e-01
1.80844888e-01 -3.72476608e-01 -2.48116970e-01 3.72420043e-01 1.96360394e-01 -6.33041978e-01 1.12051636e-01 4.15909812e-02 2.87054300e-01 -2.70319492e-01 -2.70305544e-01 4.86630172e-01 3.89658660e-01 -3.09544086e-01 2.13936523e-01 -5.07421553e-01 -2.91454166e-01 -7.25983739e-01 3.84503126e-01 -3.65612417e-01 -2.87136167e-01 -2.98546553e-02 2.95057565e-01 6.15812957e-01 -1.57680914e-01 -2.85936326e-01 4.05519903e-01 -3.34340334e-02 -7.96424150e-02 -4.56243873e-01 9.00940523e-02 2.65001923e-01
-1.01494715e-01 -1.52642339e-01 7.81999528e-01 1.41364217e-01 -1.23854566e+00 -1.68655023e-01 3.85050148e-01 -1.73987761e-01 5.44778585e-01 8.37997496e-01 -1.07651234e-01 -4.14427370e-01 -2.52868515e-02 8.36243808e-01 1.15896136e-01 -2.49720049e+00 -3.98357034e-01 -2.90287662e+00 1.85828239e-01 -5.71947023e-02 -7.27190316e-01 6.74286723e-01 3.26715738e-01 1.91856161e-01 1.48597687e-01 8.25925171e-02 3.70041251e-01 1.72430307e-01 -2.20942527e-01 -7.33046353e-01 -2.39084661e-01 2.69836843e-01
-1.75493240e-01 -2.57797718e-01 -2.81633437e-01 -2.64430106e-01 -2.22355425e-01 5.64906716e-01 1.80244431e-01 -1.07968986e-01 -1.22541256e-01 3.71130705e-01 -1.77647397e-01 1.49590954e-01 4.37613651e-02 -2.49540582e-01 -1.17470562e-01 -4.63487238e-01 2.95858502e-01 -6.07259452e-01 -3.06118459e-01 2.34680828e-02 -3.26405168e-01 3.61643404e-01 -1.02921821e-01 3.72964829e-01 3.64829659e-01 -5.25335491e-01 4.98944342e-01 5.52790351e-02 5.77195063e-02 1.49892628e-01 -6.05406128e-02 4.16695364e-02
4.46055263e-01 6.54505432e-01 6.77301526e-01 -3.73438746e-01 1.28669545e-01 1.62375897e-01 8.02354068e-02 -1.55482545e-01 -6.57394290e-01 9.43783760e-01 -2.49213517e-01 -2.78558671e-01 -4.70303267e-01 1.12777412e+00 1.94567621e-01 -2.58159358e-02 -4.29740921e-03 -1.02363932e+00 3.30304891e-01 -3.10867310e-01 1.09149240e-01 6.63766623e-01 -1.03882194e-01 -3.75785351e-01 6.98384702e-01 -7.97095776e-01 5.18961251e-01 -1.35306656e-01 -3.05883348e-01 -5.71540475e-01 -9.28822756e-02 -5.14504373e-01
-1.76086836e-02 -4.05418426e-01 1.87204972e-01 -1.93440214e-01 -1.38124824e-01 1.18747354e-01 1.00223996e-01 -2.69483328e-01 -5.90261281e-01 -3.59772146e-01 -1.22969940e-01 1.76833663e-02 -8.08078498e-02 3.98922175e-01 5.17174959e-01 4.68728811e-01 2.54033566e-01 -2.97078311e-01 2.46092752e-02 1.75175846e-01 -2.62910575e-01 3.21032643e-01 -3.38515431e-01 1.49283573e-01 -7.39253089e-02 -2.44558036e-01 3.88154536e-01 7.31581092e-01 -3.89189839e-01 -4.74970549e-01 2.40999028e-01 3.47769320e-01
-1.25779533e+00 1.13103732e-01 1.43988147e-01 -1.31383979e+00 -1.22066818e-01 -7.21839517e-02 1.84527725e-01 5.42962492e-01 1.05412677e-01 3.88457328e-01 -9.88063753e-01 7.24916518e-01 1.09182918e+00 3.59265804e-01 -6.50115371e-01 3.29543740e-01 5.62627614e-01 -3.96068454e-01 -3.03258926e-01 1.02877903e+00 -5.49860060e-01 -2.98932701e-01 -3.43516707e-01 -6.14176318e-02 6.11866713e-01 9.98789251e-01 8.53720725e-01 6.21715248e-01 5.08768678e-01 -1.03347611e+00 1.70766026e-01 2.02173099e-01
-9.69521850e-02 1.01542056e-01 3.04698408e-01 -4.25448045e-02 3.26333672e-01 -1.04598269e-01 2.97883875e-03 2.70886924e-02 -4.27217782e-02 1.92433059e-01 3.14417742e-02 1.76155772e-02 -1.63337812e-02 -1.05883293e-01 6.91619739e-02 -1.45102590e-01 9.23339427e-02 7.03434646e-02 1.36609916e-02 -4.11063969e-01 1.42229766e-01 -1.06329240e-01 2.11456846e-02 -1.19644003e-02 1.56322703e-01 -2.02199984e-02 7.83084631e-02 1.40846521e-01 4.15867157e-02 -8.41574371e-02 -1.51747270e-02 4.40316163e-02
8.65155607e-02 5.11073947e-01 1.70091331e-01 -5.94222136e-02 1.17359459e-01 -8.65276903e-02 5.61224461e-01 1.85535371e-01 3.19461137e-01 -1.38770819e+00 -2.84676135e-01 4.74793464e-01 5.90131819e-01 -5.67314267e-01 -6.89048111e-01 -9.12818670e-01 1.00147665e+00 -6.05887830e-01 1.78797498e-01 -4.02875155e-01 6.48466945e-01 -3.91151488e-01 -1.99645519e-01 -1.13273406e+00 -4.96650040e-01 4.15880680e-01 -9.27351952e-01 -5.24051428e-01 1.24628022e-01 -7.52454028e-02 -1.82289556e-01 1.71443254e-01
5.82314670e-01 -2.74102420e-01 -2.85423815e-01 4.00169164e-01 2.30124053e-02 -6.58491626e-02 -2.09850655e-03 -6.39765635e-02 4.10281867e-01 -1.00361519e-01 -1.57634825e-01 -9.10500158e-03 8.02607894e-01 -3.69814247e-01 3.16563666e-01 -1.68116674e-01 1.19276633e-02 -3.39278877e-01 3.11740357e-02 -3.55064720e-02 -3.72419268e-01 1.53397411e-01 1.37394950e-01 1.17849059e-01 -5.44283353e-02 -1.65613562e-01 7.54070878e-01 4.96209830e-01 -2.91728377e-01 2.96948493e-01 1.97390825e-01 3.24476033e-01
-1.95655391e-01 2.86166936e-01 -1.50996864e-01 -6.33856878e-02 -5.57626188e-01 -2.24210024e-01 8.25076923e-02 4.49533284e-01 -6.89960495e-02 -5.32593191e-01 -2.05771878e-01 1.45918895e-02 -3.27994287e-01 1.89375550e-01 3.05009335e-01 -1.70607388e-01 -1.19731940e-01 2.25664392e-01 5.21506369e-02 3.66709143e-01 -2.45846391e-01 -4.28093784e-02 -4.86318693e-02 -5.10898791e-02 -1.18894801e-01 -9.25648510e-02 2.56400824e-01 -2.71163732e-01 8.26205090e-02 -7.10850116e-03 4.68064956e-02 1.79485023e-01
4.99618761e-02 -4.80097353e-01 -1.06488213e-01 -1.18235402e-01 -6.32424951e-02 -1.60984278e-01 -2.76658293e-02 -1.47915587e-01 -3.65746051e-01 4.55536425e-01 -2.34495644e-02 9.13963467e-02 3.68993640e-01 2.81376481e-01 -2.02139586e-01 -6.14709258e-01 -1.52907938e-01 -1.42836496e-01 -2.92374752e-02 9.62769836e-02 6.83662891e-02 -3.52225974e-02 5.53207994e-01 4.07966897e-02 -3.78698081e-01 2.47739822e-01 3.27390224e-01 9.59176570e-02 -5.99296838e-02 1.11477368e-01 -3.15014496e-02 -1.98450223e-01
8.81648839e-01 -2.33303174e-01 -6.27916217e-01 2.32061341e-01 3.53383213e-01 2.54920810e-01 6.71200633e-01 2.07216784e-01 -5.20489573e-01 -7.80701518e-01 -8.29838276e-01 1.34466946e+00 6.31035268e-02 -6.64550185e-01 4.77375507e-01 1.29392970e+00 -2.80632734e-01 8.27611208e-01 -2.64156610e-01 -1.06359102e-01 -1.44428897e+00 -3.86676759e-01 -6.87821746e-01 -1.16686478e-01 -4.36580986e-01 -2.77076531e-02 2.78288811e-01 6.38938427e-01 -2.92787850e-02 1.07150197e-01 8.33695084e-02 4.73807365e-01
-8.16665813e-02 1.39749661e-01 -9.95066762e-01 -3.36962007e-02 3.64652514e-01 2.83524632e-01 3.80626991e-02 -2.40889285e-02 -1.56569779e-02 4.16795254e-01 -3.68297458e-01 -1.24052763e+00 3.39095771e-01 1.99784607e-01 -4.37198281e-01 8.41025174e-01 -5.85864745e-02 1.52952504e+00 -3.65979373e-01 1.03044108e-01 1.87371805e-01 -1.56407252e-01 -1.19813882e-01 7.26529181e-01 -4.04290438e-01 7.31052339e-01 -5.58887571e-02 -1.43715769e-01 2.99073327e-02 1.57575682e-01 5.84566653e-01 6.52967617e-02
5.79605699e-02 4.39807117e-01 -2.05777943e-01 -6.68557465e-01 7.67061263e-02 6.62850440e-01 2.76648700e-01 8.24545324e-01 1.85279116e-01 1.85964510e-01 8.87697995e-01 -1.72947884e-01 1.35283217e-01 1.05627701e-01 1.25491582e-02 -4.75225598e-01 3.68317693e-01 9.25081149e-02 -3.56889248e-01 -4.37934011e-01 -1.12974443e-01 -2.34773785e-01 2.64784724e-01 8.79825279e-02 -1.59072801e-01 2.31714070e-01 -1.34655545e-02 -2.93528084e-02 -5.27659535e-01 1.99575216e-01 -2.30937377e-01 4.51794453e-02
5.59305213e-02 4.13287394e-02 -1.50432348e-01 1.10265268e-02 -6.23192862e-02 5.84971569e-02 5.88746853e-02 9.17166248e-02 -8.59471969e-03 -6.54765144e-02 -5.30627184e-02 -3.73143375e-01 2.43778303e-01 2.29217231e-01 -2.04320792e-02 9.60913375e-02 7.58021995e-02 -4.77621742e-02 8.28578919e-02 2.36886322e-01 1.15138516e-01 2.71773636e-01 9.84667707e-03 2.65548646e-01 -1.01921022e-01 -2.85261959e-01 -1.76560506e-01 -1.61844656e-01 -2.70105630e-01 -1.43374249e-01 -1.27486826e-03 -2.87274599e-01
4.12938118e-01 1.23318778e-02 5.63104749e-01 3.92671317e-01 3.11588705e-01 4.16799992e-01 9.55797076e-01 -3.61800462e-01 7.33792961e-01 -5.54428287e-02 -6.12608433e-01 1.64339200e-01 -5.19651771e-01 -3.62362415e-01 -1.94941517e-02 2.21374765e-01 -5.86479187e-01 -4.87134457e-01 2.93695033e-01 -1.12780305e-02 -9.27380919e-02 5.84390938e-01 1.92285061e-01 6.43541038e-01 3.39597389e-02 -1.35160461e-01 -2.35697120e-01 1.69138998e-01 1.87284395e-01 4.13587302e-01 -1.43445775e-01 -3.42449872e-03
-2.44446844e-01 -4.67096925e-01 1.49139977e+00 6.19697273e-02 -8.96597862e-01 -2.23185584e-01 -1.22095156e+00 -9.76644337e-01 3.42582107e-01 1.01690221e+00 -2.70841476e-02 -4.14980054e-01 -2.69416302e-01 1.02889025e+00 5.57772636e-01 -2.09266424e+00 1.98260263e-01 -2.77188230e+00 1.79783607e+00 8.57514143e-01 -6.20110750e-01 1.69772542e+00 -4.76791829e-01 2.45711729e-01 3.93843979e-01 -6.67323768e-01 -2.74237037e-01 4.04568642e-01 1.89430431e-01 5.02291508e-03 7.16998637e-01 8.33007842e-02
1.80599524e-03 -1.95092428e-02 6.57725930e-02 4.47492525e-02 4.05990511e-01 1.34718034e-03 -5.60546434e-03 2.47181486e-02 3.97431776e-02 7.31328328e-04 -2.00905930e-02 -6.81716427e-02 1.01255521e-01 -1.73966791e-02 3.90207954e-03 -2.72182859e-02 9.30860639e-03 -4.10631448e-02 -8.47631544e-02 8.99053887e-02 1.39824241e-01 5.65734021e-02 -2.26390678e-02 1.47400340e-02 -1.39774516e-01 -1.47022799e-01 1.88073982e-02 3.64201218e-01 -4.75098416e-02 -5.46212010e-02 -8.61614652e-04 -2.37816051e-01
-3.95982236e-01 5.13976365e-02 -1.48031816e-01 -5.00895754e-02 -1.95697650e-01 8.03758111e-03 -2.64558315e-01 6.89984083e-01 -2.34974977e-02 -9.81922448e-02 -1.38818085e-01 6.12891912e-01 4.80630428e-01 1.55467898e-01 2.19243377e-01 1.32055432e-01 -1.32514209e-01 1.20159730e-01 -1.52229339e-01 -3.69706862e-02 -8.53674561e-02 -6.36935592e-01 -1.75202698e-01 -1.97395012e-01 -3.49716216e-01 -1.93273783e-01 -5.90029776e-01 3.73496652e-01 -2.65574634e-01 -2.25556374e-01 -1.89360216e-01 5.27673721e-01
-1.17584147e-01 -1.85239971e-01 5.83820820e-01 2.27726415e-01 -5.25486827e-01 3.12016875e-01 5.21420062e-01 -5.07573664e-01 2.72411078e-01 5.25765896e-01 -1.35273144e-01 4.56452399e-01 -5.36381006e-02 1.97139129e-01 1.58371359e-01 -1.79967034e+00 1.36010811e-01 -8.13837767e-01 -1.02689080e-01 1.98498011e-01 -9.24280956e-02 2.21945405e-01 2.72253722e-01 1.60676807e-01 -2.87156224e-01 -4.98038054e-01 -1.08013660e-01 -1.52160645e-01 -3.75801951e-01 -5.17958581e-01 6.23495042e-01 -2.49848083e-01
-1.38647139e-01 -1.84571519e-02 -2.59688169e-01 1.89388931e-01 7.48213604e-02 -6.94336146e-02 3.00940692e-01 -2.15872839e-01 -7.24056959e-01 1.53840625e+00 -3.34963232e-01 -1.07061848e-01 -3.09515774e-01 1.29039967e+00 -2.30485931e-01 1.96717083e-01 -1.42888511e-02 1.77507460e-01 -1.17834210e-01 -3.22549552e-01 -1.75902713e-02 1.40478268e-01 -4.74943453e-03 -1.26165226e-01 -1.84848830e-01 3.96179333e-02 4.67879385e-01 4.86631155e-01 1.63177535e-01 -4.24637169e-01 2.58470058e-01 -5.20370752e-02
-1.63340360e-01 -2.28412226e-01 7.00716555e-01 4.64970231e-01 -2.84281313e-01 -3.34443480e-01 -1.05465972e+00 1.48660660e-01 2.16067478e-01 4.70195323e-01 6.83290511e-02 -3.69966365e-02 1.28136709e-01 2.34632224e-01 -2.09104910e-01 4.39857572e-01 -1.49838347e-03 4.06460091e-02 -1.57525480e-01 -3.33105952e-01 8.83122325e-01 4.41772640e-01 3.97149503e-01 -6.04220212e-01 5.26007451e-02 4.15599570e-02 -2.19436347e-01 2.67197102e-01 -1.03644431e-01 3.16670209e-01 -1.44721612e-01 -3.39560419e-01
7.28291988e-01 -2.96363980e-01 6.47153020e-01 8.05903137e-01 -5.52314937e-01 3.90855759e-01 -7.99115658e-01 -3.54780465e-01 6.66347265e-01 -7.19036639e-01 -4.46774632e-01 8.98215950e-01 -1.05685043e+00 -3.36812794e-01 6.30908787e-01 -6.51407957e-01 2.78808456e-02 -2.21793205e-01 3.34953070e-01 8.58743012e-01 4.34725225e-01 -2.88639754e-01 -2.01673698e+00 -6.95525050e-01 8.51361454e-01 7.56140411e-01 -9.92073059e-01 -5.70120215e-01 2.49489173e-01 1.08424056e+00 -6.12127006e-01 -3.97813350e-01
-1.59810912e-02 1.59639388e-01 -3.97340134e-02 -5.33886142e-02 -1.59096077e-01 -3.12626846e-02 8.88907164e-03 -4.12210040e-02 -5.20223156e-02 -1.18124578e-02 3.90196331e-02 1.01564184e-01 8.96109715e-02 -3.54787037e-02 1.70782119e-01 -1.36621356e-01 9.57358330e-02 1.76484495e-01 -1.80468187e-02 -2.70396143e-01 1.40731469e-01 3.67777869e-02 -1.61150005e-02 -8.12318921e-03 -3.12496275e-01 -3.36554386e-02 1.59000140e-02 -7.55274296e-02 -1.40513778e-02 -1.18602701e-02 -1.77862216e-02 -2.12600335e-01
1.51196197e-01 2.98832685e-01 1.68024647e+00 4.31662530e-01 -1.38194871e+00 1.48566842e-01 -2.12131232e-01 -5.79899251e-01 1.00638437e+00 5.88154018e-01 1.52122885e-01 -3.20891052e-01 -8.81415784e-01 8.66850257e-01 6.53564706e-02 -4.00258303e+00 -2.26965770e-01 -4.84821415e+00 4.78983998e-01 1.26413658e-01 -1.16626072e+00 9.99696851e-01 3.42493057e-01 1.05093725e-01 2.67779142e-01 -1.48985729e-01 -5.39614439e-01 5.71386635e-01 -2.08062306e-01 -2.36048065e-02 -9.80408788e-02 -3.10147321e-03
-8.10939789e-01 1.88229695e-01 8.14164579e-02 -6.97689474e-01 3.84069309e-02 -1.62869543e-01 -1.64389849e-01 4.80725497e-01 -1.05832778e-01 5.04304934e-03 1.56654328e-01 -3.36102635e-01 3.97851199e-01 4.60316479e-01 -4.09952492e-01 -1.83027163e-01 2.10606486e-01 -6.76476285e-02 -3.30832094e-01 1.61618754e-01 5.15232347e-02 6.64871216e-01 1.72047839e-01 -2.16625631e-01 -1.89896986e-01 2.70218343e-01 -6.66871250e-01 1.34312332e-01 6.00244962e-02 -5.18591881e-01 -1.03242829e-01 -6.59976423e-01

layers.2.bias:
-1.34462631e+00
-8.10542464e-01
4.48570490e-01
-5.61843157e-01
1.27336442e-01
-4.68405604e-01
2.43883952e-01
2.19605470e+00
7.53670096e-01
8.50124419e-01
-9.47794795e-01
-1.33165264e+00
-2.28862196e-01
9.28372502e-01
-3.41712385e-01
-6.86031163e-01
-6.98008761e-02
-7.85297155e-01
4.16146904e-01
-8.08970109e-02
-3.12362820e-01
8.03447485e-01
7.97180593e-01
-1.98490471e-01
-3.29583585e-01
1.03139472e+00
-9.73385155e-01
-9.93991613e-01
5.18691838e-01
-1.12173772e+00
1.17887564e-01
3.47340899e-03
8.66787910e-01
1.21153384e-01
-2.09366947e-01
-1.72452927e-02
-1.32449716e-01
1.45942962e+00
1.08866775e+00
-2.10808948e-01
9.85625803e-01
-2.48053104e-01
-5.07488370e-01
1.37851489e+00
2.52283573e-01
-7.75830746e-01
1.10909772e+00
-3.40918452e-01
8.33246410e-01
1.64418566e+00
2.74210751e-01
4.20195520e-01
1.01775423e-01
-6.40624404e-01
2.52944797e-01
-3.38054374e-02
7.95585811e-01
-8.12839642e-02
7.39047164e-03
-6.74785495e-01
5.23179233e-01
6.52927384e-02
-3.03943992e-01
7.36947477e-01

layers.4.weight:
3.12533528e-01 2.34812833e-02 -4.24038284e-02 9.19822231e-03 1.24970069e-02 8.96406099e-02 1.30503002e-04 -7.33685613e-01 -1.46630436e-01 -3.94094050e-01 5.38668782e-02 9.49484944e-01 -1.94198418e+00 -1.31554708e-01 1.49338050e-02 -1.47029340e+00 -1.89706217e-04 6.51564077e-02 -1.96578801e-02 -8.65799491e-04 -1.29971979e-03 -8.06635097e-02 -4.40290850e-03 2.50340074e-01 -3.51991802e-02 -3.78074311e-02 1.37849394e-02 7.40284145e-01 -3.64599526e-01 3.80966932e-01 -6.82846364e-03 -1.27335370e-01 -1.78988297e-02 -5.85012196e-04 2.53260676e-02 -6.85605803e-04 1.57247614e-05 -1.81843400e-01 -1.38233276e-02 2.83498108e-01 -1.83256306e-02 2.92787135e-01 1.25565808e-02 -1.17951646e-01 -5.14249143e-04 1.36323199e-01 -3.30946664e-03 1.08396518e-03 -5.23877852e-02 -6.89137757e-01 -8.07463154e-02 9.04737390e-05 1.64692901e-04 3.63850943e-03 -9.74466503e-01 -2.27471639e-04 5.39023546e-04 -2.33336687e-01 -5.62335625e-02 3.72888744e-02 -6.82476955e-03 -3.60468752e-04 9.71973062e-01 -1.19636254e-02

layers.4.bias:
-1.11462164e+00

