layers.0.weight:
3.31696361e-01 -5.67613244e-01 7.97264636e-01
5.69172144e-01 -8.09445798e-01 -5.80563486e-01
-8.31293464e-02 -6.13938749e-01 -5.77727258e-01
-1.07055378e+00 1.15616508e-01 4.58123112e+00
2.67282110e-02 4.11940843e-01 1.16166264e-01
-5.79876065e-01 8.58121514e-01 -1.84879377e-01
-1.31842160e+00 4.86020595e-01 -9.88645032e-02
-6.01682402e-02 7.88846374e-01 -9.23566997e-01
6.03414774e-01 -9.26082134e-01 5.12713566e-02
-1.11527514e+00 5.86289167e-02 -1.64189592e-01
7.53551662e-01 -9.85680073e-02 1.41279221e+00
-7.16238439e-01 -1.31785080e-01 -1.29353356e+00
-4.30584475e-02 7.12955832e-01 -1.57757306e+00
-1.16726887e+00 2.10410804e-02 5.00053525e-01
-6.46977663e-01 1.09646142e+00 7.52028525e-01
-1.81771189e-01 9.48456824e-01 1.64468549e-02
5.46070874e-01 -6.33792400e-01 -1.45019031e+00
-1.15504665e-02 1.12846863e+00 1.84981868e-01
8.07071701e-02 -9.54183042e-01 5.35116851e-01
3.41117471e-01 -1.28724232e-01 -8.64976227e-01
2.23475501e-01 1.65966094e-01 -5.10879010e-02
-3.24195027e-01 -2.56797969e-01 -1.00232065e+00
-4.64660525e-01 1.65601885e+00 -4.46076952e-02
-1.56447518e+00 4.06930357e-01 1.75152493e+00
1.05132234e+00 3.79940838e-01 -7.78481364e-01
2.59609371e-01 6.71772659e-01 -1.17486012e+00
-1.16151750e-01 -2.13369340e-01 1.90187418e+00
-3.97779703e-01 -2.44972542e-01 1.92939892e-01
3.22416067e-01 7.57217348e-01 -1.46468067e+00
-1.04933763e-02 4.65525806e-01 1.70563948e+00
-2.89658904e+00 2.84448242e+00 -1.78299040e-01
-1.26738083e+00 -5.19488692e-01 1.02004325e+00

layers.0.bias:
8.77201200e-01
4.81547834e-03
-1.42384720e+00
-6.34384930e-01
7.07518518e-01
-2.04255387e-01
-3.54310095e-01
2.86240637e-01
-7.45998621e-01
-1.59115899e+00
1.64644122e-01
1.80825554e-02
2.46107668e-01
-1.21306002e+00
-2.90836543e-01
1.43946290e+00
9.34610724e-01
1.82654703e+00
-6.68276668e-01
5.78918040e-01
-1.44309163e-01
-1.35729384e+00
1.02535832e+00
-7.05530941e-02
1.36946186e-01
5.60703695e-01
8.80503118e-01
-1.57881156e-01
-4.88352716e-01
7.31267482e-02
8.91685039e-02
-6.70209900e-02

layers.2.weight:
-3.55769098e-01 3.02272201e-01 1.26311138e-01 -5.59957564e-01 -1.09506659e-01 -3.79920267e-02 1.40644953e-01 9.22741275e-03 -1.32416978e-01 2.70091248e+00 1.01889577e-02 1.47827759e-01 -1.48222283e-01 2.32888889e+00 -2.81626910e-01 4.65378642e-01 1.03874942e-02 6.63966894e-01 7.94542804e-02 -1.93230227e-01 1.93482965e-01 -2.43299012e-03 -5.14410853e-01 5.19763350e-01 -1.34215742e-01 6.88878238e-01 -8.64296079e-01 -1.05383873e-01 -1.19267538e-01 -2.95010746e-01 -3.12597811e-01 3.09936613e-01
-7.67254457e-02 8.85415003e-02 -8.59530389e-01 6.28972799e-02 -3.63168210e-01 1.32778794e-01 -7.79980063e-01 -5.11843026e-01 4.95535284e-01 6.59942269e-01 3.51350486e-01 -2.88899511e-01 2.31042638e-01 -1.22004308e-01 -2.80148685e-01 2.74360418e-01 -3.95884037e-01 3.90172482e-01 -3.98584038e-01 -7.75311142e-02 6.26831293e-01 -1.26048297e-01 -4.26693976e-01 -4.29676697e-02 -2.70717014e-02 -9.31805819e-02 -3.14314306e-01 -5.19923389e-01 4.78258729e-02 -2.06171259e-01 -7.20798671e-02 2.14695245e-01
6.35565147e-02 1.99526191e-01 5.31065822e-01 -7.26966083e-01 -1.72584152e+00 -1.05070725e-01 -4.96252626e-01 2.76194364e-01 5.53028047e-01 7.83142865e-01 -5.18763244e-01 -1.18919820e-01 1.33301497e-01 2.48103112e-01 -1.48294801e-02 -1.04161119e+00 -1.01781480e-01 -1.01796997e+00 -3.21207047e-02 3.34898114e-01 -7.18594670e-01 2.50605494e-01 3.24579567e-01 -1.92295814e+00 -4.84333962e-01 3.92983019e-01 -1.13453531e+00 5.86716473e-01 3.51960301e-01 -4.44883943e-01 1.44884780e-01 3.83524597e-01
1.53511971e-01 -1.91276684e-01 1.42749846e-01 1.25434339e+00 4.55606073e-01 4.82841074e-01 7.55840957e-01 -1.43414184e-01 -2.73607492e-01 3.85558307e-02 6.86856583e-02 3.07702888e-02 -4.83603418e-01 2.36365810e-01 7.31023729e-01 7.78928757e-01 -3.62041056e-01 5.12499750e-01 2.06916183e-01 -9.31474328e-01 -7.96386242e-01 -7.21509978e-02 5.21846235e-01 1.42703736e+00 -4.84856725e-01 -4.52681869e-01 4.06511337e-01 3.07885349e-01 -5.72036624e-01 -2.48518512e-01 6.75855502e-02 4.32862699e-01
3.18308100e-02 -4.32738930e-01 2.80441254e-01 -4.71801937e-01 1.17814936e-01 -2.16564178e-01 -9.95140970e-01 1.99170396e-01 -1.30539343e-01 -3.95953417e-01 4.04540777e-01 -7.24894643e-01 8.31380963e-01 -7.43728876e-01 -1.01130968e-03 -7.22362995e-01 -3.72174710e-01 -7.90253878e-01 -1.96702570e-01 -1.06023699e-01 9.34091270e-01 -5.37150681e-01 3.20504844e-01 -3.54772389e-01 -7.83093929e-01 6.70933366e-01 7.32992962e-02 -6.64910138e-01 -2.16199219e-01 5.96434653e-01 -1.52014658e-01 3.47144827e-02
-4.20208305e-01 2.72158712e-01 3.92855972e-01 1.53725430e-01 -8.48974526e-01 -2.69824028e-01 -7.47414231e-01 3.13977659e-01 6.98533416e-01 -1.51133165e-01 6.57465100e-01 1.88318968e-01 -6.51184544e-02 -2.46919051e-01 -3.80700916e-01 -1.18524313e+00 -3.53249997e-01 -1.36780453e+00 6.33908927e-01 -2.48548493e-01 -5.49274862e-01 -1.50659112e-02 -6.21999383e-01 -1.88320369e-01 -1.74685661e-02 9.69247743e-02 1.37919724e-01 1.09697485e+00 -1.68394491e-01 -4.43930775e-01 -1.03436112e+00 3.64063919e-01
7.99638499e-03 1.22310398e-02 -2.17587024e-01 -2.55392047e-06 -1.51336312e-01 1.65682927e-01 -5.16258553e-02 -4.17399734e-01 -1.32429093e-01 2.32020572e-01 3.10189843e-01 4.79725227e-02 2.79847801e-01 -1.53689664e-02 -1.22505296e-02 -2.81481206e-01 1.81059223e-02 1.25897586e-01 -2.59191524e-02 -3.13696086e-01 -3.66020977e-01 9.24146846e-02 5.89234382e-02 6.94407895e-03 1.74875572e-01 2.53738135e-01 -3.52855682e-01 -4.58419234e-01 -1.36721507e-01 8.13541040e-02 -7.56805316e-02 1.32177517e-01
3.02139580e-01 1.28910065e-01 -4.57844466e-01 3.58763814e-01 4.27310884e-01 -6.50652349e-01 1.71878695e-01 5.11678040e-01 -2.95160636e-02 -3.28720540e-01 -1.28536090e-01 9.66843426e-01 3.14490587e-01 -5.68535209e-01 -1.90061182e-01 3.30405861e-01 5.39200962e-01 3.02453816e-01 1.72512278e-01 5.17637312e-01 -1.47565460e+00 -9.22537625e-01 1.36773318e-01 3.07265401e-01 1.72302291e-01 7.53227293e-01 6.06817901e-01 5.44829607e-01 -5.87341666e-01 4.95711505e-01 2.10802749e-01 -2.29973704e-01
1.42700240e-01 2.46879905e-01 -6.54769361e-01 -2.00357929e-01 1.61230159e+00 -4.76226479e-01 -7.94930518e-01 -4.06215280e-01 -6.44574225e-01 1.34379730e-01 5.47151864e-01 9.18766335e-02 6.28613889e-01 -3.79906625e-01 7.55811930e-02 2.33856988e+00 2.85314113e-01 1.83510339e+00 -5.12776673e-01 -1.33722886e-01 9.48556811e-02 -3.65932345e-01 6.36741593e-02 4.05512720e-01 -3.56584340e-02 3.29995513e-01 1.06758438e-01 3.09568401e-02 -7.89927095e-02 2.23607540e-01 2.12242508e+00 -2.20499933e-01
-6.04085028e-01 1.46046281e-01 -1.17361762e-01 -5.09119928e-01 4.39085543e-01 6.62512472e-03 -6.95267022e-02 3.62878054e-01 4.44397002e-01 -1.81568772e-01 2.47238819e-02 2.27873757e-01 1.70910701e-01 2.19245404e-01 -3.82425100e-01 -6.03516459e-01 3.18404257e-01 -3.97747189e-01 -4.10032719e-01 -5.03655002e-02 -6.57051980e-01 -2.46056095e-01 9.79239196e-02 -5.66127189e-02 -2.10796133e-01 -1.03245027e-01 -1.60831541e-01 2.43246451e-01 2.51675993e-01 1.76922187e-01 1.52017713e-01 -7.03251781e-03
2.23296620e-02 -3.44888002e-01 -2.03227714e-01 -3.42738897e-01 -2.44745791e-01 -2.51451761e-01 -3.65407497e-01 1.61594033e-01 3.71864438e-01 2.21971065e-01 -5.09647608e-01 -1.33954898e-01 8.39140177e-01 -3.29919249e-01 -1.77947164e-01 -2.30411977e-01 -6.53226197e-01 -5.91060340e-01 -1.34487063e-01 -5.45169860e-02 1.08760548e+00 -2.99375564e-01 -7.08352685e-01 1.88691482e-01 4.58827568e-03 -6.86707273e-02 -4.15739030e-01 -6.24744833e-01 3.67444694e-01 -3.77823532e-01 -4.16030437e-02 2.61390179e-01
-4.03574016e-03 -3.46831046e-02 1.75393856e+00 -9.41207767e-01 -8.60319376e-01 1.12645797e-01 4.78884578e-03 -3.81155610e-01 9.19467658e-02 1.93518603e+00 -3.36682796e-02 -7.40491152e-02 3.55901241e-01 3.18486333e+00 3.55476066e-02 -7.67295659e-01 3.66147578e-01 -2.57772446e+00 8.16882193e-01 -2.57150441e-01 2.58397549e-01 6.66257977e-01 -2.89780945e-01 7.85849333e-01 -8.74741450e-02 -5.03026545e-01 2.29299739e-01 -9.92848203e-02 -1.04548261e-01 -3.21640633e-02 -1.60414249e-01 -3.29422534e-01
-4.71817881e-01 -4.75321449e-02 9.40426350e-01 4.41077560e-01 -1.21358728e+00 4.76766527e-01 2.46884003e-01 -1.03563452e+00 6.02998376e-01 6.38536870e-01 1.68564305e-01 3.57776642e-01 -5.49662292e-01 1.10055335e-01 3.51656228e-01 -6.24764299e+00 -7.21814111e-03 -7.01489115e+00 7.69753397e-01 -1.01986074e+00 -9.08108473e-01 3.77942085e-01 4.33156043e-01 -4.42241505e-02 -2.86872000e-01 -3.01730067e-01 -3.19192022e-01 8.57345819e-01 -7.07532108e-01 -3.25980484e-01 -1.03422642e+00 -2.77369708e-01
3.83264422e-02 -1.73162043e-01 -6.67214692e-01 -4.20859829e-02 -9.84692350e-02 -3.41257639e-02 2.98000574e-01 3.31870943e-01 2.87611693e-01 -2.02708021e-01 5.49241781e-01 -2.02388987e-01 3.12500983e-01 -8.10464263e-01 -3.18856955e-01 2.57719178e-02 -2.57032096e-01 2.71635860e-01 -1.16589598e-01 1.07232355e-01 -4.95763570e-02 -1.68235108e-01 3.67382579e-02 -1.92346692e-01 -1.71893820e-01 7.40861535e-01 1.60342567e-02 8.02721977e-02 -1.98615074e-01 2.81879365e-01 1.73699960e-01 4.02679384e-01
-9.71310258e-01 2.10224926e-01 -7.07382932e-02 3.56063098e-01 -1.34969190e-01 6.23640299e-01 -3.87459964e-01 -1.22158222e-01 4.45235521e-01 -1.71454400e-01 -7.44731784e-01 2.21302003e-01 1.38727084e-01 -3.14795673e-01 -2.64967769e-01 -7.04009533e-01 2.12300539e-01 -6.95016861e-01 -3.77780795e-01 3.01953495e-01 1.37996113e+00 9.29424763e-01 -7.19086155e-02 1.98292956e-01 -3.73117328e-01 8.97530764e-02 -5.74602425e-01 2.97479201e-02 7.61107385e-01 -2.28995681e-01 -1.44775957e-01 1.57966897e-01
-5.09913445e-01 -4.68139239e-02 8.40048194e-02 9.45129395e-02 -1.66594476e-01 2.63031155e-01 -8.90646994e-01 -4.09912169e-02 4.61254939e-02 5.29912758e+00 5.23056924e-01 4.63780612e-01 2.61027604e-01 2.62575793e+00 -1.58989951e-02 7.88785983e-03 -3.92907709e-01 -1.00737698e-01 -8.90335441e-03 -1.65782392e-01 -7.26486385e-01 4.45848703e-01 1.42205149e-01 2.42354602e-01 -4.19234604e-01 -3.82327944e-01 -6.74332082e-01 3.58789533e-01 -1.06083654e-01 -6.99294746e-01 2.89062470e-01 -2.18586445e-01
-2.17700694e-02 1.29055530e-01 -5.64992465e-02 2.96245683e-02 2.32427400e-02 1.17527414e-02 -8.26537888e-03 -5.69557026e-02 1.19534405e-02 -1.66928574e-01 5.67360111e-02 4.92654555e-02 5.12467287e-02 8.31018463e-02 1.24467485e-01 3.97366397e-02 3.84844355e-02 -3.66243860e-03 -1.36618214e-02 1.14243649e-01 2.55366325e-01 1.28800154e-01 -4.81501548e-03 4.09724154e-02 4.68426198e-02 2.48686597e-02 5.30840643e-02 2.79736787e-01 -6.28404459e-03 -4.72948421e-03 2.41486472e-04 4.25357968e-02
1.94063470e-01 -1.09103560e-01 -5.39251328e-01 4.24700864e-02 -3.09292544e-02 -2.43537739e-01 -3.22410971e-01 -3.38974208e-01 4.09394652e-01 -6.95389450e-01 5.73783778e-02 -1.13080041e-02 2.03783527e-01 5.48759326e-02 -9.50486735e-02 -1.78473275e-02 -3.01457107e-01 3.08955014e-01 -3.29776667e-02 9.20172453e-01 2.84510612e-01 1.13155089e-01 -5.29511750e-01 -1.29511192e-01 -8.47305954e-02 -4.36295241e-01 8.37032080e-01 -5.42122066e-01 2.43330672e-01 3.04093421e-01 -3.89866829e-02 1.55621231e-01
-1.84973970e-01 -2.35785898e-02 -3.68220329e-01 -2.02313259e-01 5.60728848e-01 -7.78274089e-02 1.50627360e-01 1.00591823e-01 3.90665978e-01 -5.02753794e-01 -1.55314520e-01 -9.19539511e-01 4.67410177e-01 -2.40364730e-01 -2.58242011e-01 4.42620844e-01 -9.35789645e-02 5.14441490e-01 1.87055260e-01 -4.33625393e-02 -1.15510881e-01 -2.22302467e-01 3.53930116e-01 -3.13217610e-01 1.45728990e-01 1.84650406e-01 -1.67303994e-01 4.14919853e-01 -2.56424607e-03 3.52906227e-01 4.37985659e-01 2.26161867e-01
5.55381402e-02 1.83532298e-01 -1.30616250e-02 7.05665573e-02 -6.24592565e-02 1.08253695e-01 -2.40354650e-02 -7.54193142e-02 4.19910252e-02 7.21813068e-02 6.66956455e-02 1.13531247e-01 -6.67076036e-02 -6.83933124e-02 1.08093858e-01 4.50891674e-01 5.91223910e-02 -3.07140350e-01 3.30423005e-02 -1.09045021e-01 -1.21942803e-01 -1.30847126e-01 1.17088929e-02 -2.00964212e-02 3.83244231e-02 1.27701804e-01 6.35411590e-03 2.12090909e-02 1.10485196e-01 1.53185772e-02 -1.71138812e-02 3.73334512e-02
2.72982717e-01 -8.48883986e-02 7.35369802e-01 5.73957562e-01 -5.48839509e-01 -8.05637762e-02 -5.89186966e-01 -7.99875334e-02 -2.33225867e-01 -6.61852658e-01 -4.44220267e-02 8.94984841e-01 4.57267702e-01 -3.79541069e-01 6.45250857e-01 3.20016652e-01 -3.81292291e-02 -4.67402369e-01 3.77562135e-01 4.08736378e-01 -3.98164988e-01 1.22929133e-01 6.09966516e-01 2.30652124e-01 8.54788423e-02 -4.06985253e-01 1.31333187e-01 2.98612028e-01 -4.70623635e-02 -4.08761725e-02 1.45125881e-01 4.39693302e-01
2.56026059e-01 -7.08860978e-02 4.42330651e-02 1.54898956e-01 -6.34640409e-03 1.47645682e-01 9.72786963e-01 6.28088489e-02 5.61641276e-01 2.56051153e-01 3.33281577e-01 3.84399533e-01 -4.01914716e-01 -4.85904068e-01 7.89416805e-02 -1.09613431e+00 -1.54710598e-02 -8.27663302e-01 -6.15711361e-02 -4.34691161e-01 -5.39593637e-01 -1.55585501e-02 2.55865604e-01 -3.67517881e-02 1.10165082e-01 -4.25648719e-01 -6.99758708e-01 4.73263443e-01 -1.13722950e-01 -1.87795252e-01 2.39762828e-01 -1.07693501e-01
3.23772319e-02 -9.96174943e-03 -2.75692075e-01 3.91530722e-01 -5.93790843e-04 4.15715337e-01 4.31824863e-01 -2.33722880e-01 -3.27902108e-01 3.78090233e-01 7.21348962e-03 1.03831269e-01 4.55272377e-01 5.60977995e-01 -1.46876082e-01 -6.19326472e-01 5.61786473e-01 -2.52538651e-01 -1.35525707e-02 -2.36048862e-01 -3.23347718e-01 4.65292148e-02 -2.90338665e-01 1.67368576e-01 -3.20842922e-01 -8.55778828e-02 -7.10117444e-02 -5.10627210e-01 7.61630833e-02 -1.32819295e-01 3.60305868e-02 -3.21108311e-01
7.13713884e-01 -4.12376560e-02 -2.21606791e-01 1.85278386e-01 2.40207091e-02 -4.54352826e-01 -1.10232055e-01 3.04067791e-01 4.09326792e-01 -2.64962578e+00 1.32185578e-01 1.46882549e-01 3.60660970e-01 -1.65347600e+00 1.33794025e-01 2.17536435e-01 1.16373733e-01 1.41818866e-01 -2.07754910e-01 -2.95683481e-02 5.42306185e-01 -2.16516018e-01 -2.62312293e-01 -4.31809425e-02 -3.08242291e-01 -2.12338343e-01 -4.04995494e-02 -2.11927757e-01 2.77738243e-01 1.25238851e-01 -4.33751851e-01 -2.33494058e-01
-7.96260297e-01 1.42822206e-01 -2.00526685e-01 1.40174672e-01 4.09721226e-01 -3.60772580e-01 9.35277939e-01 -1.37022249e-02 -1.05342531e+00 6.53973460e-01 -7.09038198e-01 3.42961624e-02 1.58884004e-01 6.97571933e-02 -6.96732759e-01 1.29871702e+00 5.89445233e-01 1.01867914e+00 -3.91666412e-01 8.22639558e-03 -1.64258808e-01 2.53016710e-01 5.72229803e-01 9.72483754e-01 -2.44835258e-01 5.30427217e-01 -6.04302824e-01 -2.36520514e-01 9.90793526e-01 -4.35922831e-01 1.13930412e-01 -2.13441864e-01
-5.56339264e-01 5.82169056e-01 -4.67467681e-02 -1.43535957e-01 6.01308823e-01 1.80885628e-01 -4.72908869e-04 5.28849244e-01 -3.36543947e-01 5.02280235e-01 6.63392916e-02 -1.61458701e-01 2.22840294e-01 2.01711804e-01 -5.21530807e-01 -1.37118101e-01 -1.54232219e-01 -3.55344042e-02 3.65374386e-01 -3.80567044e-01 3.11391279e-02 -2.72136569e-01 4.17766534e-02 -5.23380220e-01 1.37100056e-01 -1.93316281e-01 -5.66744983e-01 -5.52777112e-01 1.76892355e-01 -3.64671886e-01 -1.86192185e-01 -2.93851197e-01
-1.13179803e-01 2.21615672e-01 4.56519336e-01 3.68612379e-01 -2.70374805e-01 -3.25301379e-01 -1.77647129e-01 -3.50072905e-02 3.20466608e-01 -4.68930423e-01 -5.75759411e-01 -8.25399980e-02 -2.83061117e-01 -3.29633057e-01 5.70361614e-02 6.06595576e-01 -9.89957973e-02 2.40546867e-01 3.39268684e-01 1.96450129e-01 5.24637774e-02 -7.47002065e-01 1.01156116e-01 1.11133598e-01 2.34468609e-01 1.40480250e-01 2.18353383e-02 -5.34435630e-01 -2.85741448e-01 -1.07826389e-01 4.26296368e-02 -2.11460233e-01
-6.71239138e-01 5.40997863e-01 -4.86891419e-01 -1.06808674e+00 -4.52657014e-01 -3.28294247e-01 -4.27763939e-01 3.36976618e-01 2.50971049e-01 4.07034516e-01 -1.13465443e-01 2.44545430e-01 2.24856988e-01 2.13940620e-01 -8.90784785e-02 7.36592889e-01 7.56904662e-01 9.02998388e-01 -2.57430434e-01 1.43325299e-01 4.28272635e-01 -6.80865765e-01 -7.61312962e-01 3.55915457e-01 -2.63781101e-01 -4.12703484e-01 2.25667045e-01 4.15506661e-01 4.43053782e-01 -8.72528076e-01 1.40697360e-01 -1.31614044e-01
1.02617264e-01 -5.47975779e-01 -9.78795066e-02 -1.18482195e-01 -4.60143775e-01 5.42175174e-01 1.39785379e-01 -4.23898667e-01 4.52738881e-01 9.33294773e-01 -2.30466053e-01 1.22790322e-01 5.59331954e-01 4.26518887e-01 2.20684689e-02 -9.16655302e-01 -4.48486209e-01 -9.24549222e-01 -7.45452195e-02 2.15556964e-01 2.31323689e-01 3.48006010e-01 1.76689148e-01 1.60011530e-01 2.66954303e-01 1.11244455e-01 -4.14630473e-01 -2.41929606e-01 -2.43370846e-01 -3.41558546e-01 3.89122784e-01 2.87818074e-01
-5.01660034e-02 -9.92069423e-01 3.51511061e-01 1.59211504e+00 1.69428423e-01 9.00838077e-02 -1.27431959e-01 -2.69747198e-01 -2.29464352e-01 2.23365948e-01 1.09612262e+00 -1.00045300e+00 -1.11147416e+00 -3.66096228e-01 1.99901700e-01 -1.44201666e-02 -1.26096320e+00 6.53118551e-01 6.31112576e-01 -7.00482547e-01 8.79991889e-01 1.83388114e-01 1.34431310e-02 -2.61275400e-03 3.28542170e-04 -5.14398098e-01 2.13564232e-01 3.01678781e-03 -8.87860715e-01 1.27331614e+00 -6.29260659e-01 -1.80990212e-02
-6.59263492e-01 -2.46204302e-01 1.53791934e-01 1.86749369e-01 1.82310134e-01 2.37877384e-01 3.43495280e-01 1.66839175e-02 -5.52156508e-01 -2.33792841e-01 -8.79649222e-01 1.96165994e-01 4.19133574e-01 1.34366468e-01 2.37439647e-01 2.79229917e-02 2.96702594e-01 9.62013677e-02 -1.18438788e-01 -3.92837286e-01 -6.62417114e-01 6.04473874e-02 7.40960315e-02 -6.30959928e-01 1.35614261e-01 5.48308432e-01 -6.14834167e-02 5.58335371e-02 -4.56376791e-01 -1.68192327e-01 -1.50625303e-01 3.49463336e-02
-2.48786062e-01 -3.36114645e-01 -1.92965969e-01 -1.45879805e-01 -1.49384543e-01 -7.97110274e-02 2.80409545e-01 2.56356031e-01 -7.54872739e-01 1.35708833e+00 -1.48068637e-01 -9.48859751e-02 -5.07003903e-01 5.02269506e-01 -1.86332062e-01 1.11747138e-01 3.07126753e-02 2.02060953e-01 -1.78457946e-02 -1.76690549e-01 1.62667677e-01 1.28752574e-01 3.70740026e-01 4.71374169e-02 -1.40386838e-02 -6.61943331e-02 -1.81877330e-01 2.41075709e-01 2.26973712e-01 3.14559668e-01 1.79929420e-01 1.66355357e-01
-4.45184223e-02 -2.56526858e-01 -1.90381035e-02 -1.25049859e-01 -3.17063719e-01 4.25130725e-01 -1.97120085e-01 -4.09931898e-01 1.18661620e-01 -4.41094905e-01 1.31778850e-03 4.62593436e-01 2.25938126e-01 3.48672390e-01 2.26859450e-01 -5.19099414e-01 -3.70202094e-01 -1.23105252e+00 -6.72291517e-02 -2.69779533e-01 -1.83905467e-01 8.73080730e-01 4.07567859e-01 5.97047687e-01 -5.05091667e-01 1.60954028e-01 1.08351588e-01 -1.78830549e-01 -3.81441653e-01 -2.89449692e-01 -1.33303210e-01 -3.86091582e-02
4.45924625e-02 -4.77644391e-02 1.38726726e-01 -9.00558457e-02 2.23668322e-01 -1.10508651e-01 3.67847383e-02 -3.44351470e-01 -1.72844574e-01 3.27035725e-01 1.51333719e-01 1.75235182e-01 7.60949254e-02 -2.69955605e-01 -6.95614740e-02 -2.97577202e-01 6.25431910e-02 1.65044889e-01 -1.43089205e-01 -5.33682287e-01 1.38790756e-01 -1.63569927e-01 -1.14195496e-01 -6.17962070e-02 -5.96172584e-04 2.09046528e-01 -6.11148849e-02 2.02294812e-02 1.15649335e-01 7.08282962e-02 1.62342505e-03 -1.65544972e-02
2.53834903e-01 -4.96190131e-01 -3.16401273e-01 7.72064745e-01 -1.79833561e-01 -6.46392524e-01 2.62725890e-01 -2.06662104e-01 -1.35230824e-01 2.69347262e+00 -5.59744775e-01 1.00110316e+00 6.36710763e-01 8.38794649e-01 6.87038720e-01 2.15293884e-01 7.53246918e-02 2.47392565e-01 7.16705203e-01 3.86303157e-01 1.02334984e-01 1.22350909e-01 -3.45014185e-01 1.06995916e+00 -1.51648477e-01 1.12569019e-01 -2.91809618e-01 4.18240845e-01 -2.38591619e-02 3.59028876e-02 5.70829630e-01 1.25720069e-01
-1.15043737e-01 1.62043393e-01 1.21564448e-01 6.86428994e-02 4.34430130e-02 -3.41341496e-02 -2.70799361e-02 1.16938308e-01 1.76716540e-02 -3.19592394e-02 1.55894220e-01 9.12884027e-02 9.63520780e-02 -3.33545916e-03 1.56534374e-01 1.99731782e-01 2.65238583e-02 -1.38476431e-01 -2.05052998e-02 8.04363564e-02 -1.79588079e-01 -4.89349179e-02 -1.68114565e-02 2.83178799e-02 -4.70201522e-01 -2.16415182e-01 4.17654216e-02 -1.02943055e-01 -5.72777614e-02 -6.05780259e-02 1.70452632e-02 -4.53309655e-01
-5.75392041e-03 -7.89731368e-02 -6.05321005e-02 2.61153895e-02 -2.18230903e-01 3.01655438e-02 -2.34758649e-02 1.67560935e-01 5.39350733e-02 -5.71955666e-02 -1.64228790e-02 -2.03634575e-02 -6.57470897e-02 2.07329523e-02 -5.94312996e-02 2.08044097e-01 -1.09037481e-01 -1.44292727e-01 9.72710270e-03 3.25400323e-01 -2.55294830e-01 -1.01291955e-01 1.40850060e-02 -9.44782700e-03 1.28277102e-02 -9.35972109e-02 -6.19830787e-02 -5.33972196e-02 -6.23501614e-02 5.37105836e-02 2.24158019e-02 -4.80075600e-03
9.85216320e-01 -2.24492311e-01 4.11887348e-01 2.98523784e-01 -4.97083694e-01 -6.67319000e-02 -4.72881556e-01 2.50903349e-02 8.43802512e-01 5.30932695e-02 -2.23393276e-01 8.84240046e-02 9.64498445e-02 1.92150041e-01 6.97708845e-01 -6.47562981e-01 -4.09984171e-01 -9.45387244e-01 5.52614689e-01 -2.21852630e-01 -8.29223275e-01 2.78818965e-01 -2.16300517e-01 1.66025579e-01 6.19075119e-01 2.98745441e-03 1.84976175e-01 -1.68763660e-02 -5.96925616e-01 1.84830457e-01 1.54308965e-02 3.08681071e-01
2.24889487e-01 -3.75217140e-01 -2.20194116e-01 3.80253911e-01 8.68508890e-02 -6.50294185e-01 8.41262937e-02 1.36539331e-02 3.59893650e-01 -2.67869443e-01 -2.62473673e-01 4.78738904e-01 3.79457206e-01 -3.02400619e-01 2.18679860e-01 -5.73691070e-01 -2.98678726e-01 -8.69850397e-01 4.63747293e-01 -3.72712493e-01 -2.90133327e-01 -3.07954904e-02 2.66809970e-01 6.23638570e-01 -1.79870874e-01 -2.99311161e-01 4.14333344e-01 -9.52664996e-04 -1.22001372e-01 -4.48319554e-01 4.84920926e-02 2.83475399e-01
-1.08402878e-01 -1.55045539e-01 8.13991845e-01 1.40938029e-01 -1.29892421e+00 -1.65397823e-01 3.64616603e-01 -1.92740545e-01 5.98091185e-01 8.31871688e-01 -1.02267034e-01 -4.30240601e-01 -2.62768697e-02 8.34736347e-01 1.23124860e-01 -2.61936688e+00 -4.00622278e-01 -3.00805664e+00 2.44836286e-01 -5.90922236e-02 -7.12727308e-01 6.90166116e-01 3.31021219e-01 1.93021521e-01 9.35506076e-02 7.69121125e-02 3.69410992e-01 1.66021645e-01 -2.70241261e-01 -7.30978787e-01 -2.26915762e-01 3.35469157e-01
-1.76601127e-01 -2.65981078e-01 -2.85503745e-01 -2.59811670e-01 -2.18080804e-01 5.68555772e-01 1.83706105e-01 -1.12095706e-01 -1.26619011e-01 3.71353209e-01 -1.73762128e-01 1.45488471e-01 3.92997861e-02 -2.38577291e-01 -1.07864179e-01 -4.65971708e-01 2.90972948e-01 -6.10478997e-01 -3.04452568e-01 1.43940914e-02 -3.22585464e-01 3.58542174e-01 -9.08338055e-02 3.72367769e-01 3.71558130e-01 -5.28692067e-01 5.03448844e-01 5.31956069e-02 5.31764813e-02 1.54550433e-01 -5.96141070e-02 3.57025638e-02
4.47056979e-01 6.52581334e-01 6.62196517e-01 -3.62602353e-01 1.29467890e-01 1.63140625e-01 8.13735425e-02 -1.67150363e-01 -6.24886394e-01 9.46096420e-01 -2.36074299e-01 -2.89847106e-01 -4.81372863e-01 1.14533877e+00 1.90733954e-01 -3.86579446e-02 -1.14866560e-02 -1.02095473e+00 3.38476449e-01 -3.22657853e-01 1.05227306e-01 6.53500021e-01 -1.02081940e-01 -3.61672431e-01 6.81543589e-01 -8.09217095e-01 5.30049205e-01 -1.23135462e-01 -3.16550523e-01 -5.61526299e-01 -1.07776515e-01 -4.98342782e-01
-1.04776295e-02 -4.10033494e-01 1.80783331e-01 -1.89886153e-01 -1.19499683e-01 1.11613348e-01 1.06066264e-01 -2.72901028e-01 -6.15065038e-01 -3.66758913e-01 -1.19519740e-01 1.31653659e-02 -8.44167620e-02 3.67900729e-01 5.21437764e-01 5.09841383e-01 2.51418591e-01 -2.59324700e-01 2.68647745e-02 1.72151685e-01 -2.74238080e-01 3.16920340e-01 -3.43545049e-01 1.56790733e-01 -9.62336510e-02 -2.49132887e-01 3.91676843e-01 7.45110571e-01 -3.93824488e-01 -4.70685899e-01 2.34983906e-01 3.67492288e-01
-1.26233304e+00 1.15604132e-01 1.48015544e-01 -1.31777060e+00 -1.21133439e-01 -6.60103410e-02 1.84558496e-01 5.48910022e-01 1.07606657e-01 3.91122401e-01 -9.91691947e-01 7.25567460e-01 1.09645212e+00 3.49533975e-01 -6.48038268e-01 3.21245998e-01 5.71505308e-01 -4.01923209e-01 -3.10230434e-01 1.03477776e+00 -5.43565571e-01 -2.94927835e-01 -3.33955079e-01 -6.66427836e-02 6.17474556e-01 1.00412357e+00 8.49357128e-01 6.13774359e-01 5.13092101e-01 -1.03736162e+00 1.86835513e-01 1.97497711e-01
-9.88321677e-02 1.01941459e-01 3.04103613e-01 -4.33702804e-02 3.27837169e-01 -1.03546500e-01 -2.24613538e-03 2.94027254e-02 -4.55505587e-02 1.94521815e-01 3.13025005e-02 1.54847950e-02 -1.54169323e-02 -9.92768332e-02 6.83022812e-02 -1.42389193e-01 9.10518318e-02 7.48116150e-02 1.03261732e-02 -4.18562174e-01 1.43364578e-01 -1.06482603e-01 1.71807799e-02 -1.13065699e-02 1.53647527e-01 -1.99929513e-02 7.76447803e-02 1.40293345e-01 4.29217517e-02 -8.52711946e-02 -1.47771789e-02 4.63009551e-02
9.66593847e-02 5.11048734e-01 1.69714898e-01 -5.76075986e-02 1.15693636e-01 -9.89959314e-02 5.54846048e-01 1.83198601e-01 3.31318170e-01 -1.39554214e+00 -2.82264858e-01 4.71169710e-01 5.88220596e-01 -5.78927696e-01 -6.77792370e-01 -1.00154328e+00 1.04035842e+00 -6.66269958e-01 1.82343394e-01 -3.63694370e-01 6.72317863e-01 -3.96098524e-01 -2.10821018e-01 -1.17618966e+00 -4.52176630e-01 4.16684151e-01 -9.25441206e-01 -5.63860476e-01 1.18350036e-01 -7.38149509e-02 -1.76020905e-01 1.31153181e-01
5.95671535e-01 -2.73334354e-01 -2.78911620e-01 4.00521278e-01 2.15792144e-03 -7.37534463e-02 -2.22954489e-02 -7.01789334e-02 4.37127858e-01 -1.08714379e-01 -1.57318026e-01 -9.54126287e-03 8.01416934e-01 -3.72341424e-01 3.16569328e-01 -1.91624969e-01 1.15055293e-02 -3.89368266e-01 6.13526553e-02 -3.57155651e-02 -3.72087866e-01 1.53903291e-01 1.27607614e-01 1.17097765e-01 -4.37380672e-02 -1.67130902e-01 7.54453123e-01 5.02071023e-01 -3.01070243e-01 2.97319353e-01 1.67141840e-01 3.09942812e-01
-1.90179437e-01 2.70406812e-01 -1.34302273e-01 -6.97470680e-02 -5.52264452e-01 -2.24418819e-01 4.60574739e-02 4.40477520e-01 -5.90269826e-02 -5.27164280e-01 -2.09418491e-01 1.61281507e-02 -3.23833376e-01 1.73404202e-01 3.12945843e-01 -1.57794997e-01 -1.31066158e-01 2.19940886e-01 6.54899925e-02 3.76640469e-01 -2.41608232e-01 -3.36764492e-02 -4.08331491e-02 -4.65434492e-02 -1.26843765e-01 -8.82800967e-02 2.50991613e-01 -2.78362781e-01 6.96878061e-02 -1.13044670e-02 5.16251586e-02 1.91937059e-01
5.05814552e-02 -4.80236888e-01 -1.06912769e-01 -1.17775679e-01 -6.53437898e-02 -1.61042154e-01 -4.12074327e-02 -1.49544612e-01 -3.46382886e-01 4.52210873e-01 -2.30202377e-02 9.10200626e-02 3.68350238e-01 2.89786249e-01 -2.00593978e-01 -6.30220234e-01 -1.52657852e-01 -1.57435030e-01 -2.75439657e-02 9.20887440e-02 7.40010664e-02 -3.64103392e-02 5.55465579e-01 3.55070084e-02 -3.62270951e-01 2.48103634e-01 3.27936769e-01 8.73721465e-02 -6.10538982e-02 1.11698508e-01 -3.53594869e-02 -2.14331910e-01
8.63944054e-01 -2.36468345e-01 -6.40359282e-01 2.33322486e-01 4.16916072e-01 2.63515860e-01 6.65226638e-01 2.27802143e-01 -5.39228201e-01 -7.79036701e-01 -8.27841759e-01 1.33679879e+00 6.31404445e-02 -6.92414045e-01 4.85744417e-01 1.38548505e+00 -2.67665923e-01 8.84160399e-01 -3.38425726e-01 -7.30765834e-02 -1.41708028e+00 -3.87222350e-01 -6.58247113e-01 -1.17709331e-01 -4.28229183e-01 -2.26434804e-02 2.79415220e-01 6.04481339e-01 -2.22252570e-02 1.09045722e-01 8.90265331e-02 4.67824221e-01
-8.99676606e-02 1.14706717e-01 -9.97284710e-01 -1.73492320e-02 3.83888185e-01 2.99388468e-01 -7.58866444e-02 -3.54302190e-02 5.03684022e-02 4.38061744e-01 -3.39314580e-01 -1.29589331e+00 3.23318213e-01 2.07266793e-01 -4.07476157e-01 7.69175589e-01 -8.26244131e-02 1.52938020e+00 -3.59314501e-01 8.15890729e-02 2.34564260e-01 -1.67610630e-01 -1.04972564e-01 7.53330946e-01 -4.05440658e-01 7.13850498e-01 -4.07709293e-02 -1.81142882e-01 1.19306417e-02 1.77546144e-01 6.58284187e-01 6.61820099e-02
1.10307232e-01 3.72108370e-01 -2.01509207e-01 -6.76445067e-01 9.94098932e-02 6.17435217e-01 2.23462045e-01 8.13097358e-01 1.95721328e-01 1.29191458e-01 8.73510659e-01 -1.43147722e-01 1.40651032e-01 1.39733464e-01 8.65283459e-02 -4.42169160e-01 3.23847920e-01 1.04187876e-01 -3.37311119e-01 -4.40187186e-01 -1.10277377e-01 -2.45422542e-01 2.46734962e-01 7.16218278e-02 -8.43545496e-02 2.41889015e-01 -2.11317036e-02 -5.92267327e-02 -5.20562112e-01 1.93492755e-01 -3.06157649e-01 -3.60070206e-02
5.80781400e-02 4.25620116e-02 -1.54193372e-01 1.31534263e-02 -6.27200678e-02 5.70901856e-02 5.04851379e-02 9.18424502e-02 -3.35961883e-03 -6.91032335e-02 -5.27036861e-02 -3.69408101e-01 2.41835982e-01 2.27666959e-01 -2.43322849e-02 9.09190997e-02 7.67420381e-02 -4.75066788e-02 8.45615119e-02 2.34942302e-01 1.14455685e-01 2.69611567e-01 1.06115360e-02 2.64821619e-01 -9.65803042e-02 -2.85646915e-01 -1.74767762e-01 -1.60310715e-01 -2.65718102e-01 -1.42234921e-01 1.13593077e-03 -2.93663651e-01
4.09545004e-01 9.74169839e-03 5.67119956e-01 3.88627410e-01 3.10292721e-01 4.19041485e-01 9.47860181e-01 -3.58837038e-01 7.31738508e-01 -5.13805449e-02 -6.16340458e-01 1.68400213e-01 -5.15959561e-01 -3.92131388e-01 -1.60537381e-02 2.20172644e-01 -5.84324300e-01 -4.88582194e-01 2.90826529e-01 -7.16957962e-03 -8.62828195e-02 5.88217616e-01 1.95401281e-01 6.42258584e-01 3.65338661e-02 -1.31568030e-01 -2.39605606e-01 1.61239520e-01 1.90869391e-01 4.09728408e-01 -1.45582676e-01 -6.19458687e-03
-2.53651887e-01 -4.64884192e-01 1.49640834e+00 6.76225722e-02 -9.16910350e-01 -2.18769833e-01 -1.23014033e+00 -9.74749923e-01 3.29995036e-01 1.01965022e+00 -2.36252844e-02 -4.18043077e-01 -2.74111897e-01 1.02462554e+00 5.54691017e-01 -2.08873606e+00 1.96969882e-01 -2.79311490e+00 1.79323781e+00 8.50981474e-01 -6.24724627e-01 1.70241189e+00 -4.74236608e-01 2.56632775e-01 3.92137051e-01 -6.72413290e-01 -2.69037604e-01 4.18306679e-01 1.88316345e-01 1.04512619e-02 7.10945606e-01 7.83027112e-02
6.11341442e-04 -2.19799355e-02 6.36486188e-02 4.46932316e-02 4.05226201e-01 1.96212158e-03 -8.17162544e-03 2.32941844e-02 4.52474058e-02 1.84247852e-03 -2.01785564e-02 -6.50254786e-02 1.00847408e-01 -8.47429968e-03 -4.38507134e-03 -3.04565374e-02 6.44193729e-03 -4.21541333e-02 -8.21746886e-02 8.48161355e-02 1.36838734e-01 5.65232038e-02 -2.11527795e-02 1.90968178e-02 -1.37403473e-01 -1.46276802e-01 1.87866222e-02 3.65322739e-01 -4.55793627e-02 -5.50904125e-02 -2.25810404e-03 -2.41459653e-01
-4.00694132e-01 8.25646520e-02 -1.38178229e-01 -6.50421903e-02 -2.05797926e-01 7.65803596e-03 -2.70565093e-01 7.00942099e-01 -8.85889865e-03 -1.01102181e-01 -1.54061198e-01 6.30476296e-01 4.94941384e-01 1.27609938e-01 1.95855528e-01 1.28481925e-01 -1.09484769e-01 1.16660446e-01 -1.58232138e-01 -1.73299592e-02 -8.32308829e-02 -6.25468791e-01 -1.87477291e-01 -2.09738687e-01 -3.40991765e-01 -1.79669201e-01 -6.04392171e-01 3.67713511e-01 -2.53828645e-01 -2.41007358e-01 -1.82706907e-01 5.17138481e-01
-1.40776873e-01 -1.98660687e-01 5.73691070e-01 2.38915369e-01 -5.25947332e-01 3.39139402e-01 5.16458273e-01 -5.17222345e-01 2.52451569e-01 5.80670476e-01 -1.23488024e-01 4.45566714e-01 -6.44011497e-02 2.06332207e-01 1.74110502e-01 -1.82401860e+00 1.22924611e-01 -8.29010785e-01 -1.09804675e-01 1.85620934e-01 -7.07926899e-02 2.06667125e-01 2.93378919e-01 1.70059368e-01 -2.66049594e-01 -5.05276561e-01 -9.75762308e-02 -1.77966282e-01 -3.66920650e-01 -5.06644785e-01 6.82660162e-01 -2.70039260e-01
-1.81551725e-01 -2.18795855e-02 -2.36173451e-01 1.66712955e-01 6.30921349e-02 -2.53131241e-02 2.74762690e-01 -1.86804086e-01 -7.35108078e-01 1.57593715e+00 -3.54719877e-01 -9.69357640e-02 -2.85877407e-01 1.24378777e+00 -2.19772741e-01 1.86895043e-01 -5.42946998e-03 1.76292896e-01 -1.50121048e-01 -3.03933352e-01 2.38064304e-02 1.66044697e-01 2.73876563e-02 -1.51587784e-01 -1.43200129e-01 6.50850534e-02 4.43767607e-01 4.40407366e-01 1.98191091e-01 -4.44729209e-01 2.61194021e-01 -9.39020589e-02
-1.65457904e-01 -2.34091088e-01 7.16506720e-01 4.65475976e-01 -3.23739469e-01 -3.29048723e-01 -1.06660056e+00 1.49392262e-01 2.39709809e-01 4.77445990e-01 6.98014870e-02 -3.78707126e-02 1.27617911e-01 2.45194554e-01 -2.01242298e-01 3.97151381e-01 -8.00713059e-03 1.09596280e-02 -1.50982589e-01 -3.38708758e-01 9.02054667e-01 4.37217295e-01 3.95656586e-01 -6.00124598e-01 6.84216321e-02 4.08655666e-02 -2.19551966e-01 2.09697127e-01 -9.12110731e-02 3.17454249e-01 -1.21862590e-01 -3.55821609e-01
9.41020608e-01 -3.04520220e-01 4.99193549e-01 9.10441935e-01 -2.89425641e-01 1.73276767e-01 -8.67582440e-01 -5.06285787e-01 5.52752852e-01 -1.10450983e+00 -3.22249204e-01 7.48475254e-01 -1.16740561e+00 -4.63224500e-01 5.86538255e-01 -4.01423573e-01 -9.89271142e-03 -1.38883032e-02 4.77534801e-01 8.24140787e-01 3.06307077e-01 -3.97181511e-01 -2.03820086e+00 -5.69592297e-01 5.86806476e-01 6.32804096e-01 -8.77219558e-01 -4.38202024e-01 1.25669455e-02 1.18740010e+00 -9.77403998e-01 -1.24150179e-01
-1.24881789e-02 1.54057398e-01 -3.21066640e-02 -5.65601029e-02 -1.57727957e-01 -3.32426541e-02 -1.68946944e-03 -4.40065376e-02 -4.16919254e-02 -8.08828603e-03 3.71219665e-02 1.02449752e-01 9.18052942e-02 -3.40864025e-02 1.69252545e-01 -1.33038521e-01 9.00851637e-02 1.76518530e-01 -1.18589867e-02 -2.71986574e-01 1.40534639e-01 4.16246690e-02 -1.96048059e-02 -5.89865260e-03 -3.17759246e-01 -3.15353833e-02 1.30926687e-02 -7.70163089e-02 -1.73894297e-02 -1.41155766e-02 -1.09476047e-02 -2.05325425e-01
1.45157650e-01 2.89359361e-01 1.68309057e+00 4.31692779e-01 -1.37702119e+00 1.60278723e-01 -1.92901343e-01 -5.79663336e-01 1.02113962e+00 5.87048709e-01 1.59385264e-01 -3.37549865e-01 -8.80254805e-01 8.76404703e-01 7.54200146e-02 -4.05234051e+00 -2.35853896e-01 -4.84236240e+00 5.04383504e-01 1.20119482e-01 -1.14329863e+00 9.98999894e-01 3.55893046e-01 9.38297361e-02 2.54351139e-01 -1.46923244e-01 -5.40445566e-01 5.40304959e-01 -2.10760251e-01 -2.19854303e-02 -1.28239810e-01 2.80976612e-02
-7.96338022e-01 1.86337546e-01 6.29953295e-02 -6.81660652e-01 6.52387664e-02 -1.71282545e-01 -1.66316286e-01 4.68687624e-01 -1.11212805e-01 -3.80966740e-05 1.72571704e-01 -3.52743983e-01 3.83070737e-01 4.65493560e-01 -4.10643637e-01 -1.64548710e-01 2.01765433e-01 -5.24442308e-02 -3.25201958e-01 1.46145001e-01 4.85620610e-02 6.49212897e-01 1.73427582e-01 -2.04946294e-01 -2.06287310e-01 2.57816881e-01 -6.50173247e-01 1.40565053e-01 3.14821452e-02 -5.02957702e-01 -1.16295606e-01 -6.43069625e-01

layers.2.bias:
-1.34464765e+00
-8.05140853e-01
3.94390672e-01
-6.25000656e-01
1.07642040e-01
-4.26343620e-01
2.40067348e-01
2.20750093e+00
6.35195255e-01
8.47223163e-01
-9.54009235e-01
-1.35428989e+00
-2.29794085e-01
9.36993003e-01
-3.35093200e-01
-6.80620432e-01
-6.52708933e-02
-7.81606197e-01
4.46522117e-01
-8.11386183e-02
-3.14502239e-01
8.00181806e-01
7.98642159e-01
-1.97077677e-01
-3.43394369e-01
1.03402162e+00
-9.74271953e-01
-9.89881992e-01
5.21791935e-01
-1.13640189e+00
1.31596848e-01
2.09914576e-02
8.63626242e-01
1.18197344e-01
-2.13380620e-01
-1.25448992e-02
-1.31146535e-01
1.46508181e+00
1.08257151e+00
-2.24376082e-01
9.81886923e-01
-2.50728577e-01
-4.96872276e-01
1.37404740e+00
2.51154751e-01
-7.79745340e-01
1.10820544e+00
-3.39561284e-01
8.30042601e-01
1.63958049e+00
2.40597814e-01
4.33144480e-01
1.01981342e-01
-6.44793451e-01
2.49089479e-01
-3.08103561e-02
7.94905126e-01
-1.01350620e-01
-2.94071101e-02
-6.85891688e-01
6.97938263e-01
6.67719916e-02
-3.20798695e-01
7.44753420e-01

layers.4.weight:
3.09816867e-01 2.96428036e-02 -4.48623523e-02 1.91719725e-03 9.26152497e-05 7.94970095e-02 8.65568174e-04 -7.35377967e-01 -9.82560739e-02 -3.93231034e-01 3.78846675e-02 9.51392591e-01 -1.94237769e+00 -1.32452786e-01 1.42107345e-02 -1.46818101e+00 -1.56432201e-04 6.40357211e-02 -2.69284807e-02 -3.59349622e-04 -6.80875091e-04 -1.05787493e-01 -1.34233516e-02 2.50371873e-01 -4.17371094e-02 -3.83558162e-02 1.50235659e-02 7.39205539e-01 -3.55699122e-01 3.81183922e-01 -6.54524704e-03 -1.25921607e-01 -3.69417220e-02 -5.49083634e-04 3.22705694e-02 -3.21008876e-04 -6.59801372e-05 -1.91689551e-01 -2.28796452e-02 3.08053225e-01 -1.33161983e-02 2.92442679e-01 2.26775855e-02 -1.18253298e-01 -2.15426626e-04 1.36018872e-01 -2.23500514e-03 -5.27805707e-04 -4.56209108e-02 -6.90837920e-01 -7.93604553e-02 5.69513999e-04 6.99227036e-04 6.08504098e-03 -9.46825683e-01 4.68451035e-05 3.69395711e-04 -2.33148202e-01 -4.88131233e-02 3.80595811e-02 -6.23647822e-03 -2.59784632e-04 1.01235116e+00 -1.22878915e-02

layers.4.bias:
-1.11620903e+00

